office/seq-10/color/frame-000002.color.png office/seq-10/color/frame-000005.color.png 0.99969 -0.0236108 0.0079188 0.00652827 0.0235797 0.999714 0.00399335 0.00611474 -0.00801082 -0.00380539 0.999961 0.00617635 0.0 0.0 0.0 1.0
office/seq-10/color/frame-000005.color.png office/seq-10/color/frame-000008.color.png 0.99989 -0.00963187 -0.0112483 0.00844352 0.00982274 0.999807 0.0170388 0.00267341 0.011082 -0.0171474 0.999792 0.0121912 0.0 0.0 0.0 1.0
office/seq-10/color/frame-000008.color.png office/seq-10/color/frame-000011.color.png 0.999702 -0.00557905 -0.023757 0.0276398 0.00626562 0.999562 0.0289239 -0.00724989 0.0235852 -0.0290641 0.999299 0.0244555 0.0 0.0 0.0 1.0
office/seq-10/color/frame-000011.color.png office/seq-10/color/frame-000014.color.png 0.999952 -0.000544826 -0.00979103 0.0231437 0.000790339 0.999685 0.0250895 -0.010933 0.00977427 -0.025096 0.999637 0.0331504 0.0 0.0 0.0 1.0
office/seq-10/color/frame-000014.color.png office/seq-10/color/frame-000017.color.png 0.999998 0.00125537 -0.00171144 0.0206223 -0.00125203 0.999997 0.00194694 -0.00633876 0.00171388 -0.00194477 0.999997 0.0213466 0.0 0.0 0.0 1.0
office/seq-10/color/frame-000017.color.png office/seq-10/color/frame-000020.color.png 0.999962 -0.00582696 -0.00646351 0.0217491 0.0059104 0.999899 0.0129674 -0.00931654 0.00638728 -0.0130051 0.999895 0.0242737 0.0 0.0 0.0 1.0
office/seq-10/color/frame-000020.color.png office/seq-10/color/frame-000023.color.png 0.99987 -0.0141064 -0.00776976 0.0447891 0.0141309 0.999895 0.00310617 -0.012418 0.00772513 -0.00321557 0.999965 0.0161939 0.0 0.0 0.0 1.0
office/seq-10/color/frame-000023.color.png office/seq-10/color/frame-000026.color.png 0.999997 -0.00199123 -0.00162006 0.0184346 0.0020072 0.999949 0.00991539 -0.0216692 0.00160023 -0.00991861 0.99995 0.0295057 0.0 0.0 0.0 1.0
office/seq-10/color/frame-000026.color.png office/seq-10/color/frame-000029.color.png 0.999981 -0.000862526 0.00613328 0.0297335 0.000863639 1.0 -0.000178813 -0.00449114 -0.00613311 0.000184107 0.999981 0.021887 0.0 0.0 0.0 1.0
office/seq-10/color/frame-000029.color.png office/seq-10/color/frame-000032.color.png 0.999999 -0.00176202 4.48221e-05 0.0274062 0.00176179 0.999986 0.00496561 -0.0113272 -5.35699e-05 -0.00496551 0.999988 0.0221716 0.0 0.0 0.0 1.0
office/seq-10/color/frame-000032.color.png office/seq-10/color/frame-000035.color.png 0.999862 -0.0129251 0.0104648 0.0202571 0.0127922 0.999838 0.0126675 -0.000168554 -0.0106268 -0.0125319 0.999865 0.0213169 0.0 0.0 0.0 1.0
office/seq-10/color/frame-000035.color.png office/seq-10/color/frame-000038.color.png 0.999992 0.00117673 0.00386789 0.0143186 -0.00121308 0.999955 0.00940711 -0.00927354 -0.00385663 -0.00941172 0.999948 0.0115157 0.0 0.0 0.0 1.0
office/seq-10/color/frame-000038.color.png office/seq-10/color/frame-000041.color.png 0.999957 0.00199663 0.00903959 0.0204101 -0.00220726 0.999725 0.0233507 -0.0228299 -0.00899049 -0.0233696 0.999686 0.0158392 0.0 0.0 0.0 1.0
office/seq-10/color/frame-000041.color.png office/seq-10/color/frame-000044.color.png 0.999977 0.0046312 0.00486477 0.0175369 -0.00466039 0.999971 0.00600631 -0.00684661 -0.00483681 -0.00602889 0.99997 0.00935489 0.0 0.0 0.0 1.0
office/seq-10/color/frame-000044.color.png office/seq-10/color/frame-000047.color.png 0.999754 0.000328253 0.0221566 0.0242439 -0.00045549 0.999983 0.0057378 -0.00897282 -0.0221544 -0.00574649 0.999738 0.0190281 0.0 0.0 0.0 1.0
office/seq-10/color/frame-000047.color.png office/seq-10/color/frame-000050.color.png 0.999494 -0.00963537 0.0303101 0.00912619 0.00912545 0.999815 0.0169174 -0.0123247 -0.0304675 -0.0166322 0.999397 0.0278691 0.0 0.0 0.0 1.0
office/seq-10/color/frame-000050.color.png office/seq-10/color/frame-000053.color.png 0.998665 -0.00602967 0.0512965 0.0262291 0.00545067 0.99992 0.0114199 -0.0173096 -0.0513612 -0.011125 0.998618 0.0255053 0.0 0.0 0.0 1.0
office/seq-10/color/frame-000053.color.png office/seq-10/color/frame-000056.color.png 0.99801 -0.0165591 0.060848 0.0241552 0.016682 0.99986 -0.00151396 -0.00909527 -0.0608144 0.00252599 0.998146 0.0530338 0.0 0.0 0.0 1.0
office/seq-10/color/frame-000056.color.png office/seq-10/color/frame-000059.color.png 0.999073 -0.00639333 0.0425731 0.0292042 0.00651857 0.999975 -0.00280327 -0.017669 -0.0425541 0.00307819 0.999089 0.026128 0.0 0.0 0.0 1.0
office/seq-10/color/frame-000059.color.png office/seq-10/color/frame-000062.color.png 0.998789 -0.00284851 0.0491164 0.0202473 0.00281168 0.999996 0.000819726 -0.0213867 -0.0491184 -0.000680635 0.998793 0.0349334 0.0 0.0 0.0 1.0
office/seq-10/color/frame-000062.color.png office/seq-10/color/frame-000065.color.png 0.999293 -0.00987257 0.0362709 -0.00473833 0.00975073 0.999946 0.00353399 -0.030552 -0.0363039 -0.00317785 0.999336 0.0395219 0.0 0.0 0.0 1.0
office/seq-10/color/frame-000065.color.png office/seq-10/color/frame-000068.color.png 0.999614 -0.0250051 0.0121043 0.0249716 0.0251143 0.999645 -0.0089585 -0.0184443 -0.0118759 0.00925905 0.999887 0.0176743 0.0 0.0 0.0 1.0
office/seq-10/color/frame-000068.color.png office/seq-10/color/frame-000071.color.png 0.999 -0.0226517 0.0385372 0.0107427 0.0223906 0.999723 0.00719307 -0.0357996 -0.0386895 -0.006323 0.999231 0.0313985 0.0 0.0 0.0 1.0
office/seq-10/color/frame-000071.color.png office/seq-10/color/frame-000074.color.png 0.998985 -0.032362 0.031349 0.0407236 0.0322283 0.999469 0.00476345 -0.0298071 -0.0314866 -0.0037483 0.999497 0.0348392 0.0 0.0 0.0 1.0
office/seq-10/color/frame-000074.color.png office/seq-10/color/frame-000077.color.png 0.998962 0.000936284 0.0455479 0.0232292 -0.00144461 0.999937 0.0111289 -0.0109221 -0.0455347 -0.0111831 0.9989 0.0365804 0.0 0.0 0.0 1.0
office/seq-10/color/frame-000077.color.png office/seq-10/color/frame-000080.color.png 0.99849 -0.00734049 0.0544332 0.0135992 0.00689517 0.999941 0.00836396 -0.0198122 -0.0544913 -0.00797601 0.998482 0.0616534 0.0 0.0 0.0 1.0
office/seq-10/color/frame-000080.color.png office/seq-10/color/frame-000083.color.png 0.999236 -0.00880275 0.038086 0.0225471 0.00874239 0.99996 0.00175138 -0.0210936 -0.0380998 -0.00141701 0.999273 0.0577706 0.0 0.0 0.0 1.0
office/seq-10/color/frame-000083.color.png office/seq-10/color/frame-000086.color.png 0.999278 -0.00848818 0.0370322 0.0405076 0.00904533 0.999848 -0.0149049 -0.0224436 -0.0369002 0.015229 0.999203 0.058246 0.0 0.0 0.0 1.0
office/seq-10/color/frame-000086.color.png office/seq-10/color/frame-000089.color.png 0.999346 -0.00473034 0.0358657 0.0151275 0.00545291 0.999784 -0.0200757 -0.00341785 -0.0357629 0.0202581 0.999155 0.060296 0.0 0.0 0.0 1.0
office/seq-10/color/frame-000089.color.png office/seq-10/color/frame-000092.color.png 0.999123 -0.0155946 0.0388565 -0.001333 0.0155836 0.999878 0.000587237 -0.0154683 -0.038861 1.87831e-05 0.999245 0.0550589 0.0 0.0 0.0 1.0
office/seq-10/color/frame-000092.color.png office/seq-10/color/frame-000095.color.png 0.999611 -0.0194842 0.0199464 0.0176488 0.0194753 0.99981 0.00063454 -0.0182698 -0.0199549 -0.000245745 0.999801 0.0455496 0.0 0.0 0.0 1.0
office/seq-10/color/frame-000095.color.png office/seq-10/color/frame-000098.color.png 0.999541 -0.0296094 0.00642988 0.0435497 0.0295786 0.999551 0.00483551 -0.0460531 -0.00657015 -0.00464311 0.999968 0.0308599 0.0 0.0 0.0 1.0
office/seq-10/color/frame-000098.color.png office/seq-10/color/frame-000101.color.png 0.999917 -0.0116311 -0.00557249 0.0148844 0.0117034 0.999846 0.0131034 -0.0305445 0.00541922 -0.0131675 0.999899 0.0185975 0.0 0.0 0.0 1.0
office/seq-10/color/frame-000101.color.png office/seq-10/color/frame-000104.color.png 0.999748 -0.00678473 -0.021404 0.0327318 0.00720005 0.999786 0.0193937 -0.028893 0.0212678 -0.0195429 0.999583 -0.00906342 0.0 0.0 0.0 1.0
office/seq-10/color/frame-000104.color.png office/seq-10/color/frame-000107.color.png 0.999825 -0.00594153 -0.017737 0.0288303 0.0062489 0.99983 0.0173233 -0.0229965 0.017631 -0.0174311 0.999692 0.00205213 0.0 0.0 0.0 1.0
office/seq-10/color/frame-000107.color.png office/seq-10/color/frame-000110.color.png 0.99993 0.00276545 -0.0115386 0.0264561 -0.00276402 0.999996 0.00014385 0.00521281 0.011539 -0.000111967 0.999933 0.00771397 0.0 0.0 0.0 1.0
office/seq-10/color/frame-000110.color.png office/seq-10/color/frame-000113.color.png 0.999505 0.00759673 -0.030535 0.0424643 -0.00810834 0.999828 -0.0166667 0.0296499 0.0304032 0.016906 0.999395 -0.00242287 0.0 0.0 0.0 1.0
office/seq-10/color/frame-000113.color.png office/seq-10/color/frame-000116.color.png 0.999621 -0.00351607 -0.0272919 0.0531189 0.00339026 0.999983 -0.00465462 0.00947636 0.0273077 0.0045603 0.999617 -0.013561 0.0 0.0 0.0 1.0
office/seq-10/color/frame-000116.color.png office/seq-10/color/frame-000119.color.png 0.99992 0.0126435 0.000122369 0.0388644 -0.0126436 0.99992 0.000821705 0.0245103 -0.000111976 -0.000823145 1.0 0.0135048 0.0 0.0 0.0 1.0
office/seq-10/color/frame-000119.color.png office/seq-10/color/frame-000122.color.png 0.999687 -0.00713854 -0.0239871 0.0524279 0.00669676 0.999807 -0.0184492 0.0126762 0.0241141 0.0182828 0.999542 -0.0169996 0.0 0.0 0.0 1.0
office/seq-10/color/frame-000122.color.png office/seq-10/color/frame-000125.color.png 0.99749 0.0292232 -0.064497 0.122377 -0.030101 0.999467 -0.012679 0.0574162 0.0640922 0.0145886 0.997837 -0.0538865 0.0 0.0 0.0 1.0
office/seq-10/color/frame-000125.color.png office/seq-10/color/frame-000128.color.png 0.999444 0.0300077 -0.0145474 0.0378618 -0.0295184 0.999027 0.0327552 0.00573835 0.0155161 -0.0323076 0.999358 -0.00841707 0.0 0.0 0.0 1.0
office/seq-10/color/frame-000128.color.png office/seq-10/color/frame-000131.color.png 0.99562 0.0409918 -0.0840313 0.121346 -0.0421252 0.999043 -0.0117579 0.0696685 0.0834689 0.0152462 0.996394 -0.0875624 0.0 0.0 0.0 1.0
office/seq-10/color/frame-000131.color.png office/seq-10/color/frame-000134.color.png 0.999791 0.0116617 -0.016786 0.0238854 -0.0115697 0.999918 0.00556361 0.0103604 0.0168495 -0.00536825 0.999844 -0.0115796 0.0 0.0 0.0 1.0
office/seq-10/color/frame-000134.color.png office/seq-10/color/frame-000137.color.png 0.996881 0.0244825 -0.0750199 0.0874928 -0.0214778 0.998945 0.0405995 -0.0206473 0.0759348 -0.0388616 0.996355 -0.0867368 0.0 0.0 0.0 1.0
office/seq-10/color/frame-000137.color.png office/seq-10/color/frame-000140.color.png 0.99934 -0.00553892 -0.0358912 0.0155975 0.00591966 0.999927 0.0105109 -0.0411007 0.0358303 -0.0107164 0.9993 -0.0476321 0.0 0.0 0.0 1.0
office/seq-10/color/frame-000140.color.png office/seq-10/color/frame-000143.color.png 0.995749 0.0216983 -0.0895158 0.0833119 -0.0193327 0.999443 0.0272103 -0.0365811 0.0900564 -0.025364 0.995614 -0.116737 0.0 0.0 0.0 1.0
office/seq-10/color/frame-000143.color.png office/seq-10/color/frame-000146.color.png 0.998016 0.0154376 -0.0610457 0.0418192 -0.0149427 0.999852 0.00855477 -0.0257323 0.0611687 -0.00762562 0.998098 -0.0821761 0.0 0.0 0.0 1.0
office/seq-10/color/frame-000146.color.png office/seq-10/color/frame-000149.color.png 0.997479 0.0291577 -0.0646895 0.0581489 -0.0293708 0.999566 -0.00234437 0.00982264 0.0645931 0.00423844 0.997903 -0.0878273 0.0 0.0 0.0 1.0
office/seq-10/color/frame-000149.color.png office/seq-10/color/frame-000152.color.png 0.997664 0.0195496 -0.0654543 0.0549008 -0.0198738 0.999793 -0.00430535 0.0115122 0.0653566 0.00559613 0.997846 -0.0755858 0.0 0.0 0.0 1.0
office/seq-10/color/frame-000152.color.png office/seq-10/color/frame-000155.color.png 0.997445 0.0255399 -0.0667178 0.0733546 -0.025605 0.999672 -0.000120241 0.00148645 0.0666929 0.00182827 0.997772 -0.060473 0.0 0.0 0.0 1.0
office/seq-10/color/frame-000155.color.png office/seq-10/color/frame-000158.color.png 0.999416 0.00700967 -0.0334568 0.0188687 -0.00733935 0.999926 -0.00974137 -0.017996 0.0333861 0.00998117 0.999393 -0.0284291 0.0 0.0 0.0 1.0
office/seq-10/color/frame-000158.color.png office/seq-10/color/frame-000161.color.png 0.9996 -0.00792935 -0.0271601 0.02552 0.00697764 0.999364 -0.0349579 -0.0215316 0.02742 0.0347544 0.99902 -0.0219361 0.0 0.0 0.0 1.0
office/seq-10/color/frame-000161.color.png office/seq-10/color/frame-000164.color.png 0.999287 0.00452351 -0.0374968 0.0530314 -0.00507978 0.999878 -0.014753 -0.016715 0.0374255 0.0149329 0.999188 -0.0421295 0.0 0.0 0.0 1.0
office/seq-10/color/frame-000164.color.png office/seq-10/color/frame-000167.color.png 0.999108 0.0159146 -0.0391014 0.0584892 -0.0167323 0.999646 -0.0206746 0.0206908 0.0387585 0.0213104 0.999021 -0.047846 0.0 0.0 0.0 1.0
office/seq-10/color/frame-000167.color.png office/seq-10/color/frame-000170.color.png 0.99842 0.0159606 -0.0538733 0.0849185 -0.0162068 0.99986 -0.00413557 0.00649947 0.0537998 0.00500214 0.998539 -0.0652682 0.0 0.0 0.0 1.0
office/seq-10/color/frame-000170.color.png office/seq-10/color/frame-000173.color.png 0.998703 0.0263552 -0.0435552 0.075971 -0.0268636 0.999577 -0.0111276 0.0215046 0.0432436 0.0122832 0.998989 -0.0584543 0.0 0.0 0.0 1.0
office/seq-10/color/frame-000173.color.png office/seq-10/color/frame-000176.color.png 0.998219 0.0207225 -0.05595 0.0948915 -0.0216882 0.999625 -0.0167079 0.031555 0.0555829 0.0178916 0.998294 -0.0687461 0.0 0.0 0.0 1.0
office/seq-10/color/frame-000176.color.png office/seq-10/color/frame-000179.color.png 0.997614 0.0247628 -0.0644441 0.109645 -0.0246668 0.999693 0.00228448 0.0100744 0.0644808 -0.000689429 0.997919 -0.0932912 0.0 0.0 0.0 1.0
office/seq-10/color/frame-000179.color.png office/seq-10/color/frame-000182.color.png 0.997956 0.020561 -0.060502 0.10215 -0.0201019 0.999764 0.00818774 -0.000598192 0.0606561 -0.00695471 0.998134 -0.0878143 0.0 0.0 0.0 1.0
office/seq-10/color/frame-000182.color.png office/seq-10/color/frame-000185.color.png 0.99867 0.0102576 -0.0505296 0.0757498 -0.00990896 0.999925 0.00714605 -0.00734007 0.0505992 -0.00663589 0.998697 -0.0932744 0.0 0.0 0.0 1.0
office/seq-10/color/frame-000185.color.png office/seq-10/color/frame-000188.color.png 0.999036 0.0123937 -0.0421081 0.0227969 -0.0121784 0.999911 0.00536624 0.0142301 0.0421709 -0.00484826 0.999099 -0.109069 0.0 0.0 0.0 1.0
office/seq-10/color/frame-000188.color.png office/seq-10/color/frame-000191.color.png 0.996162 0.00507223 -0.0873768 0.147461 -0.00344788 0.999819 0.0187313 -0.0466794 0.0874557 -0.0183581 0.995999 -0.105019 0.0 0.0 0.0 1.0
office/seq-10/color/frame-000191.color.png office/seq-10/color/frame-000194.color.png 0.998197 0.0114275 -0.0589303 0.0608647 -0.0113852 0.999935 0.00105323 0.0179126 0.0589386 -0.000380413 0.998261 -0.0959224 0.0 0.0 0.0 1.0
office/seq-10/color/frame-000194.color.png office/seq-10/color/frame-000197.color.png 0.997955 0.0124744 -0.0626875 0.0658827 -0.0128113 0.999906 -0.00497573 0.0334077 0.0626194 0.00576866 0.998021 -0.0871994 0.0 0.0 0.0 1.0
office/seq-10/color/frame-000197.color.png office/seq-10/color/frame-000200.color.png 0.99944 0.0192777 -0.0273451 0.00691891 -0.0193737 0.999807 -0.00324982 0.0222327 0.0272772 0.00377776 0.999621 -0.0542826 0.0 0.0 0.0 1.0
office/seq-10/color/frame-000200.color.png office/seq-10/color/frame-000203.color.png 0.99955 0.0117776 -0.027585 0.0117124 -0.0117584 0.999931 0.000860205 0.0138571 0.0275932 -0.000535441 0.999619 -0.0527277 0.0 0.0 0.0 1.0
office/seq-10/color/frame-000203.color.png office/seq-10/color/frame-000206.color.png 0.998889 -0.0075137 -0.0465134 0.0845835 0.00784427 0.999945 0.00692735 -0.0185584 0.0464589 -0.00728455 0.998894 -0.0507526 0.0 0.0 0.0 1.0
office/seq-10/color/frame-000206.color.png office/seq-10/color/frame-000209.color.png 0.999891 -0.000602048 -0.0147363 -0.0136043 0.000730529 0.999962 0.008723 -0.0144924 0.0147305 -0.00873284 0.999853 -0.0543962 0.0 0.0 0.0 1.0
office/seq-10/color/frame-000209.color.png office/seq-10/color/frame-000212.color.png 0.999914 0.00292482 -0.012802 0.00367236 -0.0028788 0.999989 0.00360872 0.00715864 0.0128123 -0.00357157 0.999912 -0.0314592 0.0 0.0 0.0 1.0
office/seq-10/color/frame-000212.color.png office/seq-10/color/frame-000215.color.png 0.999862 0.00355163 -0.0162314 0.00744152 -0.00340468 0.999953 0.0090693 0.00232071 0.0162628 -0.00901273 0.999827 -0.0429318 0.0 0.0 0.0 1.0
office/seq-10/color/frame-000215.color.png office/seq-10/color/frame-000218.color.png 0.999768 0.0023529 -0.0214203 0.0167028 -0.00218109 0.999965 0.00804343 0.00986809 0.0214386 -0.00799489 0.999738 -0.0464988 0.0 0.0 0.0 1.0
office/seq-10/color/frame-000218.color.png office/seq-10/color/frame-000221.color.png 0.999758 0.00107281 -0.0219749 0.0104001 -0.00088824 0.999964 0.00840397 -0.00337023 0.0219832 -0.0083824 0.999723 -0.0396322 0.0 0.0 0.0 1.0
office/seq-10/color/frame-000221.color.png office/seq-10/color/frame-000224.color.png 0.999757 -0.0104699 -0.0193839 -0.0181413 0.010448 0.999945 -0.00123178 0.00233859 0.0193958 0.00102895 0.999811 -0.0558429 0.0 0.0 0.0 1.0
office/seq-10/color/frame-000224.color.png office/seq-10/color/frame-000227.color.png 0.998926 -0.00911469 -0.045433 0.0267724 0.00903584 0.999957 -0.00194105 -0.0114514 0.0454487 0.00152843 0.998965 -0.0533487 0.0 0.0 0.0 1.0
office/seq-10/color/frame-000227.color.png office/seq-10/color/frame-000230.color.png 0.999446 -0.0140801 -0.0301599 0.0131888 0.0135936 0.999775 -0.0162753 -0.00977695 0.0303822 0.0158563 0.999412 -0.0385296 0.0 0.0 0.0 1.0
office/seq-10/color/frame-000230.color.png office/seq-10/color/frame-000233.color.png 0.998145 -0.0018093 -0.0608499 0.0546941 0.000729206 0.999842 -0.0177682 0.015186 0.0608725 0.0176908 0.997989 -0.0820901 0.0 0.0 0.0 1.0
office/seq-10/color/frame-000233.color.png office/seq-10/color/frame-000236.color.png 0.998052 0.0133083 -0.060944 0.0484264 -0.0143901 0.999746 -0.0173472 0.0305416 0.0606976 0.0181904 0.99799 -0.0731684 0.0 0.0 0.0 1.0
office/seq-10/color/frame-000236.color.png office/seq-10/color/frame-000239.color.png 0.998211 0.00989121 -0.0589617 0.0480042 -0.0111981 0.999698 -0.0218741 0.0308151 0.0587275 0.0224952 0.998021 -0.0721793 0.0 0.0 0.0 1.0
office/seq-10/color/frame-000239.color.png office/seq-10/color/frame-000242.color.png 0.998266 0.00846705 -0.0582508 0.0518118 -0.00883389 0.999943 -0.00604292 0.0191959 0.0581963 0.00654703 0.998284 -0.0720387 0.0 0.0 0.0 1.0
office/seq-10/color/frame-000242.color.png office/seq-10/color/frame-000245.color.png 0.997466 0.0172621 -0.0690236 0.0631918 -0.0168835 0.999839 0.00606359 0.0307436 0.0691172 -0.00488282 0.997597 -0.0869877 0.0 0.0 0.0 1.0
office/seq-10/color/frame-000245.color.png office/seq-10/color/frame-000248.color.png 0.998628 0.0201369 -0.0483409 0.034114 -0.0198055 0.999777 0.00732593 0.0269369 0.0484776 -0.00635849 0.998804 -0.0704822 0.0 0.0 0.0 1.0
office/seq-10/color/frame-000248.color.png office/seq-10/color/frame-000251.color.png 0.99894 0.0115411 -0.0445526 0.037876 -0.0115822 0.999933 -0.000667013 0.0205519 0.044542 0.0011823 0.999007 -0.0585844 0.0 0.0 0.0 1.0
office/seq-10/color/frame-000251.color.png office/seq-10/color/frame-000254.color.png 0.998724 0.0223247 -0.045301 0.0377399 -0.0222511 0.99975 0.00213061 0.0312414 0.0453373 -0.00111989 0.998971 -0.0565563 0.0 0.0 0.0 1.0
office/seq-10/color/frame-000254.color.png office/seq-10/color/frame-000257.color.png 0.99946 0.0164648 -0.0284162 0.0188881 -0.0163441 0.999856 0.00447375 0.0299987 0.0284858 -0.00400694 0.999586 -0.0399069 0.0 0.0 0.0 1.0
office/seq-10/color/frame-000257.color.png office/seq-10/color/frame-000260.color.png 0.999332 0.023723 -0.0278028 0.0129126 -0.0227078 0.999084 0.0362803 0.0192766 0.028638 -0.0356247 0.998955 -0.0748016 0.0 0.0 0.0 1.0
office/seq-10/color/frame-000260.color.png office/seq-10/color/frame-000263.color.png 0.999578 0.0143208 -0.0252888 0.00881565 -0.0116707 0.994716 0.102 -0.0702773 0.0266159 -0.101662 0.994463 -0.0949886 0.0 0.0 0.0 1.0
office/seq-10/color/frame-000263.color.png office/seq-10/color/frame-000266.color.png 0.999938 -0.00710943 0.0086275 -0.0546161 0.00596289 0.991972 0.126317 -0.100756 -0.00945626 -0.126258 0.991952 -0.058566 0.0 0.0 0.0 1.0
office/seq-10/color/frame-000266.color.png office/seq-10/color/frame-000269.color.png 0.998669 -0.0216601 0.0468123 -0.0498843 0.0199797 0.999149 0.0360716 -0.0792471 -0.0475538 -0.0350883 0.998252 0.0958338 0.0 0.0 0.0 1.0
office/seq-10/color/frame-000269.color.png office/seq-10/color/frame-000272.color.png 0.991996 -0.0358814 0.121061 -0.12432 0.0412705 0.998252 -0.0423055 0.00346452 -0.119331 0.0469631 0.991743 0.220738 0.0 0.0 0.0 1.0
office/seq-10/color/frame-000272.color.png office/seq-10/color/frame-000275.color.png 0.993352 -0.0301771 0.111091 -0.116058 0.0361878 0.997966 -0.0524921 -0.0171257 -0.109281 0.0561632 0.992423 0.157715 0.0 0.0 0.0 1.0
office/seq-10/color/frame-000275.color.png office/seq-10/color/frame-000278.color.png 0.99689 -0.026608 0.0741728 -0.0939243 0.0287924 0.999178 -0.0285387 -0.0220804 -0.0733524 0.0305856 0.996837 0.0989113 0.0 0.0 0.0 1.0
office/seq-10/color/frame-000278.color.png office/seq-10/color/frame-000281.color.png 0.997624 -0.0158801 0.0670422 -0.0829214 0.0202031 0.997726 -0.064305 0.0131689 -0.0658687 0.0655067 0.995676 0.113777 0.0 0.0 0.0 1.0
office/seq-10/color/frame-000281.color.png office/seq-10/color/frame-000284.color.png 0.998295 0.00690876 0.0579589 -0.0599085 -0.00275869 0.997445 -0.0713809 0.0607669 -0.0583039 0.0710993 0.995764 0.0897232 0.0 0.0 0.0 1.0
office/seq-10/color/frame-000284.color.png office/seq-10/color/frame-000287.color.png 0.99797 0.0119154 0.0625554 -0.066805 -0.00834031 0.998334 -0.0571036 0.0468751 -0.0631315 0.0564659 0.996407 0.0744928 0.0 0.0 0.0 1.0
office/seq-10/color/frame-000287.color.png office/seq-10/color/frame-000290.color.png 0.998822 -0.00180529 0.0484987 -0.0604491 0.00394165 0.999024 -0.0439908 0.0310181 -0.048372 0.0441302 0.997854 0.0653213 0.0 0.0 0.0 1.0
office/seq-10/color/frame-000290.color.png office/seq-10/color/frame-000293.color.png 0.998914 0.00378989 0.0464285 -0.0434159 -0.00241792 0.99956 -0.0295705 0.0162265 -0.0465201 0.0294261 0.998484 0.0425894 0.0 0.0 0.0 1.0
office/seq-10/color/frame-000293.color.png office/seq-10/color/frame-000296.color.png 0.999312 0.00584905 0.0366239 -0.0307804 -0.00508767 0.99977 -0.0208496 -0.000715435 -0.0367374 0.0206489 0.999112 0.0332019 0.0 0.0 0.0 1.0
office/seq-10/color/frame-000296.color.png office/seq-10/color/frame-000299.color.png 0.999385 -0.00736799 0.0342757 -0.0320412 0.00803423 0.999781 -0.019341 0.00215971 -0.0341257 0.0196045 0.999225 0.00885314 0.0 0.0 0.0 1.0
office/seq-10/color/frame-000299.color.png office/seq-10/color/frame-000302.color.png 0.999806 -0.0132112 0.0146274 -0.018332 0.013229 0.999912 -0.00111725 -0.0316103 -0.0146112 0.00131044 0.999893 0.0133261 0.0 0.0 0.0 1.0
office/seq-10/color/frame-000302.color.png office/seq-10/color/frame-000305.color.png 0.999655 -0.020335 0.0166483 -0.0102377 0.0203219 0.999793 0.000953809 -0.0258763 -0.0166644 -0.000615112 0.999861 0.014738 0.0 0.0 0.0 1.0
office/seq-10/color/frame-000305.color.png office/seq-10/color/frame-000308.color.png 0.998551 -0.0233525 0.0484863 -0.0234874 0.0230614 0.999713 0.00655533 -0.0539955 -0.0486253 -0.00542771 0.998802 0.0590334 0.0 0.0 0.0 1.0
office/seq-10/color/frame-000308.color.png office/seq-10/color/frame-000311.color.png 0.998154 -0.0253211 0.0552066 -0.0132095 0.0248795 0.999653 0.00867234 -0.0495576 -0.055407 -0.00728282 0.998437 0.0599169 0.0 0.0 0.0 1.0
office/seq-10/color/frame-000311.color.png office/seq-10/color/frame-000314.color.png 0.997922 -0.0219692 0.0605757 -0.00689483 0.0207348 0.999566 0.0209329 -0.0232133 -0.0610093 -0.0196334 0.997944 0.0615023 0.0 0.0 0.0 1.0
office/seq-10/color/frame-000314.color.png office/seq-10/color/frame-000317.color.png 0.998447 -0.0110552 0.0545998 -0.0254502 0.00989175 0.999719 0.0215325 -0.0039925 -0.0548224 -0.020959 0.998276 0.0426558 0.0 0.0 0.0 1.0
office/seq-10/color/frame-000317.color.png office/seq-10/color/frame-000320.color.png 0.997078 0.00652151 0.0761142 -0.0535527 -0.012629 0.996712 0.0800382 -0.0428019 -0.0753421 -0.0807656 0.993882 0.00728908 0.0 0.0 0.0 1.0
office/seq-10/color/frame-000320.color.png office/seq-10/color/frame-000323.color.png 0.999128 -0.00858163 0.0408582 -0.00885832 0.00635565 0.998504 0.0543019 -0.0355065 -0.0412632 -0.0539949 0.997688 0.0361303 0.0 0.0 0.0 1.0
office/seq-10/color/frame-000323.color.png office/seq-10/color/frame-000326.color.png 0.999504 -0.00718972 0.030675 -0.00368607 0.00619571 0.999456 0.0323783 -0.0145555 -0.030891 -0.0321722 0.999005 0.0273182 0.0 0.0 0.0 1.0
office/seq-10/color/frame-000326.color.png office/seq-10/color/frame-000329.color.png 0.999709 -0.00374757 0.0238291 0.00883508 0.00245631 0.998539 0.0539878 -0.0577396 -0.0239967 -0.0539136 0.998257 0.0186749 0.0 0.0 0.0 1.0
office/seq-10/color/frame-000329.color.png office/seq-10/color/frame-000332.color.png 0.999695 0.00451843 0.0242786 -0.0158659 -0.00602237 0.998043 0.0622357 -0.058228 -0.0239499 -0.0623629 0.997766 0.0072242 0.0 0.0 0.0 1.0
office/seq-10/color/frame-000332.color.png office/seq-10/color/frame-000335.color.png 0.999889 0.00401646 0.0143421 -0.0163165 -0.00414168 0.999953 0.00871113 0.00348294 -0.0143065 -0.00876951 0.999859 0.0142072 0.0 0.0 0.0 1.0
office/seq-10/color/frame-000335.color.png office/seq-10/color/frame-000338.color.png 0.999894 -0.000776851 0.0145361 -0.0119861 0.000676424 0.999976 0.00691333 0.00596273 -0.014541 -0.00690283 0.99987 0.0108736 0.0 0.0 0.0 1.0
office/seq-10/color/frame-000338.color.png office/seq-10/color/frame-000341.color.png 0.999913 -0.00532113 0.0120938 -0.0108429 0.00513835 0.999873 0.0150946 -0.0285005 -0.0121726 -0.0150311 0.999813 0.0209504 0.0 0.0 0.0 1.0
office/seq-10/color/frame-000341.color.png office/seq-10/color/frame-000344.color.png 0.999938 -0.00559437 0.00963243 -0.039306 0.00549679 0.999934 0.0101286 -0.0636221 -0.00968852 -0.010075 0.999902 0.0290704 0.0 0.0 0.0 1.0
office/seq-10/color/frame-000344.color.png office/seq-10/color/frame-000347.color.png 0.998931 -0.0230709 -0.0400612 0.00742316 0.0225936 0.999669 -0.0123255 -0.0272077 0.0403323 0.0114072 0.999121 -0.0323792 0.0 0.0 0.0 1.0
office/seq-10/color/frame-000347.color.png office/seq-10/color/frame-000350.color.png 0.997523 -0.0134511 -0.0690415 0.0196241 0.0131334 0.999901 -0.00505265 -0.0430857 0.0691026 0.00413341 0.997601 -0.0502715 0.0 0.0 0.0 1.0
office/seq-10/color/frame-000350.color.png office/seq-10/color/frame-000353.color.png 0.998057 -0.00872257 -0.0616908 0.0205786 0.0075096 0.999775 -0.0198672 0.0297042 0.0618502 0.0193652 0.997897 -0.0506908 0.0 0.0 0.0 1.0
office/seq-10/color/frame-000353.color.png office/seq-10/color/frame-000356.color.png 0.998596 0.00959996 -0.0520888 0.0082413 -0.0099946 0.999923 -0.00732054 -0.0107233 0.0520145 0.00783098 0.998616 -0.0424234 0.0 0.0 0.0 1.0
office/seq-10/color/frame-000356.color.png office/seq-10/color/frame-000359.color.png 0.998155 0.0108119 -0.059745 0.0359915 -0.0112599 0.999911 -0.00716796 0.0160728 0.0596621 0.00782737 0.998188 -0.0275412 0.0 0.0 0.0 1.0
office/seq-10/color/frame-000359.color.png office/seq-10/color/frame-000362.color.png 0.998981 0.00975419 -0.0440679 0.0251631 -0.00999538 0.999936 -0.00525541 0.0135145 0.044014 0.00569058 0.999015 -0.0386721 0.0 0.0 0.0 1.0
office/seq-10/color/frame-000362.color.png office/seq-10/color/frame-000365.color.png 0.996636 0.0267011 -0.0774807 0.0168489 -0.0259259 0.999603 0.010994 0.00860167 0.0777436 -0.00894825 0.996933 -0.0793118 0.0 0.0 0.0 1.0
office/seq-10/color/frame-000365.color.png office/seq-10/color/frame-000368.color.png 0.998316 0.0116643 -0.056822 0.0271341 -0.0117101 0.999931 -0.000472531 0.0121794 0.0568125 0.00113713 0.998384 -0.038917 0.0 0.0 0.0 1.0
office/seq-10/color/frame-000368.color.png office/seq-10/color/frame-000371.color.png 0.997862 0.0257725 -0.060055 0.021642 -0.0257317 0.999668 0.00145423 0.0243875 0.0600725 9.41822e-05 0.998194 -0.0591613 0.0 0.0 0.0 1.0
office/seq-10/color/frame-000371.color.png office/seq-10/color/frame-000374.color.png 0.998255 0.020844 -0.0552539 0.0157701 -0.0204559 0.999762 0.00757754 0.0214381 0.0553987 -0.00643401 0.998444 -0.0664028 0.0 0.0 0.0 1.0
office/seq-10/color/frame-000374.color.png office/seq-10/color/frame-000377.color.png 0.99764 0.016388 -0.0666833 0.0156834 -0.0159992 0.999852 0.0063622 0.0186781 0.0667776 -0.00528035 0.997754 -0.0741464 0.0 0.0 0.0 1.0
office/seq-10/color/frame-000377.color.png office/seq-10/color/frame-000380.color.png 0.997074 0.00765035 -0.0760622 0.0167323 -0.00799198 0.999959 -0.00418739 0.0169165 0.076027 0.00478308 0.997094 -0.0689768 0.0 0.0 0.0 1.0
office/seq-10/color/frame-000380.color.png office/seq-10/color/frame-000383.color.png 0.997115 0.0101492 -0.0752217 -0.00592417 -0.0105697 0.999931 -0.00519448 0.0232584 0.0751637 0.00597454 0.997153 -0.0896741 0.0 0.0 0.0 1.0
office/seq-10/color/frame-000383.color.png office/seq-10/color/frame-000386.color.png 0.997298 0.00550136 -0.0732489 0.00508839 -0.00492585 0.999955 0.00803541 0.023921 0.0732899 -0.00765289 0.997281 -0.0727409 0.0 0.0 0.0 1.0
office/seq-10/color/frame-000386.color.png office/seq-10/color/frame-000389.color.png 0.998919 0.0156327 -0.0437784 -0.00626993 -0.0153689 0.999862 0.00635544 0.016445 0.0438718 -0.00567575 0.999021 -0.0377362 0.0 0.0 0.0 1.0
office/seq-10/color/frame-000389.color.png office/seq-10/color/frame-000392.color.png 0.999201 0.00118795 -0.0399481 -0.0180017 -0.00117801 0.999999 0.000272177 0.0291057 0.0399484 -0.000224913 0.999202 -0.0309373 0.0 0.0 0.0 1.0
office/seq-10/color/frame-000392.color.png office/seq-10/color/frame-000395.color.png 0.999352 0.0224022 -0.0281667 -0.00970644 -0.022302 0.999744 0.00386363 0.0231527 0.028246 -0.00323296 0.999596 -0.0393486 0.0 0.0 0.0 1.0
office/seq-10/color/frame-000395.color.png office/seq-10/color/frame-000398.color.png 0.999075 0.0209931 -0.0375182 -0.0138759 -0.0211534 0.999769 -0.00388015 0.0204815 0.0374281 0.0046702 0.999288 -0.0465263 0.0 0.0 0.0 1.0
office/seq-10/color/frame-000398.color.png office/seq-10/color/frame-000401.color.png 0.998966 0.00100707 -0.0454623 -0.00430426 -0.00103629 0.999999 -0.000618208 0.026755 0.0454616 0.000664698 0.998966 -0.0212484 0.0 0.0 0.0 1.0
office/seq-10/color/frame-000401.color.png office/seq-10/color/frame-000404.color.png 0.999115 0.0243107 -0.0343306 -0.0356577 -0.0247541 0.999615 -0.0125495 0.0101138 0.0340123 0.0133882 0.999332 -0.0572549 0.0 0.0 0.0 1.0
office/seq-10/color/frame-000404.color.png office/seq-10/color/frame-000407.color.png 0.999217 -0.00020065 -0.0395595 -0.030727 0.000312128 0.999996 0.00281052 0.014009 0.0395588 -0.00282065 0.999213 -0.0132946 0.0 0.0 0.0 1.0
office/seq-10/color/frame-000407.color.png office/seq-10/color/frame-000410.color.png 0.999967 -0.00600249 0.00541514 -0.0551428 0.00595417 0.999943 0.00889687 -0.00842065 -0.00546824 -0.00886434 0.999946 -0.00171864 0.0 0.0 0.0 1.0
office/seq-10/color/frame-000410.color.png office/seq-10/color/frame-000413.color.png 0.999836 -0.0104236 0.0148098 -0.0398894 0.0102659 0.99989 0.0106855 0.000616908 -0.0149195 -0.0105318 0.999833 0.0110492 0.0 0.0 0.0 1.0
office/seq-10/color/frame-000413.color.png office/seq-10/color/frame-000416.color.png 0.998801 -0.0115882 0.0475672 -0.0680036 0.0119795 0.999897 -0.00794824 0.00595134 -0.0474701 0.00850854 0.998837 0.018249 0.0 0.0 0.0 1.0
office/seq-10/color/frame-000416.color.png office/seq-10/color/frame-000419.color.png 0.998845 -0.00620092 0.0476521 -0.051252 0.00644616 0.999967 -0.00499496 0.00156385 -0.0476196 0.00529636 0.998852 0.00862372 0.0 0.0 0.0 1.0
office/seq-10/color/frame-000419.color.png office/seq-10/color/frame-000422.color.png 0.998512 -0.0205361 0.0505261 -0.0496189 0.0202604 0.999777 0.00596228 0.00206214 -0.0506373 -0.00492972 0.998705 0.0281622 0.0 0.0 0.0 1.0
office/seq-10/color/frame-000422.color.png office/seq-10/color/frame-000425.color.png 0.996113 -0.0247282 0.0845412 -0.0786466 0.0251707 0.999674 -0.00417227 -0.000107646 -0.0844106 0.00628402 0.996411 0.00301749 0.0 0.0 0.0 1.0
office/seq-10/color/frame-000425.color.png office/seq-10/color/frame-000428.color.png 0.995671 -0.0012453 0.0929427 -0.0536291 0.00299579 0.999821 -0.018696 -0.0416015 -0.0929027 0.0188935 0.995496 -0.00105411 0.0 0.0 0.0 1.0
office/seq-10/color/frame-000428.color.png office/seq-10/color/frame-000431.color.png 0.993055 -0.0158434 0.116581 -0.086102 0.0142575 0.999794 0.0144245 -0.0087477 -0.116785 -0.0126621 0.993076 0.0163276 0.0 0.0 0.0 1.0
office/seq-10/color/frame-000431.color.png office/seq-10/color/frame-000434.color.png 0.997778 -0.0215948 0.0630341 -0.0484595 0.0207517 0.999687 0.0139984 -0.00708932 -0.0633167 -0.0126593 0.997913 -0.00296175 0.0 0.0 0.0 1.0
office/seq-10/color/frame-000434.color.png office/seq-10/color/frame-000437.color.png 0.996599 -0.0116736 0.0815686 -0.052863 0.0106768 0.999863 0.0126457 -0.00874037 -0.0817049 -0.0117318 0.996588 0.0111973 0.0 0.0 0.0 1.0
office/seq-10/color/frame-000437.color.png office/seq-10/color/frame-000440.color.png 0.996032 -0.0211235 0.0864506 -0.0497642 0.0196745 0.999652 0.017579 -0.0033707 -0.0867917 -0.0158084 0.996101 0.00819135 0.0 0.0 0.0 1.0
office/seq-10/color/frame-000440.color.png office/seq-10/color/frame-000443.color.png 0.994739 -0.0177444 0.100897 -0.0561603 0.0171342 0.999829 0.00691082 -0.0206363 -0.101002 -0.00514581 0.994873 0.00300825 0.0 0.0 0.0 1.0
office/seq-10/color/frame-000443.color.png office/seq-10/color/frame-000446.color.png 0.998433 -0.0209542 0.0518841 -0.00472453 0.0205387 0.999753 0.00852893 -0.0142148 -0.05205 -0.0074498 0.998617 0.00490934 0.0 0.0 0.0 1.0
office/seq-10/color/frame-000446.color.png office/seq-10/color/frame-000449.color.png 0.99579 0.00304356 0.091617 -0.063054 -0.000546166 0.999628 -0.0272722 0.00518572 -0.091666 0.0271073 0.995421 -0.0450769 0.0 0.0 0.0 1.0
office/seq-10/color/frame-000449.color.png office/seq-10/color/frame-000452.color.png 0.99704 -0.017225 0.0749295 -0.0395312 0.017485 0.999843 -0.0028166 -0.00617886 -0.0748693 0.00411844 0.997185 -0.00452968 0.0 0.0 0.0 1.0
office/seq-10/color/frame-000452.color.png office/seq-10/color/frame-000455.color.png 0.998032 -0.0108095 0.0617629 -0.0313959 0.0102459 0.999903 0.00943438 -0.0149603 -0.0618589 -0.00878301 0.998046 -0.00544369 0.0 0.0 0.0 1.0
office/seq-10/color/frame-000455.color.png office/seq-10/color/frame-000458.color.png 0.998139 -0.0147906 0.0591666 -0.0221655 0.0142032 0.999846 0.0103362 -0.0254971 -0.0593104 -0.00947668 0.998195 0.00479269 0.0 0.0 0.0 1.0
office/seq-10/color/frame-000458.color.png office/seq-10/color/frame-000461.color.png 0.997834 -0.0125674 0.0645687 -0.0286075 0.0122137 0.999908 0.00587082 -0.0237205 -0.0646365 -0.00506951 0.997896 0.00225493 0.0 0.0 0.0 1.0
office/seq-10/color/frame-000461.color.png office/seq-10/color/frame-000464.color.png 0.99862 -0.0123839 0.0510402 -0.031175 0.0120024 0.999898 0.00777434 -0.0277297 -0.0511313 -0.00715099 0.998666 0.00633726 0.0 0.0 0.0 1.0
office/seq-10/color/frame-000464.color.png office/seq-10/color/frame-000467.color.png 0.99862 -0.0106711 0.0514167 -0.044575 0.0099983 0.999861 0.0133242 -0.0143117 -0.0515518 -0.0127918 0.998588 0.00454322 0.0 0.0 0.0 1.0
office/seq-10/color/frame-000467.color.png office/seq-10/color/frame-000470.color.png 0.999653 -0.0190207 0.0182447 -0.0167372 0.0185299 0.999472 0.0267039 -0.0364184 -0.018743 -0.0263564 0.999477 -0.00128075 0.0 0.0 0.0 1.0
office/seq-10/color/frame-000470.color.png office/seq-10/color/frame-000473.color.png 0.998794 -0.0127873 0.0474071 -0.0658163 0.0130533 0.999901 -0.00530436 0.0293235 -0.0473345 0.00591673 0.998861 0.0318785 0.0 0.0 0.0 1.0
office/seq-10/color/frame-000473.color.png office/seq-10/color/frame-000476.color.png 0.999663 -0.0169688 0.019617 -0.0237303 0.0167066 0.99977 0.0134576 -0.0111758 -0.0198409 -0.0131252 0.999717 0.0116462 0.0 0.0 0.0 1.0
office/seq-10/color/frame-000476.color.png office/seq-10/color/frame-000479.color.png 0.99885 -0.0148325 0.0455983 -0.0323799 0.0146851 0.999886 0.00356327 -0.000571489 -0.0456459 -0.00288965 0.998953 0.0435606 0.0 0.0 0.0 1.0
office/seq-10/color/frame-000479.color.png office/seq-10/color/frame-000482.color.png 0.99961 -0.0228834 0.0159874 -0.020809 0.0228677 0.999738 0.00116456 -0.00854832 -0.0160099 -0.0007985 0.999872 0.0307989 0.0 0.0 0.0 1.0
office/seq-10/color/frame-000482.color.png office/seq-10/color/frame-000485.color.png 0.999658 -0.00386926 0.0258533 -0.00560045 0.00362096 0.999947 0.00964543 -0.0282077 -0.0258893 -0.00954855 0.999619 0.0375151 0.0 0.0 0.0 1.0
office/seq-10/color/frame-000485.color.png office/seq-10/color/frame-000488.color.png 0.999452 -0.0293321 0.0153492 -0.007929 0.0295927 0.999417 -0.0170336 -0.00157517 -0.0148406 0.0174785 0.999737 0.0487984 0.0 0.0 0.0 1.0
office/seq-10/color/frame-000488.color.png office/seq-10/color/frame-000491.color.png 0.999885 -0.0140715 0.00565045 0.00499219 0.014091 0.999895 -0.003437 -0.0209606 -0.00560145 0.00351618 0.999978 0.0276961 0.0 0.0 0.0 1.0
office/seq-10/color/frame-000491.color.png office/seq-10/color/frame-000494.color.png 0.999746 -0.0196127 0.0111403 -0.00857371 0.0197182 0.999761 -0.00944332 0.0046863 -0.0109524 0.00966067 0.999893 0.0347288 0.0 0.0 0.0 1.0
office/seq-10/color/frame-000494.color.png office/seq-10/color/frame-000497.color.png 0.99986 -0.0165534 -0.00227143 0.017374 0.0165301 0.999814 -0.00993525 0.00846928 0.00243548 0.00989628 0.999948 0.0324425 0.0 0.0 0.0 1.0
office/seq-10/color/frame-000497.color.png office/seq-10/color/frame-000500.color.png 0.999737 -0.0143709 0.017894 -0.00450358 0.0146026 0.99981 -0.0128863 -0.000774264 -0.0177054 0.0131442 0.999757 0.0561044 0.0 0.0 0.0 1.0
office/seq-10/color/frame-000500.color.png office/seq-10/color/frame-000503.color.png 0.999852 -0.00843874 0.0150223 0.0274592 0.00838638 0.999958 0.00354435 -0.0169555 -0.0150516 -0.00341786 0.999881 0.0252782 0.0 0.0 0.0 1.0
office/seq-10/color/frame-000503.color.png office/seq-10/color/frame-000506.color.png 0.999332 -0.0146327 0.0334842 -0.0329564 0.0145815 0.999892 0.00177595 0.00355804 -0.0335066 -0.00128649 0.999438 0.0341887 0.0 0.0 0.0 1.0
office/seq-10/color/frame-000506.color.png office/seq-10/color/frame-000509.color.png 0.999116 -0.0255811 0.0333533 -0.0313631 0.0253932 0.999659 0.00604392 0.000559509 -0.0334966 -0.00519163 0.999425 0.0352411 0.0 0.0 0.0 1.0
office/seq-10/color/frame-000509.color.png office/seq-10/color/frame-000512.color.png 0.999889 -0.0129671 0.00734068 0.014428 0.0129063 0.999882 0.00828354 -0.0251812 -0.00744725 -0.00818788 0.999939 0.0136687 0.0 0.0 0.0 1.0
office/seq-10/color/frame-000512.color.png office/seq-10/color/frame-000515.color.png 0.999159 -0.0134015 0.0387548 -0.0159383 0.0136276 0.999892 -0.00557561 0.00149751 -0.0386759 0.00609907 0.999233 0.0416966 0.0 0.0 0.0 1.0
office/seq-10/color/frame-000515.color.png office/seq-10/color/frame-000518.color.png 0.998996 -0.0018458 0.0447621 -0.0024423 0.00236717 0.99993 -0.0115982 0.00169897 -0.0447375 0.0116924 0.99893 0.0356673 0.0 0.0 0.0 1.0
office/seq-10/color/frame-000518.color.png office/seq-10/color/frame-000521.color.png 0.999181 -0.0113603 0.0388323 -0.0301896 0.0120626 0.999767 -0.0178987 0.0333968 -0.03862 0.0183524 0.999085 0.0395108 0.0 0.0 0.0 1.0
office/seq-10/color/frame-000521.color.png office/seq-10/color/frame-000524.color.png 0.998765 -0.00343894 0.0495587 -0.00897598 0.00421759 0.999869 -0.0156161 0.00370377 -0.0494985 0.0158058 0.998649 0.0417449 0.0 0.0 0.0 1.0
office/seq-10/color/frame-000524.color.png office/seq-10/color/frame-000527.color.png 0.999823 -0.0133583 0.0132417 0.0252652 0.0135855 0.99976 -0.0172111 -0.000949621 -0.0130086 0.0173879 0.999764 0.0326741 0.0 0.0 0.0 1.0
office/seq-10/color/frame-000527.color.png office/seq-10/color/frame-000530.color.png 0.999115 -0.000785001 0.0420643 -0.0190436 0.00104867 0.99998 -0.00624668 0.000376642 -0.0420586 0.00628529 0.999095 0.0340427 0.0 0.0 0.0 1.0
office/seq-10/color/frame-000530.color.png office/seq-10/color/frame-000533.color.png 0.999811 -0.00579612 0.0185557 0.0441594 0.005957 0.999945 -0.00862967 -0.00568873 -0.0185046 0.00873853 0.999791 0.0149052 0.0 0.0 0.0 1.0
office/seq-10/color/frame-000533.color.png office/seq-10/color/frame-000536.color.png 0.999962 -0.00859476 0.0014282 0.0246528 0.0086011 0.999953 -0.00444165 -0.000807762 -0.00138994 0.00445376 0.999989 0.0199397 0.0 0.0 0.0 1.0
office/seq-10/color/frame-000536.color.png office/seq-10/color/frame-000539.color.png 0.999592 -0.0256555 -0.0125729 0.0226284 0.0256677 0.99967 0.000809428 -0.0527285 0.012548 -0.00113182 0.999921 0.0153426 0.0 0.0 0.0 1.0
office/seq-10/color/frame-000539.color.png office/seq-10/color/frame-000542.color.png 0.999945 9.19416e-05 -0.0104512 0.0526146 -0.000120172 0.999996 -0.00269032 0.0077998 0.0104509 0.00269141 0.999942 0.0383438 0.0 0.0 0.0 1.0
office/seq-10/color/frame-000542.color.png office/seq-10/color/frame-000545.color.png 0.999941 -0.00270958 0.0105197 0.0462621 0.0026171 0.999958 0.00879277 -0.021932 -0.0105431 -0.00876471 0.999906 0.048736 0.0 0.0 0.0 1.0
office/seq-10/color/frame-000545.color.png office/seq-10/color/frame-000548.color.png 0.999945 -0.00819836 0.00658923 0.03602 0.00815781 0.999948 0.00617114 -0.0157833 -0.00663949 -0.006117 0.999959 0.0247011 0.0 0.0 0.0 1.0
office/seq-10/color/frame-000548.color.png office/seq-10/color/frame-000551.color.png 0.999631 -0.000351785 0.0271709 0.0015102 -0.000516521 0.999489 0.0319448 -0.0710087 -0.0271682 -0.031947 0.99912 0.0366428 0.0 0.0 0.0 1.0
office/seq-10/color/frame-000551.color.png office/seq-10/color/frame-000554.color.png 0.999406 -0.0120756 0.0322843 -0.0146573 0.0113579 0.999686 0.0223196 -0.0373929 -0.0325436 -0.0219396 0.99923 0.031727 0.0 0.0 0.0 1.0
office/seq-10/color/frame-000554.color.png office/seq-10/color/frame-000557.color.png 0.999594 -0.0158076 0.0237155 0.0141287 0.0154104 0.999739 0.0168391 -0.0112032 -0.0239756 -0.0164668 0.999577 0.0133511 0.0 0.0 0.0 1.0
office/seq-10/color/frame-000557.color.png office/seq-10/color/frame-000560.color.png 0.999242 -0.0356598 0.015605 0.00305378 0.0353601 0.999193 0.0190677 -0.0466937 -0.0162723 -0.0185016 0.999696 0.00913513 0.0 0.0 0.0 1.0
office/seq-10/color/frame-000560.color.png office/seq-10/color/frame-000563.color.png 0.999532 -0.0196228 0.0234672 0.00855231 0.0193033 0.999719 0.013766 -0.0198309 -0.0237307 -0.0133067 0.99963 0.0131307 0.0 0.0 0.0 1.0
office/seq-10/color/frame-000563.color.png office/seq-10/color/frame-000566.color.png 0.999339 0.00161208 0.036307 -0.0059371 -0.00221736 0.999859 0.0166354 -0.020929 -0.0362751 -0.0167049 0.999202 0.0205112 0.0 0.0 0.0 1.0
office/seq-10/color/frame-000566.color.png office/seq-10/color/frame-000569.color.png 0.999889 0.000503342 0.0148881 0.0419859 -0.000650492 0.999951 0.00989213 -0.0112783 -0.0148824 -0.00990069 0.99984 0.0011692 0.0 0.0 0.0 1.0
office/seq-10/color/frame-000569.color.png office/seq-10/color/frame-000572.color.png 0.999884 0.0145185 -0.00471019 0.0522927 -0.014516 0.999894 0.000602315 0.0240754 0.00471838 -0.000533894 0.999989 -0.019374 0.0 0.0 0.0 1.0
office/seq-10/color/frame-000572.color.png office/seq-10/color/frame-000575.color.png 0.999736 0.0181181 0.0141163 0.0242752 -0.0182591 0.999784 0.00992312 0.017005 -0.0139334 -0.0101783 0.999851 -0.0072459 0.0 0.0 0.0 1.0
office/seq-10/color/frame-000575.color.png office/seq-10/color/frame-000578.color.png 0.999932 -0.011626 0.00102498 0.0266311 0.0116055 0.999769 0.0181014 -0.0336975 -0.00123519 -0.0180884 0.999836 -0.029096 0.0 0.0 0.0 1.0
office/seq-10/color/frame-000578.color.png office/seq-10/color/frame-000581.color.png 0.999751 -0.0221334 -0.00283332 0.0212568 0.0221793 0.999603 0.0173523 -0.0418885 0.00244816 -0.0174107 0.999846 -0.0220934 0.0 0.0 0.0 1.0
office/seq-10/color/frame-000581.color.png office/seq-10/color/frame-000584.color.png 0.999436 -0.0263197 0.0208727 0.00730443 0.0258302 0.999393 0.023383 -0.0491422 -0.0214755 -0.0228306 0.999509 -0.00818789 0.0 0.0 0.0 1.0
office/seq-10/color/frame-000584.color.png office/seq-10/color/frame-000587.color.png 0.999775 -0.0132381 0.0165934 0.00268996 0.0133895 0.999869 -0.00905017 -0.0174545 -0.0164715 0.00927031 0.999821 0.0213549 0.0 0.0 0.0 1.0
office/seq-10/color/frame-000587.color.png office/seq-10/color/frame-000590.color.png 0.999819 -0.000634355 0.0190293 0.0253485 0.000751749 0.999981 -0.00616129 -0.00057286 -0.0190251 0.00617452 0.9998 0.0222859 0.0 0.0 0.0 1.0
office/seq-10/color/frame-000590.color.png office/seq-10/color/frame-000593.color.png 0.999795 0.0189415 0.00714946 0.0628221 -0.018855 0.99975 -0.0119815 0.0631776 -0.00737459 0.0118442 0.999903 0.0163617 0.0 0.0 0.0 1.0
office/seq-10/color/frame-000593.color.png office/seq-10/color/frame-000596.color.png 0.999946 0.00931802 0.00464826 0.0291915 -0.00930034 0.99995 -0.00380191 0.019256 -0.00468348 0.00375844 0.999982 0.00339341 0.0 0.0 0.0 1.0
office/seq-10/color/frame-000596.color.png office/seq-10/color/frame-000599.color.png 0.999985 0.00543256 -0.000538923 0.0336736 -0.00543193 0.999984 0.00130335 0.0129766 0.000546031 -0.0013005 0.999999 -0.0129446 0.0 0.0 0.0 1.0
office/seq-10/color/frame-000599.color.png office/seq-10/color/frame-000602.color.png 0.999961 0.00269983 0.00834716 0.00910962 -0.00278867 0.999939 0.0106533 -0.00433767 -0.00831792 -0.0106761 0.999908 -0.0128976 0.0 0.0 0.0 1.0
office/seq-10/color/frame-000602.color.png office/seq-10/color/frame-000605.color.png 0.999515 0.0107263 0.0292465 -0.00157177 -0.0112856 0.999755 0.0190228 0.0208772 -0.0290353 -0.0193436 0.999391 0.00172776 0.0 0.0 0.0 1.0
office/seq-10/color/frame-000605.color.png office/seq-10/color/frame-000608.color.png 0.999983 0.00170606 0.00559151 0.00370884 -0.00179512 0.999871 0.0159808 -0.00636673 -0.00556356 -0.0159906 0.999857 -0.0173927 0.0 0.0 0.0 1.0
office/seq-10/color/frame-000608.color.png office/seq-10/color/frame-000611.color.png 0.99994 0.005687 -0.00932483 0.0200648 -0.00540557 0.999537 0.0299498 -0.0231228 0.00949089 -0.0298977 0.999508 -0.0474682 0.0 0.0 0.0 1.0
office/seq-10/color/frame-000611.color.png office/seq-10/color/frame-000614.color.png 0.999707 0.0230979 -0.00718668 0.0278101 -0.0230416 0.999704 0.0078088 0.0493844 0.00736479 -0.00764092 0.999944 -0.043489 0.0 0.0 0.0 1.0
office/seq-10/color/frame-000614.color.png office/seq-10/color/frame-000617.color.png 0.999359 0.0320207 -0.0160212 0.0476481 -0.031818 0.999412 0.01275 0.0504487 0.0164201 -0.0122321 0.99979 -0.0489495 0.0 0.0 0.0 1.0
office/seq-10/color/frame-000617.color.png office/seq-10/color/frame-000620.color.png 0.99831 0.0549704 -0.0188366 0.0552881 -0.0547271 0.998414 0.013198 0.0765618 0.0195322 -0.0121449 0.999735 -0.0557987 0.0 0.0 0.0 1.0
office/seq-10/color/frame-000620.color.png office/seq-10/color/frame-000623.color.png 0.99895 0.0434801 -0.0144187 0.0515207 -0.0436148 0.999006 -0.00916225 0.0864986 0.0140059 0.00978155 0.999854 -0.0351737 0.0 0.0 0.0 1.0
office/seq-10/color/frame-000623.color.png office/seq-10/color/frame-000626.color.png 0.999229 0.0331639 -0.0210232 0.0444493 -0.0334735 0.999334 -0.0145486 0.0667379 0.0205267 0.0152412 0.999673 -0.0350797 0.0 0.0 0.0 1.0
office/seq-10/color/frame-000626.color.png office/seq-10/color/frame-000629.color.png 0.999346 0.0140601 -0.0333105 0.0484753 -0.0145985 0.999766 -0.0159775 0.0547711 0.0330781 0.0164534 0.999317 -0.0605879 0.0 0.0 0.0 1.0
office/seq-10/color/frame-000629.color.png office/seq-10/color/frame-000632.color.png 0.999499 0.0201827 -0.024396 0.0149922 -0.0203249 0.999778 -0.00559683 0.0335314 0.0242776 0.00608988 0.999687 -0.0432438 0.0 0.0 0.0 1.0
office/seq-10/color/frame-000632.color.png office/seq-10/color/frame-000635.color.png 0.999253 0.0273283 -0.0273275 0.0314375 -0.0277831 0.999479 -0.0164015 0.0708135 0.026865 0.0171485 0.999492 -0.0408716 0.0 0.0 0.0 1.0
office/seq-10/color/frame-000635.color.png office/seq-10/color/frame-000638.color.png 0.999361 0.0170401 -0.031409 0.0370909 -0.017371 0.999796 -0.0102946 0.0385167 0.0312272 0.0108337 0.999454 -0.0430814 0.0 0.0 0.0 1.0
office/seq-10/color/frame-000638.color.png office/seq-10/color/frame-000641.color.png 0.999105 0.0290238 -0.030774 0.0293607 -0.0295009 0.99945 -0.0151601 0.0667671 0.030317 0.0160543 0.999411 -0.0307553 0.0 0.0 0.0 1.0
office/seq-10/color/frame-000641.color.png office/seq-10/color/frame-000644.color.png 0.997847 0.0357418 -0.0549898 0.0603604 -0.0365435 0.999239 -0.0136437 0.0645158 0.0544603 0.0156238 0.998394 -0.052453 0.0 0.0 0.0 1.0
office/seq-10/color/frame-000644.color.png office/seq-10/color/frame-000647.color.png 0.997878 0.0430433 -0.0488478 0.0359813 -0.0440522 0.998834 -0.0197677 0.0917139 0.0479399 0.0218776 0.99861 -0.0303013 0.0 0.0 0.0 1.0
office/seq-10/color/frame-000647.color.png office/seq-10/color/frame-000650.color.png 0.998951 0.0206541 -0.040866 0.0388166 -0.0210529 0.999735 -0.00935391 0.0442731 0.0406619 0.0102045 0.999121 -0.0270986 0.0 0.0 0.0 1.0
office/seq-10/color/frame-000650.color.png office/seq-10/color/frame-000653.color.png 0.998651 0.0160263 -0.0493991 0.0366071 -0.016012 0.999871 0.000685748 0.0161662 0.0494038 0.000106163 0.998779 -0.0266011 0.0 0.0 0.0 1.0
office/seq-10/color/frame-000653.color.png office/seq-10/color/frame-000656.color.png 0.999453 0.00399911 -0.0328324 0.0111862 -0.00406121 0.99999 -0.00182546 -0.00430322 0.0328248 0.00195787 0.999459 -0.00837171 0.0 0.0 0.0 1.0
office/seq-10/color/frame-000656.color.png office/seq-10/color/frame-000659.color.png 0.99964 0.00353612 -0.0266162 0.0107361 -0.00363722 0.999986 -0.00375046 -0.0043484 0.0266026 0.0038458 0.999639 -0.00509441 0.0 0.0 0.0 1.0
office/seq-10/color/frame-000659.color.png office/seq-10/color/frame-000662.color.png 0.999433 0.00100896 -0.0336457 0.0149268 -0.000829769 0.999985 0.00533932 -0.0457629 0.0336506 -0.00530834 0.99942 -0.00865948 0.0 0.0 0.0 1.0
office/seq-10/color/frame-000662.color.png office/seq-10/color/frame-000665.color.png 0.999902 0.00618869 -0.0125605 -0.00458539 -0.00626116 0.999964 -0.00573693 -0.0205714 0.0125246 0.00581491 0.999904 0.0210952 0.0 0.0 0.0 1.0
office/seq-10/color/frame-000665.color.png office/seq-10/color/frame-000668.color.png 0.99903 0.0178102 -0.0402862 0.0454268 -0.0187957 0.99953 -0.0242166 0.0354968 0.039836 0.0249504 0.998895 0.00712895 0.0 0.0 0.0 1.0
office/seq-10/color/frame-000668.color.png office/seq-10/color/frame-000671.color.png 0.999526 0.0109424 -0.0287882 0.0265785 -0.0114768 0.999764 -0.0184647 0.0137073 0.0285793 0.0187864 0.999415 0.0117466 0.0 0.0 0.0 1.0
office/seq-10/color/frame-000671.color.png office/seq-10/color/frame-000674.color.png 0.998902 0.0142907 -0.0446135 0.0385345 -0.0155094 0.999513 -0.0270905 0.0299642 0.0442046 0.0277527 0.998637 0.000931978 0.0 0.0 0.0 1.0
office/seq-10/color/frame-000674.color.png office/seq-10/color/frame-000677.color.png 0.999458 0.0129462 -0.0302829 0.0251702 -0.0133193 0.999838 -0.0121488 0.017048 0.0301207 0.0125455 0.999467 -0.00799251 0.0 0.0 0.0 1.0
office/seq-10/color/frame-000677.color.png office/seq-10/color/frame-000680.color.png 0.998752 0.0121431 -0.0484503 0.0661509 -0.0128856 0.999804 -0.0150414 0.0435097 0.0482582 0.0156469 0.998712 -0.0344527 0.0 0.0 0.0 1.0
office/seq-10/color/frame-000680.color.png office/seq-10/color/frame-000683.color.png 0.999747 0.00814515 -0.0209688 0.0057267 -0.00807887 0.999962 0.00324348 -0.0123301 0.0209944 -0.00307326 0.999775 -0.00723934 0.0 0.0 0.0 1.0
office/seq-10/color/frame-000683.color.png office/seq-10/color/frame-000686.color.png 0.998624 0.00143315 -0.0524324 0.0466731 -0.00203333 0.999933 -0.0113952 0.0249361 0.0524125 0.0114862 0.99856 -0.0502163 0.0 0.0 0.0 1.0
office/seq-10/color/frame-000686.color.png office/seq-10/color/frame-000689.color.png 0.999781 0.00756218 -0.0195337 -0.0168277 -0.00741131 0.999942 0.00778541 -0.00908148 0.0195915 -0.00763889 0.999779 -0.0166708 0.0 0.0 0.0 1.0
office/seq-10/color/frame-000689.color.png office/seq-10/color/frame-000692.color.png 0.999396 -0.000617366 -0.0347498 0.038237 0.000637504 1.0 0.000568171 0.000676453 0.0347495 -0.000589978 0.999396 -0.0262489 0.0 0.0 0.0 1.0
office/seq-10/color/frame-000692.color.png office/seq-10/color/frame-000695.color.png 0.999108 0.00468673 -0.0419702 0.0446701 -0.00416308 0.999913 0.012555 -0.0240766 0.0420253 -0.0123691 0.99904 -0.0378009 0.0 0.0 0.0 1.0
office/seq-10/color/frame-000695.color.png office/seq-10/color/frame-000698.color.png 0.998975 0.0216477 -0.0397609 0.0360798 -0.0215314 0.999763 0.00335021 0.0166999 0.039824 -0.00249069 0.999204 -0.0324668 0.0 0.0 0.0 1.0
office/seq-10/color/frame-000698.color.png office/seq-10/color/frame-000701.color.png 0.999603 0.00934247 -0.0265586 0.0181553 -0.00947463 0.999943 -0.00485446 0.0125535 0.0265117 0.00510419 0.999635 -0.0104595 0.0 0.0 0.0 1.0
office/seq-10/color/frame-000701.color.png office/seq-10/color/frame-000704.color.png 0.999332 -0.0043199 -0.0363005 0.00619054 0.00425749 0.999989 -0.00179607 0.00382113 0.0363079 0.00164034 0.999339 -0.0280719 0.0 0.0 0.0 1.0
office/seq-10/color/frame-000704.color.png office/seq-10/color/frame-000707.color.png 0.999341 0.00597124 -0.0358114 0.0410258 -0.00595627 0.999982 0.00052534 0.00287074 0.0358139 -0.00031168 0.999358 -0.0329072 0.0 0.0 0.0 1.0
office/seq-10/color/frame-000707.color.png office/seq-10/color/frame-000710.color.png 0.999235 0.00271133 -0.0390032 0.0238603 -0.0025995 0.999992 0.00291577 -0.00254995 0.0390109 -0.00281221 0.999235 -0.0374866 0.0 0.0 0.0 1.0
office/seq-10/color/frame-000710.color.png office/seq-10/color/frame-000713.color.png 0.999654 0.0125442 -0.0231333 0.0221792 -0.0122008 0.999814 0.0149237 -0.0292156 0.0233161 -0.0146362 0.999621 -0.0239218 0.0 0.0 0.0 1.0
office/seq-10/color/frame-000713.color.png office/seq-10/color/frame-000716.color.png 0.999304 0.0198277 -0.0316143 0.0356128 -0.0196676 0.999792 0.00536617 0.0108507 0.0317142 -0.00474074 0.999486 -0.0276275 0.0 0.0 0.0 1.0
office/seq-10/color/frame-000716.color.png office/seq-10/color/frame-000719.color.png 0.999866 -0.00455611 -0.0157136 0.00461435 0.00440131 0.999942 -0.00986961 0.047281 0.0157576 0.00979917 0.999828 0.00351298 0.0 0.0 0.0 1.0
office/seq-10/color/frame-000719.color.png office/seq-10/color/frame-000722.color.png 0.99924 0.0172256 -0.034966 0.0624759 -0.0164411 0.999609 0.0226008 -0.0527775 0.0353417 -0.0220088 0.999133 -0.031765 0.0 0.0 0.0 1.0
office/seq-10/color/frame-000722.color.png office/seq-10/color/frame-000725.color.png 0.999392 0.0218418 -0.0271849 0.0196848 -0.0219381 0.999754 -0.00324868 0.0422543 0.0271073 0.00384306 0.999625 -0.0243895 0.0 0.0 0.0 1.0
office/seq-10/color/frame-000725.color.png office/seq-10/color/frame-000728.color.png 0.999439 0.0155473 -0.0296485 0.0415888 -0.0153807 0.999865 0.0058403 0.00530863 0.0297353 -0.00538107 0.999543 -0.0217369 0.0 0.0 0.0 1.0
office/seq-10/color/frame-000728.color.png office/seq-10/color/frame-000731.color.png 0.999652 0.00861684 -0.0249547 0.0305405 -0.00872699 0.999953 -0.00430823 0.0274134 0.0249164 0.00452457 0.999679 -0.0124698 0.0 0.0 0.0 1.0
office/seq-10/color/frame-000731.color.png office/seq-10/color/frame-000734.color.png 0.999703 0.0149443 -0.0192471 0.0238259 -0.0148592 0.999879 0.00455655 0.00807887 0.0193131 -0.00426924 0.999804 -0.00897467 0.0 0.0 0.0 1.0
office/seq-10/color/frame-000734.color.png office/seq-10/color/frame-000737.color.png 0.99928 0.0166014 -0.0341204 0.0531106 -0.016394 0.999845 0.00635394 -0.00237995 0.0342205 -0.00578995 0.999398 -0.018257 0.0 0.0 0.0 1.0
office/seq-10/color/frame-000737.color.png office/seq-10/color/frame-000740.color.png 0.999614 0.00820184 -0.0265413 0.0253751 -0.00834393 0.999951 -0.00524756 0.0256028 0.026497 0.005467 0.999634 -0.00814283 0.0 0.0 0.0 1.0
office/seq-10/color/frame-000740.color.png office/seq-10/color/frame-000743.color.png 0.999667 0.00801133 -0.0245264 0.0256724 -0.00799229 0.999968 0.000876157 -0.000280678 0.0245326 -0.000679836 0.999699 -0.00964475 0.0 0.0 0.0 1.0
office/seq-10/color/frame-000743.color.png office/seq-10/color/frame-000746.color.png 0.999356 0.0113228 -0.034056 0.0596684 -0.011533 0.999916 -0.00598352 0.0203429 0.0339855 0.00637245 0.999402 -0.00143862 0.0 0.0 0.0 1.0
office/seq-10/color/frame-000746.color.png office/seq-10/color/frame-000749.color.png 0.999831 0.00776194 -0.0166389 0.018101 -0.00783365 0.99996 -0.00424589 0.0100846 0.0166054 0.00437555 0.999853 -0.0026387 0.0 0.0 0.0 1.0
office/seq-10/color/frame-000749.color.png office/seq-10/color/frame-000752.color.png 0.999615 0.0101162 -0.0258225 0.0335478 -0.00996661 0.999933 0.00591274 -0.0126844 0.0258806 -0.00565311 0.999649 -0.00601101 0.0 0.0 0.0 1.0
office/seq-10/color/frame-000752.color.png office/seq-10/color/frame-000755.color.png 0.999524 0.0130299 -0.0279671 0.0400463 -0.0132869 0.999871 -0.00902192 0.0299702 0.0278459 0.0093892 0.999568 -0.00176263 0.0 0.0 0.0 1.0
office/seq-10/color/frame-000755.color.png office/seq-10/color/frame-000758.color.png 0.999735 0.0100139 -0.0207269 0.0227317 -0.00989878 0.999935 0.00565268 -0.00833333 0.0207821 -0.00544601 0.999769 -0.00422502 0.0 0.0 0.0 1.0
office/seq-10/color/frame-000758.color.png office/seq-10/color/frame-000761.color.png 0.999668 0.00431107 -0.0253988 0.0336477 -0.00417999 0.999978 0.0052131 -0.0107441 0.0254207 -0.00510523 0.999664 -0.0150094 0.0 0.0 0.0 1.0
office/seq-10/color/frame-000761.color.png office/seq-10/color/frame-000764.color.png 0.999528 0.0153958 -0.0265697 0.0344531 -0.0154751 0.999876 -0.00278442 0.0117335 0.0265235 0.00319435 0.999643 -0.00386798 0.0 0.0 0.0 1.0
office/seq-10/color/frame-000764.color.png office/seq-10/color/frame-000767.color.png 0.999018 0.0151645 -0.0416262 0.0579112 -0.0151129 0.999884 0.00155367 0.00911224 0.041645 -0.000923055 0.999132 -0.0230457 0.0 0.0 0.0 1.0
office/seq-10/color/frame-000767.color.png office/seq-10/color/frame-000770.color.png 0.998769 0.0244444 -0.043168 0.0558523 -0.0243226 0.999699 0.00334526 -0.00636816 0.0432368 -0.00229121 0.999062 -0.020942 0.0 0.0 0.0 1.0
office/seq-10/color/frame-000770.color.png office/seq-10/color/frame-000773.color.png 0.998966 0.0104323 -0.0442574 0.0624601 -0.0111215 0.99982 -0.015358 0.0451359 0.0440892 0.0158343 0.998902 -0.0169356 0.0 0.0 0.0 1.0
office/seq-10/color/frame-000773.color.png office/seq-10/color/frame-000776.color.png 0.999319 0.00797242 -0.036018 0.039554 -0.00812089 0.999959 -0.00397832 0.00998604 0.0359847 0.0042681 0.999343 -0.027319 0.0 0.0 0.0 1.0
office/seq-10/color/frame-000776.color.png office/seq-10/color/frame-000779.color.png 0.999411 0.00788306 -0.033389 0.0383811 -0.0077708 0.999964 0.00349198 0.00249565 0.0334153 -0.00323043 0.999436 -0.0201889 0.0 0.0 0.0 1.0
office/seq-10/color/frame-000779.color.png office/seq-10/color/frame-000782.color.png 0.998633 0.0166688 -0.0495433 0.0759143 -0.0165774 0.99986 0.00225513 0.0229264 0.049574 -0.00143073 0.998769 -0.0357341 0.0 0.0 0.0 1.0
office/seq-10/color/frame-000782.color.png office/seq-10/color/frame-000785.color.png 0.999697 0.00320057 -0.024409 0.0214024 -0.00324328 0.999993 -0.00170983 0.0173476 0.0244034 0.00178842 0.999701 -0.018783 0.0 0.0 0.0 1.0
office/seq-10/color/frame-000785.color.png office/seq-10/color/frame-000788.color.png 0.999528 0.0201405 -0.0231829 0.0217911 -0.0196872 0.999614 0.0196223 -0.0336393 0.0235692 -0.0191566 0.999539 -0.017805 0.0 0.0 0.0 1.0
office/seq-10/color/frame-000788.color.png office/seq-10/color/frame-000791.color.png 0.999707 0.0205261 -0.0128308 0.000794291 -0.0205357 0.999789 -0.000620656 0.0177774 0.0128153 0.000883942 0.999917 -0.0374347 0.0 0.0 0.0 1.0
office/seq-10/color/frame-000791.color.png office/seq-10/color/frame-000794.color.png 0.999397 0.0196443 -0.0286469 0.029097 -0.0195708 0.999804 0.00284265 0.00670433 0.0286973 -0.00228029 0.999586 -0.0247784 0.0 0.0 0.0 1.0
office/seq-10/color/frame-000794.color.png office/seq-10/color/frame-000797.color.png 0.999519 0.00862401 -0.0298062 0.0141957 -0.00843752 0.999944 0.00637701 0.00294495 0.0298595 -0.00612248 0.999535 -0.0306319 0.0 0.0 0.0 1.0
office/seq-10/color/frame-000797.color.png office/seq-10/color/frame-000800.color.png 0.999486 0.00863304 -0.0308624 0.026787 -0.00828587 0.999901 0.0113592 -0.0325555 0.0309574 -0.0110976 0.999459 -0.0507913 0.0 0.0 0.0 1.0
office/seq-10/color/frame-000800.color.png office/seq-10/color/frame-000803.color.png 0.999009 -0.000233032 -0.0445032 0.0309917 0.000743885 0.999934 0.0114631 -0.0109445 0.0444976 -0.0114848 0.998943 -0.0493821 0.0 0.0 0.0 1.0
office/seq-10/color/frame-000803.color.png office/seq-10/color/frame-000806.color.png 0.999586 0.00286598 -0.0286208 0.0170679 -0.00272197 0.999984 0.00507007 0.00210965 0.0286349 -0.00499006 0.999578 -0.0317073 0.0 0.0 0.0 1.0
office/seq-10/color/frame-000806.color.png office/seq-10/color/frame-000809.color.png 0.999216 -0.000172442 -0.0395917 0.0342699 0.000592419 0.999944 0.0105981 -0.0049718 0.0395876 -0.0106132 0.99916 -0.0439868 0.0 0.0 0.0 1.0
office/seq-10/color/frame-000809.color.png office/seq-10/color/frame-000812.color.png 0.999379 0.000322108 -0.0352382 0.0287298 1.07413e-05 0.999956 0.00944194 -0.0075922 0.0352397 -0.00943644 0.999334 -0.0328881 0.0 0.0 0.0 1.0
office/seq-10/color/frame-000812.color.png office/seq-10/color/frame-000815.color.png 0.999506 0.00955044 -0.029935 0.0239743 -0.00934735 0.999932 0.00691805 -0.00742364 0.029999 -0.00663482 0.999528 -0.0295424 0.0 0.0 0.0 1.0
office/seq-10/color/frame-000815.color.png office/seq-10/color/frame-000818.color.png 0.998743 0.0084127 -0.0494133 0.0522315 -0.00817329 0.999954 0.00504561 -0.00237167 0.0494535 -0.00463538 0.998766 -0.0236852 0.0 0.0 0.0 1.0
office/seq-10/color/frame-000818.color.png office/seq-10/color/frame-000821.color.png 0.999373 0.00905349 -0.0342359 0.0301839 -0.00899048 0.999958 0.00199454 -0.00730711 0.0342525 -0.00168553 0.999412 -0.0300862 0.0 0.0 0.0 1.0
office/seq-10/color/frame-000821.color.png office/seq-10/color/frame-000824.color.png 0.998796 0.0134559 -0.0471713 0.0590484 -0.013801 0.99988 -0.00699994 0.0221453 0.0470715 0.00764259 0.998862 -0.00630534 0.0 0.0 0.0 1.0
office/seq-10/color/frame-000824.color.png office/seq-10/color/frame-000827.color.png 0.998975 0.00479851 -0.0450032 0.0473084 -0.00490021 0.999986 -0.00214785 0.0115006 0.0449922 0.00236609 0.998985 0.00819099 0.0 0.0 0.0 1.0
office/seq-10/color/frame-000827.color.png office/seq-10/color/frame-000830.color.png 0.998265 0.00689152 -0.0584744 0.0556373 -0.00726474 0.999955 -0.0061751 0.0105769 0.0584292 0.00658928 0.99827 0.0196192 0.0 0.0 0.0 1.0
office/seq-10/color/frame-000830.color.png office/seq-10/color/frame-000833.color.png 0.99956 0.0188639 -0.022874 0.0365574 -0.0192093 0.999703 -0.0149808 -0.00183403 0.0225846 0.0154136 0.999626 0.0186205 0.0 0.0 0.0 1.0
office/seq-10/color/frame-000833.color.png office/seq-10/color/frame-000836.color.png 0.999288 0.0123615 -0.0356337 0.0435725 -0.0127268 0.999868 -0.0100387 0.015919 0.0355049 0.0104851 0.999314 0.0153084 0.0 0.0 0.0 1.0
office/seq-10/color/frame-000836.color.png office/seq-10/color/frame-000839.color.png 0.999773 0.00956495 -0.0190439 0.0208718 -0.00984107 0.999847 -0.0144589 0.0257741 0.0189027 0.014643 0.999714 0.0162816 0.0 0.0 0.0 1.0
office/seq-10/color/frame-000839.color.png office/seq-10/color/frame-000842.color.png 0.999928 0.00569468 -0.0105422 0.0173415 -0.00582159 0.999911 -0.0120444 0.0215477 0.0104727 0.0121049 0.999872 0.0176026 0.0 0.0 0.0 1.0
office/seq-10/color/frame-000842.color.png office/seq-10/color/frame-000845.color.png 0.999952 0.0096929 -0.00109597 0.0154091 -0.00970491 0.999885 -0.0116342 0.0297751 0.00098309 0.0116443 0.999932 0.0248716 0.0 0.0 0.0 1.0
office/seq-10/color/frame-000845.color.png office/seq-10/color/frame-000848.color.png 0.999894 0.00700619 0.0127984 -0.0226175 -0.0068357 0.999888 -0.01332 0.0115209 -0.0128903 0.0132311 0.999829 0.0227314 0.0 0.0 0.0 1.0
office/seq-10/color/frame-000848.color.png office/seq-10/color/frame-000851.color.png 0.999992 -0.0035793 -0.00179049 0.0227166 0.00358334 0.999991 0.00223076 0.00412959 0.0017825 -0.0022372 0.999996 -0.00812745 0.0 0.0 0.0 1.0
office/seq-10/color/frame-000851.color.png office/seq-10/color/frame-000854.color.png 0.999995 -0.00294813 0.000702049 0.0204368 0.00294276 0.999968 0.00737479 0.0147495 -0.000723746 -0.00737266 0.999973 -0.00231314 0.0 0.0 0.0 1.0
office/seq-10/color/frame-000854.color.png office/seq-10/color/frame-000857.color.png 0.999994 0.00238648 0.00253868 0.0283739 -0.00239724 0.999988 0.00428904 0.00491327 -0.00252839 -0.00429514 0.999988 0.00745833 0.0 0.0 0.0 1.0
office/seq-10/color/frame-000857.color.png office/seq-10/color/frame-000860.color.png 0.99972 0.0123995 0.0201483 0.0256568 -0.0125579 0.999891 0.00775541 -0.00629228 -0.02005 -0.00800623 0.999767 -0.0165678 0.0 0.0 0.0 1.0
office/seq-10/color/frame-000860.color.png office/seq-10/color/frame-000863.color.png 0.999871 -0.00135333 0.0160208 0.0272622 0.00132362 0.999997 0.00185904 0.0140232 -0.0160234 -0.00183756 0.99987 0.00361657 0.0 0.0 0.0 1.0
office/seq-10/color/frame-000863.color.png office/seq-10/color/frame-000866.color.png 0.999545 0.0135921 0.0269396 0.0128493 -0.0136028 0.999907 0.000220479 0.000182152 -0.0269341 -0.000586852 0.999637 -0.00717187 0.0 0.0 0.0 1.0
office/seq-10/color/frame-000866.color.png office/seq-10/color/frame-000869.color.png 0.999631 0.00772302 0.0260312 0.00311702 -0.00750758 0.999937 -0.00837312 0.0319672 -0.0260942 0.0081745 0.999626 0.0384597 0.0 0.0 0.0 1.0
office/seq-10/color/frame-000869.color.png office/seq-10/color/frame-000872.color.png 0.99971 0.00194976 0.0239906 0.00543803 -0.00186575 0.999992 -0.00352324 0.0126815 -0.0239973 0.0034775 0.999706 0.0072037 0.0 0.0 0.0 1.0
office/seq-10/color/frame-000872.color.png office/seq-10/color/frame-000875.color.png 0.999516 0.0127424 0.0283649 0.0107192 -0.0127383 0.999919 -0.000327551 0.0176538 -0.0283668 -3.39886e-05 0.999598 0.0184243 0.0 0.0 0.0 1.0
office/seq-10/color/frame-000875.color.png office/seq-10/color/frame-000878.color.png 0.999184 0.00880242 0.0394151 -0.0126767 -0.0082509 0.999866 -0.0141303 0.0355027 -0.0395342 0.0137936 0.999123 0.0398052 0.0 0.0 0.0 1.0
office/seq-10/color/frame-000878.color.png office/seq-10/color/frame-000881.color.png 0.998984 0.0118392 0.0434928 -0.0310306 -0.0113898 0.999879 -0.010565 0.0184608 -0.0436127 0.0100589 0.998998 0.00989091 0.0 0.0 0.0 1.0
office/seq-10/color/frame-000881.color.png office/seq-10/color/frame-000884.color.png 0.999029 0.0184022 0.0400316 -0.0233256 -0.0177548 0.999707 -0.0164697 0.0361777 -0.0403229 0.015743 0.999063 0.0123476 0.0 0.0 0.0 1.0
office/seq-10/color/frame-000884.color.png office/seq-10/color/frame-000887.color.png 0.999712 0.0219996 0.00956147 0.00655615 -0.0219498 0.999745 -0.00528758 0.0292348 -0.00967532 0.00507619 0.99994 0.000997782 0.0 0.0 0.0 1.0
office/seq-10/color/frame-000887.color.png office/seq-10/color/frame-000890.color.png 0.999895 0.00624801 0.0130862 0.00241464 -0.00625854 0.99998 0.000762821 0.0223697 -0.0130812 -0.000844675 0.999914 -0.0143484 0.0 0.0 0.0 1.0
office/seq-10/color/frame-000890.color.png office/seq-10/color/frame-000893.color.png 0.99906 0.00105831 0.0433434 -0.0400088 -0.000322044 0.999856 -0.0169916 0.0492525 -0.0433551 0.0169617 0.998916 0.0084697 0.0 0.0 0.0 1.0
office/seq-10/color/frame-000893.color.png office/seq-10/color/frame-000896.color.png 0.999129 0.00754287 0.0410348 -0.0336383 -0.00697603 0.999879 -0.0139376 0.0377793 -0.0411349 0.0136392 0.999061 -0.00590479 0.0 0.0 0.0 1.0
office/seq-10/color/frame-000896.color.png office/seq-10/color/frame-000899.color.png 0.999696 0.00547399 0.0240333 -0.0141523 -0.00555098 0.99998 0.003136 0.0179464 -0.0240156 -0.00326848 0.999706 0.00695181 0.0 0.0 0.0 1.0
office/seq-10/color/frame-000899.color.png office/seq-10/color/frame-000902.color.png 0.998618 -0.00581406 0.0522244 -0.0596224 0.00563605 0.999978 0.00355577 -0.00235093 -0.0522439 -0.00325655 0.998629 -0.00141406 0.0 0.0 0.0 1.0
office/seq-10/color/frame-000902.color.png office/seq-10/color/frame-000905.color.png 0.999265 0.000464466 0.038329 -0.0386761 -0.000162152 0.999969 -0.00788762 0.017606 -0.0383314 0.0078756 0.999234 0.012923 0.0 0.0 0.0 1.0
office/seq-10/color/frame-000905.color.png office/seq-10/color/frame-000908.color.png 0.998995 -0.00464307 0.0445859 -0.0479557 0.00509419 0.999937 -0.0100125 0.0021919 -0.0445366 0.0102296 0.998955 0.0233663 0.0 0.0 0.0 1.0
office/seq-10/color/frame-000908.color.png office/seq-10/color/frame-000911.color.png 0.998576 -0.0202206 0.0493618 -0.0518144 0.0207119 0.999741 -0.00945847 0.00101089 -0.0491577 0.0104674 0.998736 0.00276959 0.0 0.0 0.0 1.0
office/seq-10/color/frame-000911.color.png office/seq-10/color/frame-000914.color.png 0.999138 -0.0225512 0.0348477 -0.0444397 0.0223928 0.999737 0.00492846 -0.0154642 -0.0349497 -0.0041439 0.999381 0.000798345 0.0 0.0 0.0 1.0
office/seq-10/color/frame-000914.color.png office/seq-10/color/frame-000917.color.png 0.999082 -0.0202132 0.0377694 -0.0234924 0.0206293 0.99973 -0.0106576 -0.00686949 -0.0375439 0.0114269 0.999229 -0.0349131 0.0 0.0 0.0 1.0
office/seq-10/color/frame-000917.color.png office/seq-10/color/frame-000920.color.png 0.99915 -0.0182613 0.036955 -0.021903 0.0184899 0.999812 -0.00585086 -0.00274819 -0.0368411 0.00652914 0.9993 -0.00727177 0.0 0.0 0.0 1.0
office/seq-10/color/frame-000920.color.png office/seq-10/color/frame-000923.color.png 0.998879 -0.0359242 0.0308204 -0.0346156 0.0360868 0.999338 -0.00474014 -0.0217621 -0.0306298 0.00584705 0.999514 -0.0184902 0.0 0.0 0.0 1.0
office/seq-10/color/frame-000923.color.png office/seq-10/color/frame-000926.color.png 0.999658 -0.0199372 0.0169407 -0.000546098 0.0200625 0.999772 -0.00725479 0.00686634 -0.0167922 0.00759223 0.99983 -0.00169218 0.0 0.0 0.0 1.0
office/seq-10/color/frame-000926.color.png office/seq-10/color/frame-000929.color.png 0.999109 -0.0267128 0.0326634 -0.0234562 0.0268109 0.999637 -0.00257179 -0.0297221 -0.0325828 0.00344522 0.999463 0.000334322 0.0 0.0 0.0 1.0
office/seq-10/color/frame-000929.color.png office/seq-10/color/frame-000932.color.png 0.998911 -0.0378258 0.0273269 -0.0270531 0.0378686 0.999282 -0.00105063 -0.0407546 -0.0272676 0.00208434 0.999626 0.000758827 0.0 0.0 0.0 1.0
office/seq-10/color/frame-000932.color.png office/seq-10/color/frame-000935.color.png 0.999214 -0.029106 0.0269172 -0.0117769 0.0295362 0.99944 -0.0157194 -0.0171998 -0.0264446 0.016502 0.999514 0.00937331 0.0 0.0 0.0 1.0
office/seq-10/color/frame-000935.color.png office/seq-10/color/frame-000938.color.png 0.998594 -0.0359794 0.0389205 -0.0251254 0.0368219 0.999098 -0.0211561 -0.0246089 -0.0381242 0.0225595 0.999018 0.0190175 0.0 0.0 0.0 1.0
office/seq-10/color/frame-000938.color.png office/seq-10/color/frame-000941.color.png 0.999761 -0.0191699 0.010487 0.00600708 0.0192374 0.999795 -0.00636396 -0.0165383 -0.0103628 0.00656425 0.999925 0.00101489 0.0 0.0 0.0 1.0
office/seq-10/color/frame-000941.color.png office/seq-10/color/frame-000944.color.png 0.99979 -0.0148253 0.014147 0.00483394 0.0149545 0.999847 -0.00907541 -0.00599736 -0.0140104 0.00928505 0.999859 0.0146785 0.0 0.0 0.0 1.0
office/seq-10/color/frame-000944.color.png office/seq-10/color/frame-000947.color.png 0.999724 -0.0173583 0.0158165 0.0145252 0.0175759 0.999751 -0.0137204 0.00922918 -0.0155743 0.0139946 0.999781 0.0140522 0.0 0.0 0.0 1.0
office/seq-10/color/frame-000947.color.png office/seq-10/color/frame-000950.color.png 0.99989 -0.00941181 0.0114532 0.00529945 0.00949437 0.999929 -0.00717636 -0.0108138 -0.0113848 0.0072843 0.999909 0.0055669 0.0 0.0 0.0 1.0
office/seq-10/color/frame-000950.color.png office/seq-10/color/frame-000953.color.png 0.999899 -0.00847211 0.0114474 0.00688863 0.00830625 0.999861 0.0144576 -0.0440208 -0.0115683 -0.0143611 0.99983 0.0106909 0.0 0.0 0.0 1.0
office/seq-10/color/frame-000953.color.png office/seq-10/color/frame-000956.color.png 0.999874 -0.0134024 0.00848663 0.0114048 0.0133061 0.999847 0.0113125 -0.0289053 -0.00863675 -0.0111981 0.9999 0.0176926 0.0 0.0 0.0 1.0
office/seq-10/color/frame-000956.color.png office/seq-10/color/frame-000959.color.png 0.999759 -0.0219297 -0.000639444 0.0325137 0.0219345 0.999719 0.00898627 -0.0150418 0.00044205 -0.00899806 0.999959 -0.0164056 0.0 0.0 0.0 1.0
office/seq-10/color/frame-000959.color.png office/seq-10/color/frame-000962.color.png 0.999898 -0.00344243 0.0138769 0.0110867 0.00325726 0.999906 0.0133437 -0.0140252 -0.0139215 -0.0132972 0.999815 0.0162252 0.0 0.0 0.0 1.0
office/seq-10/color/frame-000962.color.png office/seq-10/color/frame-000965.color.png 0.999944 -0.00588836 0.00878975 0.015339 0.00573595 0.999835 0.0172576 -0.0243648 -0.00888995 -0.0172062 0.999812 0.00222927 0.0 0.0 0.0 1.0
office/seq-10/color/frame-000965.color.png office/seq-10/color/frame-000968.color.png 0.999994 -0.0035805 0.000348444 0.0284745 0.00356812 0.99952 0.0307673 -0.0464006 -0.000458509 -0.0307658 0.999527 -0.0150682 0.0 0.0 0.0 1.0
office/seq-10/color/frame-000968.color.png office/seq-10/color/frame-000971.color.png 0.999894 0.000597667 -0.0145485 0.038159 -0.000226792 0.999675 0.0254782 -0.0324121 0.0145589 -0.0254721 0.99957 -0.0343236 0.0 0.0 0.0 1.0
office/seq-10/color/frame-000971.color.png office/seq-10/color/frame-000974.color.png 0.999933 -0.00793544 -0.00838796 0.0278414 0.00805408 0.999867 0.0141944 -0.0255389 0.00827418 -0.014261 0.999864 -0.00899857 0.0 0.0 0.0 1.0
office/seq-10/color/frame-000974.color.png office/seq-10/color/frame-000977.color.png 0.99957 -0.0132288 -0.0261475 0.052494 0.0140143 0.999449 0.0300915 -0.0337365 0.025735 -0.0304451 0.999205 -0.0187218 0.0 0.0 0.0 1.0
office/seq-10/color/frame-000977.color.png office/seq-10/color/frame-000980.color.png 0.999891 0.00172124 0.014654 0.00517964 -0.00176604 0.999994 0.00304811 -0.02108 -0.0146486 -0.00307365 0.999888 0.0312725 0.0 0.0 0.0 1.0
office/seq-10/color/frame-000980.color.png office/seq-10/color/frame-000983.color.png 0.9999 -0.0139291 -0.00240859 -0.00210309 0.0139516 0.999856 0.00961353 -0.0314239 0.00227427 -0.0096462 0.999951 0.00268906 0.0 0.0 0.0 1.0
office/seq-10/color/frame-000983.color.png office/seq-10/color/frame-000986.color.png 0.999602 -0.0173119 -0.0222851 0.0258335 0.01736 0.999847 0.00196506 -0.00994539 0.0222477 -0.00235119 0.99975 -0.00304925 0.0 0.0 0.0 1.0
office/seq-10/color/frame-000986.color.png office/seq-10/color/frame-000989.color.png 0.999819 -0.0188867 -0.00216007 -0.00920141 0.0188922 0.999818 0.00263103 -0.0492005 0.00210994 -0.00267129 0.999994 0.00552464 0.0 0.0 0.0 1.0
office/seq-10/color/frame-000989.color.png office/seq-10/color/frame-000992.color.png 0.99987 -0.00841755 -0.0137405 0.0138938 0.0082916 0.999923 -0.0092067 0.00144166 0.0138169 0.0090916 0.999863 0.0116826 0.0 0.0 0.0 1.0
office/seq-10/color/frame-000992.color.png office/seq-10/color/frame-000995.color.png 0.999821 0.0127953 -0.0138997 0.0221227 -0.0131544 0.999574 -0.0260622 0.0570198 0.0135605 0.0262403 0.999564 0.0357836 0.0 0.0 0.0 1.0
office/seq-10/color/frame-000995.color.png office/seq-10/color/frame-000998.color.png 0.999541 0.0146669 -0.026516 0.0167779 -0.0147125 0.999891 -0.00151552 -0.00589192 0.0264909 0.00190499 0.999647 -0.0134571 0.0 0.0 0.0 1.0
