office/seq-10/color/frame-000000.color.png office/seq-10/color/frame-000003.color.png 0.999997 0.00233021 -0.000839895 0.010913 -0.00233377 0.999988 -0.00425714 -0.00855048 0.000829965 0.00425909 0.999991 0.00439378 0.0 0.0 0.0 1.0
office/seq-10/color/frame-000003.color.png office/seq-10/color/frame-000006.color.png 0.999601 -0.028155 0.00228445 0.00691748 0.0281385 0.99958 0.00693574 0.0103212 -0.00247877 -0.00686869 0.999973 0.010388 0.0 0.0 0.0 1.0
office/seq-10/color/frame-000006.color.png office/seq-10/color/frame-000009.color.png 0.999738 -0.0118491 -0.0195694 0.0205163 0.0124346 0.99947 0.0300752 -0.00473769 0.0192027 -0.0303106 0.999356 0.0198341 0.0 0.0 0.0 1.0
office/seq-10/color/frame-000009.color.png office/seq-10/color/frame-000012.color.png 0.999862 0.00225383 -0.0164688 0.0184115 -0.00188845 0.999753 0.0221683 -0.00983528 0.0165147 -0.0221342 0.999619 0.018208 0.0 0.0 0.0 1.0
office/seq-10/color/frame-000012.color.png office/seq-10/color/frame-000015.color.png 0.999984 -0.000757543 -0.00556907 0.0239241 0.000880322 0.999756 0.0220768 -0.0122866 0.00555098 -0.0220814 0.999741 0.0343194 0.0 0.0 0.0 1.0
office/seq-10/color/frame-000015.color.png office/seq-10/color/frame-000018.color.png 0.999979 -0.00182112 -0.00630997 0.0254201 0.00181151 0.999997 -0.00152941 0.00701324 0.00631274 0.00151792 0.999979 0.012103 0.0 0.0 0.0 1.0
office/seq-10/color/frame-000018.color.png office/seq-10/color/frame-000021.color.png 0.999976 -0.00523982 -0.00460459 0.0264977 0.00530614 0.99988 0.0145128 -0.0237127 0.00452799 -0.0145369 0.999884 0.0380623 0.0 0.0 0.0 1.0
office/seq-10/color/frame-000021.color.png office/seq-10/color/frame-000024.color.png 0.999891 -0.014119 -0.00441851 0.0343135 0.0141491 0.999876 0.00684733 -0.0123432 0.00432129 -0.0069091 0.999967 0.0134328 0.0 0.0 0.0 1.0
office/seq-10/color/frame-000024.color.png office/seq-10/color/frame-000027.color.png 1.0 0.000636491 -0.000653013 0.0218633 -0.000634768 0.999996 0.00263171 -0.0186176 0.000654671 -0.00263129 0.999996 0.0250221 0.0 0.0 0.0 1.0
office/seq-10/color/frame-000027.color.png office/seq-10/color/frame-000030.color.png 0.999993 -0.00187812 0.00318296 0.0340011 0.00187177 0.999996 0.00199713 -0.00128762 -0.00318669 -0.00199117 0.999993 0.0211656 0.0 0.0 0.0 1.0
office/seq-10/color/frame-000030.color.png office/seq-10/color/frame-000033.color.png 0.999974 -0.00173599 0.00698966 0.0149904 0.00171729 0.999995 0.00267776 -0.012305 -0.00699427 -0.00266571 0.999972 0.0187183 0.0 0.0 0.0 1.0
office/seq-10/color/frame-000033.color.png office/seq-10/color/frame-000036.color.png 0.999944 -0.00713257 0.0078656 0.0185193 0.00697267 0.999772 0.020172 -0.00637099 -0.00800769 -0.020116 0.999766 0.0168189 0.0 0.0 0.0 1.0
office/seq-10/color/frame-000036.color.png office/seq-10/color/frame-000039.color.png 0.99999 -0.000979537 0.0043533 0.0202799 0.000919677 0.999905 0.0137334 -0.00999971 -0.00436634 -0.0137293 0.999896 0.0148432 0.0 0.0 0.0 1.0
office/seq-10/color/frame-000039.color.png office/seq-10/color/frame-000042.color.png 0.999946 -0.000609017 0.0103834 0.0142554 0.000484755 0.999928 0.0119663 -0.0154272 -0.0103899 -0.0119605 0.999874 0.013066 0.0 0.0 0.0 1.0
office/seq-10/color/frame-000042.color.png office/seq-10/color/frame-000045.color.png 0.999971 0.000736136 0.00752352 0.0232035 -0.000794569 0.999969 0.00776483 -0.00489252 -0.00751759 -0.00777057 0.999942 0.00854558 0.0 0.0 0.0 1.0
office/seq-10/color/frame-000045.color.png office/seq-10/color/frame-000048.color.png 0.999708 0.0060225 0.0234164 0.0226064 -0.00623836 0.999939 0.00915638 -0.012292 -0.0233598 -0.00929979 0.999684 0.0164747 0.0 0.0 0.0 1.0
office/seq-10/color/frame-000048.color.png office/seq-10/color/frame-000051.color.png 0.999271 -0.0138201 0.0355902 0.0454806 0.0131601 0.999738 0.01871 -0.0220949 -0.0358395 -0.018228 0.999191 0.0258811 0.0 0.0 0.0 1.0
office/seq-10/color/frame-000051.color.png office/seq-10/color/frame-000054.color.png 0.998706 -0.00746243 0.0503067 0.00237733 0.00711107 0.999949 0.0071597 -0.0126163 -0.0503575 -0.00679271 0.998708 0.0392928 0.0 0.0 0.0 1.0
office/seq-10/color/frame-000054.color.png office/seq-10/color/frame-000057.color.png 0.99827 -0.0122938 0.0574913 0.0209618 0.0121549 0.999922 0.00276507 -0.038645 -0.0575209 -0.0020615 0.998342 0.0371814 0.0 0.0 0.0 1.0
office/seq-10/color/frame-000057.color.png office/seq-10/color/frame-000060.color.png 0.997867 -0.00413916 0.0651553 -0.00106853 0.00447766 0.999977 -0.00505009 0.00353497 -0.0651329 0.00533106 0.997862 0.0513387 0.0 0.0 0.0 1.0
office/seq-10/color/frame-000060.color.png office/seq-10/color/frame-000063.color.png 0.9989 -0.00593693 0.0465179 0.0160989 0.0063067 0.99995 -0.00780644 -0.0171862 -0.0464692 0.00809122 0.998887 0.038061 0.0 0.0 0.0 1.0
office/seq-10/color/frame-000063.color.png office/seq-10/color/frame-000066.color.png 0.999826 -0.0147673 0.0114195 0.0179505 0.0147415 0.999889 0.00234133 -0.0282684 -0.0114527 -0.0021726 0.999932 0.0199079 0.0 0.0 0.0 1.0
office/seq-10/color/frame-000066.color.png office/seq-10/color/frame-000069.color.png 0.999489 -0.023127 0.0220729 0.0081225 0.0232239 0.999722 -0.00414249 -0.0181312 -0.0219709 0.00465302 0.999748 0.0196615 0.0 0.0 0.0 1.0
office/seq-10/color/frame-000069.color.png office/seq-10/color/frame-000072.color.png 0.99895 -0.036186 0.0280865 0.0693317 0.0359008 0.999299 0.0105932 -0.0568792 -0.0284502 -0.00957377 0.999549 0.0278286 0.0 0.0 0.0 1.0
office/seq-10/color/frame-000072.color.png office/seq-10/color/frame-000075.color.png 0.999132 -0.0212517 0.0358387 -0.00308061 0.0210395 0.999759 0.00628952 -0.0302297 -0.0359636 -0.00553001 0.999338 0.0313849 0.0 0.0 0.0 1.0
office/seq-10/color/frame-000075.color.png office/seq-10/color/frame-000078.color.png 0.998468 -0.00190851 0.0552896 0.0189065 0.00120609 0.999918 0.0127341 -0.0140655 -0.0553094 -0.012648 0.998389 0.0605801 0.0 0.0 0.0 1.0
office/seq-10/color/frame-000078.color.png office/seq-10/color/frame-000081.color.png 0.99868 -0.00860672 0.0506414 0.0243137 0.00811359 0.999918 0.0099356 -0.0257703 -0.0507227 -0.00951159 0.998667 0.0586301 0.0 0.0 0.0 1.0
office/seq-10/color/frame-000081.color.png office/seq-10/color/frame-000084.color.png 0.999405 -0.0192947 0.0285875 0.0802411 0.0194378 0.9998 -0.00473525 -0.037595 -0.0284904 0.0052881 0.99958 0.0610773 0.0 0.0 0.0 1.0
office/seq-10/color/frame-000084.color.png office/seq-10/color/frame-000087.color.png 0.999231 -0.003823 0.0390309 0.0187423 0.00485201 0.999642 -0.026304 -0.00178605 -0.0389164 0.0264732 0.998892 0.0666764 0.0 0.0 0.0 1.0
office/seq-10/color/frame-000087.color.png office/seq-10/color/frame-000090.color.png 0.999605 -0.00646094 0.0273476 0.0103809 0.006696 0.999941 -0.00851257 -0.0107259 -0.027291 0.00869231 0.99959 0.0436854 0.0 0.0 0.0 1.0
office/seq-10/color/frame-000090.color.png office/seq-10/color/frame-000093.color.png 0.999034 -0.0159851 0.0409433 -0.00770319 0.0159107 0.999871 0.00214412 -0.000588238 -0.0409724 -0.00149065 0.999159 0.0663686 0.0 0.0 0.0 1.0
office/seq-10/color/frame-000093.color.png office/seq-10/color/frame-000096.color.png 0.999657 -0.0186369 0.0184229 0.034174 0.0185782 0.999822 0.00335085 -0.0241739 -0.018482 -0.00300738 0.999825 0.0434075 0.0 0.0 0.0 1.0
office/seq-10/color/frame-000096.color.png office/seq-10/color/frame-000099.color.png 0.999775 -0.0201204 0.00678782 0.010292 0.0200868 0.999786 0.00497091 -0.0355991 -0.00688629 -0.00483343 0.999965 0.035711 0.0 0.0 0.0 1.0
office/seq-10/color/frame-000099.color.png office/seq-10/color/frame-000102.color.png 0.999786 -0.0126982 -0.016322 0.0256296 0.0129354 0.999811 0.0145078 -0.0295751 0.0161348 -0.0147158 0.999762 0.00708389 0.0 0.0 0.0 1.0
office/seq-10/color/frame-000102.color.png office/seq-10/color/frame-000105.color.png 0.999851 0.00877948 -0.0148353 0.0255965 -0.0084642 0.99974 0.0211756 -0.00671288 0.0150172 -0.021047 0.999666 -0.00207883 0.0 0.0 0.0 1.0
office/seq-10/color/frame-000105.color.png office/seq-10/color/frame-000108.color.png 0.999662 -0.0134827 -0.0222109 0.0484812 0.0136414 0.999882 0.00701355 -0.0147332 0.0221139 -0.00731417 0.999729 0.00401455 0.0 0.0 0.0 1.0
office/seq-10/color/frame-000108.color.png office/seq-10/color/frame-000111.color.png 0.999858 0.00279176 -0.0166094 0.0354948 -0.00274336 0.999992 0.00293005 -0.00827032 0.0166172 -0.00288408 0.999858 -0.00331646 0.0 0.0 0.0 1.0
office/seq-10/color/frame-000111.color.png office/seq-10/color/frame-000114.color.png 0.999406 -0.00735825 -0.0336716 0.0452563 0.00686448 0.999868 -0.0147528 0.00824282 0.0337757 0.0145129 0.999324 -0.0110202 0.0 0.0 0.0 1.0
office/seq-10/color/frame-000114.color.png office/seq-10/color/frame-000117.color.png 0.99982 0.00824746 -0.017098 0.0435057 -0.00843812 0.999903 -0.011116 0.0315872 0.0170047 0.0112584 0.999792 -0.00201946 0.0 0.0 0.0 1.0
office/seq-10/color/frame-000117.color.png office/seq-10/color/frame-000120.color.png 0.999937 0.00985295 -0.00528177 0.0453181 -0.00983906 0.999948 0.00266872 0.0177795 0.00530773 -0.00261658 0.999982 0.00388378 0.0 0.0 0.0 1.0
office/seq-10/color/frame-000120.color.png office/seq-10/color/frame-000123.color.png 0.999363 -0.0112285 -0.0338822 0.0670553 0.0106729 0.999806 -0.0165398 -0.00867853 0.0340613 0.0161676 0.999289 -0.0229361 0.0 0.0 0.0 1.0
office/seq-10/color/frame-000123.color.png office/seq-10/color/frame-000126.color.png 0.997843 0.0429542 -0.0496331 0.112286 -0.0429849 0.999076 0.00044854 0.0789003 0.0496065 0.0016859 0.998767 -0.0451673 0.0 0.0 0.0 1.0
office/seq-10/color/frame-000126.color.png office/seq-10/color/frame-000129.color.png 0.998899 0.0251119 -0.0396367 0.0452594 -0.0243514 0.999512 0.0195571 0.00757694 0.0401085 -0.0185704 0.999023 -0.0343088 0.0 0.0 0.0 1.0
office/seq-10/color/frame-000129.color.png office/seq-10/color/frame-000132.color.png 0.997111 0.0493185 -0.0577623 0.10036 -0.0500541 0.998682 -0.0113581 0.0907141 0.057126 0.0142166 0.998266 -0.0614972 0.0 0.0 0.0 1.0
office/seq-10/color/frame-000132.color.png office/seq-10/color/frame-000135.color.png 0.999536 0.00320262 -0.0303011 0.0348442 -0.00269305 0.999854 0.016844 -0.0229625 0.0303506 -0.0167547 0.999399 -0.0322258 0.0 0.0 0.0 1.0
office/seq-10/color/frame-000135.color.png office/seq-10/color/frame-000138.color.png 0.997759 0.0191789 -0.0640979 0.0616506 -0.0171894 0.999358 0.0314472 -0.0285566 0.0646597 -0.030275 0.997448 -0.080316 0.0 0.0 0.0 1.0
office/seq-10/color/frame-000138.color.png office/seq-10/color/frame-000141.color.png 0.998722 0.00366424 -0.0504029 0.0353543 -0.00294649 0.999893 0.0143068 -0.0216511 0.0504499 -0.01414 0.998626 -0.0615566 0.0 0.0 0.0 1.0
office/seq-10/color/frame-000141.color.png office/seq-10/color/frame-000144.color.png 0.995831 0.0255213 -0.0875716 0.0854088 -0.023679 0.999477 0.0220132 -0.0253592 0.0880876 -0.0198478 0.995915 -0.112461 0.0 0.0 0.0 1.0
office/seq-10/color/frame-000144.color.png office/seq-10/color/frame-000147.color.png 0.997631 0.0178123 -0.0664411 0.0518452 -0.0179684 0.999837 -0.00175266 -0.0105816 0.0663991 0.00294232 0.997789 -0.0827205 0.0 0.0 0.0 1.0
office/seq-10/color/frame-000147.color.png office/seq-10/color/frame-000150.color.png 0.997278 0.0273597 -0.0684706 0.0848219 -0.0276084 0.999615 -0.00268817 0.010792 0.0683707 0.00457127 0.99765 -0.0712475 0.0 0.0 0.0 1.0
office/seq-10/color/frame-000150.color.png office/seq-10/color/frame-000153.color.png 0.997565 0.0138073 -0.0683671 0.0611215 -0.0137973 0.999905 0.000619469 0.000515401 0.0683691 0.000325313 0.99766 -0.0838953 0.0 0.0 0.0 1.0
office/seq-10/color/frame-000153.color.png office/seq-10/color/frame-000156.color.png 0.99812 0.0274765 -0.0547793 0.0556865 -0.0276035 0.999618 -0.0015626 0.00583938 0.0547154 0.00307177 0.998497 -0.0616613 0.0 0.0 0.0 1.0
office/seq-10/color/frame-000156.color.png office/seq-10/color/frame-000159.color.png 0.999205 -0.00334246 -0.0397337 0.0679375 0.00202244 0.999446 -0.0332154 0.0101575 0.0398228 0.0331086 0.998658 -0.0182304 0.0 0.0 0.0 1.0
office/seq-10/color/frame-000159.color.png office/seq-10/color/frame-000162.color.png 0.999488 -0.00828371 -0.0309125 0.0230136 0.00750412 0.999653 -0.0252511 -0.0343115 0.031111 0.0250062 0.999203 -0.0239873 0.0 0.0 0.0 1.0
office/seq-10/color/frame-000162.color.png office/seq-10/color/frame-000165.color.png 0.998769 0.00677437 -0.0491399 0.0892992 -0.00736356 0.999903 -0.0118187 -0.0185916 0.049055 0.012166 0.998722 -0.0622815 0.0 0.0 0.0 1.0
office/seq-10/color/frame-000165.color.png office/seq-10/color/frame-000168.color.png 0.999239 0.0160931 -0.0355313 0.0486363 -0.0166284 0.999752 -0.0148243 0.0136184 0.0352839 0.0154039 0.999259 -0.0596943 0.0 0.0 0.0 1.0
office/seq-10/color/frame-000168.color.png office/seq-10/color/frame-000171.color.png 0.998655 0.0224778 -0.046717 0.0759507 -0.0228392 0.999713 -0.0072159 0.0173528 0.0465415 0.0082732 0.998882 -0.0594463 0.0 0.0 0.0 1.0
office/seq-10/color/frame-000171.color.png office/seq-10/color/frame-000174.color.png 0.998886 0.0250649 -0.0399791 0.0648375 -0.0255133 0.999617 -0.0107476 0.019693 0.0396944 0.0117556 0.999143 -0.05675 0.0 0.0 0.0 1.0
office/seq-10/color/frame-000174.color.png office/seq-10/color/frame-000177.color.png 0.99784 0.0220528 -0.0618799 0.114675 -0.0226167 0.999709 -0.00842747 0.0271159 0.061676 0.00980882 0.998048 -0.0733254 0.0 0.0 0.0 1.0
office/seq-10/color/frame-000177.color.png office/seq-10/color/frame-000180.color.png 0.996773 0.0131093 -0.0791969 0.150767 -0.0131644 0.999913 -0.000173666 0.0149754 0.0791878 0.00121567 0.996859 -0.118401 0.0 0.0 0.0 1.0
office/seq-10/color/frame-000180.color.png office/seq-10/color/frame-000183.color.png 0.998589 0.0166145 -0.0504327 0.0772556 -0.0166281 0.999862 0.000148315 0.0130668 0.0504282 0.000690519 0.998728 -0.0843222 0.0 0.0 0.0 1.0
office/seq-10/color/frame-000183.color.png office/seq-10/color/frame-000186.color.png 0.99844 0.00987355 -0.054962 0.084694 -0.00939077 0.999915 0.009035 -0.0128935 0.0550464 -0.00850474 0.998448 -0.114761 0.0 0.0 0.0 1.0
office/seq-10/color/frame-000186.color.png office/seq-10/color/frame-000189.color.png 0.998624 0.0179091 -0.0492907 0.0461466 -0.0177726 0.999837 0.00320554 0.0178317 0.0493401 -0.00232518 0.998779 -0.0973324 0.0 0.0 0.0 1.0
office/seq-10/color/frame-000189.color.png office/seq-10/color/frame-000192.color.png 0.998045 0.00719843 -0.0620813 0.0801388 -0.00697214 0.999968 0.0038622 0.00912106 0.0621071 -0.0034217 0.998064 -0.0939612 0.0 0.0 0.0 1.0
office/seq-10/color/frame-000192.color.png office/seq-10/color/frame-000195.color.png 0.998159 0.016232 -0.0584474 0.0587189 -0.0163632 0.999865 -0.00176737 0.0271827 0.0584108 0.00272047 0.998289 -0.098912 0.0 0.0 0.0 1.0
office/seq-10/color/frame-000195.color.png office/seq-10/color/frame-000198.color.png 0.998355 0.0216675 -0.0530908 0.0358864 -0.0217615 0.999762 -0.00119329 0.0255275 0.0530524 0.00234666 0.998589 -0.0921783 0.0 0.0 0.0 1.0
office/seq-10/color/frame-000198.color.png office/seq-10/color/frame-000201.color.png 0.999389 0.0130158 -0.0324523 0.0339574 -0.0131747 0.999902 -0.00468667 0.0267913 0.0323881 0.00511141 0.999462 -0.0520338 0.0 0.0 0.0 1.0
office/seq-10/color/frame-000201.color.png office/seq-10/color/frame-000204.color.png 0.999598 0.00657283 -0.0275849 0.0122346 -0.00658341 0.999978 -0.000290734 0.0121941 0.0275825 0.000472186 0.999619 -0.043079 0.0 0.0 0.0 1.0
office/seq-10/color/frame-000204.color.png office/seq-10/color/frame-000207.color.png 0.999781 -0.00345851 -0.0206192 0.00458515 0.00356422 0.999981 0.00509108 -0.00551325 0.0206012 -0.00516341 0.999774 -0.0472222 0.0 0.0 0.0 1.0
office/seq-10/color/frame-000207.color.png office/seq-10/color/frame-000210.color.png 0.999676 -0.00220161 -0.0253679 0.031098 0.0025025 0.999927 0.0118369 -0.0172518 0.0253401 -0.0118966 0.999608 -0.0523567 0.0 0.0 0.0 1.0
office/seq-10/color/frame-000210.color.png office/seq-10/color/frame-000213.color.png 0.999957 0.000431976 -0.00929516 -0.00396872 -0.000428374 1.0 0.000387652 0.0156558 0.00929539 -0.000383612 0.999957 -0.0363896 0.0 0.0 0.0 1.0
office/seq-10/color/frame-000213.color.png office/seq-10/color/frame-000216.color.png 0.999764 0.00687228 -0.020619 0.0124571 -0.00661789 0.999901 0.0123818 -0.00525957 0.020702 -0.0122424 0.999711 -0.0390682 0.0 0.0 0.0 1.0
office/seq-10/color/frame-000216.color.png office/seq-10/color/frame-000219.color.png 0.999705 0.00382436 -0.0239981 0.0176041 -0.00359759 0.999949 0.00948466 0.00818014 0.0240332 -0.0093955 0.999667 -0.048478 0.0 0.0 0.0 1.0
office/seq-10/color/frame-000219.color.png office/seq-10/color/frame-000222.color.png 0.999798 -0.00349955 -0.0198112 0.0100875 0.00355379 0.99999 0.00270364 0.00236571 0.0198015 -0.00277348 0.9998 -0.041817 0.0 0.0 0.0 1.0
office/seq-10/color/frame-000222.color.png office/seq-10/color/frame-000225.color.png 0.999266 -0.00828395 -0.0373948 0.021154 0.00846144 0.999954 0.00459149 -0.0167651 0.0373551 -0.00490457 0.99929 -0.0611224 0.0 0.0 0.0 1.0
office/seq-10/color/frame-000225.color.png office/seq-10/color/frame-000228.color.png 0.999225 -0.00738253 -0.0386634 0.0227661 0.00695475 0.999913 -0.0111871 -0.00194883 0.0387427 0.0109095 0.99919 -0.0448164 0.0 0.0 0.0 1.0
office/seq-10/color/frame-000228.color.png office/seq-10/color/frame-000231.color.png 0.999266 -0.0103891 -0.0368632 0.0275444 0.00991501 0.999866 -0.0130213 -0.012236 0.0369935 0.0126462 0.999235 -0.0558876 0.0 0.0 0.0 1.0
office/seq-10/color/frame-000231.color.png office/seq-10/color/frame-000234.color.png 0.998283 0.00321243 -0.0584858 0.0465431 -0.004296 0.999821 -0.0184104 0.0225363 0.0584162 0.01863 0.998119 -0.0760607 0.0 0.0 0.0 1.0
office/seq-10/color/frame-000234.color.png office/seq-10/color/frame-000237.color.png 0.998635 0.012867 -0.0506259 0.0433205 -0.0138816 0.999709 -0.0197411 0.0237506 0.0503572 0.0204169 0.998523 -0.0798678 0.0 0.0 0.0 1.0
office/seq-10/color/frame-000237.color.png office/seq-10/color/frame-000240.color.png 0.998204 0.00770353 -0.0594103 0.046295 -0.00894393 0.999747 -0.0206416 0.0329059 0.0592362 0.021136 0.99802 -0.077751 0.0 0.0 0.0 1.0
office/seq-10/color/frame-000240.color.png office/seq-10/color/frame-000243.color.png 0.997704 0.0132549 -0.0664114 0.0569074 -0.0134462 0.999907 -0.00243369 0.029874 0.0663729 0.00332104 0.99779 -0.101076 0.0 0.0 0.0 1.0
office/seq-10/color/frame-000243.color.png office/seq-10/color/frame-000246.color.png 0.997845 0.0199491 -0.0625087 0.0581374 -0.0193275 0.999758 0.0105338 0.0221469 0.0627037 -0.00930293 0.997989 -0.0716721 0.0 0.0 0.0 1.0
office/seq-10/color/frame-000246.color.png office/seq-10/color/frame-000249.color.png 0.998943 0.0175958 -0.042458 0.0414169 -0.0174291 0.999839 0.00428909 0.0243385 0.0425267 -0.00354454 0.999089 -0.0484897 0.0 0.0 0.0 1.0
office/seq-10/color/frame-000249.color.png office/seq-10/color/frame-000252.color.png 0.998629 0.0154002 -0.0500348 0.0390633 -0.0155173 0.999878 -0.00195189 0.0313494 0.0499986 0.00272559 0.998746 -0.0782655 0.0 0.0 0.0 1.0
office/seq-10/color/frame-000252.color.png office/seq-10/color/frame-000255.color.png 0.999203 0.015817 -0.0366425 0.0314025 -0.015809 0.999875 0.000510723 0.0392659 0.0366459 6.8955e-05 0.999328 -0.0531822 0.0 0.0 0.0 1.0
office/seq-10/color/frame-000255.color.png office/seq-10/color/frame-000258.color.png 0.99923 0.0255691 -0.0297638 0.0155305 -0.0252937 0.999634 0.00959205 0.024223 0.0299982 -0.0088318 0.999511 -0.0429919 0.0 0.0 0.0 1.0
office/seq-10/color/frame-000258.color.png office/seq-10/color/frame-000261.color.png 0.999392 0.0115639 -0.0328958 0.0375901 -0.00932181 0.997675 0.0675091 -0.00844216 0.0335999 -0.0671614 0.997176 -0.0886536 0.0 0.0 0.0 1.0
office/seq-10/color/frame-000261.color.png office/seq-10/color/frame-000264.color.png 0.999931 0.00802613 -0.00861068 -0.0236335 -0.00707836 0.994451 0.104961 -0.0807402 0.00940534 -0.104893 0.994439 -0.0844057 0.0 0.0 0.0 1.0
office/seq-10/color/frame-000264.color.png office/seq-10/color/frame-000267.color.png 0.999919 -0.00531012 0.0115507 -0.056414 0.00408843 0.994639 0.10333 -0.0875032 -0.0120375 -0.103275 0.99458 -0.0308049 0.0 0.0 0.0 1.0
office/seq-10/color/frame-000267.color.png office/seq-10/color/frame-000270.color.png 0.99732 -0.0260362 0.0683764 -0.0781275 0.026127 0.999659 -0.00043427 -0.046403 -0.0683417 0.00221958 0.99766 0.139762 0.0 0.0 0.0 1.0
office/seq-10/color/frame-000270.color.png office/seq-10/color/frame-000273.color.png 0.991303 -0.0288035 0.128408 -0.118156 0.0354933 0.998113 -0.0501166 -0.00866151 -0.126723 0.0542384 0.990454 0.215255 0.0 0.0 0.0 1.0
office/seq-10/color/frame-000273.color.png office/seq-10/color/frame-000276.color.png 0.996101 -0.0353437 0.0808329 -0.0984987 0.0384907 0.998547 -0.0377117 -0.0269815 -0.0793826 0.040676 0.996014 0.136432 0.0 0.0 0.0 1.0
office/seq-10/color/frame-000276.color.png office/seq-10/color/frame-000279.color.png 0.996075 -0.0286129 0.0837635 -0.108166 0.0313756 0.999 -0.0318523 -0.0313572 -0.0827684 0.0343554 0.995977 0.119219 0.0 0.0 0.0 1.0
office/seq-10/color/frame-000279.color.png office/seq-10/color/frame-000282.color.png 0.997575 -0.0114572 0.0686483 -0.0811374 0.0173726 0.996126 -0.0862021 0.0430786 -0.0673946 0.0871856 0.99391 0.11566 0.0 0.0 0.0 1.0
office/seq-10/color/frame-000282.color.png office/seq-10/color/frame-000285.color.png 0.997967 0.0109819 0.062775 -0.0689782 -0.00713787 0.998104 -0.0611354 0.0503945 -0.0633274 0.060563 0.996153 0.086732 0.0 0.0 0.0 1.0
office/seq-10/color/frame-000285.color.png office/seq-10/color/frame-000288.color.png 0.999193 0.00225 0.0400982 -0.0451204 -0.000619894 0.999175 -0.040619 0.0414249 -0.0401565 0.0405614 0.99837 0.0622222 0.0 0.0 0.0 1.0
office/seq-10/color/frame-000288.color.png office/seq-10/color/frame-000291.color.png 0.998552 0.00116779 0.0537739 -0.0664188 0.000933739 0.999237 -0.0390396 0.0172633 -0.0537785 0.0390334 0.99779 0.0555414 0.0 0.0 0.0 1.0
office/seq-10/color/frame-000291.color.png office/seq-10/color/frame-000294.color.png 0.998966 0.00179591 0.0454296 -0.0395807 -0.000536273 0.999615 -0.0277262 0.0191386 -0.0454621 0.0276732 0.998583 0.0418739 0.0 0.0 0.0 1.0
office/seq-10/color/frame-000294.color.png office/seq-10/color/frame-000297.color.png 0.999133 0.00307103 0.0415273 -0.0415142 -0.00200681 0.999669 -0.0256426 0.00512791 -0.0415923 0.025537 0.998808 0.0307721 0.0 0.0 0.0 1.0
office/seq-10/color/frame-000297.color.png office/seq-10/color/frame-000300.color.png 0.999752 -0.00783053 0.0208571 -0.0224998 0.00797492 0.999945 -0.00684972 -0.0159649 -0.0208023 0.00701434 0.999759 0.00617403 0.0 0.0 0.0 1.0
office/seq-10/color/frame-000300.color.png office/seq-10/color/frame-000303.color.png 0.999531 -0.0229712 0.020247 -0.0182234 0.0230299 0.999731 -0.00267189 -0.037887 -0.0201802 0.00313697 0.999791 0.0165212 0.0 0.0 0.0 1.0
office/seq-10/color/frame-000303.color.png office/seq-10/color/frame-000306.color.png 0.999554 -0.023281 0.0186977 -0.0126371 0.0233238 0.999726 -0.00207232 -0.0146779 -0.0186442 0.00250747 0.999823 0.0316664 0.0 0.0 0.0 1.0
office/seq-10/color/frame-000306.color.png office/seq-10/color/frame-000309.color.png 0.998639 -0.0245361 0.0460122 -0.0157908 0.0243325 0.999691 0.00498055 -0.0447383 -0.0461202 -0.00385424 0.998928 0.0544448 0.0 0.0 0.0 1.0
office/seq-10/color/frame-000309.color.png office/seq-10/color/frame-000312.color.png 0.997989 -0.0280839 0.0568305 -0.0259421 0.0276667 0.999584 0.00811583 -0.0430933 -0.0570348 -0.00652718 0.998351 0.0670263 0.0 0.0 0.0 1.0
office/seq-10/color/frame-000312.color.png office/seq-10/color/frame-000315.color.png 0.997407 -0.0161328 0.0701334 -0.0217249 0.0139498 0.999406 0.0315057 -0.0481461 -0.0706001 -0.0304457 0.99704 0.0706316 0.0 0.0 0.0 1.0
office/seq-10/color/frame-000315.color.png office/seq-10/color/frame-000318.color.png 0.998978 -0.0065773 0.044707 -0.0045048 0.00472302 0.999129 0.0414554 -0.0327428 -0.0449408 -0.041202 0.99814 0.0229458 0.0 0.0 0.0 1.0
office/seq-10/color/frame-000318.color.png office/seq-10/color/frame-000321.color.png 0.998046 -0.00513834 0.0622766 -0.0272605 -0.000102243 0.996478 0.0838565 -0.0302097 -0.0624882 -0.083699 0.99453 0.0240277 0.0 0.0 0.0 1.0
office/seq-10/color/frame-000321.color.png office/seq-10/color/frame-000324.color.png 0.999186 -0.00715153 0.0397123 -0.0188655 0.00544168 0.99906 0.0429987 -0.0395474 -0.0399824 -0.0427476 0.998285 0.0444686 0.0 0.0 0.0 1.0
office/seq-10/color/frame-000324.color.png office/seq-10/color/frame-000327.color.png 0.999278 0.000104238 0.0379785 -0.0205773 -0.00194136 0.998829 0.0483396 -0.0338291 -0.037929 -0.0483784 0.998109 0.0153453 0.0 0.0 0.0 1.0
office/seq-10/color/frame-000327.color.png office/seq-10/color/frame-000330.color.png 0.999577 -0.0046828 0.028716 -0.0213765 0.00360285 0.999288 0.0375452 -0.0269936 -0.0288713 -0.0374258 0.998882 0.00736356 0.0 0.0 0.0 1.0
office/seq-10/color/frame-000330.color.png office/seq-10/color/frame-000333.color.png 0.999798 0.00503868 0.019457 -0.0017941 -0.00585182 0.999102 0.0419632 -0.0278409 -0.019228 -0.0420685 0.99893 0.00717026 0.0 0.0 0.0 1.0
office/seq-10/color/frame-000333.color.png office/seq-10/color/frame-000336.color.png 0.999941 0.00386371 0.0101483 -0.00639224 -0.0040794 0.999764 0.02132 -0.0357793 -0.0100637 -0.0213601 0.999721 0.0164503 0.0 0.0 0.0 1.0
office/seq-10/color/frame-000336.color.png office/seq-10/color/frame-000339.color.png 0.999944 0.00298476 0.0101214 -0.00798583 -0.00318158 0.999805 0.0194872 -0.0280512 -0.0100612 -0.0195185 0.999759 0.0163606 0.0 0.0 0.0 1.0
office/seq-10/color/frame-000339.color.png office/seq-10/color/frame-000342.color.png 0.999779 -0.00755428 0.0196418 -0.0290999 0.00715972 0.999773 0.0200803 -0.0428853 -0.0197891 -0.0199352 0.999606 0.0274845 0.0 0.0 0.0 1.0
office/seq-10/color/frame-000342.color.png office/seq-10/color/frame-000345.color.png 0.999941 -0.010288 -0.00348866 -0.0318739 0.010245 0.999874 -0.0121078 -0.0308437 0.00361284 0.0120714 0.999921 -0.00267661 0.0 0.0 0.0 1.0
office/seq-10/color/frame-000345.color.png office/seq-10/color/frame-000348.color.png 0.998781 -0.0202609 -0.0450024 0.019926 0.0194071 0.999625 -0.0193299 0.00719219 0.0453771 0.0184329 0.9988 -0.0291679 0.0 0.0 0.0 1.0
office/seq-10/color/frame-000348.color.png office/seq-10/color/frame-000351.color.png 0.996789 -0.0159666 -0.0784587 0.0293481 0.0153722 0.999848 -0.00817307 -0.0360142 0.0785773 0.00694079 0.996884 -0.0638271 0.0 0.0 0.0 1.0
office/seq-10/color/frame-000351.color.png office/seq-10/color/frame-000354.color.png 0.99797 0.0036543 -0.0635894 0.0218368 -0.00406526 0.999972 -0.0063354 -0.00572723 0.0635645 0.00658104 0.997956 -0.0498387 0.0 0.0 0.0 1.0
office/seq-10/color/frame-000354.color.png office/seq-10/color/frame-000357.color.png 0.998312 0.00521543 -0.0578354 0.0245668 -0.00620838 0.999836 -0.0170031 0.0237494 0.0577371 0.0173334 0.998181 -0.0384564 0.0 0.0 0.0 1.0
office/seq-10/color/frame-000357.color.png office/seq-10/color/frame-000360.color.png 0.998821 0.0163854 -0.0456903 0.0153984 -0.0166154 0.999851 -0.00465561 0.0125971 0.0456073 0.00540929 0.998945 -0.0177078 0.0 0.0 0.0 1.0
office/seq-10/color/frame-000360.color.png office/seq-10/color/frame-000363.color.png 0.997402 0.013982 -0.0706684 0.0322232 -0.014324 0.999888 -0.00433675 0.0304715 0.0705999 0.00533772 0.997491 -0.0891503 0.0 0.0 0.0 1.0
office/seq-10/color/frame-000363.color.png office/seq-10/color/frame-000366.color.png 0.998087 0.0258724 -0.0561606 0.0229971 -0.0255475 0.999652 0.00649477 0.00232238 0.0563091 -0.00504758 0.998401 -0.0370247 0.0 0.0 0.0 1.0
office/seq-10/color/frame-000366.color.png office/seq-10/color/frame-000369.color.png 0.997689 0.0194619 -0.0650982 0.0314374 -0.0196963 0.999802 -0.00296168 0.0295736 0.0650276 0.00423698 0.997874 -0.0468732 0.0 0.0 0.0 1.0
office/seq-10/color/frame-000369.color.png office/seq-10/color/frame-000372.color.png 0.998374 0.0172508 -0.0543293 0.0222564 -0.0171377 0.99985 0.0025497 0.0190604 0.054365 -0.00161439 0.99852 -0.0613285 0.0 0.0 0.0 1.0
office/seq-10/color/frame-000372.color.png office/seq-10/color/frame-000375.color.png 0.998185 0.0254099 -0.0545945 0.0182973 -0.0252204 0.999673 0.00415628 0.0265827 0.0546823 -0.00277189 0.9985 -0.064862 0.0 0.0 0.0 1.0
office/seq-10/color/frame-000375.color.png office/seq-10/color/frame-000378.color.png 0.997702 0.0174493 -0.0654751 0.0161299 -0.0174171 0.999848 0.00106279 0.0257913 0.0654837 8.0065e-05 0.997854 -0.0838174 0.0 0.0 0.0 1.0
office/seq-10/color/frame-000378.color.png office/seq-10/color/frame-000381.color.png 0.995885 0.0146964 -0.089431 0.0150247 -0.0155961 0.999834 -0.00937003 0.0302883 0.0892784 0.0107262 0.995949 -0.0797104 0.0 0.0 0.0 1.0
office/seq-10/color/frame-000381.color.png office/seq-10/color/frame-000384.color.png 0.997973 0.00867834 -0.0630488 0.00263208 -0.00840284 0.999954 0.00463351 0.00909841 0.0630862 -0.00409431 0.998 -0.0765625 0.0 0.0 0.0 1.0
office/seq-10/color/frame-000384.color.png office/seq-10/color/frame-000387.color.png 0.998022 0.0134804 -0.0613968 -0.0102629 -0.012993 0.999881 0.00833182 0.016534 0.0615017 -0.00751762 0.998079 -0.0771821 0.0 0.0 0.0 1.0
office/seq-10/color/frame-000387.color.png office/seq-10/color/frame-000390.color.png 0.998776 0.0117344 -0.0480401 -0.0136185 -0.01156 0.999926 0.00390677 0.0291603 0.0480823 -0.00334665 0.998838 -0.0481893 0.0 0.0 0.0 1.0
office/seq-10/color/frame-000390.color.png office/seq-10/color/frame-000393.color.png 0.999613 0.0138925 -0.0240873 -0.0241764 -0.0140531 0.99988 -0.00650979 0.0369335 0.023994 0.00684577 0.999689 -0.0365683 0.0 0.0 0.0 1.0
office/seq-10/color/frame-000393.color.png office/seq-10/color/frame-000396.color.png 0.999484 0.0214851 -0.0238611 -0.00578153 -0.0214213 0.999766 0.00292676 0.0184705 0.0239184 -0.00241412 0.999711 -0.0327232 0.0 0.0 0.0 1.0
office/seq-10/color/frame-000396.color.png office/seq-10/color/frame-000399.color.png 0.998914 0.010608 -0.045375 -0.00383085 -0.010616 0.999944 6.43506e-05 0.0168129 0.0453732 0.000417422 0.99897 -0.039989 0.0 0.0 0.0 1.0
office/seq-10/color/frame-000399.color.png office/seq-10/color/frame-000402.color.png 0.998871 0.0122221 -0.0459065 -0.00842398 -0.012568 0.999895 -0.00725647 0.0302957 0.045813 0.00782523 0.998919 -0.0286028 0.0 0.0 0.0 1.0
office/seq-10/color/frame-000402.color.png office/seq-10/color/frame-000405.color.png 0.998829 0.016345 -0.0455291 -0.0237365 -0.0165336 0.999856 -0.00376858 0.020064 0.0454609 0.00451693 0.998956 -0.040109 0.0 0.0 0.0 1.0
office/seq-10/color/frame-000405.color.png office/seq-10/color/frame-000408.color.png 0.999749 0.0104773 -0.0198229 -0.0427226 -0.0105197 0.999943 -0.00204059 -0.0113035 0.0198004 0.0022486 0.999801 -0.0137082 0.0 0.0 0.0 1.0
office/seq-10/color/frame-000408.color.png office/seq-10/color/frame-000411.color.png 0.999893 -0.011185 0.00947342 -0.0575594 0.0110774 0.999874 0.0113421 -0.00713348 -0.00959908 -0.011236 0.999891 -0.00898707 0.0 0.0 0.0 1.0
office/seq-10/color/frame-000411.color.png office/seq-10/color/frame-000414.color.png 0.999327 -0.0164265 0.0327938 -0.0629304 0.016232 0.999849 0.00618699 -0.00567245 -0.0328905 -0.00565053 0.999443 0.0118707 0.0 0.0 0.0 1.0
office/seq-10/color/frame-000414.color.png office/seq-10/color/frame-000417.color.png 0.999204 -0.00989812 0.0386508 -0.0433589 0.0102139 0.999916 -0.00798054 0.0216583 -0.0385685 0.00836897 0.999221 0.0275324 0.0 0.0 0.0 1.0
office/seq-10/color/frame-000417.color.png office/seq-10/color/frame-000420.color.png 0.998819 -0.00509371 0.0483175 -0.0521634 0.00539524 0.999967 -0.00611259 -0.00849038 -0.0482847 0.00636604 0.998813 0.0041669 0.0 0.0 0.0 1.0
office/seq-10/color/frame-000420.color.png office/seq-10/color/frame-000423.color.png 0.996303 -0.0235173 0.0826224 -0.0882639 0.0239211 0.999706 -0.00390017 -0.014311 -0.0825065 0.00586219 0.996573 0.0312477 0.0 0.0 0.0 1.0
office/seq-10/color/frame-000423.color.png office/seq-10/color/frame-000426.color.png 0.996449 -0.0296507 0.078807 -0.0782089 0.0296926 0.999559 0.000639918 0.00245404 -0.0787913 0.00170237 0.99689 0.0162736 0.0 0.0 0.0 1.0
office/seq-10/color/frame-000426.color.png office/seq-10/color/frame-000429.color.png 0.995769 -0.0228222 0.0890103 -0.067593 0.0224261 0.999734 0.00544672 0.00578839 -0.0891109 -0.00342752 0.996016 0.0112315 0.0 0.0 0.0 1.0
office/seq-10/color/frame-000429.color.png office/seq-10/color/frame-000432.color.png 0.995992 -0.0206033 0.0870347 -0.0494417 0.0187678 0.999585 0.0218565 -0.0329573 -0.0874489 -0.0201355 0.995965 0.0245666 0.0 0.0 0.0 1.0
office/seq-10/color/frame-000432.color.png office/seq-10/color/frame-000435.color.png 0.996809 -0.017874 0.0778038 -0.0507166 0.0166902 0.999735 0.01584 -0.0168639 -0.0780663 -0.0144909 0.996843 -0.00133026 0.0 0.0 0.0 1.0
office/seq-10/color/frame-000435.color.png office/seq-10/color/frame-000438.color.png 0.995448 -0.0144727 0.0942022 -0.0526493 0.0136444 0.999862 0.00942959 -0.00865012 -0.0943256 -0.00810132 0.995508 0.00923973 0.0 0.0 0.0 1.0
office/seq-10/color/frame-000438.color.png office/seq-10/color/frame-000441.color.png 0.998132 -0.0133229 0.0596169 -0.03558 0.0125021 0.999822 0.0141216 -0.016445 -0.0597944 -0.0133499 0.998121 0.01697 0.0 0.0 0.0 1.0
office/seq-10/color/frame-000441.color.png office/seq-10/color/frame-000444.color.png 0.99442 -0.0179495 0.103959 -0.0480515 0.0172961 0.999825 0.00718336 -0.0300611 -0.10407 -0.00534529 0.994556 -0.0170649 0.0 0.0 0.0 1.0
office/seq-10/color/frame-000444.color.png office/seq-10/color/frame-000447.color.png 0.99858 -0.0228847 0.0481067 0.00183979 0.0231396 0.999721 -0.00475018 -0.000452697 -0.0479848 0.00585669 0.998831 0.0056901 0.0 0.0 0.0 1.0
office/seq-10/color/frame-000447.color.png office/seq-10/color/frame-000450.color.png 0.996256 -0.0202337 0.0840549 -0.0502136 0.0207098 0.999774 -0.00479482 -0.00772774 -0.0839387 0.00651752 0.996449 0.00895536 0.0 0.0 0.0 1.0
office/seq-10/color/frame-000450.color.png office/seq-10/color/frame-000453.color.png 0.998406 -0.0127087 0.0549966 -0.0306739 0.0128212 0.999916 -0.00169338 0.00593913 -0.0549706 0.00239587 0.998485 -0.0014497 0.0 0.0 0.0 1.0
office/seq-10/color/frame-000453.color.png office/seq-10/color/frame-000456.color.png 0.997824 -0.0135228 0.0645339 -0.0372992 0.0132485 0.999901 0.00467643 -0.00903988 -0.0645908 -0.00381121 0.997905 -0.00673383 0.0 0.0 0.0 1.0
office/seq-10/color/frame-000456.color.png office/seq-10/color/frame-000459.color.png 0.997608 -0.0165982 0.0670976 -0.0381568 0.0161485 0.999843 0.00724036 -0.0182647 -0.0672073 -0.00613951 0.99772 0.00201634 0.0 0.0 0.0 1.0
office/seq-10/color/frame-000459.color.png office/seq-10/color/frame-000462.color.png 0.997877 -0.00120634 0.065112 -0.0332825 0.000356998 0.999915 0.0130546 -0.0526001 -0.0651222 -0.0130038 0.997792 -0.0046488 0.0 0.0 0.0 1.0
office/seq-10/color/frame-000462.color.png office/seq-10/color/frame-000465.color.png 0.998873 -0.0106526 0.0462442 -0.0363745 0.0103889 0.999928 0.00593769 -0.0207019 -0.0463041 -0.00545048 0.998912 -0.000215769 0.0 0.0 0.0 1.0
office/seq-10/color/frame-000465.color.png office/seq-10/color/frame-000468.color.png 0.998513 -0.0131186 0.0529073 -0.055998 0.0117301 0.999581 0.02647 -0.0377658 -0.0532324 -0.0258101 0.998249 0.00892174 0.0 0.0 0.0 1.0
office/seq-10/color/frame-000468.color.png office/seq-10/color/frame-000471.color.png 0.999602 -0.0164231 0.0229462 -0.0234346 0.0160428 0.999732 0.0166605 -0.0128299 -0.0232137 -0.0162858 0.999598 0.0145344 0.0 0.0 0.0 1.0
office/seq-10/color/frame-000471.color.png office/seq-10/color/frame-000474.color.png 0.999128 -0.0171719 0.0380543 -0.0526339 0.0172103 0.999852 -0.000681799 0.0120972 -0.0380369 0.00133615 0.999275 0.0201134 0.0 0.0 0.0 1.0
office/seq-10/color/frame-000474.color.png office/seq-10/color/frame-000477.color.png 0.999328 -0.0221917 0.0291733 -0.0307217 0.0217204 0.99963 0.0163724 -0.0136619 -0.0295258 -0.0157278 0.99944 0.0296144 0.0 0.0 0.0 1.0
office/seq-10/color/frame-000477.color.png office/seq-10/color/frame-000480.color.png 0.999209 -0.0150317 0.0368233 -0.0319775 0.0148419 0.999875 0.00542216 -0.0144458 -0.0369002 -0.00487129 0.999307 0.0317107 0.0 0.0 0.0 1.0
office/seq-10/color/frame-000480.color.png office/seq-10/color/frame-000483.color.png 0.999881 -0.00683714 0.0138451 -0.0069828 0.00669552 0.999925 0.0102483 -0.0342097 -0.0139141 -0.0101543 0.999852 0.0290518 0.0 0.0 0.0 1.0
office/seq-10/color/frame-000483.color.png office/seq-10/color/frame-000486.color.png 0.999445 -0.0134447 0.0304912 -0.0257665 0.0136162 0.999893 -0.00542531 -0.00651115 -0.030415 0.00583753 0.99952 0.0394908 0.0 0.0 0.0 1.0
office/seq-10/color/frame-000486.color.png office/seq-10/color/frame-000489.color.png 0.999587 -0.025194 0.0138415 -0.0159571 0.0253875 0.99958 -0.0139839 -0.00848442 -0.0134834 0.0143294 0.999806 0.0412259 0.0 0.0 0.0 1.0
office/seq-10/color/frame-000489.color.png office/seq-10/color/frame-000492.color.png 0.999807 -0.0151653 0.0124538 -0.00914496 0.0152631 0.999853 -0.00779851 -0.00496542 -0.0123337 0.0079871 0.999892 0.0324696 0.0 0.0 0.0 1.0
office/seq-10/color/frame-000492.color.png office/seq-10/color/frame-000495.color.png 0.999849 -0.0168613 0.00423978 0.00438353 0.0168628 0.999858 -0.000306753 -0.0217589 -0.004234 0.000378276 0.999991 0.0223616 0.0 0.0 0.0 1.0
office/seq-10/color/frame-000495.color.png office/seq-10/color/frame-000498.color.png 0.999909 -0.0105835 0.00835785 -0.00933158 0.010647 0.999915 -0.00758915 0.00495332 -0.00827683 0.00767736 0.999936 0.0437245 0.0 0.0 0.0 1.0
office/seq-10/color/frame-000498.color.png office/seq-10/color/frame-000501.color.png 0.999716 -0.0168015 0.0168753 0.0107448 0.0168617 0.999852 -0.00343515 -0.0271103 -0.0168151 0.00371871 0.999852 0.0404257 0.0 0.0 0.0 1.0
office/seq-10/color/frame-000501.color.png office/seq-10/color/frame-000504.color.png 0.99954 -0.00832686 0.0291643 -0.00752831 0.00833951 0.999965 -0.000309306 0.00215936 -0.0291608 0.0005524 0.999575 0.0337084 0.0 0.0 0.0 1.0
office/seq-10/color/frame-000504.color.png office/seq-10/color/frame-000507.color.png 0.999499 -0.0182194 0.0258638 -0.0198566 0.0180981 0.999824 0.00491515 -0.00523341 -0.0259488 -0.00444461 0.999653 0.0283568 0.0 0.0 0.0 1.0
office/seq-10/color/frame-000507.color.png office/seq-10/color/frame-000510.color.png 0.99927 -0.023332 0.0302422 -0.0353451 0.0232219 0.999722 0.00398988 0.00122243 -0.0303268 -0.00328468 0.999535 0.0324125 0.0 0.0 0.0 1.0
office/seq-10/color/frame-000510.color.png office/seq-10/color/frame-000513.color.png 0.999454 -0.0135068 0.0301493 -0.0124432 0.0132628 0.999878 0.00827744 -0.0285147 -0.0302574 -0.0078731 0.999511 0.0351477 0.0 0.0 0.0 1.0
office/seq-10/color/frame-000513.color.png office/seq-10/color/frame-000516.color.png 0.999466 -0.00257425 0.0325624 -0.0157124 0.00268494 0.999991 -0.00335656 -0.00845057 -0.0325534 0.00344222 0.999464 0.0328346 0.0 0.0 0.0 1.0
office/seq-10/color/frame-000516.color.png office/seq-10/color/frame-000519.color.png 0.999033 -0.0116798 0.0423847 0.0103958 0.0123321 0.999809 -0.0151603 0.0162775 -0.0421995 0.0156684 0.998986 0.0356209 0.0 0.0 0.0 1.0
office/seq-10/color/frame-000519.color.png office/seq-10/color/frame-000522.color.png 0.999073 -0.00888476 0.0421327 -0.00302666 0.0098888 0.999671 -0.0236829 0.02127 -0.0419084 0.0240776 0.998831 0.0436595 0.0 0.0 0.0 1.0
office/seq-10/color/frame-000522.color.png office/seq-10/color/frame-000525.color.png 0.99955 -0.00924633 0.0285457 -0.00763017 0.00954097 0.999902 -0.0102019 0.00260484 -0.0284486 0.0104697 0.99954 0.0200878 0.0 0.0 0.0 1.0
office/seq-10/color/frame-000525.color.png office/seq-10/color/frame-000528.color.png 0.999861 -0.0116681 0.0118863 0.0445118 0.0118712 0.999782 -0.0171583 -0.00290745 -0.0116836 0.017297 0.999782 0.0295383 0.0 0.0 0.0 1.0
office/seq-10/color/frame-000528.color.png office/seq-10/color/frame-000531.color.png 0.999622 -0.0114765 0.0249844 0.0261942 0.01174 0.999877 -0.0104265 0.0172342 -0.0248616 0.0107158 0.999633 0.012216 0.0 0.0 0.0 1.0
office/seq-10/color/frame-000531.color.png office/seq-10/color/frame-000534.color.png 0.999696 -0.00410836 0.024292 0.0110149 0.00427414 0.999968 -0.00677657 -0.0128256 -0.0242634 0.00687838 0.999682 0.0248579 0.0 0.0 0.0 1.0
office/seq-10/color/frame-000534.color.png office/seq-10/color/frame-000537.color.png 0.999963 -0.00601984 0.00609043 0.0135723 0.00601749 0.999982 0.000400896 -0.0128776 -0.00609271 -0.000364234 0.999981 0.0286244 0.0 0.0 0.0 1.0
office/seq-10/color/frame-000537.color.png office/seq-10/color/frame-000540.color.png 0.999552 -0.019927 -0.0223125 0.0404724 0.0196475 0.999727 -0.0126742 -0.00299627 0.022559 0.0122301 0.999671 0.0385413 0.0 0.0 0.0 1.0
office/seq-10/color/frame-000540.color.png office/seq-10/color/frame-000543.color.png 0.999972 -0.00746478 0.00112565 0.0242388 0.00745213 0.999913 0.0108906 -0.0389116 -0.00120686 -0.0108819 0.99994 0.0292838 0.0 0.0 0.0 1.0
office/seq-10/color/frame-000543.color.png office/seq-10/color/frame-000546.color.png 0.999795 0.00188205 0.0201454 0.0294114 -0.00195291 0.999992 0.00349748 -0.00466353 -0.0201387 -0.00353615 0.999791 0.0482439 0.0 0.0 0.0 1.0
office/seq-10/color/frame-000546.color.png office/seq-10/color/frame-000549.color.png 0.999957 -0.00462544 0.00804631 0.0277575 0.00453425 0.999926 0.0113086 -0.0189853 -0.00809801 -0.0112716 0.999904 0.032434 0.0 0.0 0.0 1.0
office/seq-10/color/frame-000549.color.png office/seq-10/color/frame-000552.color.png 0.999686 -0.00604342 0.0243338 0.0120897 0.00538042 0.999615 0.0272228 -0.0590526 -0.0244889 -0.0270833 0.999333 0.0368262 0.0 0.0 0.0 1.0
office/seq-10/color/frame-000552.color.png office/seq-10/color/frame-000555.color.png 0.999579 -0.0166578 0.0237448 -0.00201714 0.0160559 0.999551 0.0253158 -0.0507063 -0.0241558 -0.0249238 0.999398 0.0160607 0.0 0.0 0.0 1.0
office/seq-10/color/frame-000555.color.png office/seq-10/color/frame-000558.color.png 0.999238 -0.0154299 0.0358637 -0.0143102 0.0146559 0.999656 0.021744 -0.0240296 -0.0361869 -0.0212018 0.99912 0.0297006 0.0 0.0 0.0 1.0
office/seq-10/color/frame-000558.color.png office/seq-10/color/frame-000561.color.png 0.99933 -0.0320828 0.0176446 0.000609875 0.0317431 0.999312 0.0192067 -0.0450875 -0.0182487 -0.0186338 0.99966 -0.000298977 0.0 0.0 0.0 1.0
office/seq-10/color/frame-000561.color.png office/seq-10/color/frame-000564.color.png 0.999609 -0.0135669 0.0244468 0.0159364 0.0132714 0.999838 0.0122041 -0.0118866 -0.0246083 -0.0118749 0.999627 0.0127851 0.0 0.0 0.0 1.0
office/seq-10/color/frame-000564.color.png office/seq-10/color/frame-000567.color.png 0.999728 0.00157264 0.0232865 0.0257324 -0.00161416 0.999997 0.00176759 0.0257429 -0.0232837 -0.00180472 0.999727 0.0239947 0.0 0.0 0.0 1.0
office/seq-10/color/frame-000567.color.png office/seq-10/color/frame-000570.color.png 0.999766 0.008158 0.0200549 0.0181407 -0.008494 0.999824 0.0167291 -0.0271069 -0.0199148 -0.0168955 0.999659 -0.000870824 0.0 0.0 0.0 1.0
office/seq-10/color/frame-000570.color.png office/seq-10/color/frame-000573.color.png 0.9997 0.0154032 -0.0190523 0.0978514 -0.015403 0.999881 0.00015547 0.0330489 0.0190525 0.000137985 0.999818 -0.0268139 0.0 0.0 0.0 1.0
office/seq-10/color/frame-000573.color.png office/seq-10/color/frame-000576.color.png 0.999826 0.0106786 0.0152773 0.0221084 -0.0108953 0.99984 0.0141795 -0.000582755 -0.0151235 -0.0143434 0.999783 -0.00727868 0.0 0.0 0.0 1.0
office/seq-10/color/frame-000576.color.png office/seq-10/color/frame-000579.color.png 0.999841 -0.0178246 9.77435e-05 0.0210639 0.0178191 0.999644 0.0198531 -0.0399107 -0.000451629 -0.0198482 0.999803 -0.0301636 0.0 0.0 0.0 1.0
office/seq-10/color/frame-000579.color.png office/seq-10/color/frame-000582.color.png 0.999883 -0.0147557 0.00409326 0.00833786 0.0147022 0.99981 0.0128131 -0.03188 -0.00428151 -0.0127515 0.999909 -0.0126995 0.0 0.0 0.0 1.0
office/seq-10/color/frame-000582.color.png office/seq-10/color/frame-000585.color.png 0.999181 -0.0352591 0.0198637 0.0074048 0.0347656 0.999091 0.0246575 -0.0723937 -0.020715 -0.0239467 0.999499 0.00344962 0.0 0.0 0.0 1.0
office/seq-10/color/frame-000585.color.png office/seq-10/color/frame-000588.color.png 0.999845 -0.00755057 0.0159069 0.0181466 0.00781799 0.999828 -0.0168223 0.0145897 -0.0157771 0.0169439 0.999732 0.0220748 0.0 0.0 0.0 1.0
office/seq-10/color/frame-000588.color.png office/seq-10/color/frame-000591.color.png 0.999814 0.0056793 0.0184267 0.0253952 -0.00562986 0.99998 -0.00273282 -0.00457269 -0.0184419 0.0026286 0.999826 0.0193698 0.0 0.0 0.0 1.0
office/seq-10/color/frame-000591.color.png office/seq-10/color/frame-000594.color.png 0.999736 0.0180942 0.0141675 0.0369956 -0.018059 0.999833 -0.00259968 0.0325065 -0.0142122 0.00234315 0.999896 0.0157362 0.0 0.0 0.0 1.0
office/seq-10/color/frame-000594.color.png office/seq-10/color/frame-000597.color.png 0.999924 0.0113949 0.00459603 0.0380944 -0.0113907 0.999935 -0.000953305 0.0165362 -0.00460654 0.000900864 0.999989 -0.00296885 0.0 0.0 0.0 1.0
office/seq-10/color/frame-000597.color.png office/seq-10/color/frame-000600.color.png 0.999987 0.00515834 -3.29683e-05 0.0098331 -0.0051584 0.999986 0.00142589 0.0116865 4.0352e-05 -0.00142572 0.999999 -0.0148777 0.0 0.0 0.0 1.0
office/seq-10/color/frame-000600.color.png office/seq-10/color/frame-000603.color.png 0.99995 -0.00317997 0.00952556 0.00944495 0.00307161 0.999931 0.0113715 -0.0105355 -0.00956116 -0.0113418 0.99989 -0.0070951 0.0 0.0 0.0 1.0
office/seq-10/color/frame-000603.color.png office/seq-10/color/frame-000606.color.png 0.999541 0.00960041 0.0287439 0.00739789 -0.0101979 0.999734 0.0207124 0.017876 -0.0285373 -0.0209959 0.999372 0.0060938 0.0 0.0 0.0 1.0
office/seq-10/color/frame-000606.color.png office/seq-10/color/frame-000609.color.png 0.999965 0.00568217 0.0062008 -0.00861406 -0.00579626 0.999811 0.0185453 -0.00702596 -0.00609422 -0.0185805 0.999809 -0.0246345 0.0 0.0 0.0 1.0
office/seq-10/color/frame-000609.color.png office/seq-10/color/frame-000612.color.png 0.999769 0.0188189 -0.0103908 0.0179745 -0.0186442 0.999688 0.0166467 0.0261168 0.0107007 -0.0164491 0.999807 -0.0499263 0.0 0.0 0.0 1.0
office/seq-10/color/frame-000612.color.png office/seq-10/color/frame-000615.color.png 0.999829 0.0155528 -0.00999969 0.0389224 -0.015383 0.99974 0.0168298 0.028995 0.0102589 -0.016673 0.999808 -0.0449439 0.0 0.0 0.0 1.0
office/seq-10/color/frame-000615.color.png office/seq-10/color/frame-000618.color.png 0.998513 0.0528514 -0.0133695 0.0607008 -0.0526188 0.998467 0.0171921 0.0717319 0.0142576 -0.0164631 0.999763 -0.0537961 0.0 0.0 0.0 1.0
office/seq-10/color/frame-000618.color.png office/seq-10/color/frame-000621.color.png 0.998878 0.0384416 -0.027664 0.0583159 -0.0384915 0.999258 -0.00127217 0.0724027 0.0275946 0.00233556 0.999616 -0.0578733 0.0 0.0 0.0 1.0
office/seq-10/color/frame-000621.color.png office/seq-10/color/frame-000624.color.png 0.998269 0.058257 -0.0081084 0.0459304 -0.058384 0.998159 -0.0164333 0.120673 0.0071361 0.0168782 0.999832 -0.0240007 0.0 0.0 0.0 1.0
office/seq-10/color/frame-000624.color.png office/seq-10/color/frame-000627.color.png 0.999415 0.0240776 -0.0242757 0.0278827 -0.0244494 0.999586 -0.0151397 0.0601506 0.023901 0.0157243 0.999591 -0.0420034 0.0 0.0 0.0 1.0
office/seq-10/color/frame-000627.color.png office/seq-10/color/frame-000630.color.png 0.999343 0.0204759 -0.0298885 0.0530007 -0.0207288 0.999752 -0.00817678 0.0551397 0.0297137 0.00879096 0.99952 -0.0555122 0.0 0.0 0.0 1.0
office/seq-10/color/frame-000630.color.png office/seq-10/color/frame-000633.color.png 0.999348 0.00569382 -0.0356639 0.0408101 -0.00614616 0.999902 -0.012587 0.0208281 0.0355888 0.012798 0.999285 -0.0556707 0.0 0.0 0.0 1.0
office/seq-10/color/frame-000633.color.png office/seq-10/color/frame-000636.color.png 0.999465 0.0237736 -0.0224531 0.0144849 -0.0239099 0.999697 -0.00582133 0.0446492 0.0223079 0.00635506 0.999731 -0.0333226 0.0 0.0 0.0 1.0
office/seq-10/color/frame-000636.color.png office/seq-10/color/frame-000639.color.png 0.999054 0.021126 -0.037999 0.047261 -0.0216926 0.999659 -0.0145614 0.043602 0.0376783 0.0153719 0.999172 -0.0464314 0.0 0.0 0.0 1.0
office/seq-10/color/frame-000639.color.png office/seq-10/color/frame-000642.color.png 0.99915 0.0324468 -0.0254183 0.0200118 -0.0327862 0.999377 -0.0130474 0.0761918 0.0249791 0.0138696 0.999592 -0.0228454 0.0 0.0 0.0 1.0
office/seq-10/color/frame-000642.color.png office/seq-10/color/frame-000645.color.png 0.99741 0.0420602 -0.0583541 0.0861089 -0.0431139 0.998927 -0.0169176 0.08056 0.0575799 0.0193897 0.998153 -0.0563223 0.0 0.0 0.0 1.0
office/seq-10/color/frame-000645.color.png office/seq-10/color/frame-000648.color.png 0.998075 0.0200668 -0.0586813 0.0419062 -0.0206944 0.999735 -0.0101065 0.0301971 0.058463 0.0113013 0.998226 -0.0478508 0.0 0.0 0.0 1.0
office/seq-10/color/frame-000648.color.png office/seq-10/color/frame-000651.color.png 0.998721 0.0254906 -0.043672 0.0305594 -0.0260587 0.999582 -0.0124892 0.0603266 0.0433354 0.0136113 0.998968 -0.0162783 0.0 0.0 0.0 1.0
office/seq-10/color/frame-000651.color.png office/seq-10/color/frame-000654.color.png 0.999274 0.0137036 -0.0355522 0.0224851 -0.0137775 0.999903 -0.00183383 0.0259727 0.0355236 0.00232233 0.999366 -0.0255018 0.0 0.0 0.0 1.0
office/seq-10/color/frame-000654.color.png office/seq-10/color/frame-000657.color.png 0.999425 -0.00266525 -0.0337911 0.016296 0.00277104 0.999991 0.00308367 -0.0331792 0.0337826 -0.00317552 0.999424 0.000364721 0.0 0.0 0.0 1.0
office/seq-10/color/frame-000657.color.png office/seq-10/color/frame-000660.color.png 0.999726 0.00190377 -0.0233462 0.0115036 -0.00197143 0.999994 -0.0028751 -0.0130907 0.0233406 0.00292036 0.999723 0.000529468 0.0 0.0 0.0 1.0
office/seq-10/color/frame-000660.color.png office/seq-10/color/frame-000663.color.png 0.999324 0.00989303 -0.0354179 0.0285476 -0.010195 0.999913 -0.00835459 0.00359142 0.0353322 0.00871005 0.999338 0.000555456 0.0 0.0 0.0 1.0
office/seq-10/color/frame-000663.color.png office/seq-10/color/frame-000666.color.png 0.999766 0.00156718 -0.0215589 0.000704408 -0.00173138 0.99997 -0.00759968 -0.0219677 0.0215463 0.00763521 0.999739 0.0103728 0.0 0.0 0.0 1.0
office/seq-10/color/frame-000666.color.png office/seq-10/color/frame-000669.color.png 0.999382 0.0185852 -0.0298371 0.0213034 -0.0191697 0.999628 -0.0194228 0.0140439 0.029465 0.0199828 0.999366 0.0110375 0.0 0.0 0.0 1.0
office/seq-10/color/frame-000669.color.png office/seq-10/color/frame-000672.color.png 0.999371 0.0166756 -0.031303 0.0439622 -0.0174109 0.999575 -0.0233657 0.0411305 0.0309001 0.023896 0.999237 0.0118721 0.0 0.0 0.0 1.0
office/seq-10/color/frame-000672.color.png office/seq-10/color/frame-000675.color.png 0.998809 0.0108539 -0.0475701 0.0435983 -0.0125178 0.999315 -0.0348201 0.0531487 0.0471596 0.0353741 0.998261 -0.0158259 0.0 0.0 0.0 1.0
office/seq-10/color/frame-000675.color.png office/seq-10/color/frame-000678.color.png 0.999243 0.0115938 -0.037147 0.0434781 -0.0120485 0.999855 -0.0120396 0.0226571 0.037002 0.0124781 0.999237 -0.0168381 0.0 0.0 0.0 1.0
office/seq-10/color/frame-000678.color.png office/seq-10/color/frame-000681.color.png 0.999412 0.0187372 -0.0287122 0.0142115 -0.0189029 0.999806 -0.00551098 0.0273089 0.0286034 0.00605049 0.999572 -0.0228614 0.0 0.0 0.0 1.0
office/seq-10/color/frame-000681.color.png office/seq-10/color/frame-000684.color.png 0.999518 0.00461727 -0.0307069 0.0330819 -0.0046877 0.999987 -0.00222239 -0.00603658 0.0306962 0.00236524 0.999526 -0.0189024 0.0 0.0 0.0 1.0
office/seq-10/color/frame-000684.color.png office/seq-10/color/frame-000687.color.png 0.998698 0.00735312 -0.0504714 0.0456244 -0.00727705 0.999972 0.00169059 -0.00316411 0.0504825 -0.00132111 0.998724 -0.0462697 0.0 0.0 0.0 1.0
office/seq-10/color/frame-000687.color.png office/seq-10/color/frame-000690.color.png 0.99934 -0.00465155 -0.0360267 0.0271251 0.0047368 0.999986 0.00228159 -0.0049206 0.0360155 -0.00245076 0.999348 -0.0295087 0.0 0.0 0.0 1.0
office/seq-10/color/frame-000690.color.png office/seq-10/color/frame-000693.color.png 0.999875 0.00718769 -0.0140472 -0.0288575 -0.00723989 0.999967 -0.00366823 0.0221213 0.0140203 0.00376951 0.999895 -0.0161018 0.0 0.0 0.0 1.0
office/seq-10/color/frame-000693.color.png office/seq-10/color/frame-000696.color.png 0.99867 0.0081432 -0.0509139 0.0686045 -0.00741059 0.999867 0.0145614 -0.0227442 0.0510258 -0.0141647 0.998597 -0.0431169 0.0 0.0 0.0 1.0
office/seq-10/color/frame-000696.color.png office/seq-10/color/frame-000699.color.png 0.999569 0.014131 -0.0257176 -0.00187135 -0.0143903 0.999847 -0.0099265 0.040776 0.0255734 0.0102923 0.99962 -0.0176809 0.0 0.0 0.0 1.0
office/seq-10/color/frame-000699.color.png office/seq-10/color/frame-000702.color.png 0.99931 0.014674 -0.0341117 0.0413122 -0.0145864 0.99989 0.00281676 -0.00573623 0.0341491 -0.00231723 0.999414 -0.0223135 0.0 0.0 0.0 1.0
office/seq-10/color/frame-000702.color.png office/seq-10/color/frame-000705.color.png 0.999203 -0.00559879 -0.0395164 0.0213925 0.00564309 0.999984 0.00100996 -0.00940895 0.0395101 -0.00123213 0.999219 -0.0359602 0.0 0.0 0.0 1.0
office/seq-10/color/frame-000705.color.png office/seq-10/color/frame-000708.color.png 0.999125 0.0040871 -0.0416171 0.0475478 -0.00415202 0.99999 -0.00147308 0.0143677 0.0416107 0.00164459 0.999132 -0.0208492 0.0 0.0 0.0 1.0
office/seq-10/color/frame-000708.color.png office/seq-10/color/frame-000711.color.png 0.999572 0.00643226 -0.0285431 0.00820982 -0.00642138 0.999979 0.000473791 0.00212938 0.0285456 -0.000290332 0.999592 -0.0359415 0.0 0.0 0.0 1.0
office/seq-10/color/frame-000711.color.png office/seq-10/color/frame-000714.color.png 0.999444 0.0133232 -0.0305693 0.0386029 -0.0127551 0.999744 0.0187034 -0.0287052 0.0308106 -0.0183031 0.999358 -0.0335171 0.0 0.0 0.0 1.0
office/seq-10/color/frame-000714.color.png office/seq-10/color/frame-000717.color.png 0.999468 0.0229426 -0.0231891 0.0220536 -0.0228801 0.999734 0.00295608 0.0191391 0.0232509 -0.00242392 0.999727 -0.016777 0.0 0.0 0.0 1.0
office/seq-10/color/frame-000717.color.png office/seq-10/color/frame-000720.color.png 0.999497 0.0125247 -0.0291237 0.0436219 -0.0121467 0.99984 0.0131203 -0.0306674 0.0292832 -0.0127599 0.99949 -0.015329 0.0 0.0 0.0 1.0
office/seq-10/color/frame-000720.color.png office/seq-10/color/frame-000723.color.png 0.999814 0.00592623 -0.0183333 0.0121202 -0.00594879 0.999982 -0.00117458 0.0264992 0.018326 0.00128345 0.999831 -0.0246979 0.0 0.0 0.0 1.0
office/seq-10/color/frame-000723.color.png office/seq-10/color/frame-000726.color.png 0.999564 0.0122099 -0.0268715 0.0383202 -0.012268 0.999923 -0.00199586 0.0268447 0.0268452 0.00232463 0.999637 -0.0158105 0.0 0.0 0.0 1.0
office/seq-10/color/frame-000726.color.png office/seq-10/color/frame-000729.color.png 0.999565 0.016892 -0.0241756 0.0257879 -0.0167202 0.999834 0.0072886 0.00123233 0.0242947 -0.00688126 0.999681 -0.0222368 0.0 0.0 0.0 1.0
office/seq-10/color/frame-000729.color.png office/seq-10/color/frame-000732.color.png 0.999476 0.0213239 -0.0243681 0.0338983 -0.0211523 0.99975 0.00727916 -0.00563085 0.0245172 -0.00675981 0.999677 -0.0145272 0.0 0.0 0.0 1.0
office/seq-10/color/frame-000732.color.png office/seq-10/color/frame-000735.color.png 0.999689 0.00963257 -0.0230111 0.0330766 -0.00960141 0.999953 0.00146529 0.017236 0.0230241 -0.00124388 0.999734 -0.00985909 0.0 0.0 0.0 1.0
office/seq-10/color/frame-000735.color.png office/seq-10/color/frame-000738.color.png 0.998819 0.0279175 -0.0397733 0.045338 -0.0275737 0.999578 0.00916721 -0.00349808 0.0400124 -0.00805975 0.999167 -0.0256716 0.0 0.0 0.0 1.0
office/seq-10/color/frame-000738.color.png office/seq-10/color/frame-000741.color.png 0.999479 0.00573926 -0.0317732 0.0447482 -0.00590775 0.999969 -0.00521439 0.0217648 0.0317424 0.0053994 0.999481 -0.00367641 0.0 0.0 0.0 1.0
office/seq-10/color/frame-000741.color.png office/seq-10/color/frame-000744.color.png 0.999702 0.00379513 -0.0241071 0.0310662 -0.00401816 0.999949 -0.00920613 0.0287426 0.024071 0.00930027 0.999667 -0.012237 0.0 0.0 0.0 1.0
office/seq-10/color/frame-000744.color.png office/seq-10/color/frame-000747.color.png 0.999525 0.0144696 -0.0272111 0.0429604 -0.0143785 0.99989 0.00354238 -0.0100025 0.0272594 -0.00314946 0.999623 0.0010494 0.0 0.0 0.0 1.0
office/seq-10/color/frame-000747.color.png office/seq-10/color/frame-000750.color.png 0.999778 0.00328574 -0.0208316 0.0265881 -0.00337976 0.999984 -0.00448127 0.0157086 0.0208165 0.00455064 0.999773 -0.00438786 0.0 0.0 0.0 1.0
office/seq-10/color/frame-000750.color.png office/seq-10/color/frame-000753.color.png 0.999731 0.00567728 -0.0225009 0.027855 -0.00581437 0.999965 -0.00603474 0.0174243 0.0224659 0.00616391 0.999729 -0.00539637 0.0 0.0 0.0 1.0
office/seq-10/color/frame-000753.color.png office/seq-10/color/frame-000756.color.png 0.999774 0.0146541 -0.015381 0.0231733 -0.014665 0.999892 -0.000595935 0.00663126 0.0153707 0.000821365 0.999882 -0.00217903 0.0 0.0 0.0 1.0
office/seq-10/color/frame-000756.color.png office/seq-10/color/frame-000759.color.png 0.999373 0.00798718 -0.0344841 0.0421607 -0.00779988 0.999954 0.00555933 -0.00708413 0.0345268 -0.00528691 0.99939 -0.0100375 0.0 0.0 0.0 1.0
office/seq-10/color/frame-000759.color.png office/seq-10/color/frame-000762.color.png 0.999536 0.0124674 -0.0277767 0.0398492 -0.0125227 0.99992 -0.00181541 0.0117671 0.0277519 0.00216244 0.999613 -0.0120225 0.0 0.0 0.0 1.0
office/seq-10/color/frame-000762.color.png office/seq-10/color/frame-000765.color.png 0.99974 0.00546829 -0.0221441 0.0269522 -0.0055822 0.999972 -0.00508115 0.0166707 0.0221157 0.00520345 0.999742 -0.0105864 0.0 0.0 0.0 1.0
office/seq-10/color/frame-000765.color.png office/seq-10/color/frame-000768.color.png 0.998492 0.0260693 -0.0483084 0.0692165 -0.02591 0.999657 0.00392259 0.000514746 0.048394 -0.002665 0.998825 -0.0220985 0.0 0.0 0.0 1.0
office/seq-10/color/frame-000768.color.png office/seq-10/color/frame-000771.color.png 0.999079 0.00955331 -0.0418351 0.0544875 -0.00990146 0.999918 -0.00812526 0.0256195 0.041754 0.00853203 0.999091 -0.020515 0.0 0.0 0.0 1.0
office/seq-10/color/frame-000771.color.png office/seq-10/color/frame-000774.color.png 0.999088 0.014182 -0.0402867 0.0505965 -0.0143693 0.999887 -0.00436383 0.0194619 0.0402202 0.00493874 0.999179 -0.0125817 0.0 0.0 0.0 1.0
office/seq-10/color/frame-000774.color.png office/seq-10/color/frame-000777.color.png 0.999714 0.00722966 -0.0227938 0.0282387 -0.00740661 0.999943 -0.00768505 0.0158695 0.022737 0.00785165 0.999711 -0.0236902 0.0 0.0 0.0 1.0
office/seq-10/color/frame-000777.color.png office/seq-10/color/frame-000780.color.png 0.998442 0.0136107 -0.0541148 0.0713612 -0.0132109 0.999883 0.00773765 -0.0059123 0.0542137 -0.00701069 0.998505 -0.0295386 0.0 0.0 0.0 1.0
office/seq-10/color/frame-000780.color.png office/seq-10/color/frame-000783.color.png 0.998959 0.0186315 -0.041644 0.0547407 -0.0184473 0.999818 0.00480723 0.0212482 0.0417261 -0.00403403 0.999121 -0.0230296 0.0 0.0 0.0 1.0
office/seq-10/color/frame-000783.color.png office/seq-10/color/frame-000786.color.png 0.999667 0.0110011 -0.0233501 0.0245747 -0.0110134 0.999939 -0.00039695 0.0171237 0.0233443 0.000653975 0.999727 -0.0261929 0.0 0.0 0.0 1.0
office/seq-10/color/frame-000786.color.png office/seq-10/color/frame-000789.color.png 0.999757 0.0132264 -0.0176227 0.0122815 -0.0131747 0.999909 0.00304123 0.00811779 0.0176613 -0.0028083 0.99984 -0.0196221 0.0 0.0 0.0 1.0
office/seq-10/color/frame-000789.color.png office/seq-10/color/frame-000792.color.png 0.999577 0.0127147 -0.026157 0.0175923 -0.0126258 0.999914 0.00356231 0.0209612 0.0262001 -0.00323057 0.999652 -0.0287977 0.0 0.0 0.0 1.0
office/seq-10/color/frame-000792.color.png office/seq-10/color/frame-000795.color.png 0.999448 0.0192842 -0.0270387 0.0211356 -0.0193115 0.999813 -0.000743742 0.0118977 0.0270193 0.00126549 0.999634 -0.0308491 0.0 0.0 0.0 1.0
office/seq-10/color/frame-000795.color.png office/seq-10/color/frame-000798.color.png 0.999552 0.012018 -0.0274288 0.0190111 -0.012019 0.999928 0.000128038 0.00454623 0.0274283 0.000201676 0.999624 -0.0347571 0.0 0.0 0.0 1.0
office/seq-10/color/frame-000798.color.png office/seq-10/color/frame-000801.color.png 0.999566 0.00391733 -0.0292053 0.0231128 -0.00369659 0.999964 0.0076089 -0.0143285 0.029234 -0.00749767 0.999545 -0.0566674 0.0 0.0 0.0 1.0
office/seq-10/color/frame-000801.color.png office/seq-10/color/frame-000804.color.png 0.998856 -0.00137599 -0.0477916 0.0437593 0.00187119 0.999945 0.0103208 -0.0032109 0.0477747 -0.0103984 0.998804 -0.0392646 0.0 0.0 0.0 1.0
office/seq-10/color/frame-000804.color.png office/seq-10/color/frame-000807.color.png 0.999734 0.00942679 -0.021041 0.0104133 -0.00934812 0.999949 0.00383072 -0.011214 0.021076 -0.003633 0.999771 -0.0540406 0.0 0.0 0.0 1.0
office/seq-10/color/frame-000807.color.png office/seq-10/color/frame-000810.color.png 0.999108 0.00633301 -0.0417588 0.0357347 -0.00528389 0.999669 0.0251869 -0.0389072 0.0419044 -0.0249438 0.99881 -0.036009 0.0 0.0 0.0 1.0
office/seq-10/color/frame-000810.color.png office/seq-10/color/frame-000813.color.png 0.999233 0.00197632 -0.0390974 0.0375111 -0.00176774 0.999984 0.00537018 0.00609696 0.0391074 -0.005297 0.999221 -0.0254301 0.0 0.0 0.0 1.0
office/seq-10/color/frame-000813.color.png office/seq-10/color/frame-000816.color.png 0.999385 0.00780738 -0.0341743 0.0272904 -0.0075553 0.999943 0.00749537 -0.00649333 0.0342309 -0.0072325 0.999388 -0.0337176 0.0 0.0 0.0 1.0
office/seq-10/color/frame-000816.color.png office/seq-10/color/frame-000819.color.png 0.998976 0.0121745 -0.0435692 0.0425321 -0.0123342 0.999918 -0.00339908 0.0114666 0.0435243 0.003933 0.999044 -0.0222154 0.0 0.0 0.0 1.0
office/seq-10/color/frame-000819.color.png office/seq-10/color/frame-000822.color.png 0.999114 0.00581685 -0.0416954 0.044274 -0.00557018 0.999966 0.00603215 -0.000238001 0.041729 -0.00579458 0.999112 -0.0132841 0.0 0.0 0.0 1.0
office/seq-10/color/frame-000822.color.png office/seq-10/color/frame-000825.color.png 0.998745 0.0189804 -0.0463381 0.0533949 -0.0194734 0.999758 -0.0102103 0.0179688 0.0461331 0.0110999 0.998874 -0.0108719 0.0 0.0 0.0 1.0
office/seq-10/color/frame-000825.color.png office/seq-10/color/frame-000828.color.png 0.998914 0.00908227 -0.0457091 0.0584292 -0.00917837 0.999956 -0.00189312 -0.0074293 0.0456899 0.00231059 0.998953 0.0153781 0.0 0.0 0.0 1.0
office/seq-10/color/frame-000828.color.png office/seq-10/color/frame-000831.color.png 0.998443 0.0102384 -0.0548406 0.0668319 -0.0105023 0.999935 -0.00452452 0.00126362 0.0547907 0.00509337 0.998485 0.0266379 0.0 0.0 0.0 1.0
office/seq-10/color/frame-000831.color.png office/seq-10/color/frame-000834.color.png 0.999576 0.00750922 -0.028138 0.0325081 -0.00796226 0.99984 -0.0160267 0.0393441 0.0280132 0.016244 0.999476 0.00530124 0.0 0.0 0.0 1.0
office/seq-10/color/frame-000834.color.png office/seq-10/color/frame-000837.color.png 0.999676 0.00734936 -0.0243907 0.0264985 -0.00760378 0.999917 -0.0103539 0.0252785 0.0243126 0.010536 0.999649 0.0210123 0.0 0.0 0.0 1.0
office/seq-10/color/frame-000837.color.png office/seq-10/color/frame-000840.color.png 0.999739 0.0130659 -0.0187205 0.019182 -0.0132806 0.999847 -0.0113889 0.0112203 0.0185689 0.0116345 0.99976 0.0188847 0.0 0.0 0.0 1.0
office/seq-10/color/frame-000840.color.png office/seq-10/color/frame-000843.color.png 0.999926 0.00962738 -0.00747613 0.0126954 -0.00972266 0.999871 -0.0128113 0.0174268 0.00735185 0.012883 0.99989 0.0181602 0.0 0.0 0.0 1.0
office/seq-10/color/frame-000843.color.png office/seq-10/color/frame-000846.color.png 0.999883 0.0149727 0.00311722 0.0098445 -0.0149154 0.999732 -0.0176801 0.0288059 -0.00338118 0.0176315 0.999839 0.026292 0.0 0.0 0.0 1.0
office/seq-10/color/frame-000846.color.png office/seq-10/color/frame-000849.color.png 0.999925 -0.00416321 0.0115459 -0.00818463 0.00424024 0.999969 -0.00664145 0.0192447 -0.0115179 0.00668992 0.999911 0.00277281 0.0 0.0 0.0 1.0
office/seq-10/color/frame-000849.color.png office/seq-10/color/frame-000852.color.png 0.999967 -0.00723029 -0.00375892 0.016526 0.00725563 0.999951 0.00674616 -0.00304216 0.00370987 -0.00677317 0.99997 0.0102837 0.0 0.0 0.0 1.0
office/seq-10/color/frame-000852.color.png office/seq-10/color/frame-000855.color.png 0.999956 0.00862423 0.00359592 0.031516 -0.00864481 0.999946 0.00572869 -0.0115104 -0.00354629 -0.0057596 0.999977 -0.0110995 0.0 0.0 0.0 1.0
office/seq-10/color/frame-000855.color.png office/seq-10/color/frame-000858.color.png 0.999912 0.00382666 0.0126996 0.0267603 -0.00386501 0.999988 0.00298364 0.0106211 -0.012688 -0.00303239 0.999915 0.00698018 0.0 0.0 0.0 1.0
office/seq-10/color/frame-000858.color.png office/seq-10/color/frame-000861.color.png 0.999867 0.0140296 0.00829145 0.0285588 -0.0141038 0.99986 0.00896192 -0.0111579 -0.00816464 -0.00907774 0.999925 -0.0107017 0.0 0.0 0.0 1.0
office/seq-10/color/frame-000861.color.png office/seq-10/color/frame-000864.color.png 0.999711 -0.000357719 0.0240345 0.0204471 0.000311502 0.999998 0.00192534 0.0198908 -0.0240351 -0.00191726 0.999709 0.00455594 0.0 0.0 0.0 1.0
office/seq-10/color/frame-000864.color.png office/seq-10/color/frame-000867.color.png 0.999374 0.0173747 0.0308319 0.0175301 -0.0171738 0.99983 -0.00676476 0.0177165 -0.0309442 0.006231 0.999502 0.0108838 0.0 0.0 0.0 1.0
office/seq-10/color/frame-000867.color.png office/seq-10/color/frame-000870.color.png 0.999599 -0.00586515 0.0276812 -0.0125034 0.00610497 0.999944 -0.0085921 0.0193876 -0.0276293 0.00875768 0.99958 0.0176739 0.0 0.0 0.0 1.0
office/seq-10/color/frame-000870.color.png office/seq-10/color/frame-000873.color.png 0.999599 0.00639062 0.0275739 0.0141092 -0.00638041 0.99998 -0.000452526 0.0187392 -0.0275762 0.000276487 0.99962 0.0154132 0.0 0.0 0.0 1.0
office/seq-10/color/frame-000873.color.png office/seq-10/color/frame-000876.color.png 0.999664 0.0145284 0.0214845 -0.00024581 -0.0145412 0.999894 0.000437715 0.00951827 -0.0214759 -0.000750019 0.999769 0.0169578 0.0 0.0 0.0 1.0
office/seq-10/color/frame-000876.color.png office/seq-10/color/frame-000879.color.png 0.998547 0.0151751 0.0517145 -0.0329438 -0.0141436 0.999695 -0.0202547 0.0396751 -0.0520061 0.0194938 0.998456 0.0388541 0.0 0.0 0.0 1.0
office/seq-10/color/frame-000879.color.png office/seq-10/color/frame-000882.color.png 0.999295 0.00844033 0.0365833 -0.0245098 -0.00828435 0.999956 -0.00441429 0.01921 -0.0366189 0.00410813 0.999321 0.0270637 0.0 0.0 0.0 1.0
office/seq-10/color/frame-000882.color.png office/seq-10/color/frame-000885.color.png 0.999056 0.0231615 0.0367519 -0.0164397 -0.0225261 0.999591 -0.0176063 0.0406383 -0.0371446 0.0167619 0.999169 -0.00639427 0.0 0.0 0.0 1.0
office/seq-10/color/frame-000885.color.png office/seq-10/color/frame-000888.color.png 0.999884 0.00902298 0.0122779 0.00670213 -0.00886022 0.999873 -0.0132482 0.0370045 -0.0123958 0.0131379 0.999837 -0.0102947 0.0 0.0 0.0 1.0
office/seq-10/color/frame-000888.color.png office/seq-10/color/frame-000891.color.png 0.999864 0.00129187 0.0164126 -0.00963753 -0.00119396 0.999982 -0.00597555 0.0441566 -0.0164201 0.00595513 0.999847 0.00672626 0.0 0.0 0.0 1.0
office/seq-10/color/frame-000891.color.png office/seq-10/color/frame-000894.color.png 0.999123 0.00476341 0.0415972 -0.0447328 -0.00441659 0.999955 -0.00842714 0.031001 -0.0416354 0.00823604 0.999099 0.00854349 0.0 0.0 0.0 1.0
office/seq-10/color/frame-000894.color.png office/seq-10/color/frame-000897.color.png 0.998895 0.017919 0.0434576 -0.0308699 -0.0176581 0.999824 -0.00637993 0.0273418 -0.0435643 0.00560543 0.999035 -0.00767064 0.0 0.0 0.0 1.0
office/seq-10/color/frame-000897.color.png office/seq-10/color/frame-000900.color.png 0.998816 -0.00308844 0.0485422 -0.0597769 0.00296743 0.999992 0.00256634 0.0096541 -0.0485498 -0.00241923 0.998818 0.0133133 0.0 0.0 0.0 1.0
office/seq-10/color/frame-000900.color.png office/seq-10/color/frame-000903.color.png 0.999494 -0.0087237 0.0305806 -0.0290446 0.00879768 0.999959 -0.00228768 0.0138667 -0.0305593 0.0025556 0.99953 -0.000474572 0.0 0.0 0.0 1.0
office/seq-10/color/frame-000903.color.png office/seq-10/color/frame-000906.color.png 0.999563 -0.00422501 0.0292701 -0.0231445 0.00447244 0.999955 -0.00838836 0.0138323 -0.0292333 0.00851559 0.999536 0.0240366 0.0 0.0 0.0 1.0
office/seq-10/color/frame-000906.color.png office/seq-10/color/frame-000909.color.png 0.998668 -0.0106389 0.050493 -0.0654752 0.0109331 0.999925 -0.00555556 -0.00799787 -0.0504301 0.00610015 0.998709 0.00514531 0.0 0.0 0.0 1.0
office/seq-10/color/frame-000909.color.png office/seq-10/color/frame-000912.color.png 0.998467 -0.01986 0.05167 -0.051807 0.0202321 0.999773 -0.00669009 -0.00380003 -0.0515254 0.00772529 0.998642 0.00463057 0.0 0.0 0.0 1.0
office/seq-10/color/frame-000912.color.png office/seq-10/color/frame-000915.color.png 0.999012 -0.0243083 0.0372085 -0.0532379 0.0241836 0.9997 0.00379662 -0.0288345 -0.0372896 -0.00289306 0.9993 -0.0014832 0.0 0.0 0.0 1.0
office/seq-10/color/frame-000915.color.png office/seq-10/color/frame-000918.color.png 0.999375 -0.0256518 0.0243265 -0.014035 0.02562 0.99967 0.00162056 -0.00162226 -0.0243601 -0.00099631 0.999703 -0.0166385 0.0 0.0 0.0 1.0
office/seq-10/color/frame-000918.color.png office/seq-10/color/frame-000921.color.png 0.99904 -0.0237839 0.0367982 -0.0192932 0.0243892 0.999573 -0.0160897 0.00985575 -0.0363998 0.0169718 0.999193 -0.00684166 0.0 0.0 0.0 1.0
office/seq-10/color/frame-000921.color.png office/seq-10/color/frame-000924.color.png 0.999193 -0.0303169 0.0263627 -0.0129085 0.0303264 0.99954 3.99849e-05 -0.0249481 -0.0263517 0.00075956 0.999652 -0.0229994 0.0 0.0 0.0 1.0
office/seq-10/color/frame-000924.color.png office/seq-10/color/frame-000927.color.png 0.999657 -0.0184635 0.0185946 -0.0037629 0.0185945 0.999803 -0.00688273 -0.00396788 -0.0184639 0.00722609 0.999803 -0.00638354 0.0 0.0 0.0 1.0
office/seq-10/color/frame-000927.color.png office/seq-10/color/frame-000930.color.png 0.998866 -0.0345803 0.0327283 -0.0338688 0.034517 0.999401 0.00249315 -0.0453291 -0.0327948 -0.00136071 0.999461 0.0106189 0.0 0.0 0.0 1.0
office/seq-10/color/frame-000930.color.png office/seq-10/color/frame-000933.color.png 0.998876 -0.0413644 0.0231289 -0.0127781 0.0416574 0.999056 -0.0123293 -0.0148746 -0.0225971 0.013279 0.999656 -0.00202465 0.0 0.0 0.0 1.0
office/seq-10/color/frame-000933.color.png office/seq-10/color/frame-000936.color.png 0.998316 -0.0410624 0.0409717 -0.0235944 0.0422269 0.998716 -0.0279756 -0.0112689 -0.0397704 0.0296586 0.998769 0.0195386 0.0 0.0 0.0 1.0
office/seq-10/color/frame-000936.color.png office/seq-10/color/frame-000939.color.png 0.999465 -0.0245238 0.0216625 -0.0145712 0.024529 0.999699 3.10748e-05 -0.0387622 -0.0216566 0.000500266 0.999765 0.00824606 0.0 0.0 0.0 1.0
office/seq-10/color/frame-000939.color.png office/seq-10/color/frame-000942.color.png 0.999787 -0.0172728 0.0112851 0.0127592 0.0174345 0.999745 -0.0143726 -0.00222188 -0.011034 0.0145663 0.999833 0.0025804 0.0 0.0 0.0 1.0
office/seq-10/color/frame-000942.color.png office/seq-10/color/frame-000945.color.png 0.999718 -0.0185718 0.0147722 0.00468159 0.0187419 0.999759 -0.0114672 -0.00336033 -0.0145556 0.0117408 0.999825 0.016914 0.0 0.0 0.0 1.0
office/seq-10/color/frame-000945.color.png office/seq-10/color/frame-000948.color.png 0.999839 -0.00400663 0.0175159 0.00262761 0.00401179 0.999992 -0.000260463 -0.0164627 -0.0175146 0.000330691 0.999847 0.0181386 0.0 0.0 0.0 1.0
office/seq-10/color/frame-000948.color.png office/seq-10/color/frame-000951.color.png 0.999875 -0.0114378 0.0108781 0.0104684 0.0114814 0.999926 -0.0039616 -0.00460559 -0.0108319 0.00408594 0.999933 0.00223488 0.0 0.0 0.0 1.0
office/seq-10/color/frame-000951.color.png office/seq-10/color/frame-000954.color.png 0.999867 -0.0134341 0.00926071 0.0126263 0.0133801 0.999893 0.00587395 -0.0264484 -0.00933874 -0.00574922 0.99994 0.00858623 0.0 0.0 0.0 1.0
office/seq-10/color/frame-000954.color.png office/seq-10/color/frame-000957.color.png 0.999818 -0.0164003 0.00977588 0.0072813 0.0163029 0.999817 0.00996748 -0.0399178 -0.00993754 -0.00980629 0.999903 0.00303316 0.0 0.0 0.0 1.0
office/seq-10/color/frame-000957.color.png office/seq-10/color/frame-000960.color.png 0.999935 -0.0101779 0.00511258 0.0243567 0.0100755 0.999757 0.0196322 -0.0201855 -0.00531118 -0.0195794 0.999794 -0.00743335 0.0 0.0 0.0 1.0
office/seq-10/color/frame-000960.color.png office/seq-10/color/frame-000963.color.png 0.999929 -0.0070536 0.00958643 0.0162784 0.00691278 0.999869 0.0146674 -0.0249659 -0.0096887 -0.0146001 0.999846 0.0192104 0.0 0.0 0.0 1.0
office/seq-10/color/frame-000963.color.png office/seq-10/color/frame-000966.color.png 0.999976 -0.00556463 0.00416818 0.0220625 0.00548685 0.999815 0.0184255 -0.0301523 -0.00426978 -0.0184022 0.999822 -0.00930244 0.0 0.0 0.0 1.0
office/seq-10/color/frame-000966.color.png office/seq-10/color/frame-000969.color.png 0.999997 -0.000487127 -0.00216078 0.0323074 0.000544618 0.999643 0.026704 -0.0326507 0.00214689 -0.0267051 0.999641 -0.0192482 0.0 0.0 0.0 1.0
office/seq-10/color/frame-000969.color.png office/seq-10/color/frame-000972.color.png 0.999761 -0.00614405 -0.0210026 0.0499536 0.00663182 0.999708 0.0232347 -0.0282229 0.0208537 -0.0233684 0.999509 -0.0195935 0.0 0.0 0.0 1.0
office/seq-10/color/frame-000972.color.png office/seq-10/color/frame-000975.color.png 0.999926 -0.00337044 -0.0117083 0.0353073 0.0036137 0.999777 0.0208145 -0.0349181 0.0116355 -0.0208553 0.999715 -0.0357374 0.0 0.0 0.0 1.0
office/seq-10/color/frame-000975.color.png office/seq-10/color/frame-000978.color.png 0.999779 -0.017418 -0.0117781 0.0281155 0.0175816 0.999748 0.013932 -0.0078485 0.0115325 -0.014136 0.999834 0.0127858 0.0 0.0 0.0 1.0
office/seq-10/color/frame-000978.color.png office/seq-10/color/frame-000981.color.png 0.999921 0.00214256 0.0123601 -0.0013814 -0.00228761 0.999929 0.0117386 -0.041229 -0.0123341 -0.011766 0.999855 0.0245905 0.0 0.0 0.0 1.0
office/seq-10/color/frame-000981.color.png office/seq-10/color/frame-000984.color.png 0.999813 -0.0148885 -0.012379 0.0207556 0.0150714 0.999776 0.0148301 -0.0467991 0.0121555 -0.0150138 0.999814 -0.0104315 0.0 0.0 0.0 1.0
office/seq-10/color/frame-000984.color.png office/seq-10/color/frame-000987.color.png 0.999729 -0.0191362 -0.0132301 0.0109981 0.0189513 0.999723 -0.0139642 0.0124303 0.0134936 0.0137097 0.999815 0.0135714 0.0 0.0 0.0 1.0
office/seq-10/color/frame-000987.color.png office/seq-10/color/frame-000990.color.png 0.999822 -0.0148276 -0.0116278 0.00294971 0.0149036 0.999868 0.00647521 -0.0509767 0.0115304 -0.00664741 0.999911 -0.00818002 0.0 0.0 0.0 1.0
office/seq-10/color/frame-000990.color.png office/seq-10/color/frame-000993.color.png 0.999933 -0.000524813 -0.0116002 0.0190929 0.00039191 0.999934 -0.0114598 0.0162881 0.0116053 0.0114544 0.999867 0.0122812 0.0 0.0 0.0 1.0
office/seq-10/color/frame-000993.color.png office/seq-10/color/frame-000996.color.png 0.999882 0.0142596 -0.00570268 0.0043056 -0.0144001 0.999574 -0.0253928 0.0441579 0.0053382 0.0254719 0.999661 0.0352008 0.0 0.0 0.0 1.0
office/seq-10/color/frame-000996.color.png office/seq-10/color/frame-000999.color.png 0.998753 0.0145804 -0.0477433 0.0413706 -0.0146755 0.999891 -0.00164239 0.00492674 0.0477141 0.00234104 0.998858 -0.0226668 0.0 0.0 0.0 1.0
