office/seq-10/color/frame-000001.color.png office/seq-10/color/frame-000004.color.png 0.999975 -0.00605868 0.0036828 0.0104362 0.00607088 0.999976 -0.00330869 0.000720205 -0.00366266 0.00333097 0.999988 -0.000352135 0.0 0.0 0.0 1.0
office/seq-10/color/frame-000004.color.png office/seq-10/color/frame-000007.color.png 0.999666 -0.0254711 -0.0043954 0.00868059 0.0255258 0.999591 0.0128719 0.00849524 0.00406574 -0.0129798 0.999907 0.0122984 0.0 0.0 0.0 1.0
office/seq-10/color/frame-000007.color.png office/seq-10/color/frame-000010.color.png 0.999765 -0.00830993 -0.0200049 0.0184298 0.00894046 0.999459 0.0316385 -0.00794971 0.0197312 -0.03181 0.999299 0.023848 0.0 0.0 0.0 1.0
office/seq-10/color/frame-000010.color.png office/seq-10/color/frame-000013.color.png 0.999871 0.00271888 -0.0158289 0.0236642 -0.00236747 0.999751 0.0221776 -0.0142266 0.0158853 -0.0221372 0.999629 0.0199063 0.0 0.0 0.0 1.0
office/seq-10/color/frame-000013.color.png office/seq-10/color/frame-000016.color.png 0.999997 1.54367e-05 -0.00236164 0.0258934 2.35621e-05 0.999864 0.0165067 -0.0150556 0.00236158 -0.0165067 0.999861 0.0333978 0.0 0.0 0.0 1.0
office/seq-10/color/frame-000016.color.png office/seq-10/color/frame-000019.color.png 0.999966 -0.00329972 -0.00760885 0.0237122 0.00336301 0.99996 0.00832123 -0.000961857 0.00758108 -0.00834654 0.999936 0.0175121 0.0 0.0 0.0 1.0
office/seq-10/color/frame-000019.color.png office/seq-10/color/frame-000022.color.png 0.999925 -0.0117815 -0.00321092 0.0299536 0.0117883 0.999928 0.00210329 -0.0119754 0.00318591 -0.00214098 0.999993 0.0321305 0.0 0.0 0.0 1.0
office/seq-10/color/frame-000022.color.png office/seq-10/color/frame-000025.color.png 0.999935 -0.0108149 -0.00369456 0.0281277 0.0108459 0.999905 0.00847613 -0.0108982 0.00360254 -0.00851566 0.999957 0.0187925 0.0 0.0 0.0 1.0
office/seq-10/color/frame-000025.color.png office/seq-10/color/frame-000028.color.png 0.999998 7.07411e-05 0.00196871 0.0360581 -6.65422e-05 0.999998 -0.00212331 -0.00975272 -0.00196885 0.00212317 0.999996 0.0222766 0.0 0.0 0.0 1.0
office/seq-10/color/frame-000028.color.png office/seq-10/color/frame-000031.color.png 0.999987 0.00175786 0.00471832 0.0121871 -0.00179933 0.99996 0.00879604 -0.0119931 -0.00470266 -0.0088044 0.99995 0.0223424 0.0 0.0 0.0 1.0
office/seq-10/color/frame-000031.color.png office/seq-10/color/frame-000034.color.png 0.999884 -0.0145363 0.00464115 0.0402616 0.0144962 0.999858 0.00855159 -0.00585176 -0.00476481 -0.00848332 0.999953 0.0119146 0.0 0.0 0.0 1.0
office/seq-10/color/frame-000034.color.png office/seq-10/color/frame-000037.color.png 0.999977 0.0042628 0.00531709 0.00931486 -0.00435231 0.999847 0.0169376 -0.0163058 -0.00524408 -0.0169603 0.999842 0.0195965 0.0 0.0 0.0 1.0
office/seq-10/color/frame-000037.color.png office/seq-10/color/frame-000040.color.png 0.999986 -0.000528884 0.00532503 0.0228467 0.000436961 0.999851 0.0172476 -0.0104259 -0.00533335 -0.0172451 0.999837 0.0114564 0.0 0.0 0.0 1.0
office/seq-10/color/frame-000040.color.png office/seq-10/color/frame-000043.color.png 0.999947 0.00299188 0.00983478 0.00818989 -0.00304162 0.999983 0.00504636 -0.00427932 -0.00981952 -0.00507597 0.999939 0.0144879 0.0 0.0 0.0 1.0
office/seq-10/color/frame-000043.color.png office/seq-10/color/frame-000046.color.png 0.99973 0.00130382 0.0232037 0.0167341 -0.00162948 0.9999 0.0140218 -0.0256892 -0.0231831 -0.0140559 0.999632 0.0230095 0.0 0.0 0.0 1.0
office/seq-10/color/frame-000046.color.png office/seq-10/color/frame-000049.color.png 0.999826 -0.00121764 0.0185883 0.0225284 0.00100147 0.999932 0.0116344 -0.00856287 -0.0186012 -0.0116137 0.99976 0.010555 0.0 0.0 0.0 1.0
office/seq-10/color/frame-000049.color.png office/seq-10/color/frame-000052.color.png 0.998794 -0.00624747 0.0486989 0.0217419 0.00553779 0.999877 0.0146939 -0.0189354 -0.0487847 -0.0144065 0.998705 0.0349912 0.0 0.0 0.0 1.0
office/seq-10/color/frame-000052.color.png office/seq-10/color/frame-000055.color.png 0.999055 -0.013994 0.0411509 0.0165187 0.0139225 0.999901 0.00202257 -0.00429162 -0.0411751 -0.00144774 0.999151 0.0324435 0.0 0.0 0.0 1.0
office/seq-10/color/frame-000055.color.png office/seq-10/color/frame-000058.color.png 0.997995 -0.0130849 0.0619294 0.0235119 0.0134291 0.999897 -0.00514396 -0.0256586 -0.0618558 0.00596528 0.998067 0.0386557 0.0 0.0 0.0 1.0
office/seq-10/color/frame-000058.color.png office/seq-10/color/frame-000061.color.png 0.998437 -0.0031995 0.0557891 0.0148281 0.00302594 0.99999 0.00319506 -0.0182602 -0.0557988 -0.00302119 0.998437 0.0434079 0.0 0.0 0.0 1.0
office/seq-10/color/frame-000061.color.png office/seq-10/color/frame-000064.color.png 0.999101 -0.0152055 0.0395675 0.0240672 0.0154996 0.999854 -0.00713594 -0.0146263 -0.0394532 0.00774276 0.999191 0.0322666 0.0 0.0 0.0 1.0
office/seq-10/color/frame-000064.color.png office/seq-10/color/frame-000067.color.png 0.99981 -0.0179073 0.00764784 0.0311619 0.0179316 0.999834 -0.00312265 -0.0213728 -0.00759062 0.00325925 0.999966 0.0215335 0.0 0.0 0.0 1.0
office/seq-10/color/frame-000067.color.png office/seq-10/color/frame-000070.color.png 0.999016 -0.0251753 0.0365037 0.0181134 0.0251204 0.999683 0.00196238 -0.0296374 -0.0365416 -0.0010435 0.999331 0.0291351 0.0 0.0 0.0 1.0
office/seq-10/color/frame-000070.color.png office/seq-10/color/frame-000073.color.png 0.999005 -0.0306314 0.0324236 0.0245416 0.0305374 0.999528 0.00339119 -0.0292738 -0.0325122 -0.00239768 0.999469 0.021191 0.0 0.0 0.0 1.0
office/seq-10/color/frame-000073.color.png office/seq-10/color/frame-000076.color.png 0.99927 -0.00737193 0.0374796 0.0330473 0.00682123 0.999867 0.0148006 -0.0334978 -0.0375836 -0.0145341 0.999188 0.0476201 0.0 0.0 0.0 1.0
office/seq-10/color/frame-000076.color.png office/seq-10/color/frame-000079.color.png 0.99897 -0.00449317 0.0451593 0.00793946 0.00417453 0.999966 0.00714696 -0.0125935 -0.0451899 -0.00695105 0.998954 0.0532944 0.0 0.0 0.0 1.0
office/seq-10/color/frame-000079.color.png office/seq-10/color/frame-000082.color.png 0.998398 -0.00403911 0.0564414 0.0127296 0.0035663 0.999958 0.00847469 -0.0164647 -0.0564734 -0.00825989 0.99837 0.0669454 0.0 0.0 0.0 1.0
office/seq-10/color/frame-000082.color.png office/seq-10/color/frame-000085.color.png 0.998976 -0.015847 0.0423809 0.032325 0.0166242 0.999699 -0.0180465 -0.0173477 -0.042082 0.0187325 0.998939 0.0633004 0.0 0.0 0.0 1.0
office/seq-10/color/frame-000085.color.png office/seq-10/color/frame-000088.color.png 0.999573 -0.0195341 0.0217425 0.0628929 0.0198245 0.999716 -0.0132235 -0.0506356 -0.021478 0.0136489 0.999676 0.0424749 0.0 0.0 0.0 1.0
office/seq-10/color/frame-000088.color.png office/seq-10/color/frame-000091.color.png 0.999238 -0.00793161 0.0382103 0.00380236 0.00811174 0.999957 -0.00456175 -0.00473392 -0.0381724 0.00486826 0.999259 0.0605277 0.0 0.0 0.0 1.0
office/seq-10/color/frame-000091.color.png office/seq-10/color/frame-000094.color.png 0.999504 -0.0239156 0.0204698 0.0121573 0.0237896 0.999697 0.00637766 -0.0282706 -0.0206161 -0.00588757 0.99977 0.0374756 0.0 0.0 0.0 1.0
office/seq-10/color/frame-000094.color.png office/seq-10/color/frame-000097.color.png 0.999383 -0.00949799 0.0338085 -0.00880569 0.00937046 0.999948 0.00392996 -0.00691909 -0.033844 -0.00361073 0.999421 0.0664474 0.0 0.0 0.0 1.0
office/seq-10/color/frame-000097.color.png office/seq-10/color/frame-000100.color.png 0.999901 -0.00856843 -0.0111549 0.0463035 0.00853474 0.999959 -0.00305937 0.00176299 0.0111807 0.00296387 0.999933 0.0162715 0.0 0.0 0.0 1.0
office/seq-10/color/frame-000100.color.png office/seq-10/color/frame-000103.color.png 0.999652 -0.0126966 -0.0231436 0.0325892 0.013086 0.999774 0.0167537 -0.031065 0.0229255 -0.0170508 0.999592 -0.00181472 0.0 0.0 0.0 1.0
office/seq-10/color/frame-000103.color.png office/seq-10/color/frame-000106.color.png 0.999842 -0.00256858 -0.0176107 0.0325389 0.0030349 0.999644 0.0265054 -0.0369132 0.0175364 -0.0265546 0.999493 1.82986e-05 0.0 0.0 0.0 1.0
office/seq-10/color/frame-000106.color.png office/seq-10/color/frame-000109.color.png 0.999867 -0.00976374 -0.0130419 0.0246699 0.00983316 0.999938 0.00526886 -0.0195363 0.0129896 -0.00539642 0.999901 0.00683343 0.0 0.0 0.0 1.0
office/seq-10/color/frame-000109.color.png office/seq-10/color/frame-000112.color.png 0.999544 0.010568 -0.0282901 0.043784 -0.010657 0.999939 -0.00299754 0.00791308 0.0282567 0.00329772 0.999595 -0.00821859 0.0 0.0 0.0 1.0
office/seq-10/color/frame-000112.color.png office/seq-10/color/frame-000115.color.png 0.999559 -0.0111012 -0.0275435 0.0433567 0.0107316 0.999851 -0.0135271 0.0190737 0.0276896 0.0132255 0.999529 -0.0143045 0.0 0.0 0.0 1.0
office/seq-10/color/frame-000115.color.png office/seq-10/color/frame-000118.color.png 0.999767 0.0201219 -0.00775884 0.0477821 -0.0201675 0.99978 -0.00584754 0.0407675 0.00763945 0.0060026 0.999953 0.00497574 0.0 0.0 0.0 1.0
office/seq-10/color/frame-000118.color.png office/seq-10/color/frame-000121.color.png 0.999915 -0.00951134 -0.00897899 0.0372322 0.00945631 0.999936 -0.00614533 -0.00918978 0.00903683 0.00605994 0.999941 0.00802612 0.0 0.0 0.0 1.0
office/seq-10/color/frame-000121.color.png office/seq-10/color/frame-000124.color.png 0.99879 0.0134676 -0.0472914 0.0806856 -0.0144266 0.999696 -0.0199972 0.0395915 0.0470077 0.0206553 0.998681 -0.0375285 0.0 0.0 0.0 1.0
office/seq-10/color/frame-000124.color.png office/seq-10/color/frame-000127.color.png 0.998363 0.0486695 -0.030048 0.0846897 -0.0480551 0.998627 0.0208375 0.0643018 0.0310209 -0.0193594 0.999331 -0.0249714 0.0 0.0 0.0 1.0
office/seq-10/color/frame-000127.color.png office/seq-10/color/frame-000130.color.png 0.996899 0.00970182 -0.0780915 0.10768 -0.0102808 0.999923 -0.00701484 0.0167317 0.0780174 0.00779588 0.996922 -0.082054 0.0 0.0 0.0 1.0
office/seq-10/color/frame-000130.color.png office/seq-10/color/frame-000133.color.png 0.998634 0.0450995 -0.0264055 0.0492188 -0.045038 0.998981 0.00291492 0.0582178 0.02651 -0.00172169 0.999647 -0.0260283 0.0 0.0 0.0 1.0
office/seq-10/color/frame-000133.color.png office/seq-10/color/frame-000136.color.png 0.997846 0.0212024 -0.0620782 0.0579408 -0.0188852 0.999111 0.0376788 -0.014433 0.0628219 -0.0364253 0.99736 -0.0749788 0.0 0.0 0.0 1.0
office/seq-10/color/frame-000136.color.png office/seq-10/color/frame-000139.color.png 0.999296 -0.00272209 -0.0374108 0.030895 0.00304415 0.999959 0.00855606 -0.0342674 0.037386 -0.008664 0.999263 -0.0430724 0.0 0.0 0.0 1.0
office/seq-10/color/frame-000139.color.png office/seq-10/color/frame-000142.color.png 0.998191 0.0146771 -0.0583101 0.0320778 -0.0130786 0.999531 0.027701 -0.0292724 0.0586893 -0.0268883 0.997914 -0.0850832 0.0 0.0 0.0 1.0
office/seq-10/color/frame-000142.color.png office/seq-10/color/frame-000145.color.png 0.993473 0.0281999 -0.110527 0.166448 -0.0269204 0.999552 0.0130518 -0.00617522 0.110846 -0.0099912 0.993787 -0.113367 0.0 0.0 0.0 1.0
office/seq-10/color/frame-000145.color.png office/seq-10/color/frame-000148.color.png 0.997163 0.0288399 -0.069531 0.0662436 -0.0294155 0.999541 -0.00726727 0.0239766 0.0692895 0.00929189 0.997553 -0.0823579 0.0 0.0 0.0 1.0
office/seq-10/color/frame-000148.color.png office/seq-10/color/frame-000151.color.png 0.997557 0.0324171 -0.0618766 0.0548701 -0.0330071 0.999419 -0.00853669 0.0315306 0.0615638 0.0105582 0.998047 -0.0773335 0.0 0.0 0.0 1.0
office/seq-10/color/frame-000151.color.png office/seq-10/color/frame-000154.color.png 0.997887 0.00776831 -0.0645013 0.0562453 -0.00716218 0.999928 0.00962286 -0.035601 0.0645714 -0.00914054 0.997871 -0.0847743 0.0 0.0 0.0 1.0
office/seq-10/color/frame-000154.color.png office/seq-10/color/frame-000157.color.png 0.998635 0.0220362 -0.0473673 0.0386379 -0.0220105 0.999757 0.00106384 -0.00941727 0.0473793 -1.9764e-05 0.998877 -0.0535011 0.0 0.0 0.0 1.0
office/seq-10/color/frame-000157.color.png office/seq-10/color/frame-000160.color.png 0.99894 -0.0255374 -0.0382901 0.0603653 0.0245169 0.999338 -0.0268901 -0.071187 0.0389514 0.0259228 0.998905 -0.0352587 0.0 0.0 0.0 1.0
office/seq-10/color/frame-000160.color.png office/seq-10/color/frame-000163.color.png 0.999082 -0.0064226 -0.0423537 0.0641185 0.00516815 0.999547 -0.0296617 -0.00538743 0.042525 0.0294155 0.998662 -0.0435923 0.0 0.0 0.0 1.0
office/seq-10/color/frame-000163.color.png office/seq-10/color/frame-000166.color.png 0.999332 0.0101978 -0.0350858 0.0539447 -0.0107524 0.99982 -0.0156553 -0.00596374 0.0349199 0.0160222 0.999262 -0.0436218 0.0 0.0 0.0 1.0
office/seq-10/color/frame-000166.color.png office/seq-10/color/frame-000169.color.png 0.998935 0.0190989 -0.0419977 0.0557026 -0.0194644 0.999776 -0.00831094 0.0170735 0.0418296 0.00911953 0.999083 -0.0622271 0.0 0.0 0.0 1.0
office/seq-10/color/frame-000169.color.png office/seq-10/color/frame-000172.color.png 0.998687 0.0282047 -0.0427682 0.0715028 -0.0285804 0.999558 -0.00819847 0.0188171 0.0425181 0.00941002 0.999051 -0.0593494 0.0 0.0 0.0 1.0
office/seq-10/color/frame-000172.color.png office/seq-10/color/frame-000175.color.png 0.998468 0.0225409 -0.0505272 0.0792298 -0.0231184 0.999674 -0.0108748 0.0138527 0.0502655 0.0120263 0.998664 -0.0643028 0.0 0.0 0.0 1.0
office/seq-10/color/frame-000175.color.png office/seq-10/color/frame-000178.color.png 0.998158 0.0202292 -0.0572056 0.0933827 -0.0208307 0.999734 -0.00993834 0.0410081 0.0569893 0.0111116 0.998313 -0.0799341 0.0 0.0 0.0 1.0
office/seq-10/color/frame-000178.color.png office/seq-10/color/frame-000181.color.png 0.997855 0.0268857 -0.0596922 0.10058 -0.0270255 0.999633 -0.00153449 0.0322799 0.0596291 0.00314441 0.998215 -0.0985046 0.0 0.0 0.0 1.0
office/seq-10/color/frame-000181.color.png office/seq-10/color/frame-000184.color.png 0.998548 0.00117174 -0.0538656 0.0854299 -0.00114877 0.999999 0.000457664 0.00931937 0.0538662 -0.000395086 0.998548 -0.0859522 0.0 0.0 0.0 1.0
office/seq-10/color/frame-000184.color.png office/seq-10/color/frame-000187.color.png 0.997488 0.00725912 -0.0704558 0.108281 -0.0061926 0.999863 0.0153441 -0.0210491 0.0705575 -0.0148693 0.997397 -0.118083 0.0 0.0 0.0 1.0
office/seq-10/color/frame-000187.color.png office/seq-10/color/frame-000190.color.png 0.995525 0.00850068 -0.0941203 0.178949 -0.00660597 0.99977 0.0204236 -0.0498095 0.0942722 -0.0197104 0.995351 -0.129729 0.0 0.0 0.0 1.0
office/seq-10/color/frame-000190.color.png office/seq-10/color/frame-000193.color.png 0.998691 0.0109617 -0.0499533 0.0501179 -0.0110438 0.999938 -0.00136774 0.0182766 0.0499353 0.00191762 0.998751 -0.103287 0.0 0.0 0.0 1.0
office/seq-10/color/frame-000193.color.png office/seq-10/color/frame-000196.color.png 0.997877 0.0113731 -0.0641277 0.0678834 -0.0117809 0.999913 -0.00598422 0.0365983 0.064054 0.006727 0.997924 -0.0921116 0.0 0.0 0.0 1.0
office/seq-10/color/frame-000196.color.png office/seq-10/color/frame-000199.color.png 0.998879 0.0251125 -0.0401278 0.0243059 -0.0252227 0.999679 -0.00223866 0.022225 0.0400586 0.00324829 0.999192 -0.0695457 0.0 0.0 0.0 1.0
office/seq-10/color/frame-000199.color.png office/seq-10/color/frame-000202.color.png 0.998968 0.00895465 -0.0445324 0.07399 -0.0085311 0.999917 0.00969034 -0.0119814 0.0446155 -0.00930041 0.998961 -0.0646006 0.0 0.0 0.0 1.0
office/seq-10/color/frame-000202.color.png office/seq-10/color/frame-000205.color.png 0.999856 0.00275774 -0.0167611 -0.0105315 -0.00288053 0.999969 -0.00730642 0.0204216 0.0167404 0.00735359 0.999833 -0.0380967 0.0 0.0 0.0 1.0
office/seq-10/color/frame-000205.color.png office/seq-10/color/frame-000208.color.png 0.999648 -0.00316431 -0.0263558 0.0161179 0.0035167 0.999905 0.0133373 -0.0281825 0.026311 -0.0134253 0.999564 -0.0582128 0.0 0.0 0.0 1.0
office/seq-10/color/frame-000208.color.png office/seq-10/color/frame-000211.color.png 0.999851 -0.00469014 -0.0166224 0.00684786 0.00466305 0.999988 -0.00166749 0.0229276 0.0166301 0.00158969 0.999861 -0.0374399 0.0 0.0 0.0 1.0
office/seq-10/color/frame-000211.color.png office/seq-10/color/frame-000214.color.png 0.999923 0.00100772 -0.0123356 0.00479376 -0.00093015 0.99998 0.00629656 0.00348693 0.0123416 -0.00628459 0.999904 -0.0434494 0.0 0.0 0.0 1.0
office/seq-10/color/frame-000214.color.png office/seq-10/color/frame-000217.color.png 0.999827 0.00283228 -0.0184043 0.0125319 -0.00269861 0.99997 0.00727745 0.0065459 0.0184243 -0.00722652 0.999804 -0.0467998 0.0 0.0 0.0 1.0
office/seq-10/color/frame-000217.color.png office/seq-10/color/frame-000220.color.png 0.999613 0.0024066 -0.027696 0.0207057 -0.00218211 0.999964 0.00813457 0.00660634 0.0277145 -0.00807094 0.999583 -0.0440627 0.0 0.0 0.0 1.0
office/seq-10/color/frame-000220.color.png office/seq-10/color/frame-000223.color.png 0.999998 0.00188759 -0.000516821 -0.0533922 -0.00188563 0.999991 0.00377252 -0.00821096 0.00052398 -0.00377153 0.999993 -0.0552362 0.0 0.0 0.0 1.0
office/seq-10/color/frame-000223.color.png office/seq-10/color/frame-000226.color.png 0.999177 -0.0130941 -0.0383981 0.0176501 0.0132414 0.999906 0.00358258 -0.0164673 0.0383476 -0.00408809 0.999256 -0.0654134 0.0 0.0 0.0 1.0
office/seq-10/color/frame-000226.color.png office/seq-10/color/frame-000229.color.png 0.999396 -0.00372701 -0.0345375 0.0170094 0.00326726 0.999905 -0.0133575 -0.0146672 0.0345839 0.0132366 0.999314 -0.0318214 0.0 0.0 0.0 1.0
office/seq-10/color/frame-000229.color.png office/seq-10/color/frame-000232.color.png 0.99893 -0.0112073 -0.0448607 0.0477312 0.0105223 0.999825 -0.0154745 0.00654656 0.0450262 0.0149859 0.998873 -0.0723749 0.0 0.0 0.0 1.0
office/seq-10/color/frame-000232.color.png office/seq-10/color/frame-000235.color.png 0.998605 0.00443978 -0.0526232 0.031783 -0.00550456 0.999783 -0.0201073 0.0203626 0.0525225 0.0203689 0.998412 -0.0804054 0.0 0.0 0.0 1.0
office/seq-10/color/frame-000235.color.png office/seq-10/color/frame-000238.color.png 0.99744 0.00611048 -0.0712425 0.0714294 -0.00797671 0.999632 -0.0259401 0.0455332 0.0710579 0.026442 0.997122 -0.0699642 0.0 0.0 0.0 1.0
office/seq-10/color/frame-000238.color.png office/seq-10/color/frame-000241.color.png 0.99784 0.00688396 -0.0653246 0.0544624 -0.00762084 0.99991 -0.0110388 0.0202252 0.0652427 0.0115128 0.997803 -0.0932141 0.0 0.0 0.0 1.0
office/seq-10/color/frame-000241.color.png office/seq-10/color/frame-000244.color.png 0.997321 0.0198521 -0.0704077 0.0666318 -0.019677 0.999801 0.00318047 0.025421 0.0704568 -0.00178655 0.997513 -0.100259 0.0 0.0 0.0 1.0
office/seq-10/color/frame-000244.color.png office/seq-10/color/frame-000247.color.png 0.998806 0.0205868 -0.0442953 0.0321482 -0.020292 0.999769 0.00709319 0.0252047 0.0444311 -0.00618589 0.998993 -0.0699481 0.0 0.0 0.0 1.0
office/seq-10/color/frame-000247.color.png office/seq-10/color/frame-000250.color.png 0.999074 0.00961725 -0.0419492 0.0370058 -0.00973545 0.999949 -0.0026128 0.0236057 0.0419219 0.00301877 0.999116 -0.0532777 0.0 0.0 0.0 1.0
office/seq-10/color/frame-000250.color.png office/seq-10/color/frame-000253.color.png 0.999066 0.015393 -0.0403713 0.0311582 -0.0156771 0.999854 -0.00673372 0.0400639 0.0402618 0.00736035 0.999162 -0.0781881 0.0 0.0 0.0 1.0
office/seq-10/color/frame-000253.color.png office/seq-10/color/frame-000256.color.png 0.999172 0.0186089 -0.0361705 0.0284917 -0.0183882 0.99981 0.00642505 0.0310634 0.0362832 -0.00575462 0.999325 -0.0503952 0.0 0.0 0.0 1.0
office/seq-10/color/frame-000256.color.png office/seq-10/color/frame-000259.color.png 0.999295 0.0243226 -0.0286041 0.022339 -0.0238238 0.99956 0.0176505 0.0308106 0.0290208 -0.0169567 0.999435 -0.0555311 0.0 0.0 0.0 1.0
office/seq-10/color/frame-000259.color.png office/seq-10/color/frame-000262.color.png 0.999453 0.0142943 -0.0298115 0.00873184 -0.0116044 0.996006 0.088525 -0.0348825 0.0309579 -0.0881306 0.995628 -0.0995461 0.0 0.0 0.0 1.0
office/seq-10/color/frame-000262.color.png office/seq-10/color/frame-000265.color.png 0.999958 0.00616401 -0.00674956 -0.00376201 -0.0053416 0.993266 0.115729 -0.0954045 0.00741751 -0.115688 0.993258 -0.0792433 0.0 0.0 0.0 1.0
office/seq-10/color/frame-000265.color.png office/seq-10/color/frame-000268.color.png 0.999644 -0.0171662 0.0203963 -0.0655972 0.0153866 0.996312 0.084417 -0.0842494 -0.0217702 -0.0840732 0.996222 0.0235338 0.0 0.0 0.0 1.0
office/seq-10/color/frame-000268.color.png office/seq-10/color/frame-000271.color.png 0.993996 -0.0289803 0.105509 -0.0951025 0.0315989 0.999231 -0.0232326 -0.03597 -0.104754 0.0264271 0.994147 0.204729 0.0 0.0 0.0 1.0
office/seq-10/color/frame-000271.color.png office/seq-10/color/frame-000274.color.png 0.992659 -0.0272527 0.11784 -0.122631 0.0339899 0.997877 -0.0555467 -0.0103211 -0.116076 0.0591443 0.991478 0.193815 0.0 0.0 0.0 1.0
office/seq-10/color/frame-000274.color.png office/seq-10/color/frame-000277.color.png 0.996319 -0.0285904 0.0808138 -0.0934877 0.031213 0.99902 -0.0313776 -0.0342898 -0.0798375 0.0337846 0.996235 0.132942 0.0 0.0 0.0 1.0
office/seq-10/color/frame-000277.color.png office/seq-10/color/frame-000280.color.png 0.996668 -0.0256562 0.077421 -0.104835 0.0296719 0.998249 -0.0511711 -0.0115213 -0.0759726 0.0532979 0.995684 0.134336 0.0 0.0 0.0 1.0
office/seq-10/color/frame-000280.color.png office/seq-10/color/frame-000283.color.png 0.997854 -0.00119522 0.0654757 -0.0673977 0.00610837 0.997173 -0.0748898 0.0510201 -0.0652011 0.075129 0.99504 0.0890983 0.0 0.0 0.0 1.0
office/seq-10/color/frame-000283.color.png office/seq-10/color/frame-000286.color.png 0.99875 0.00663571 0.0495491 -0.0601729 -0.00429392 0.998875 -0.0472198 0.039992 -0.0498068 0.0469481 0.997655 0.083644 0.0 0.0 0.0 1.0
office/seq-10/color/frame-000286.color.png office/seq-10/color/frame-000289.color.png 0.998541 0.00278059 0.0539362 -0.0611544 -0.000265941 0.998915 -0.0465733 0.028666 -0.0540072 0.046491 0.997458 0.0766337 0.0 0.0 0.0 1.0
office/seq-10/color/frame-000289.color.png office/seq-10/color/frame-000292.color.png 0.999285 0.000497186 0.0378052 -0.0426425 0.000713202 0.999488 -0.0319968 0.0249325 -0.0378017 0.0320009 0.998773 0.049175 0.0 0.0 0.0 1.0
office/seq-10/color/frame-000292.color.png office/seq-10/color/frame-000295.color.png 0.998375 0.00568968 0.0566993 -0.0498462 -0.00384039 0.999459 -0.0326705 0.019714 -0.0568545 0.0323997 0.997857 0.0458794 0.0 0.0 0.0 1.0
office/seq-10/color/frame-000295.color.png office/seq-10/color/frame-000298.color.png 0.999626 0.0025217 0.0272364 -0.0258716 -0.0021542 0.999906 -0.0135142 -0.0039013 -0.0272679 0.0134504 0.999538 0.0175857 0.0 0.0 0.0 1.0
office/seq-10/color/frame-000298.color.png office/seq-10/color/frame-000301.color.png 0.999704 -0.0158404 0.0184823 -0.0147098 0.0159731 0.999847 -0.00705764 -0.0269726 -0.0183676 0.00735073 0.999804 0.0161234 0.0 0.0 0.0 1.0
office/seq-10/color/frame-000301.color.png office/seq-10/color/frame-000304.color.png 0.999515 -0.0185151 0.0250235 -0.0258582 0.0185402 0.999828 -0.000772181 -0.0279205 -0.0250049 0.00123577 0.999687 0.0102141 0.0 0.0 0.0 1.0
office/seq-10/color/frame-000304.color.png office/seq-10/color/frame-000307.color.png 0.999429 -0.0198218 0.0273483 -0.0102929 0.0197989 0.999803 0.00110838 -0.0253979 -0.0273648 -0.000566334 0.999625 0.0393047 0.0 0.0 0.0 1.0
office/seq-10/color/frame-000307.color.png office/seq-10/color/frame-000310.color.png 0.997575 -0.0264849 0.0643556 -0.0232403 0.0259776 0.999625 0.00870669 -0.0606392 -0.064562 -0.00701375 0.997889 0.0838657 0.0 0.0 0.0 1.0
office/seq-10/color/frame-000310.color.png office/seq-10/color/frame-000313.color.png 0.998783 -0.0276794 0.0408119 -0.020233 0.0276073 0.999616 0.0023286 -0.00140226 -0.0408606 -0.00119907 0.999164 0.0490466 0.0 0.0 0.0 1.0
office/seq-10/color/frame-000313.color.png office/seq-10/color/frame-000316.color.png 0.996607 -0.00672504 0.0820275 -0.0441374 0.00490821 0.999739 0.0223314 -0.0192334 -0.0821564 -0.021853 0.99638 0.0670491 0.0 0.0 0.0 1.0
office/seq-10/color/frame-000316.color.png office/seq-10/color/frame-000319.color.png 0.999241 -0.0130465 0.036692 -0.00692284 0.0111602 0.998628 0.0511508 -0.0297214 -0.037309 -0.0507025 0.998017 0.0268266 0.0 0.0 0.0 1.0
office/seq-10/color/frame-000319.color.png office/seq-10/color/frame-000322.color.png 0.996837 0.0212368 0.0765818 -0.0528699 -0.0282843 0.995343 0.0921493 -0.0617234 -0.0742681 -0.0940239 0.992796 0.0314921 0.0 0.0 0.0 1.0
office/seq-10/color/frame-000322.color.png office/seq-10/color/frame-000325.color.png 0.999446 -0.0187945 0.0274814 0.0140802 0.0178605 0.999267 0.033847 -0.019163 -0.0280975 -0.0333374 0.999049 0.0385872 0.0 0.0 0.0 1.0
office/seq-10/color/frame-000325.color.png office/seq-10/color/frame-000328.color.png 0.999339 0.00342714 0.0361844 -0.0157737 -0.00549215 0.998352 0.057126 -0.0459532 -0.0359289 -0.0572871 0.997711 0.0197804 0.0 0.0 0.0 1.0
office/seq-10/color/frame-000328.color.png office/seq-10/color/frame-000331.color.png 0.9997 0.00344275 0.0242315 -0.00621629 -0.00491844 0.998119 0.0611063 -0.051837 -0.0239756 -0.0612072 0.997837 0.00538963 0.0 0.0 0.0 1.0
office/seq-10/color/frame-000331.color.png office/seq-10/color/frame-000334.color.png 0.999868 0.0010272 0.0162355 -0.0162754 -0.00131522 0.999842 0.0177407 -0.00872827 -0.0162146 -0.0177596 0.999711 0.0162777 0.0 0.0 0.0 1.0
office/seq-10/color/frame-000334.color.png office/seq-10/color/frame-000337.color.png 0.999961 0.0037636 0.00803419 0.000861406 -0.00384477 0.999942 0.0101144 -0.0107559 -0.00799564 -0.010145 0.999917 0.0144992 0.0 0.0 0.0 1.0
office/seq-10/color/frame-000337.color.png office/seq-10/color/frame-000340.color.png 0.999932 0.000260902 0.0116191 -0.0115137 -0.000471031 0.999836 0.0180841 -0.0316225 -0.0116125 -0.0180883 0.999769 0.0106338 0.0 0.0 0.0 1.0
office/seq-10/color/frame-000340.color.png office/seq-10/color/frame-000343.color.png 0.999809 -0.0118657 0.0155423 -0.0355569 0.0116186 0.999806 0.0158938 -0.0442253 -0.015728 -0.0157102 0.999753 0.0437543 0.0 0.0 0.0 1.0
office/seq-10/color/frame-000343.color.png office/seq-10/color/frame-000346.color.png 0.999574 -0.020395 -0.0208542 -0.0207024 0.0201557 0.999729 -0.0116237 -0.0380486 0.0210857 0.0111985 0.999715 -0.0246707 0.0 0.0 0.0 1.0
office/seq-10/color/frame-000346.color.png office/seq-10/color/frame-000349.color.png 0.999247 -0.00276425 -0.0387005 0.00807083 0.00252078 0.999977 -0.00633776 -0.0123688 0.038717 0.00623537 0.999231 -0.030336 0.0 0.0 0.0 1.0
office/seq-10/color/frame-000349.color.png office/seq-10/color/frame-000352.color.png 0.99553 -0.0170494 -0.0928882 0.0499102 0.0150899 0.999649 -0.0217578 -0.00881183 0.0932265 0.0202589 0.995439 -0.0702478 0.0 0.0 0.0 1.0
office/seq-10/color/frame-000352.color.png office/seq-10/color/frame-000355.color.png 0.997816 -0.00618501 -0.0657681 0.0347387 0.00566818 0.999952 -0.00804219 0.00161672 0.0658148 0.00765183 0.997803 -0.0431128 0.0 0.0 0.0 1.0
office/seq-10/color/frame-000355.color.png office/seq-10/color/frame-000358.color.png 0.99845 0.0109136 -0.0545706 0.0226871 -0.0114447 0.99989 -0.00942875 0.00963038 0.0544616 0.0100387 0.998465 -0.0467123 0.0 0.0 0.0 1.0
office/seq-10/color/frame-000358.color.png office/seq-10/color/frame-000361.color.png 0.999131 0.0124712 -0.0397733 0.0130736 -0.0129514 0.999846 -0.0118391 0.0238986 0.0396197 0.012344 0.999139 -0.027086 0.0 0.0 0.0 1.0
office/seq-10/color/frame-000361.color.png office/seq-10/color/frame-000364.color.png 0.996274 0.0226758 -0.0832074 0.0471394 -0.021459 0.99965 0.0154881 -0.0113818 0.0835294 -0.0136448 0.996412 -0.0971419 0.0 0.0 0.0 1.0
office/seq-10/color/frame-000364.color.png office/seq-10/color/frame-000367.color.png 0.998729 0.0119877 -0.0489582 0.011518 -0.0125518 0.999858 -0.011229 0.0396826 0.0488166 0.0118292 0.998738 -0.0504624 0.0 0.0 0.0 1.0
office/seq-10/color/frame-000367.color.png office/seq-10/color/frame-000370.color.png 0.998 0.0263133 -0.0574701 0.0237949 -0.0262898 0.999654 0.00116387 0.0191541 0.0574808 0.000349337 0.998346 -0.0577654 0.0 0.0 0.0 1.0
office/seq-10/color/frame-000370.color.png office/seq-10/color/frame-000373.color.png 0.997644 0.0192543 -0.0658408 0.0354598 -0.0191062 0.999813 0.00287933 0.0269409 0.065884 -0.00161461 0.997826 -0.0740088 0.0 0.0 0.0 1.0
office/seq-10/color/frame-000373.color.png office/seq-10/color/frame-000376.color.png 0.997641 0.0183305 -0.0661606 0.0180378 -0.0179897 0.999822 0.00574443 0.024231 0.0662541 -0.00454067 0.997793 -0.0798133 0.0 0.0 0.0 1.0
office/seq-10/color/frame-000376.color.png office/seq-10/color/frame-000379.color.png 0.997233 0.0143834 -0.0729357 0.00582898 -0.0145581 0.999892 -0.00186479 0.0134358 0.0729011 0.00292146 0.997335 -0.0832927 0.0 0.0 0.0 1.0
office/seq-10/color/frame-000379.color.png office/seq-10/color/frame-000382.color.png 0.997754 -0.000259914 -0.066989 0.0109634 -0.000274684 0.999968 -0.00797077 0.0251486 0.0669888 0.00797127 0.997722 -0.066337 0.0 0.0 0.0 1.0
office/seq-10/color/frame-000382.color.png office/seq-10/color/frame-000385.color.png 0.997113 0.0100108 -0.0752645 0.00539631 -0.0097933 0.999947 0.0032579 0.0178849 0.0752931 -0.00251143 0.997158 -0.0913236 0.0 0.0 0.0 1.0
office/seq-10/color/frame-000385.color.png office/seq-10/color/frame-000388.color.png 0.998341 0.011815 -0.0563498 -0.00457448 -0.0118689 0.999929 -0.000619963 0.0366544 0.0563385 0.00128774 0.998411 -0.078407 0.0 0.0 0.0 1.0
office/seq-10/color/frame-000388.color.png office/seq-10/color/frame-000391.color.png 0.999136 0.0137248 -0.0392217 -0.0243431 -0.013794 0.999904 -0.0014971 0.026117 0.0391973 0.00203684 0.999229 -0.0491468 0.0 0.0 0.0 1.0
office/seq-10/color/frame-000391.color.png office/seq-10/color/frame-000394.color.png 0.999647 0.00677841 -0.0257027 -0.00864667 -0.00678594 0.999977 -0.000203522 0.0290421 0.0257008 0.000377869 0.99967 -0.0231062 0.0 0.0 0.0 1.0
office/seq-10/color/frame-000394.color.png office/seq-10/color/frame-000397.color.png 0.999248 0.0177563 -0.0344712 -0.00611395 -0.0177877 0.999842 -0.000605707 0.0280794 0.034455 0.00121842 0.999405 -0.0461872 0.0 0.0 0.0 1.0
office/seq-10/color/frame-000397.color.png office/seq-10/color/frame-000400.color.png 0.998472 0.0168873 -0.0526124 -0.0050149 -0.0172055 0.999836 -0.00560363 0.0223181 0.0525091 0.00650031 0.998599 -0.0488978 0.0 0.0 0.0 1.0
office/seq-10/color/frame-000400.color.png office/seq-10/color/frame-000403.color.png 0.999503 0.011741 -0.0292407 -0.0140575 -0.0120916 0.999857 -0.0118396 0.0222014 0.0290975 0.0121873 0.999502 -0.0341255 0.0 0.0 0.0 1.0
office/seq-10/color/frame-000403.color.png office/seq-10/color/frame-000406.color.png 0.998803 0.00761605 -0.0483136 -0.0228108 -0.00776182 0.999966 -0.00282991 0.00802487 0.0482904 0.00320152 0.998828 -0.0345979 0.0 0.0 0.0 1.0
office/seq-10/color/frame-000406.color.png office/seq-10/color/frame-000409.color.png 0.999918 -0.00871677 -0.00932763 -0.0459952 0.00879077 0.99993 0.00791841 0.00438523 0.00925793 -0.00799975 0.999925 -0.00515008 0.0 0.0 0.0 1.0
office/seq-10/color/frame-000409.color.png office/seq-10/color/frame-000412.color.png 0.999835 -0.0165918 0.00742925 -0.0496309 0.0164552 0.999701 0.0180956 0.000393093 -0.00772726 -0.0179703 0.999809 0.00203037 0.0 0.0 0.0 1.0
office/seq-10/color/frame-000412.color.png office/seq-10/color/frame-000415.color.png 0.999427 -0.0125032 0.0314658 -0.0453319 0.0123852 0.999915 0.00393713 -0.00755155 -0.0315123 -0.00354518 0.999497 0.0185549 0.0 0.0 0.0 1.0
office/seq-10/color/frame-000415.color.png office/seq-10/color/frame-000418.color.png 0.997331 0.0303572 0.0663978 -0.0818606 -0.0289452 0.999336 -0.0221266 -0.0260664 -0.0670254 0.0201457 0.997548 -0.0139776 0.0 0.0 0.0 1.0
office/seq-10/color/frame-000418.color.png office/seq-10/color/frame-000421.color.png 0.998373 -0.0121253 0.055711 -0.0609155 0.012159 0.999926 -0.000265752 -0.017174 -0.0557037 0.000942697 0.998447 0.0240734 0.0 0.0 0.0 1.0
office/seq-10/color/frame-000421.color.png office/seq-10/color/frame-000424.color.png 0.996055 -0.0312995 0.0830296 -0.0719751 0.0316162 0.999497 -0.00250201 -0.00455868 -0.0829096 0.00511723 0.996544 0.0217688 0.0 0.0 0.0 1.0
office/seq-10/color/frame-000424.color.png office/seq-10/color/frame-000427.color.png 0.996884 -0.0216776 0.075839 -0.0513816 0.0215582 0.999765 0.00239428 -0.0226083 -0.075873 -0.000751871 0.997117 0.041321 0.0 0.0 0.0 1.0
office/seq-10/color/frame-000427.color.png office/seq-10/color/frame-000430.color.png 0.996376 -0.0194073 0.0828125 -0.0493908 0.0182844 0.999731 0.0142966 0.00209641 -0.0830677 -0.0127306 0.996463 0.0272102 0.0 0.0 0.0 1.0
office/seq-10/color/frame-000430.color.png office/seq-10/color/frame-000433.color.png 0.99496 -0.0233478 0.0975115 -0.0643567 0.0220566 0.999654 0.0142989 -0.0183139 -0.0978116 -0.0120761 0.995132 -0.00114536 0.0 0.0 0.0 1.0
office/seq-10/color/frame-000433.color.png office/seq-10/color/frame-000436.color.png 0.997154 -0.0195731 0.0728129 -0.0503899 0.0181664 0.999636 0.0199309 0.00161409 -0.0731765 -0.0185515 0.997147 0.0248196 0.0 0.0 0.0 1.0
office/seq-10/color/frame-000436.color.png office/seq-10/color/frame-000439.color.png 0.994321 -0.000939514 0.106417 -0.0836809 0.000130433 0.999971 0.00760979 -0.024954 -0.106421 -0.00755265 0.994292 -0.00598991 0.0 0.0 0.0 1.0
office/seq-10/color/frame-000439.color.png office/seq-10/color/frame-000442.color.png 0.99756 -0.0162837 0.0678832 -0.0340763 0.0155809 0.99982 0.0108709 -0.00598341 -0.0680481 -0.00978674 0.997634 0.0209403 0.0 0.0 0.0 1.0
office/seq-10/color/frame-000442.color.png office/seq-10/color/frame-000445.color.png 0.995715 -0.0212801 0.0899932 -0.0555301 0.0206431 0.999755 0.00800314 -0.0121315 -0.0901413 -0.00611109 0.99591 0.00542757 0.0 0.0 0.0 1.0
office/seq-10/color/frame-000445.color.png office/seq-10/color/frame-000448.color.png 0.997398 -0.0150042 0.0705138 -0.0294622 0.0154961 0.999859 -0.00643405 0.000709236 -0.0704073 0.00751001 0.99749 0.00418508 0.0 0.0 0.0 1.0
office/seq-10/color/frame-000448.color.png office/seq-10/color/frame-000451.color.png 0.996575 -0.014288 0.0814563 -0.0404186 0.014729 0.99988 -0.00481532 -0.0161564 -0.0813778 0.00599863 0.996665 -0.00925022 0.0 0.0 0.0 1.0
office/seq-10/color/frame-000451.color.png office/seq-10/color/frame-000454.color.png 0.997945 -0.00979778 0.0633174 -0.0359763 0.00979833 0.999952 0.000302118 0.00188112 -0.0633173 0.00031892 0.997993 -0.0106212 0.0 0.0 0.0 1.0
office/seq-10/color/frame-000454.color.png office/seq-10/color/frame-000457.color.png 0.997451 -0.00837465 0.0708645 -0.0388516 0.00747574 0.999888 0.0129405 -0.0392943 -0.070965 -0.0123778 0.997402 -0.00845486 0.0 0.0 0.0 1.0
office/seq-10/color/frame-000457.color.png office/seq-10/color/frame-000460.color.png 0.997731 -0.0149196 0.0656471 -0.033196 0.0145306 0.999874 0.00640013 -0.0158852 -0.0657343 -0.00543167 0.997822 0.0103227 0.0 0.0 0.0 1.0
office/seq-10/color/frame-000460.color.png office/seq-10/color/frame-000463.color.png 0.998576 -0.00266992 0.0532744 -0.0161161 0.0016192 0.999803 0.0197561 -0.0642143 -0.0533167 -0.0196418 0.998384 0.00670239 0.0 0.0 0.0 1.0
office/seq-10/color/frame-000463.color.png office/seq-10/color/frame-000466.color.png 0.999239 -0.0130713 0.036747 -0.0290385 0.0132522 0.999901 -0.0046837 0.0238553 -0.0366822 0.0051671 0.999314 0.0119142 0.0 0.0 0.0 1.0
office/seq-10/color/frame-000466.color.png office/seq-10/color/frame-000469.color.png 0.998765 -0.0250632 0.0429035 -0.0434557 0.0241035 0.999451 0.0227419 -0.0199892 -0.0434499 -0.0216797 0.99882 0.00559646 0.0 0.0 0.0 1.0
office/seq-10/color/frame-000469.color.png office/seq-10/color/frame-000472.color.png 0.999501 -0.011354 0.0294775 -0.0198535 0.0109168 0.999829 0.0149525 -0.0135922 -0.0296423 -0.0146233 0.999454 0.0213192 0.0 0.0 0.0 1.0
office/seq-10/color/frame-000472.color.png office/seq-10/color/frame-000475.color.png 0.999558 -0.0191143 0.0227909 -0.023269 0.0190026 0.999806 0.00510576 0.000200391 -0.0228841 -0.00467033 0.999727 0.018041 0.0 0.0 0.0 1.0
office/seq-10/color/frame-000475.color.png office/seq-10/color/frame-000478.color.png 0.999228 -0.0155116 0.036087 -0.0273749 0.0148516 0.999719 0.0184844 -0.0258233 -0.0363636 -0.0179343 0.999178 0.0433233 0.0 0.0 0.0 1.0
office/seq-10/color/frame-000478.color.png office/seq-10/color/frame-000481.color.png 0.999269 -0.0191029 0.0331093 -0.0494009 0.0190116 0.999815 0.00307177 -0.0111923 -0.0331619 -0.00243999 0.999447 0.0317236 0.0 0.0 0.0 1.0
office/seq-10/color/frame-000481.color.png office/seq-10/color/frame-000484.color.png 0.999768 -0.00246009 0.0214101 -0.00428227 0.00238277 0.999991 0.00363563 -0.00736701 -0.0214189 -0.00358379 0.999764 0.0390893 0.0 0.0 0.0 1.0
office/seq-10/color/frame-000484.color.png office/seq-10/color/frame-000487.color.png 0.999556 -0.0139403 0.026342 -0.0231891 0.0140914 0.999885 -0.00555906 -0.0181547 -0.0262615 0.00592776 0.999638 0.0363203 0.0 0.0 0.0 1.0
office/seq-10/color/frame-000487.color.png office/seq-10/color/frame-000490.color.png 0.99952 -0.0290217 0.0108378 -0.0158255 0.0291896 0.999451 -0.0156687 -0.00199836 -0.0103771 0.0159775 0.999818 0.0417426 0.0 0.0 0.0 1.0
office/seq-10/color/frame-000490.color.png office/seq-10/color/frame-000493.color.png 0.999746 -0.0170177 0.0147714 -0.0140532 0.0171792 0.999793 -0.010878 0.00500476 -0.0145832 0.011129 0.999832 0.0344918 0.0 0.0 0.0 1.0
office/seq-10/color/frame-000493.color.png office/seq-10/color/frame-000496.color.png 0.999852 -0.0165681 0.00461804 -0.00256425 0.0165933 0.999847 -0.00546212 -0.00627762 -0.00452683 0.0055379 0.999974 0.0328325 0.0 0.0 0.0 1.0
office/seq-10/color/frame-000496.color.png office/seq-10/color/frame-000499.color.png 0.999936 -0.0092862 0.00646247 0.00482133 0.00929812 0.999955 -0.00182356 -0.0175897 -0.00644526 0.00188352 0.999978 0.0357045 0.0 0.0 0.0 1.0
office/seq-10/color/frame-000499.color.png office/seq-10/color/frame-000502.color.png 0.999611 -0.0178614 0.0214067 0.0092507 0.0179859 0.999822 -0.00563468 -0.00832891 -0.0213023 0.00601751 0.999755 0.0513648 0.0 0.0 0.0 1.0
office/seq-10/color/frame-000502.color.png office/seq-10/color/frame-000505.color.png 0.999449 -0.00919094 0.0319015 -0.0177857 0.00901425 0.999943 0.00567807 -0.0126408 -0.0319519 -0.00538732 0.999475 0.0273436 0.0 0.0 0.0 1.0
office/seq-10/color/frame-000505.color.png office/seq-10/color/frame-000508.color.png 0.999113 -0.0262444 0.0329204 -0.0218038 0.0260245 0.999636 0.00708738 -0.00444335 -0.0330944 -0.0062244 0.999433 0.0356306 0.0 0.0 0.0 1.0
office/seq-10/color/frame-000508.color.png office/seq-10/color/frame-000511.color.png 0.999815 -0.0142422 0.0129191 -0.0116732 0.014179 0.999887 0.00497755 -0.0105479 -0.0129885 -0.00479344 0.999904 0.0209813 0.0 0.0 0.0 1.0
office/seq-10/color/frame-000511.color.png office/seq-10/color/frame-000514.color.png 0.999323 -0.014788 0.0336861 -0.00642717 0.0146458 0.999883 0.00446049 -0.0228935 -0.0337481 -0.00396415 0.999422 0.0368611 0.0 0.0 0.0 1.0
office/seq-10/color/frame-000514.color.png office/seq-10/color/frame-000517.color.png 0.999347 0.000377267 0.0361417 -0.0222093 -7.7082e-05 0.999965 -0.0083042 0.00277817 -0.0361436 0.00829605 0.999312 0.0426311 0.0 0.0 0.0 1.0
office/seq-10/color/frame-000517.color.png office/seq-10/color/frame-000520.color.png 0.998512 -0.0066221 0.0541267 -0.0268168 0.00704024 0.999947 -0.0075388 0.00308901 -0.0540739 0.00790867 0.998506 0.0457259 0.0 0.0 0.0 1.0
office/seq-10/color/frame-000520.color.png office/seq-10/color/frame-000523.color.png 0.999406 -0.00150575 0.0344164 0.0366263 0.00211263 0.999843 -0.017604 0.00318968 -0.0343845 0.0176663 0.999252 0.0437568 0.0 0.0 0.0 1.0
office/seq-10/color/frame-000523.color.png office/seq-10/color/frame-000526.color.png 0.999573 -0.0182507 0.0228146 -0.0237511 0.0187093 0.999624 -0.0200466 0.024047 -0.0224401 0.0204649 0.999539 0.0283954 0.0 0.0 0.0 1.0
office/seq-10/color/frame-000526.color.png office/seq-10/color/frame-000529.color.png 0.999764 -0.00607418 0.0208561 0.0443074 0.00623611 0.999951 -0.00771041 -0.0153297 -0.0208082 0.0078387 0.999753 0.0253022 0.0 0.0 0.0 1.0
office/seq-10/color/frame-000529.color.png office/seq-10/color/frame-000532.color.png 0.999609 -0.00451372 0.0276057 0.0178338 0.00472771 0.999959 -0.00769322 0.00903523 -0.0275698 0.00782075 0.999589 0.0272838 0.0 0.0 0.0 1.0
office/seq-10/color/frame-000532.color.png office/seq-10/color/frame-000535.color.png 0.99989 -0.00658484 0.0132615 0.0263713 0.00661068 0.999976 -0.00190257 -0.0226119 -0.0132487 0.00198994 0.99991 0.0236092 0.0 0.0 0.0 1.0
office/seq-10/color/frame-000535.color.png office/seq-10/color/frame-000538.color.png 0.999806 -0.0192877 0.00399643 -0.00434619 0.0192809 0.999813 0.00169637 -0.0421702 -0.0040284 -0.00161899 0.99999 0.0286067 0.0 0.0 0.0 1.0
office/seq-10/color/frame-000538.color.png office/seq-10/color/frame-000541.color.png 0.999739 -0.00506311 -0.0222903 0.0583986 0.00484199 0.999938 -0.00996856 0.015279 0.0223394 0.00985803 0.999702 0.0306132 0.0 0.0 0.0 1.0
office/seq-10/color/frame-000541.color.png office/seq-10/color/frame-000544.color.png 0.999971 -0.00735755 0.00208764 0.029613 0.00734306 0.99995 0.00682716 -0.017125 -0.00213776 -0.00681164 0.999974 0.0353379 0.0 0.0 0.0 1.0
office/seq-10/color/frame-000544.color.png office/seq-10/color/frame-000547.color.png 0.999649 0.000906242 0.0264663 0.00733787 -0.00112197 0.999966 0.00813886 -0.0233731 -0.026458 -0.00816571 0.999617 0.0500807 0.0 0.0 0.0 1.0
office/seq-10/color/frame-000547.color.png office/seq-10/color/frame-000550.color.png 0.999985 -0.00467125 0.00284857 0.052528 0.00464246 0.999939 0.0100055 -0.010239 -0.0028952 -0.00999222 0.999946 0.0313128 0.0 0.0 0.0 1.0
office/seq-10/color/frame-000550.color.png office/seq-10/color/frame-000553.color.png 0.999552 -0.00624663 0.0292814 -0.00515956 0.00566619 0.999787 0.0198636 -0.0282616 -0.0293991 -0.0196888 0.999374 0.0290236 0.0 0.0 0.0 1.0
office/seq-10/color/frame-000553.color.png office/seq-10/color/frame-000556.color.png 0.999701 -0.0188951 0.0155146 0.0220926 0.0184929 0.999499 0.025669 -0.0472208 -0.0159919 -0.0253744 0.99955 0.00921887 0.0 0.0 0.0 1.0
office/seq-10/color/frame-000556.color.png office/seq-10/color/frame-000559.color.png 0.999318 -0.0232223 0.0287125 -0.00341558 0.0224181 0.999356 0.0280236 -0.0612934 -0.0293447 -0.0273607 0.999195 0.019216 0.0 0.0 0.0 1.0
office/seq-10/color/frame-000559.color.png office/seq-10/color/frame-000562.color.png 0.999178 -0.0304568 0.0267357 0.00200188 0.0299344 0.999357 0.0197245 -0.0234774 -0.0273193 -0.0189079 0.999448 0.0159546 0.0 0.0 0.0 1.0
office/seq-10/color/frame-000562.color.png office/seq-10/color/frame-000565.color.png 0.99941 -0.00514399 0.0339673 0.00772047 0.00459926 0.99986 0.0160971 -0.0211117 -0.0340454 -0.0159314 0.999293 0.0239063 0.0 0.0 0.0 1.0
office/seq-10/color/frame-000565.color.png office/seq-10/color/frame-000568.color.png 0.999759 0.00488828 0.0213876 0.0210346 -0.00516764 0.999902 0.0130293 -0.0164182 -0.0213218 -0.0131367 0.999686 0.00227576 0.0 0.0 0.0 1.0
office/seq-10/color/frame-000568.color.png office/seq-10/color/frame-000571.color.png 0.999941 0.0102223 -0.00378582 0.0603452 -0.0102081 0.999941 0.00379747 0.0087986 0.00382441 -0.00375867 0.999986 -0.0133359 0.0 0.0 0.0 1.0
office/seq-10/color/frame-000571.color.png office/seq-10/color/frame-000574.color.png 0.999858 0.0168111 0.00106234 0.0479671 -0.0168094 0.999857 -0.0015925 0.0416034 -0.00108892 0.00157448 0.999998 -0.00809717 0.0 0.0 0.0 1.0
office/seq-10/color/frame-000574.color.png office/seq-10/color/frame-000577.color.png 0.999957 -0.00279474 0.00887709 0.0112512 0.00262624 0.999817 0.0189469 -0.0361293 -0.00892849 -0.0189227 0.999781 -0.0144368 0.0 0.0 0.0 1.0
office/seq-10/color/frame-000577.color.png office/seq-10/color/frame-000580.color.png 0.999714 -0.0215285 -0.0104389 0.0563914 0.021695 0.999635 0.0161089 -0.0231445 0.0100883 -0.0163308 0.999816 -0.0330401 0.0 0.0 0.0 1.0
office/seq-10/color/frame-000580.color.png office/seq-10/color/frame-000583.color.png 0.999605 -0.0179458 0.0216114 -0.000361323 0.0174956 0.99963 0.0208443 -0.0418984 -0.0219775 -0.020458 0.999549 -0.00565141 0.0 0.0 0.0 1.0
office/seq-10/color/frame-000583.color.png office/seq-10/color/frame-000586.color.png 0.999547 -0.0289863 0.00809935 0.014653 0.0289193 0.999547 0.00827699 -0.060245 -0.0083356 -0.00803896 0.999933 0.00888675 0.0 0.0 0.0 1.0
office/seq-10/color/frame-000586.color.png office/seq-10/color/frame-000589.color.png 0.99978 -0.00481452 0.0203933 0.00869286 0.00497419 0.999957 -0.00778228 -0.00060302 -0.020355 0.00788196 0.999762 0.0267847 0.0 0.0 0.0 1.0
office/seq-10/color/frame-000589.color.png office/seq-10/color/frame-000592.color.png 0.999635 0.0182907 0.0198873 0.0344259 -0.0180184 0.999743 -0.0137908 0.0492646 -0.0201343 0.0134274 0.999707 0.0267037 0.0 0.0 0.0 1.0
office/seq-10/color/frame-000592.color.png office/seq-10/color/frame-000595.color.png 0.999848 0.0105618 0.0138552 0.0170943 -0.0107148 0.999882 0.01102 -0.0176446 -0.0137372 -0.0111666 0.999843 0.0108664 0.0 0.0 0.0 1.0
office/seq-10/color/frame-000595.color.png office/seq-10/color/frame-000598.color.png 0.999861 0.016034 0.00466604 0.0285133 -0.0160211 0.999868 -0.00279827 0.0353499 -0.00471037 0.00272298 0.999985 -0.00395799 0.0 0.0 0.0 1.0
office/seq-10/color/frame-000598.color.png office/seq-10/color/frame-000601.color.png 0.999931 0.00414762 -0.0109782 0.0569447 -0.00424149 0.999955 -0.00854097 0.0518016 0.0109423 0.00858696 0.999903 -0.0238947 0.0 0.0 0.0 1.0
office/seq-10/color/frame-000601.color.png office/seq-10/color/frame-000604.color.png 0.999799 0.00621854 0.0190442 0.0110004 -0.00648011 0.999885 0.0137046 0.0191729 -0.0189567 -0.0138253 0.999725 -0.0057478 0.0 0.0 0.0 1.0
office/seq-10/color/frame-000604.color.png office/seq-10/color/frame-000607.color.png 0.99964 0.00510059 0.0263347 -0.023472 -0.0057522 0.999678 0.0247287 -0.0212075 -0.0262002 -0.0248712 0.999347 0.0183088 0.0 0.0 0.0 1.0
office/seq-10/color/frame-000607.color.png office/seq-10/color/frame-000610.color.png 0.999982 0.00538524 -0.00252576 0.0146155 -0.00534427 0.999858 0.0159958 0.00600976 0.00261159 -0.015982 0.999869 -0.0334542 0.0 0.0 0.0 1.0
office/seq-10/color/frame-000610.color.png office/seq-10/color/frame-000613.color.png 0.999725 0.0121248 -0.0200876 0.0443944 -0.0118945 0.999863 0.0115478 0.0226585 0.0202249 -0.0113056 0.999732 -0.0703515 0.0 0.0 0.0 1.0
office/seq-10/color/frame-000613.color.png office/seq-10/color/frame-000616.color.png 0.999598 0.0244858 -0.0142691 0.0404453 -0.0242208 0.999536 0.0184572 0.0329113 0.0147144 -0.0181042 0.999728 -0.0510306 0.0 0.0 0.0 1.0
office/seq-10/color/frame-000616.color.png office/seq-10/color/frame-000619.color.png 0.998287 0.0579151 -0.00832983 0.0468917 -0.0577797 0.998206 0.0156686 0.0802144 0.00922236 -0.0151605 0.999842 -0.0358062 0.0 0.0 0.0 1.0
office/seq-10/color/frame-000619.color.png office/seq-10/color/frame-000622.color.png 0.998927 0.0386159 -0.0255493 0.0661076 -0.0387512 0.999237 -0.00482364 0.0777735 0.0253435 0.00580863 0.999662 -0.0571442 0.0 0.0 0.0 1.0
office/seq-10/color/frame-000622.color.png office/seq-10/color/frame-000625.color.png 0.998688 0.0502807 -0.0097092 0.0357695 -0.050403 0.998647 -0.0127996 0.0989461 0.00905252 0.013272 0.999871 -0.0226523 0.0 0.0 0.0 1.0
office/seq-10/color/frame-000625.color.png office/seq-10/color/frame-000628.color.png 0.999453 0.016654 -0.0285617 0.029618 -0.0171448 0.999708 -0.0170253 0.0537953 0.0282698 0.0175058 0.999447 -0.0500398 0.0 0.0 0.0 1.0
office/seq-10/color/frame-000628.color.png office/seq-10/color/frame-000631.color.png 0.999408 0.0260959 -0.0224337 0.0280598 -0.0262119 0.999644 -0.00489237 0.0512199 0.022298 0.00547749 0.999736 -0.0455123 0.0 0.0 0.0 1.0
office/seq-10/color/frame-000631.color.png office/seq-10/color/frame-000634.color.png 0.999187 0.0180309 -0.0360445 0.0447118 -0.018878 0.99955 -0.0233029 0.0639544 0.0356081 0.0239644 0.999078 -0.0576125 0.0 0.0 0.0 1.0
office/seq-10/color/frame-000634.color.png office/seq-10/color/frame-000637.color.png 0.999475 0.00861134 -0.0312519 0.0342906 -0.00882331 0.999939 -0.00665019 0.0218749 0.0311928 0.00692243 0.99949 -0.0451749 0.0 0.0 0.0 1.0
office/seq-10/color/frame-000637.color.png office/seq-10/color/frame-000640.color.png 0.999063 0.0288639 -0.0322342 0.0335046 -0.0295859 0.999317 -0.0221521 0.07848 0.0315727 0.0230849 0.999235 -0.038904 0.0 0.0 0.0 1.0
office/seq-10/color/frame-000640.color.png office/seq-10/color/frame-000643.color.png 0.998163 0.0243557 -0.05547 0.0620973 -0.0249334 0.999642 -0.00974661 0.0424895 0.0552127 0.0111118 0.998413 -0.0623894 0.0 0.0 0.0 1.0
office/seq-10/color/frame-000643.color.png office/seq-10/color/frame-000646.color.png 0.998294 0.0502114 -0.029788 0.0430127 -0.0507793 0.998536 -0.018625 0.101844 0.0288092 0.0201059 0.999383 -0.0118898 0.0 0.0 0.0 1.0
office/seq-10/color/frame-000646.color.png office/seq-10/color/frame-000649.color.png 0.997808 0.017334 -0.0638694 0.0506551 -0.0182388 0.999741 -0.0136108 0.0403991 0.0636169 0.0147458 0.997865 -0.0598441 0.0 0.0 0.0 1.0
office/seq-10/color/frame-000649.color.png office/seq-10/color/frame-000652.color.png 0.998822 0.0211483 -0.0436848 0.0245987 -0.0213652 0.999762 -0.00450314 0.036746 0.0435792 0.00543121 0.999035 -0.0267428 0.0 0.0 0.0 1.0
office/seq-10/color/frame-000652.color.png office/seq-10/color/frame-000655.color.png 0.999069 0.00561442 -0.0427713 0.0311096 -0.00586784 0.999966 -0.00580151 0.0184969 0.0427373 0.00604702 0.999068 -0.0131072 0.0 0.0 0.0 1.0
office/seq-10/color/frame-000655.color.png office/seq-10/color/frame-000658.color.png 0.999634 -0.000236337 -0.0270578 0.010074 0.00027567 0.999999 0.0014502 -0.0235136 0.0270575 -0.00145707 0.999633 -0.00635797 0.0 0.0 0.0 1.0
office/seq-10/color/frame-000658.color.png office/seq-10/color/frame-000661.color.png 0.999494 0.00596297 -0.0312312 0.0072391 -0.0062833 0.999929 -0.0101685 0.00482863 0.0311683 0.0103596 0.99946 -0.00372463 0.0 0.0 0.0 1.0
office/seq-10/color/frame-000661.color.png office/seq-10/color/frame-000664.color.png 0.999745 0.010139 -0.0201563 0.0265067 -0.0102837 0.999922 -0.00709041 0.00510579 0.0200828 0.00729591 0.999772 0.0216946 0.0 0.0 0.0 1.0
office/seq-10/color/frame-000664.color.png office/seq-10/color/frame-000667.color.png 0.999525 -0.00130116 -0.0307768 0.0182322 0.00100351 0.999953 -0.00968453 -0.0235088 0.030788 0.00964898 0.999479 -0.00382149 0.0 0.0 0.0 1.0
office/seq-10/color/frame-000667.color.png office/seq-10/color/frame-000670.color.png 0.999241 0.0219378 -0.0321986 0.0289103 -0.0226564 0.999498 -0.0221271 0.0305908 0.031697 0.0228398 0.999237 0.0115843 0.0 0.0 0.0 1.0
office/seq-10/color/frame-000670.color.png office/seq-10/color/frame-000673.color.png 0.999521 0.0104223 -0.0291325 0.030828 -0.0108747 0.999822 -0.0154138 -0.00425762 0.0289666 0.0157232 0.999457 -0.00728452 0.0 0.0 0.0 1.0
office/seq-10/color/frame-000673.color.png office/seq-10/color/frame-000676.color.png 0.998867 0.00957053 -0.0466099 0.0416312 -0.0109154 0.999529 -0.0286847 0.0433346 0.0463135 0.029161 0.998501 -0.00996876 0.0 0.0 0.0 1.0
office/seq-10/color/frame-000676.color.png office/seq-10/color/frame-000679.color.png 0.999135 0.0112656 -0.0400266 0.0409627 -0.011634 0.999892 -0.00898235 0.0167978 0.0399211 0.00944023 0.999158 -0.0270883 0.0 0.0 0.0 1.0
office/seq-10/color/frame-000679.color.png office/seq-10/color/frame-000682.color.png 0.999603 0.015373 -0.0236031 0.0103432 -0.0154188 0.99988 -0.0017622 0.0172747 0.0235732 0.00212546 0.99972 -0.0158938 0.0 0.0 0.0 1.0
office/seq-10/color/frame-000682.color.png office/seq-10/color/frame-000685.color.png 0.99882 0.00114236 -0.0485409 0.0384969 -0.00143738 0.999981 -0.00604358 0.00111794 0.0485331 0.00610616 0.998803 -0.0374075 0.0 0.0 0.0 1.0
office/seq-10/color/frame-000685.color.png office/seq-10/color/frame-000688.color.png 0.999508 0.00787396 -0.0303706 0.0246736 -0.00767121 0.999948 0.00678672 -0.00938791 0.0304225 -0.00655039 0.999516 -0.0298355 0.0 0.0 0.0 1.0
office/seq-10/color/frame-000688.color.png office/seq-10/color/frame-000691.color.png 0.999658 4.05769e-05 -0.0261535 -0.00281858 8.87554e-05 0.999988 0.00494444 -0.0179273 0.0261533 -0.00494503 0.999646 -0.0274945 0.0 0.0 0.0 1.0
office/seq-10/color/frame-000691.color.png office/seq-10/color/frame-000694.color.png 0.999499 0.000474797 -0.0316395 0.0178684 -0.000540338 0.999998 -0.00206302 0.0195625 0.0316385 0.00207904 0.999497 -0.0227658 0.0 0.0 0.0 1.0
office/seq-10/color/frame-000694.color.png office/seq-10/color/frame-000697.color.png 0.998806 0.0148173 -0.0465595 0.0538031 -0.0144525 0.999862 0.00816242 0.00183648 0.046674 -0.00747976 0.998882 -0.0446314 0.0 0.0 0.0 1.0
office/seq-10/color/frame-000697.color.png office/seq-10/color/frame-000700.color.png 0.999763 0.010771 -0.0189098 -0.00866365 -0.0109815 0.999878 -0.0110605 0.031873 0.0187885 0.0112655 0.99976 -0.0117126 0.0 0.0 0.0 1.0
office/seq-10/color/frame-000700.color.png office/seq-10/color/frame-000703.color.png 0.999107 0.0114468 -0.0406615 0.0396178 -0.0110468 0.999889 0.010048 -0.0247517 0.0407719 -0.00958987 0.999123 -0.0300826 0.0 0.0 0.0 1.0
office/seq-10/color/frame-000703.color.png office/seq-10/color/frame-000706.color.png 0.999263 -0.00436111 -0.0381442 0.034023 0.00404839 0.999958 -0.00827123 0.0179867 0.0381787 0.00811072 0.999238 -0.035907 0.0 0.0 0.0 1.0
office/seq-10/color/frame-000706.color.png office/seq-10/color/frame-000709.color.png 0.999156 0.00537763 -0.0407321 0.0351762 -0.00507806 0.999959 0.00745454 -0.0160604 0.0407705 -0.00724139 0.999142 -0.0392008 0.0 0.0 0.0 1.0
office/seq-10/color/frame-000709.color.png office/seq-10/color/frame-000712.color.png 0.999718 0.0104666 -0.0213069 0.00784051 -0.0104594 0.999945 0.000450978 0.00295603 0.0213105 -0.000227969 0.999773 -0.0225513 0.0 0.0 0.0 1.0
office/seq-10/color/frame-000712.color.png office/seq-10/color/frame-000715.color.png 0.999268 0.0142177 -0.0355071 0.0387777 -0.0137425 0.999813 0.013593 -0.00767803 0.0356936 -0.0130951 0.999277 -0.0338957 0.0 0.0 0.0 1.0
office/seq-10/color/frame-000715.color.png office/seq-10/color/frame-000718.color.png 0.999724 0.0107502 -0.0208781 0.0108712 -0.0109474 0.999896 -0.00935166 0.052131 0.0207755 0.00957763 0.999738 -0.00458896 0.0 0.0 0.0 1.0
office/seq-10/color/frame-000718.color.png office/seq-10/color/frame-000721.color.png 0.999152 0.0217055 -0.0349949 0.0668944 -0.0207505 0.999408 0.0274266 -0.0673203 0.0355695 -0.0266772 0.999011 -0.0374399 0.0 0.0 0.0 1.0
office/seq-10/color/frame-000721.color.png office/seq-10/color/frame-000724.color.png 0.999446 0.0115204 -0.031221 0.0464767 -0.0115956 0.99993 -0.00222802 0.02959 0.0311932 0.00258883 0.99951 -0.0150353 0.0 0.0 0.0 1.0
office/seq-10/color/frame-000724.color.png office/seq-10/color/frame-000727.color.png 0.99968 0.0125207 -0.0219869 0.0229753 -0.0125171 0.999922 0.000302361 0.0195304 0.0219889 -2.70081e-05 0.999758 -0.0226842 0.0 0.0 0.0 1.0
office/seq-10/color/frame-000727.color.png office/seq-10/color/frame-000730.color.png 0.999538 0.0120418 -0.0279021 0.0344136 -0.0120967 0.999925 -0.00180066 0.0250492 0.0278783 0.00213729 0.999609 -0.0155361 0.0 0.0 0.0 1.0
office/seq-10/color/frame-000730.color.png office/seq-10/color/frame-000733.color.png 0.999714 0.0148896 -0.0187106 0.0238254 -0.0148444 0.999887 0.00254986 0.00965285 0.0187463 -0.00227132 0.999822 -0.0138226 0.0 0.0 0.0 1.0
office/seq-10/color/frame-000733.color.png office/seq-10/color/frame-000736.color.png 0.999527 0.0145452 -0.0270863 0.0382332 -0.0143139 0.99986 0.00871223 -0.0052079 0.0272092 -0.00832042 0.999595 -0.015602 0.0 0.0 0.0 1.0
office/seq-10/color/frame-000736.color.png office/seq-10/color/frame-000739.color.png 0.99925 0.011189 -0.0370605 0.0546125 -0.0111408 0.999937 0.0015083 0.00903225 0.037075 -0.00109429 0.999312 -0.0187798 0.0 0.0 0.0 1.0
office/seq-10/color/frame-000739.color.png office/seq-10/color/frame-000742.color.png 0.999026 0.0110527 -0.0427237 0.0569621 -0.0111944 0.999933 -0.00308007 0.013134 0.0426869 0.0035553 0.999082 -0.0171546 0.0 0.0 0.0 1.0
office/seq-10/color/frame-000742.color.png office/seq-10/color/frame-000745.color.png 0.999613 0.0139573 -0.0240575 0.0317234 -0.0140108 0.9999 -0.00205982 0.00963664 0.0240265 0.00239609 0.999708 -0.0041182 0.0 0.0 0.0 1.0
office/seq-10/color/frame-000745.color.png office/seq-10/color/frame-000748.color.png 0.999692 0.00185618 -0.0247367 0.0370444 -0.00201859 0.999977 -0.00653977 0.0175607 0.0247239 0.00658768 0.999673 -0.000425696 0.0 0.0 0.0 1.0
office/seq-10/color/frame-000748.color.png office/seq-10/color/frame-000751.color.png 0.99969 0.00931684 -0.0230783 0.0277083 -0.00925807 0.999954 0.00265288 -0.0047164 0.023102 -0.00243839 0.99973 -0.0106744 0.0 0.0 0.0 1.0
office/seq-10/color/frame-000751.color.png office/seq-10/color/frame-000754.color.png 0.999797 0.0139313 -0.0145689 0.0145302 -0.0139446 0.999902 -0.000812841 0.00344408 0.0145561 0.00101583 0.999894 -0.00490773 0.0 0.0 0.0 1.0
office/seq-10/color/frame-000754.color.png office/seq-10/color/frame-000757.color.png 0.999683 0.0150112 -0.0202293 0.0327227 -0.0149549 0.999884 0.00293927 -0.000734448 0.020271 -0.00263583 0.999791 -0.00354373 0.0 0.0 0.0 1.0
office/seq-10/color/frame-000757.color.png office/seq-10/color/frame-000760.color.png 0.999737 0.0018736 -0.0228788 0.023215 -0.00176643 0.999987 0.00470215 -0.0095048 0.0228873 -0.0046605 0.999727 -0.0112326 0.0 0.0 0.0 1.0
office/seq-10/color/frame-000760.color.png office/seq-10/color/frame-000763.color.png 0.998935 0.0117659 -0.0446074 0.0671534 -0.0120171 0.999913 -0.00536643 0.0227772 0.0445404 0.00589676 0.99899 -0.0137827 0.0 0.0 0.0 1.0
office/seq-10/color/frame-000763.color.png office/seq-10/color/frame-000766.color.png 0.999749 0.00658083 -0.0214058 0.0280222 -0.00665952 0.999971 -0.0036075 0.0172191 0.0213814 0.00374912 0.999764 -0.0206668 0.0 0.0 0.0 1.0
office/seq-10/color/frame-000766.color.png office/seq-10/color/frame-000769.color.png 0.998698 0.0151883 -0.0486972 0.0678791 -0.0154844 0.999864 -0.00570924 0.022446 0.0486039 0.00645585 0.998797 -0.0242132 0.0 0.0 0.0 1.0
office/seq-10/color/frame-000769.color.png office/seq-10/color/frame-000772.color.png 0.998789 0.0110521 -0.0479355 0.0669692 -0.0114686 0.999899 -0.00841952 0.0264561 0.0478376 0.00895913 0.998815 -0.0181684 0.0 0.0 0.0 1.0
office/seq-10/color/frame-000772.color.png office/seq-10/color/frame-000775.color.png 0.999334 0.00934031 -0.03527 0.0344777 -0.0095437 0.999939 -0.00560422 0.0127089 0.0352156 0.00593709 0.999362 -0.0222605 0.0 0.0 0.0 1.0
office/seq-10/color/frame-000775.color.png office/seq-10/color/frame-000778.color.png 0.999553 0.0127064 -0.0270492 0.0373825 -0.0126732 0.999919 0.00139719 0.00500739 0.0270648 -0.00105374 0.999633 -0.0257807 0.0 0.0 0.0 1.0
office/seq-10/color/frame-000778.color.png office/seq-10/color/frame-000781.color.png 0.998681 0.00493272 -0.0511108 0.0711804 -0.00496503 0.999988 -0.000505089 0.0184928 0.0511076 0.000758161 0.998693 -0.0415356 0.0 0.0 0.0 1.0
office/seq-10/color/frame-000781.color.png office/seq-10/color/frame-000784.color.png 0.999448 0.0145364 -0.029872 0.0347722 -0.0144172 0.999887 0.00420622 0.00338638 0.0299298 -0.00377322 0.999545 -0.0251552 0.0 0.0 0.0 1.0
office/seq-10/color/frame-000784.color.png office/seq-10/color/frame-000787.color.png 0.999468 0.0151702 -0.0288676 0.0321603 -0.0150947 0.999882 0.00283061 0.0147461 0.0289071 -0.00239335 0.999579 -0.0239861 0.0 0.0 0.0 1.0
office/seq-10/color/frame-000787.color.png office/seq-10/color/frame-000790.color.png 0.999712 0.0143993 -0.0192037 0.00941288 -0.0144054 0.999896 -0.00017876 0.025781 0.0191992 0.000455322 0.999816 -0.0193696 0.0 0.0 0.0 1.0
office/seq-10/color/frame-000790.color.png office/seq-10/color/frame-000793.color.png 0.999567 0.016403 -0.02444 0.0145689 -0.0161259 0.999804 0.0114925 -0.00442147 0.0246238 -0.0110934 0.999635 -0.0315436 0.0 0.0 0.0 1.0
office/seq-10/color/frame-000793.color.png office/seq-10/color/frame-000796.color.png 0.999599 0.00935341 -0.0267433 0.0185156 -0.00933123 0.999956 0.000957035 0.00912809 0.0267511 -0.000707113 0.999642 -0.0389707 0.0 0.0 0.0 1.0
office/seq-10/color/frame-000796.color.png office/seq-10/color/frame-000799.color.png 0.999402 0.01075 -0.0328775 0.019623 -0.0109273 0.999927 -0.00521883 0.0140742 0.032819 0.00557496 0.999446 -0.0352004 0.0 0.0 0.0 1.0
office/seq-10/color/frame-000799.color.png office/seq-10/color/frame-000802.color.png 0.999425 0.00653792 -0.0332769 0.0275012 -0.00608058 0.999886 0.0138277 -0.0277729 0.0333635 -0.0136174 0.999351 -0.0620408 0.0 0.0 0.0 1.0
office/seq-10/color/frame-000802.color.png office/seq-10/color/frame-000805.color.png 0.999214 -0.00324467 -0.0394981 0.0365463 0.0033734 0.999989 0.00319116 0.00959563 0.0394874 -0.00332185 0.999214 -0.0348639 0.0 0.0 0.0 1.0
office/seq-10/color/frame-000805.color.png office/seq-10/color/frame-000808.color.png 0.999454 0.00505521 -0.0326671 0.0226756 -0.0047096 0.999932 0.0106506 -0.0142105 0.0327187 -0.010491 0.99941 -0.051339 0.0 0.0 0.0 1.0
office/seq-10/color/frame-000808.color.png office/seq-10/color/frame-000811.color.png 0.999373 5.31201e-05 -0.0354067 0.0297428 0.000299599 0.99995 0.00995746 -0.00783658 0.0354055 -0.00996184 0.999323 -0.0373139 0.0 0.0 0.0 1.0
office/seq-10/color/frame-000811.color.png office/seq-10/color/frame-000814.color.png 0.999371 0.00475268 -0.0351575 0.0350517 -0.00463141 0.999983 0.00353126 0.00732332 0.0351737 -0.00336621 0.999376 -0.0271631 0.0 0.0 0.0 1.0
office/seq-10/color/frame-000814.color.png office/seq-10/color/frame-000817.color.png 0.998703 0.00534061 -0.0506391 0.0463961 -0.00482728 0.999936 0.0102505 -0.00393242 0.0506906 -0.00999272 0.998664 -0.0363293 0.0 0.0 0.0 1.0
office/seq-10/color/frame-000817.color.png office/seq-10/color/frame-000820.color.png 0.999548 0.0160991 -0.0253926 0.0114981 -0.0161268 0.99987 -0.000881505 -0.00713056 0.0253751 0.00129062 0.999677 -0.0321261 0.0 0.0 0.0 1.0
office/seq-10/color/frame-000820.color.png office/seq-10/color/frame-000823.color.png 0.99905 0.0089375 -0.0426524 0.0497323 -0.00898595 0.999959 -0.000944279 0.00797087 0.0426422 0.00132658 0.99909 -0.00181103 0.0 0.0 0.0 1.0
office/seq-10/color/frame-000823.color.png office/seq-10/color/frame-000826.color.png 0.998556 0.0146363 -0.0516809 0.0515371 -0.0150916 0.999851 -0.00843242 0.0184029 0.0515498 0.00920024 0.998628 -0.0125859 0.0 0.0 0.0 1.0
office/seq-10/color/frame-000826.color.png office/seq-10/color/frame-000829.color.png 0.998657 0.00586025 -0.0514818 0.052967 -0.00644016 0.999918 -0.0111048 0.0163518 0.0514125 0.0114214 0.998612 0.00064981 0.0 0.0 0.0 1.0
office/seq-10/color/frame-000829.color.png office/seq-10/color/frame-000832.color.png 0.999472 0.00623405 -0.0318758 0.0347895 -0.00660228 0.999913 -0.0114568 0.0220456 0.0318016 0.0116611 0.999426 0.0204666 0.0 0.0 0.0 1.0
office/seq-10/color/frame-000832.color.png office/seq-10/color/frame-000835.color.png 0.999289 0.00977988 -0.0364029 0.0413878 -0.0101443 0.9999 -0.00984301 0.0233573 0.0363031 0.0102054 0.999289 0.0113046 0.0 0.0 0.0 1.0
office/seq-10/color/frame-000835.color.png office/seq-10/color/frame-000838.color.png 0.99976 0.0124607 -0.0180033 0.0181388 -0.0127393 0.9998 -0.0154445 0.0206472 0.0178073 0.0156702 0.999719 0.0182843 0.0 0.0 0.0 1.0
office/seq-10/color/frame-000838.color.png office/seq-10/color/frame-000841.color.png 0.999887 0.00175935 -0.0149432 0.0224614 -0.00193198 0.999931 -0.0115449 0.0222411 0.0149218 0.0115725 0.999822 0.0171903 0.0 0.0 0.0 1.0
office/seq-10/color/frame-000841.color.png office/seq-10/color/frame-000844.color.png 0.99989 0.0124072 -0.00813566 0.01532 -0.0124786 0.999884 -0.00877315 0.0153551 0.00802599 0.00887378 0.999928 0.0305707 0.0 0.0 0.0 1.0
office/seq-10/color/frame-000844.color.png office/seq-10/color/frame-000847.color.png 0.999889 0.0104728 0.0105737 -0.011339 -0.0103328 0.99986 -0.0131942 0.0213182 -0.0107105 0.0130834 0.999857 0.0228012 0.0 0.0 0.0 1.0
office/seq-10/color/frame-000847.color.png office/seq-10/color/frame-000850.color.png 0.999988 -0.00135408 0.00462633 0.0120009 0.00137196 0.999992 -0.0038676 0.0105788 -0.00462109 0.00387391 0.999982 -0.00531924 0.0 0.0 0.0 1.0
office/seq-10/color/frame-000850.color.png office/seq-10/color/frame-000853.color.png 0.999973 -0.00562035 0.00484609 0.0133322 0.00561833 0.999984 0.000441743 0.00434983 -0.00484849 -0.000414485 0.999988 0.00414538 0.0 0.0 0.0 1.0
office/seq-10/color/frame-000853.color.png office/seq-10/color/frame-000856.color.png 0.999986 -7.69613e-05 -0.00519412 0.0393472 0.000155591 0.999885 0.0151707 -0.00271285 0.00519233 -0.0151714 0.999871 0.00382149 0.0 0.0 0.0 1.0
office/seq-10/color/frame-000856.color.png office/seq-10/color/frame-000859.color.png 0.999681 0.0125861 0.0219152 0.022039 -0.0126469 0.999916 0.0026383 0.0001055 -0.0218802 -0.00291461 0.999756 -0.00961959 0.0 0.0 0.0 1.0
office/seq-10/color/frame-000859.color.png office/seq-10/color/frame-000862.color.png 0.999977 0.00672539 -0.00131562 0.0297903 -0.00671009 0.999914 0.0112425 -0.00433534 0.00139114 -0.0112334 0.999936 0.0133251 0.0 0.0 0.0 1.0
office/seq-10/color/frame-000862.color.png office/seq-10/color/frame-000865.color.png 0.999497 0.00877845 0.0304869 0.0237528 -0.00866085 0.999955 -0.00398576 0.0139164 -0.0305205 0.00371971 0.999527 0.0021683 0.0 0.0 0.0 1.0
office/seq-10/color/frame-000865.color.png office/seq-10/color/frame-000868.color.png 0.999446 0.0155422 0.0294341 0.0126506 -0.0152954 0.999846 -0.00859212 0.0236574 -0.0295631 0.00813719 0.99953 0.0291378 0.0 0.0 0.0 1.0
office/seq-10/color/frame-000868.color.png office/seq-10/color/frame-000871.color.png 0.999624 -0.0060321 0.0267614 -0.00509626 0.00620669 0.99996 -0.00644511 0.0211627 -0.0267215 0.00660875 0.999621 0.0125049 0.0 0.0 0.0 1.0
office/seq-10/color/frame-000871.color.png office/seq-10/color/frame-000874.color.png 0.999548 0.0140023 0.0265949 0.0116066 -0.0140187 0.999902 0.000428684 0.0122898 -0.0265863 -0.000801298 0.999646 0.0206509 0.0 0.0 0.0 1.0
office/seq-10/color/frame-000874.color.png office/seq-10/color/frame-000877.color.png 0.999767 0.00805453 0.0200122 0.000833392 -0.00801082 0.999965 -0.00225945 0.0134156 -0.0200296 0.00209856 0.999797 0.0234728 0.0 0.0 0.0 1.0
office/seq-10/color/frame-000877.color.png office/seq-10/color/frame-000880.color.png 0.99843 0.0180149 0.0530428 -0.0374731 -0.0170703 0.999688 -0.0182097 0.0379445 -0.0533543 0.0172756 0.998426 0.0393789 0.0 0.0 0.0 1.0
office/seq-10/color/frame-000880.color.png office/seq-10/color/frame-000883.color.png 0.999002 0.0133347 0.0426368 -0.0312424 -0.0126916 0.999802 -0.0153138 0.0297883 -0.0428326 0.0147574 0.998973 0.0201988 0.0 0.0 0.0 1.0
office/seq-10/color/frame-000883.color.png office/seq-10/color/frame-000886.color.png 0.999536 0.0227679 0.0202268 0.013607 -0.0225357 0.999678 -0.0116398 0.0394094 -0.0204853 0.0111786 0.999728 -0.00498199 0.0 0.0 0.0 1.0
office/seq-10/color/frame-000886.color.png office/seq-10/color/frame-000889.color.png 0.99986 0.0109383 0.0126264 0.00460845 -0.0109 0.999936 -0.00309496 0.0194911 -0.0126595 0.00295689 0.999915 -0.0098176 0.0 0.0 0.0 1.0
office/seq-10/color/frame-000889.color.png office/seq-10/color/frame-000892.color.png 0.999435 -0.0011806 0.0335896 -0.0334994 0.00155238 0.999938 -0.0110445 0.0482009 -0.0335745 0.0110904 0.999375 0.00711107 0.0 0.0 0.0 1.0
office/seq-10/color/frame-000892.color.png office/seq-10/color/frame-000895.color.png 0.999255 0.00835265 0.0376718 -0.0403228 -0.00808827 0.999942 -0.00716702 0.0228047 -0.0377295 0.00685705 0.999264 0.0135969 0.0 0.0 0.0 1.0
office/seq-10/color/frame-000895.color.png office/seq-10/color/frame-000898.color.png 0.999274 0.0162293 0.0344734 -0.0263267 -0.0165435 0.999824 0.00885383 0.0150961 -0.0343236 -0.00941769 0.999366 -0.00110221 0.0 0.0 0.0 1.0
office/seq-10/color/frame-000898.color.png office/seq-10/color/frame-000901.color.png 0.998512 -0.00666758 0.0541321 -0.0687699 0.00641576 0.999968 0.00482294 -0.00123709 -0.0541625 -0.00446849 0.998522 0.00596535 0.0 0.0 0.0 1.0
office/seq-10/color/frame-000901.color.png office/seq-10/color/frame-000904.color.png 0.999441 -0.00241601 0.0333456 -0.0242698 0.00273842 0.99995 -0.00962521 0.0212978 -0.0333207 0.00971113 0.999398 0.010667 0.0 0.0 0.0 1.0
office/seq-10/color/frame-000904.color.png office/seq-10/color/frame-000907.color.png 0.998863 -0.00555004 0.047359 -0.0528104 0.00660966 0.999731 -0.0222476 0.0369158 -0.0472228 0.0225353 0.99863 0.0140682 0.0 0.0 0.0 1.0
office/seq-10/color/frame-000907.color.png office/seq-10/color/frame-000910.color.png 0.999203 -0.0139449 0.0373976 -0.0290515 0.0139149 0.999903 0.00106023 -0.0269327 -0.0374087 -0.000538947 0.9993 0.000661016 0.0 0.0 0.0 1.0
office/seq-10/color/frame-000910.color.png office/seq-10/color/frame-000913.color.png 0.998389 -0.0184551 0.0536515 -0.0653237 0.018286 0.999826 0.00364362 -0.0205455 -0.0537093 -0.00265672 0.998553 0.0119857 0.0 0.0 0.0 1.0
office/seq-10/color/frame-000913.color.png office/seq-10/color/frame-000916.color.png 0.999142 -0.0274142 0.0310395 -0.0142195 0.0278213 0.999532 -0.0127602 -0.0060252 -0.0306751 0.0136128 0.999437 -0.0160146 0.0 0.0 0.0 1.0
office/seq-10/color/frame-000916.color.png office/seq-10/color/frame-000919.color.png 0.998999 -0.0246258 0.0373339 -0.0186359 0.0252587 0.999543 -0.0165776 0.0274951 -0.0369088 0.0175041 0.999165 -0.0285065 0.0 0.0 0.0 1.0
office/seq-10/color/frame-000919.color.png office/seq-10/color/frame-000922.color.png 0.998971 -0.0243292 0.0382742 -0.0538449 0.0239689 0.999664 0.00984709 -0.0480239 -0.0385008 -0.00891956 0.999219 -0.000157118 0.0 0.0 0.0 1.0
office/seq-10/color/frame-000922.color.png office/seq-10/color/frame-000925.color.png 0.99942 -0.0267074 0.0211454 0.000617683 0.0268297 0.999625 -0.00552326 -0.00236726 -0.0209901 0.00608741 0.999761 -0.0111858 0.0 0.0 0.0 1.0
office/seq-10/color/frame-000925.color.png office/seq-10/color/frame-000928.color.png 0.999611 -0.0209968 0.0183562 -0.00250638 0.0210047 0.999779 -0.000232886 -0.0203447 -0.0183473 0.000618367 0.999831 0.00686061 0.0 0.0 0.0 1.0
office/seq-10/color/frame-000928.color.png office/seq-10/color/frame-000931.color.png 0.998627 -0.0398449 0.0340132 -0.0302874 0.039915 0.999202 -0.00138564 -0.0443714 -0.0339309 0.00274139 0.999421 0.000696123 0.0 0.0 0.0 1.0
office/seq-10/color/frame-000931.color.png office/seq-10/color/frame-000934.color.png 0.999165 -0.0334182 0.0235044 -0.000434756 0.0337954 0.999303 -0.0158344 -0.0143828 -0.0229589 0.0166155 0.999598 0.00304925 0.0 0.0 0.0 1.0
office/seq-10/color/frame-000934.color.png office/seq-10/color/frame-000937.color.png 0.998561 -0.0343677 0.0411576 -0.0273638 0.0352682 0.99915 -0.0213538 -0.0282686 -0.0403887 0.0227747 0.998925 0.0365022 0.0 0.0 0.0 1.0
office/seq-10/color/frame-000937.color.png office/seq-10/color/frame-000940.color.png 0.999582 -0.0256584 0.0133506 -0.0053153 0.0257037 0.999664 -0.00323504 -0.0215891 -0.0132632 0.00357684 0.999906 0.00300413 0.0 0.0 0.0 1.0
office/seq-10/color/frame-000940.color.png office/seq-10/color/frame-000943.color.png 0.999782 -0.0164219 0.0128739 0.0106018 0.0165828 0.999784 -0.0124915 -0.00248671 -0.0126661 0.0127023 0.999839 0.00933504 0.0 0.0 0.0 1.0
office/seq-10/color/frame-000943.color.png office/seq-10/color/frame-000946.color.png 0.999713 -0.0176595 0.0161759 0.00429082 0.0178694 0.999757 -0.0129306 -0.00240123 -0.0159435 0.0132159 0.999785 0.0172258 0.0 0.0 0.0 1.0
office/seq-10/color/frame-000946.color.png office/seq-10/color/frame-000949.color.png 0.999913 -0.00491367 0.0122234 0.00896382 0.00491474 0.999988 -4.69859e-05 -0.0245932 -0.0122231 0.000107061 0.999925 0.0194985 0.0 0.0 0.0 1.0
office/seq-10/color/frame-000949.color.png office/seq-10/color/frame-000952.color.png 0.999895 -0.00584564 0.0132469 0.00552404 0.00578254 0.999972 0.00479628 -0.0172992 -0.0132745 -0.00471924 0.999901 0.00896096 0.0 0.0 0.0 1.0
office/seq-10/color/frame-000952.color.png office/seq-10/color/frame-000955.color.png 0.999751 -0.0186007 0.0123032 0.0124836 0.0185509 0.999819 0.00413529 -0.011582 -0.0123779 -0.00390598 0.999916 0.00839919 0.0 0.0 0.0 1.0
office/seq-10/color/frame-000955.color.png office/seq-10/color/frame-000958.color.png 0.99985 -0.0166998 0.00452877 0.0119513 0.0166512 0.999805 0.0105811 -0.0364498 -0.00470463 -0.0105041 0.999934 -0.00113219 0.0 0.0 0.0 1.0
office/seq-10/color/frame-000958.color.png office/seq-10/color/frame-000961.color.png 0.999934 -0.0108461 0.00378863 0.032233 0.0107619 0.999709 0.0215824 -0.0209763 -0.00402165 -0.0215402 0.99976 0.00905007 0.0 0.0 0.0 1.0
office/seq-10/color/frame-000961.color.png office/seq-10/color/frame-000964.color.png 0.999902 -0.0049884 0.0131095 0.00920773 0.00476894 0.999849 0.0167183 -0.0272583 -0.0131908 -0.0166542 0.999774 0.0100982 0.0 0.0 0.0 1.0
office/seq-10/color/frame-000964.color.png office/seq-10/color/frame-000967.color.png 0.999979 -0.0064002 -0.000717656 0.0287695 0.00641347 0.999773 0.0203298 -0.0308731 0.000587362 -0.0203339 0.999793 -0.0142381 0.0 0.0 0.0 1.0
office/seq-10/color/frame-000967.color.png office/seq-10/color/frame-000970.color.png 0.999917 0.00371234 -0.0123651 0.0452597 -0.00341175 0.9997 0.0242407 -0.026238 0.0124513 -0.0241965 0.99963 -0.0245005 0.0 0.0 0.0 1.0
office/seq-10/color/frame-000970.color.png office/seq-10/color/frame-000973.color.png 0.999878 -0.00761732 -0.01365 0.0367973 0.00792481 0.999713 0.0226159 -0.0377789 0.0134739 -0.0227213 0.999651 -0.00688362 0.0 0.0 0.0 1.0
office/seq-10/color/frame-000973.color.png office/seq-10/color/frame-000976.color.png 0.999793 -0.00661477 -0.0192281 0.0465344 0.00710414 0.99965 0.0254945 -0.032638 0.0190528 -0.0256258 0.99949 -0.0440241 0.0 0.0 0.0 1.0
office/seq-10/color/frame-000976.color.png office/seq-10/color/frame-000979.color.png 0.999934 -0.0102717 0.00504876 0.0146412 0.010271 0.999947 0.000166818 -0.00197196 -0.00505019 -0.000114945 0.999987 0.0315373 0.0 0.0 0.0 1.0
office/seq-10/color/frame-000979.color.png office/seq-10/color/frame-000982.color.png 0.999968 -0.0049044 0.00638951 -0.00590181 0.00481482 0.999891 0.0139612 -0.0406192 -0.00645743 -0.01393 0.999882 0.011868 0.0 0.0 0.0 1.0
office/seq-10/color/frame-000982.color.png office/seq-10/color/frame-000985.color.png 0.999709 -0.0155127 -0.0184838 0.0227072 0.0157876 0.999766 0.0148193 -0.0397651 0.0182497 -0.0151069 0.99972 -0.01442 0.0 0.0 0.0 1.0
office/seq-10/color/frame-000985.color.png office/seq-10/color/frame-000988.color.png 0.999856 -0.0169305 -0.00148274 -0.0136942 0.0169274 0.999855 -0.00205102 -0.0312899 0.00151729 0.00202562 0.999997 0.019978 0.0 0.0 0.0 1.0
office/seq-10/color/frame-000988.color.png office/seq-10/color/frame-000991.color.png 0.99969 -0.0153942 -0.0195835 0.0190749 0.0153408 0.999878 -0.00287566 -0.0151554 0.0196254 0.00257441 0.999804 -0.00900221 0.0 0.0 0.0 1.0
office/seq-10/color/frame-000991.color.png office/seq-10/color/frame-000994.color.png 0.999892 0.00388026 -0.0142102 0.0121897 -0.00415073 0.99981 -0.019059 0.0440811 0.0141336 0.0191159 0.999717 0.0313115 0.0 0.0 0.0 1.0
office/seq-10/color/frame-000994.color.png office/seq-10/color/frame-000997.color.png 0.999589 0.0228334 -0.0173384 0.0208201 -0.0229894 0.999696 -0.00885573 -0.00318712 0.017131 0.0092507 0.999811 0.0108727 0.0 0.0 0.0 1.0
