chess/seq-04/color/frame-000002.color.png chess/seq-04/color/frame-000005.color.png 0.999973 0.00735125 -0.000320037 0.000854871 -0.00735082 0.999972 0.00134246 0.000258784 0.000329897 -0.00134007 0.999999 2.74541e-07 0.0 0.0 0.0 1.0
chess/seq-04/color/frame-000005.color.png chess/seq-04/color/frame-000008.color.png 0.999996 0.000113169 -0.0028288 0.000877022 -0.000113325 1.0 -5.44688e-05 0.00126017 0.00282879 5.4789e-05 0.999996 0.00106881 0.0 0.0 0.0 1.0
chess/seq-04/color/frame-000008.color.png chess/seq-04/color/frame-000011.color.png 0.999996 0.00240468 -0.00147713 0.00122676 -0.00240246 0.999996 0.00149658 -0.00111223 0.00148072 -0.00149302 0.999998 0.0023345 0.0 0.0 0.0 1.0
chess/seq-04/color/frame-000011.color.png chess/seq-04/color/frame-000014.color.png 0.999991 0.00369952 -0.00199212 0.00350295 -0.00370242 0.999992 -0.0014544 0.00281542 0.00198672 0.00146176 0.999997 0.00202402 0.0 0.0 0.0 1.0
chess/seq-04/color/frame-000014.color.png chess/seq-04/color/frame-000017.color.png 0.999903 0.0139104 8.9213e-05 0.00424675 -0.0139106 0.999899 0.00291278 -0.001983 -4.8686e-05 -0.00291374 0.999996 0.00128851 0.0 0.0 0.0 1.0
chess/seq-04/color/frame-000017.color.png chess/seq-04/color/frame-000020.color.png 0.999943 0.010551 -0.00136701 0.00644334 -0.0105556 0.999939 -0.00336844 0.00087502 0.00133139 0.00338268 0.999993 -0.000528052 0.0 0.0 0.0 1.0
chess/seq-04/color/frame-000020.color.png chess/seq-04/color/frame-000023.color.png 0.999374 0.0345731 0.00756282 0.0111048 -0.0345943 0.999398 0.00269464 -0.00093053 -0.00746511 -0.00295458 0.999968 -0.000560077 0.0 0.0 0.0 1.0
chess/seq-04/color/frame-000023.color.png chess/seq-04/color/frame-000026.color.png 0.997079 0.0749206 0.0148415 0.0158697 -0.0750164 0.997164 0.00600484 -0.00373205 -0.0143495 -0.00710065 0.999872 -0.00619656 0.0 0.0 0.0 1.0
chess/seq-04/color/frame-000026.color.png chess/seq-04/color/frame-000029.color.png 0.99761 0.0632997 0.0276931 0.00937895 -0.0640032 0.997629 0.0252978 -0.00595935 -0.0260261 -0.0270098 0.999296 -0.000314697 0.0 0.0 0.0 1.0
chess/seq-04/color/frame-000029.color.png chess/seq-04/color/frame-000032.color.png 0.990237 0.136105 0.030113 0.0177366 -0.137 0.990118 0.029955 -0.0135065 -0.0257385 -0.033788 0.999098 0.000148571 0.0 0.0 0.0 1.0
chess/seq-04/color/frame-000032.color.png chess/seq-04/color/frame-000035.color.png 0.995227 0.0928286 0.0300971 4.44651e-05 -0.0933155 0.995521 0.0151953 -0.0346722 -0.0285518 -0.0179313 0.999431 -0.00373504 0.0 0.0 0.0 1.0
chess/seq-04/color/frame-000035.color.png chess/seq-04/color/frame-000038.color.png 0.994748 0.0973713 0.0315579 0.0108627 -0.0975151 0.995229 0.0030471 -0.0318053 -0.0311106 -0.00610843 0.999497 -0.00924544 0.0 0.0 0.0 1.0
chess/seq-04/color/frame-000038.color.png chess/seq-04/color/frame-000041.color.png 0.994583 0.0816677 0.0643002 -0.016828 -0.0826316 0.996502 0.0124702 -0.0227293 -0.0630569 -0.0177159 0.997853 0.0256004 0.0 0.0 0.0 1.0
chess/seq-04/color/frame-000041.color.png chess/seq-04/color/frame-000044.color.png 0.998632 -0.0175564 -0.0492533 0.120727 0.0174344 0.999844 -0.00290618 -0.0189466 0.0492967 0.00204352 0.998782 0.0258915 0.0 0.0 0.0 1.0
chess/seq-04/color/frame-000044.color.png chess/seq-04/color/frame-000047.color.png 0.986904 -0.0721191 -0.144292 0.235306 0.0722236 0.997378 -0.00452022 -0.0311192 0.144239 -0.00596026 0.989525 -0.00169349 0.0 0.0 0.0 1.0
chess/seq-04/color/frame-000047.color.png chess/seq-04/color/frame-000050.color.png 0.983831 -0.103793 -0.145959 0.192635 0.105388 0.994426 0.00321678 -0.0798135 0.144812 -0.0185471 0.989285 -0.0298747 0.0 0.0 0.0 1.0
chess/seq-04/color/frame-000050.color.png chess/seq-04/color/frame-000053.color.png 0.992619 -0.113784 -0.0419522 -0.05223 0.11391 0.993491 0.000610067 -0.0778646 0.0416098 -0.00538435 0.999119 -0.00137657 0.0 0.0 0.0 1.0
chess/seq-04/color/frame-000053.color.png chess/seq-04/color/frame-000056.color.png 0.995193 -0.0972532 -0.0115387 -0.0400435 0.0974112 0.995145 0.014026 -0.0686314 0.0101186 -0.0150825 0.999835 0.00563928 0.0 0.0 0.0 1.0
chess/seq-04/color/frame-000056.color.png chess/seq-04/color/frame-000059.color.png 0.992751 -0.119866 -0.00878191 -0.0600131 0.120129 0.991893 0.0414423 -0.0763138 0.00374318 -0.0421969 0.999102 -0.00507863 0.0 0.0 0.0 1.0
chess/seq-04/color/frame-000059.color.png chess/seq-04/color/frame-000062.color.png 0.990734 -0.128648 -0.0435526 -0.0219681 0.130759 0.990169 0.0496737 -0.148648 0.036734 -0.0549082 0.997815 -0.0643325 0.0 0.0 0.0 1.0
chess/seq-04/color/frame-000062.color.png chess/seq-04/color/frame-000065.color.png 0.989003 -0.13663 -0.0566157 -0.0433218 0.13789 0.990266 0.0189587 -0.0927203 0.0534742 -0.0265569 0.998216 -0.0405556 0.0 0.0 0.0 1.0
chess/seq-04/color/frame-000065.color.png chess/seq-04/color/frame-000068.color.png 0.992284 -0.107902 -0.0610776 -0.00231075 0.109923 0.993464 0.0307498 -0.0738518 0.0573605 -0.0372264 0.997659 -0.0342676 0.0 0.0 0.0 1.0
chess/seq-04/color/frame-000068.color.png chess/seq-04/color/frame-000071.color.png 0.994769 -0.098713 -0.0262822 -0.0199205 0.0996103 0.994398 0.0353529 -0.0879207 0.0226451 -0.037786 0.999029 -0.0275507 0.0 0.0 0.0 1.0
chess/seq-04/color/frame-000071.color.png chess/seq-04/color/frame-000074.color.png 0.99285 -0.117597 -0.0204859 -0.0086503 0.117915 0.99291 0.0150283 -0.0647024 0.0185735 -0.0173365 0.999677 0.0137503 0.0 0.0 0.0 1.0
chess/seq-04/color/frame-000074.color.png chess/seq-04/color/frame-000077.color.png 0.990244 -0.0901011 0.106293 -0.18246 0.0880124 0.995826 0.0241905 -0.0595436 -0.108029 -0.0145994 0.994041 0.0468131 0.0 0.0 0.0 1.0
chess/seq-04/color/frame-000077.color.png chess/seq-04/color/frame-000080.color.png 0.983372 -0.0413006 0.176845 -0.248259 0.0365407 0.998879 0.0300896 0.00863475 -0.17789 -0.0231273 0.983779 0.105645 0.0 0.0 0.0 1.0
chess/seq-04/color/frame-000080.color.png chess/seq-04/color/frame-000083.color.png 0.990844 0.0152306 0.134151 -0.142851 -0.0157576 0.999872 0.00286657 0.0590864 -0.13409 -0.00495423 0.990957 0.130106 0.0 0.0 0.0 1.0
chess/seq-04/color/frame-000083.color.png chess/seq-04/color/frame-000086.color.png 0.995686 0.083114 0.0412402 0.0572636 -0.0842841 0.996062 0.027492 0.024884 -0.0387928 -0.0308493 0.998771 0.0442079 0.0 0.0 0.0 1.0
chess/seq-04/color/frame-000086.color.png chess/seq-04/color/frame-000089.color.png 0.993993 0.109428 -0.0019502 0.0921531 -0.109199 0.992798 0.0492622 -0.00876173 0.0073268 -0.0487533 0.998784 0.0258487 0.0 0.0 0.0 1.0
chess/seq-04/color/frame-000089.color.png chess/seq-04/color/frame-000092.color.png 0.992795 0.117554 0.0232349 0.0439656 -0.118225 0.992534 0.0299837 -0.00624332 -0.0195367 -0.0325146 0.99928 0.0452485 0.0 0.0 0.0 1.0
chess/seq-04/color/frame-000092.color.png chess/seq-04/color/frame-000095.color.png 0.990692 0.131509 0.0351411 0.0502784 -0.132482 0.990819 0.0269557 0.0006001 -0.0312736 -0.0313603 0.999019 0.0523446 0.0 0.0 0.0 1.0
chess/seq-04/color/frame-000095.color.png chess/seq-04/color/frame-000098.color.png 0.992142 0.120917 0.0321296 0.0235597 -0.12149 0.992455 0.0165179 -0.00754118 -0.0298899 -0.0202916 0.999347 0.0522148 0.0 0.0 0.0 1.0
chess/seq-04/color/frame-000098.color.png chess/seq-04/color/frame-000101.color.png 0.993308 0.11547 -0.00248338 0.0543439 -0.115405 0.993146 0.0184984 -0.00960803 0.00460238 -0.018088 0.999826 0.0607876 0.0 0.0 0.0 1.0
chess/seq-04/color/frame-000101.color.png chess/seq-04/color/frame-000104.color.png 0.996362 0.0825628 -0.0211293 0.0421677 -0.082531 0.996586 0.00237409 -0.00269848 0.0212532 -0.000621616 0.999774 0.0496368 0.0 0.0 0.0 1.0
chess/seq-04/color/frame-000104.color.png chess/seq-04/color/frame-000107.color.png 0.99407 0.106947 -0.0196643 0.0695277 -0.106654 0.994177 0.0153957 -0.0156602 0.0211962 -0.0132071 0.999688 0.0389229 0.0 0.0 0.0 1.0
chess/seq-04/color/frame-000107.color.png chess/seq-04/color/frame-000110.color.png 0.994357 0.10482 -0.016342 0.0650832 -0.104843 0.994489 -0.000605997 0.00806051 0.0161884 0.00231593 0.999866 0.0525052 0.0 0.0 0.0 1.0
chess/seq-04/color/frame-000110.color.png chess/seq-04/color/frame-000113.color.png 0.99563 0.0829716 -0.0428616 0.0946229 -0.0842211 0.996048 -0.0282154 0.0287434 0.0403511 0.031702 0.998682 0.0460826 0.0 0.0 0.0 1.0
chess/seq-04/color/frame-000113.color.png chess/seq-04/color/frame-000116.color.png 0.991454 0.121878 -0.0465346 0.113665 -0.122798 0.992279 -0.0174172 0.0397963 0.0440525 0.0229827 0.998765 0.0414787 0.0 0.0 0.0 1.0
chess/seq-04/color/frame-000116.color.png chess/seq-04/color/frame-000119.color.png 0.989183 0.102601 -0.10483 0.193802 -0.10695 0.993586 -0.0367312 0.0638006 0.100389 0.0475455 0.993812 0.0314913 0.0 0.0 0.0 1.0
chess/seq-04/color/frame-000119.color.png chess/seq-04/color/frame-000122.color.png 0.994713 0.0805105 -0.0637456 0.162197 -0.0807095 0.996738 -0.000548836 0.0210656 0.0634935 0.00569082 0.997966 0.00693876 0.0 0.0 0.0 1.0
chess/seq-04/color/frame-000122.color.png chess/seq-04/color/frame-000125.color.png 0.996063 0.0566761 -0.0681559 0.17872 -0.0570027 0.99837 -0.00285471 0.0226602 0.067883 0.00672854 0.997671 -0.0125998 0.0 0.0 0.0 1.0
chess/seq-04/color/frame-000125.color.png chess/seq-04/color/frame-000128.color.png 0.998386 0.0244153 -0.0512867 0.123021 -0.0245719 0.999695 -0.00242556 0.00949588 0.0512118 0.00368185 0.998681 -0.0176561 0.0 0.0 0.0 1.0
chess/seq-04/color/frame-000128.color.png chess/seq-04/color/frame-000131.color.png 0.998345 -0.0115671 -0.0563412 0.108329 0.01191 0.999913 0.0057553 -0.0144076 0.0562697 -0.00641681 0.998395 -0.0190897 0.0 0.0 0.0 1.0
chess/seq-04/color/frame-000131.color.png chess/seq-04/color/frame-000134.color.png 0.998842 -0.0166407 -0.0451483 0.0933394 0.0164677 0.999856 -0.00420219 -0.00886548 0.0452117 0.00345386 0.998971 0.00393212 0.0 0.0 0.0 1.0
chess/seq-04/color/frame-000134.color.png chess/seq-04/color/frame-000137.color.png 0.997352 -0.00650738 -0.0724335 0.138755 0.00701177 0.999953 0.00671126 -0.0284081 0.0723864 -0.00720142 0.997351 -0.0103652 0.0 0.0 0.0 1.0
chess/seq-04/color/frame-000137.color.png chess/seq-04/color/frame-000140.color.png 0.998916 0.0351697 -0.0305043 0.0921305 -0.0347344 0.999289 0.0146826 0.0117533 0.0309991 -0.0136071 0.999427 0.00726867 0.0 0.0 0.0 1.0
chess/seq-04/color/frame-000140.color.png chess/seq-04/color/frame-000143.color.png 0.999454 -0.00297114 -0.0329088 0.0759476 0.00455623 0.998827 0.0481998 -0.054888 0.0327269 -0.0483233 0.998295 -0.00222504 0.0 0.0 0.0 1.0
chess/seq-04/color/frame-000143.color.png chess/seq-04/color/frame-000146.color.png 0.995703 -0.0735418 -0.0562708 0.0842041 0.0766575 0.995519 0.0553712 -0.117645 0.0519465 -0.0594469 0.996879 -0.0237111 0.0 0.0 0.0 1.0
chess/seq-04/color/frame-000146.color.png chess/seq-04/color/frame-000149.color.png 0.995148 -0.084543 -0.0503216 0.0611438 0.0878541 0.993831 0.0676922 -0.151148 0.0442881 -0.0717848 0.996437 -0.0403154 0.0 0.0 0.0 1.0
chess/seq-04/color/frame-000149.color.png chess/seq-04/color/frame-000152.color.png 0.994661 -0.0836113 -0.0604838 0.088065 0.0879041 0.99351 0.0721896 -0.158358 0.0540553 -0.0771209 0.995555 -0.0502462 0.0 0.0 0.0 1.0
chess/seq-04/color/frame-000152.color.png chess/seq-04/color/frame-000155.color.png 0.989061 -0.130554 -0.0686635 0.0817525 0.136297 0.986846 0.0869389 -0.236023 0.0564102 -0.0953465 0.993845 -0.0745598 0.0 0.0 0.0 1.0
chess/seq-04/color/frame-000155.color.png chess/seq-04/color/frame-000158.color.png 0.989984 -0.133426 -0.0461314 0.0695494 0.137854 0.984093 0.112059 -0.282622 0.0304461 -0.117296 0.99263 -0.0445733 0.0 0.0 0.0 1.0
chess/seq-04/color/frame-000158.color.png chess/seq-04/color/frame-000161.color.png 0.988987 -0.146948 -0.017614 0.0267957 0.14799 0.983257 0.106321 -0.269353 0.00169551 -0.107757 0.994176 -0.0131692 0.0 0.0 0.0 1.0
chess/seq-04/color/frame-000161.color.png chess/seq-04/color/frame-000164.color.png 0.990798 -0.1332 0.0240324 -0.0117252 0.130681 0.987651 0.0864153 -0.254191 -0.035246 -0.0824795 0.995969 0.0322789 0.0 0.0 0.0 1.0
chess/seq-04/color/frame-000164.color.png chess/seq-04/color/frame-000167.color.png 0.993469 -0.10318 0.0487103 -0.0451974 0.100502 0.993439 0.0545661 -0.173433 -0.0540211 -0.0493142 0.997321 0.0560423 0.0 0.0 0.0 1.0
chess/seq-04/color/frame-000167.color.png chess/seq-04/color/frame-000170.color.png 0.992609 -0.10257 0.0648588 -0.0680304 0.0992207 0.993658 0.0529144 -0.178204 -0.069875 -0.046088 0.996491 0.0816194 0.0 0.0 0.0 1.0
chess/seq-04/color/frame-000170.color.png chess/seq-04/color/frame-000173.color.png 0.995201 -0.0828669 0.0520507 -0.0258145 0.0804877 0.995682 0.046258 -0.147438 -0.055659 -0.0418464 0.997572 0.0873052 0.0 0.0 0.0 1.0
chess/seq-04/color/frame-000173.color.png chess/seq-04/color/frame-000176.color.png 0.998905 -0.0430657 0.0182718 0.0112824 0.0424831 0.998611 0.0311578 -0.0864062 -0.0195882 -0.0303475 0.999348 0.0386949 0.0 0.0 0.0 1.0
chess/seq-04/color/frame-000176.color.png chess/seq-04/color/frame-000179.color.png 0.999849 0.00794353 0.0154388 -2.30074e-05 -0.00831519 0.999674 0.024155 -0.00387642 -0.015242 -0.0242798 0.999589 0.0139242 0.0 0.0 0.0 1.0
chess/seq-04/color/frame-000179.color.png chess/seq-04/color/frame-000182.color.png 0.99547 0.0928187 0.0205924 0.0157319 -0.0928667 0.995678 0.00139161 0.136009 -0.0203743 -0.00329768 0.999787 0.0383943 0.0 0.0 0.0 1.0
chess/seq-04/color/frame-000182.color.png chess/seq-04/color/frame-000185.color.png 0.996543 0.0830793 0.000430028 0.0316063 -0.0830794 0.996543 4.97054e-05 0.127599 -0.000424442 -8.52672e-05 1.0 0.0134708 0.0 0.0 0.0 1.0
chess/seq-04/color/frame-000185.color.png chess/seq-04/color/frame-000188.color.png 0.9989 0.0467731 0.00338085 0.00316453 -0.0467156 0.998789 -0.0154252 0.0919512 -0.00409822 0.0152503 0.999875 0.00292373 0.0 0.0 0.0 1.0
chess/seq-04/color/frame-000188.color.png chess/seq-04/color/frame-000191.color.png 0.997121 0.0581103 -0.0487066 0.143036 -0.0589366 0.998138 -0.0157031 0.0984396 0.0477035 0.0185285 0.99869 0.0282789 0.0 0.0 0.0 1.0
chess/seq-04/color/frame-000191.color.png chess/seq-04/color/frame-000194.color.png 0.997101 0.0719524 -0.0247371 0.054257 -0.0730521 0.996226 -0.04687 0.142499 0.0212712 0.0485412 0.998595 -0.0259153 0.0 0.0 0.0 1.0
chess/seq-04/color/frame-000194.color.png chess/seq-04/color/frame-000197.color.png 0.996935 0.0735828 -0.0265738 0.056089 -0.074687 0.996268 -0.0432737 0.140055 0.0232905 0.0451258 0.99871 -0.0234222 0.0 0.0 0.0 1.0
chess/seq-04/color/frame-000197.color.png chess/seq-04/color/frame-000200.color.png 0.997055 0.0668498 -0.0375877 0.0636231 -0.0688513 0.996124 -0.0547473 0.126957 0.0337821 0.057174 0.997792 -0.0416017 0.0 0.0 0.0 1.0
chess/seq-04/color/frame-000200.color.png chess/seq-04/color/frame-000203.color.png 0.999473 0.0262631 -0.0190832 0.039197 -0.027002 0.998853 -0.0395518 0.0441272 0.0180226 0.0400462 0.999035 -0.0274818 0.0 0.0 0.0 1.0
chess/seq-04/color/frame-000203.color.png chess/seq-04/color/frame-000206.color.png 0.999602 0.0281796 -0.0013523 0.0203762 -0.0282101 0.998941 -0.0363488 0.0558512 0.000326507 0.0363724 0.999338 -0.00541067 0.0 0.0 0.0 1.0
chess/seq-04/color/frame-000206.color.png chess/seq-04/color/frame-000209.color.png 0.999846 0.00218554 -0.0173912 0.0468696 -0.0027416 0.999484 -0.0320147 0.0195907 0.0173122 0.0320575 0.999336 -0.0188504 0.0 0.0 0.0 1.0
chess/seq-04/color/frame-000209.color.png chess/seq-04/color/frame-000212.color.png 0.999783 0.0203301 0.00452192 0.0119407 -0.0202697 0.99971 -0.0130241 0.0252081 -0.00478512 0.0129296 0.999905 -0.0112591 0.0 0.0 0.0 1.0
chess/seq-04/color/frame-000212.color.png chess/seq-04/color/frame-000215.color.png 0.998199 0.0599354 -0.00266136 0.0519086 -0.0599942 0.997345 -0.0412786 0.121276 0.000180173 0.0413639 0.999144 -0.011644 0.0 0.0 0.0 1.0
chess/seq-04/color/frame-000215.color.png chess/seq-04/color/frame-000218.color.png 0.997317 0.0699331 -0.0216472 0.0835675 -0.0707476 0.996713 -0.039476 0.134668 0.0188153 0.0409015 0.998986 -0.0451356 0.0 0.0 0.0 1.0
chess/seq-04/color/frame-000218.color.png chess/seq-04/color/frame-000221.color.png 0.998216 0.044482 -0.0398292 0.0826098 -0.0456269 0.998557 -0.0283116 0.0694351 0.0385123 0.0300784 0.998805 -0.0680363 0.0 0.0 0.0 1.0
chess/seq-04/color/frame-000221.color.png chess/seq-04/color/frame-000224.color.png 0.998362 0.0385051 -0.0423293 0.0858208 -0.0397872 0.998761 -0.0298756 0.101839 0.0411264 0.0315108 0.998657 -0.0753372 0.0 0.0 0.0 1.0
chess/seq-04/color/frame-000224.color.png chess/seq-04/color/frame-000227.color.png 0.998311 0.0376466 -0.0442468 0.0884136 -0.0375932 0.999291 0.00203707 0.0450262 0.0442922 -0.000370257 0.999019 -0.0472966 0.0 0.0 0.0 1.0
chess/seq-04/color/frame-000227.color.png chess/seq-04/color/frame-000230.color.png 0.997698 0.0326866 -0.0594127 0.0965819 -0.0326011 0.999465 0.00240793 0.0649317 0.0594597 -0.000465433 0.998231 -0.0922642 0.0 0.0 0.0 1.0
chess/seq-04/color/frame-000230.color.png chess/seq-04/color/frame-000233.color.png 0.997309 0.0328578 -0.0655399 0.0883555 -0.0321921 0.999419 0.011188 0.0481434 0.0658694 -0.00904806 0.997787 -0.0965853 0.0 0.0 0.0 1.0
chess/seq-04/color/frame-000233.color.png chess/seq-04/color/frame-000236.color.png 0.998163 0.021104 -0.0567906 0.0582479 -0.0204467 0.999717 0.0121311 0.0330191 0.0570305 -0.0109477 0.998312 -0.0873909 0.0 0.0 0.0 1.0
chess/seq-04/color/frame-000236.color.png chess/seq-04/color/frame-000239.color.png 0.999239 0.0183318 -0.0344375 0.0281903 -0.0176548 0.999647 0.019861 0.023646 0.0347893 -0.0192379 0.999209 -0.051457 0.0 0.0 0.0 1.0
chess/seq-04/color/frame-000239.color.png chess/seq-04/color/frame-000242.color.png 0.999948 0.0100685 0.0015069 -0.0356648 -0.0100822 0.999905 0.00943723 0.0234236 -0.00141168 -0.00945191 0.999954 0.00241697 0.0 0.0 0.0 1.0
chess/seq-04/color/frame-000242.color.png chess/seq-04/color/frame-000245.color.png 0.999963 -0.00759119 -0.00410808 -0.0440296 0.00762265 0.999941 0.00771876 0.0054912 0.00404922 -0.00774983 0.999962 0.00158477 0.0 0.0 0.0 1.0
chess/seq-04/color/frame-000245.color.png chess/seq-04/color/frame-000248.color.png 0.999754 -0.00257113 0.0220103 -0.0682415 0.00259549 0.999996 -0.00107522 -0.00100106 -0.0220074 0.00113212 0.999757 0.0512315 0.0 0.0 0.0 1.0
chess/seq-04/color/frame-000248.color.png chess/seq-04/color/frame-000251.color.png 0.998201 -0.055408 0.0228919 -0.10397 0.0550941 0.998381 0.0141237 -0.0756367 -0.0236374 -0.0128372 0.999638 0.0409372 0.0 0.0 0.0 1.0
chess/seq-04/color/frame-000251.color.png chess/seq-04/color/frame-000254.color.png 0.997616 -0.0636527 0.0266431 -0.0985477 0.0632168 0.997857 0.0168979 -0.0936659 -0.0276616 -0.0151734 0.999502 0.050892 0.0 0.0 0.0 1.0
chess/seq-04/color/frame-000254.color.png chess/seq-04/color/frame-000257.color.png 0.993394 -0.0901113 0.0710568 -0.176099 0.0854375 0.994136 0.0662829 -0.163868 -0.076613 -0.0597741 0.995268 0.101324 0.0 0.0 0.0 1.0
chess/seq-04/color/frame-000257.color.png chess/seq-04/color/frame-000260.color.png 0.998008 -0.029844 0.0555763 -0.128558 0.0262298 0.997562 0.0646628 -0.100519 -0.0573705 -0.0630763 0.996358 0.0865023 0.0 0.0 0.0 1.0
chess/seq-04/color/frame-000260.color.png chess/seq-04/color/frame-000263.color.png 0.996739 -0.0640816 0.0490301 -0.129309 0.0604598 0.995564 0.0720909 -0.143506 -0.0534325 -0.0688915 0.996192 0.0676519 0.0 0.0 0.0 1.0
chess/seq-04/color/frame-000263.color.png chess/seq-04/color/frame-000266.color.png 0.993871 -0.0895282 0.0648425 -0.149157 0.0829786 0.991771 0.0974894 -0.208879 -0.0730369 -0.0915114 0.993122 0.109071 0.0 0.0 0.0 1.0
chess/seq-04/color/frame-000266.color.png chess/seq-04/color/frame-000269.color.png 0.998919 -0.0177256 0.0429778 -0.0864298 0.0157797 0.998853 0.0452007 -0.0758696 -0.0437299 -0.0444737 0.998053 0.0802872 0.0 0.0 0.0 1.0
chess/seq-04/color/frame-000269.color.png chess/seq-04/color/frame-000272.color.png 0.99899 -0.0039304 0.0447587 -0.0917269 0.00342884 0.99993 0.0112764 -0.0157346 -0.0447999 -0.0111115 0.998934 0.0979661 0.0 0.0 0.0 1.0
chess/seq-04/color/frame-000272.color.png chess/seq-04/color/frame-000275.color.png 0.999307 0.00955411 0.0359837 -0.0740304 -0.0101064 0.999833 0.0152002 -0.0123094 -0.0358323 -0.0155534 0.999237 0.0643973 0.0 0.0 0.0 1.0
chess/seq-04/color/frame-000275.color.png chess/seq-04/color/frame-000278.color.png 0.998986 0.0402952 0.0200769 -0.0498424 -0.0406197 0.999046 0.0160257 0.0107047 -0.0194121 -0.016825 0.99967 0.0503143 0.0 0.0 0.0 1.0
chess/seq-04/color/frame-000278.color.png chess/seq-04/color/frame-000281.color.png 0.999537 0.0225743 0.0203926 -0.0651284 -0.0227086 0.999722 0.00637934 0.019004 -0.0202428 -0.00683947 0.999772 0.0434171 0.0 0.0 0.0 1.0
chess/seq-04/color/frame-000281.color.png chess/seq-04/color/frame-000284.color.png 0.999774 0.00430375 0.0208274 -0.0641739 -0.00473879 0.999771 0.0208862 -0.0269245 -0.0207327 -0.0209801 0.999565 0.0349998 0.0 0.0 0.0 1.0
chess/seq-04/color/frame-000284.color.png chess/seq-04/color/frame-000287.color.png 0.999906 0.00889932 0.0104648 -0.0464411 -0.00885755 0.999953 -0.00403211 0.0165376 -0.0105003 0.00393901 0.999937 0.0336093 0.0 0.0 0.0 1.0
chess/seq-04/color/frame-000287.color.png chess/seq-04/color/frame-000290.color.png 0.999761 -0.000254081 0.0218691 -0.078088 0.000517733 0.999927 -0.0120526 0.0196591 -0.0218645 0.0120611 0.999688 0.0234212 0.0 0.0 0.0 1.0
chess/seq-04/color/frame-000290.color.png chess/seq-04/color/frame-000293.color.png 0.999151 0.00169813 0.0411581 -0.103298 -0.00106785 0.999882 -0.015331 0.0290669 -0.0411794 0.015274 0.999035 0.0234743 0.0 0.0 0.0 1.0
chess/seq-04/color/frame-000293.color.png chess/seq-04/color/frame-000296.color.png 0.999653 0.00014267 0.0263495 -0.0850538 -9.18768e-05 0.999998 -0.00192804 0.0115687 -0.0263497 0.00192497 0.999651 0.0117126 0.0 0.0 0.0 1.0
chess/seq-04/color/frame-000296.color.png chess/seq-04/color/frame-000299.color.png 0.999251 0.0207531 0.0326534 -0.101164 -0.021 0.999753 0.00723444 -0.0201065 -0.0324952 -0.00791472 0.999441 0.010053 0.0 0.0 0.0 1.0
chess/seq-04/color/frame-000299.color.png chess/seq-04/color/frame-000302.color.png 0.999892 0.000693024 0.0146928 -0.0618541 -0.000639668 0.999993 -0.00363502 0.00429934 -0.0146952 0.00362525 0.999885 0.00167251 0.0 0.0 0.0 1.0
chess/seq-04/color/frame-000302.color.png chess/seq-04/color/frame-000305.color.png 0.999538 0.0222394 0.020717 -0.0734567 -0.0220133 0.999696 -0.0110789 0.0310689 -0.0209571 0.0106177 0.999724 0.00152314 0.0 0.0 0.0 1.0
chess/seq-04/color/frame-000305.color.png chess/seq-04/color/frame-000308.color.png 0.999925 0.00936313 0.00786203 -0.0499535 -0.00939961 0.999945 0.00461728 -0.00429091 -0.00781838 -0.00469086 0.999959 -0.00244725 0.0 0.0 0.0 1.0
chess/seq-04/color/frame-000308.color.png chess/seq-04/color/frame-000311.color.png 0.999787 0.0165414 0.0123561 -0.057203 -0.0164341 0.999827 -0.00873995 0.0235493 -0.0124985 0.00853502 0.999885 0.00658143 0.0 0.0 0.0 1.0
chess/seq-04/color/frame-000311.color.png chess/seq-04/color/frame-000314.color.png 0.999691 -0.0117347 0.0219251 -0.0680767 0.0117622 0.99993 -0.00112428 -0.00286868 -0.0219104 0.00138182 0.999759 0.0108073 0.0 0.0 0.0 1.0
chess/seq-04/color/frame-000314.color.png chess/seq-04/color/frame-000317.color.png 0.998678 -0.0216832 0.0465956 -0.131357 0.0220742 0.999725 -0.00789402 0.00544521 -0.0464115 0.0089121 0.998883 0.0308819 0.0 0.0 0.0 1.0
chess/seq-04/color/frame-000317.color.png chess/seq-04/color/frame-000320.color.png 0.999751 -0.00492403 0.0217713 -0.0505191 0.00515506 0.999931 -0.0105693 0.00849956 -0.0217179 0.0106789 0.999707 0.0214618 0.0 0.0 0.0 1.0
chess/seq-04/color/frame-000320.color.png chess/seq-04/color/frame-000323.color.png 0.99941 -0.0339408 0.00531981 -0.0357141 0.0338271 0.999224 0.0201768 -0.0670029 -0.00600047 -0.019985 0.999782 -0.000322819 0.0 0.0 0.0 1.0
chess/seq-04/color/frame-000323.color.png chess/seq-04/color/frame-000326.color.png 0.999967 -0.00741822 0.00325442 -0.0377051 0.0073655 0.999846 0.0159183 -0.0327977 -0.003372 -0.0158937 0.999868 -0.00262284 0.0 0.0 0.0 1.0
chess/seq-04/color/frame-000326.color.png chess/seq-04/color/frame-000329.color.png 0.999991 0.00317671 0.00272469 -0.0304205 -0.00318627 0.999989 0.0035216 0.00224143 -0.00271348 -0.00353029 0.99999 -0.00534308 0.0 0.0 0.0 1.0
chess/seq-04/color/frame-000329.color.png chess/seq-04/color/frame-000332.color.png 0.999767 -0.0207892 0.00584025 -0.0350482 0.0207135 0.999704 0.0127361 -0.0174241 -0.00610332 -0.0126122 0.999902 0.00425816 0.0 0.0 0.0 1.0
chess/seq-04/color/frame-000332.color.png chess/seq-04/color/frame-000335.color.png 0.999468 0.0147749 0.0290821 -0.0755333 -0.0150896 0.99983 0.0106341 -0.0119312 -0.02892 -0.0110672 0.99952 0.00647914 0.0 0.0 0.0 1.0
chess/seq-04/color/frame-000335.color.png chess/seq-04/color/frame-000338.color.png 0.999751 -0.00130434 0.0222901 -0.0665051 0.00137814 0.999994 -0.00329527 0.0149148 -0.0222857 0.00332514 0.999746 0.020126 0.0 0.0 0.0 1.0
chess/seq-04/color/frame-000338.color.png chess/seq-04/color/frame-000341.color.png 0.999522 -0.0165581 0.0260982 -0.0657385 0.0169276 0.999759 -0.0140028 0.0188416 -0.0258601 0.0144379 0.999561 0.0157356 0.0 0.0 0.0 1.0
chess/seq-04/color/frame-000341.color.png chess/seq-04/color/frame-000344.color.png 0.998745 -0.00360943 0.0499531 -0.11389 0.00422294 0.999917 -0.0121808 0.0163054 -0.049905 0.0123765 0.998677 0.0238267 0.0 0.0 0.0 1.0
chess/seq-04/color/frame-000344.color.png chess/seq-04/color/frame-000347.color.png 0.999336 0.00252681 0.0363399 -0.0608962 -0.00269485 0.999986 0.00457654 -0.0114173 -0.0363279 -0.00467145 0.999329 0.0137028 0.0 0.0 0.0 1.0
chess/seq-04/color/frame-000347.color.png chess/seq-04/color/frame-000350.color.png 0.999716 -0.00534307 0.0232284 -0.0403719 0.00490579 0.99981 0.0188413 -0.0402756 -0.0233247 -0.018722 0.999553 0.0175116 0.0 0.0 0.0 1.0
chess/seq-04/color/frame-000350.color.png chess/seq-04/color/frame-000353.color.png 0.999321 -0.0106599 0.0352839 -0.0776816 0.00979526 0.99965 0.0245879 -0.0460843 -0.0355337 -0.0242257 0.999075 0.0132107 0.0 0.0 0.0 1.0
chess/seq-04/color/frame-000353.color.png chess/seq-04/color/frame-000356.color.png 0.999807 -0.00266196 0.0194805 -0.036814 0.00229228 0.999817 0.0189764 -0.0271761 -0.0195275 -0.0189281 0.99963 0.00979543 0.0 0.0 0.0 1.0
chess/seq-04/color/frame-000356.color.png chess/seq-04/color/frame-000359.color.png 0.999846 -0.00217435 0.0174042 -0.0303957 0.0018656 0.999841 0.0177338 -0.0251814 -0.01744 -0.0176986 0.999691 0.0142171 0.0 0.0 0.0 1.0
chess/seq-04/color/frame-000359.color.png chess/seq-04/color/frame-000362.color.png 0.999949 0.0071316 -0.00715869 0.0147543 -0.00690957 0.999509 0.0305737 -0.0560403 0.00737322 -0.0305227 0.999507 0.0109597 0.0 0.0 0.0 1.0
chess/seq-04/color/frame-000362.color.png chess/seq-04/color/frame-000365.color.png 0.999967 0.00807574 -0.00129865 0.0107228 -0.00806883 0.999954 0.00526067 -0.00693157 0.00134107 -0.00525007 0.999985 0.0191727 0.0 0.0 0.0 1.0
chess/seq-04/color/frame-000365.color.png chess/seq-04/color/frame-000368.color.png 0.999976 0.00341002 -0.00607133 0.0268567 -0.00333226 0.999913 0.012772 -0.0366803 0.00611436 -0.0127514 0.9999 0.00988376 0.0 0.0 0.0 1.0
chess/seq-04/color/frame-000368.color.png chess/seq-04/color/frame-000371.color.png 0.999948 0.00357478 -0.00954557 0.0316844 -0.00345486 0.999915 0.012551 -0.0316433 0.00958963 -0.0125174 0.999876 0.00952053 0.0 0.0 0.0 1.0
chess/seq-04/color/frame-000371.color.png chess/seq-04/color/frame-000374.color.png 0.999861 0.0120246 -0.0115701 0.0330445 -0.0117998 0.999744 0.0193067 -0.0359085 0.0117993 -0.0191675 0.999747 0.00923777 0.0 0.0 0.0 1.0
chess/seq-04/color/frame-000374.color.png chess/seq-04/color/frame-000377.color.png 0.999664 0.0254425 -0.00489217 0.0266576 -0.0254005 0.999641 0.00846518 -0.0140873 0.00510578 -0.00833799 0.999952 0.0114902 0.0 0.0 0.0 1.0
chess/seq-04/color/frame-000377.color.png chess/seq-04/color/frame-000380.color.png 0.999814 0.0133934 0.0139181 -0.0253061 -0.0135641 0.999833 0.0122465 -0.02584 -0.0137518 -0.0124331 0.999828 0.0164069 0.0 0.0 0.0 1.0
chess/seq-04/color/frame-000380.color.png chess/seq-04/color/frame-000383.color.png 0.999919 0.0105454 -0.00717583 0.0294011 -0.0104447 0.999848 0.013927 -0.0309596 0.00732162 -0.0138509 0.999877 0.000494003 0.0 0.0 0.0 1.0
chess/seq-04/color/frame-000383.color.png chess/seq-04/color/frame-000386.color.png 0.999979 0.00237672 -0.00605938 0.0227407 -0.0021825 0.99949 0.031863 -0.0690178 0.00613201 -0.031849 0.999474 -0.0124248 0.0 0.0 0.0 1.0
chess/seq-04/color/frame-000386.color.png chess/seq-04/color/frame-000389.color.png 0.999908 0.00656017 -0.0118433 0.0288459 -0.00627539 0.999694 0.0239251 -0.0392801 0.0119967 -0.0238486 0.999644 -0.0267348 0.0 0.0 0.0 1.0
chess/seq-04/color/frame-000389.color.png chess/seq-04/color/frame-000392.color.png 0.999236 0.029797 -0.0252894 0.0590227 -0.0289714 0.999055 0.0324092 -0.068135 0.0262312 -0.0316517 0.999155 -0.0369759 0.0 0.0 0.0 1.0
chess/seq-04/color/frame-000392.color.png chess/seq-04/color/frame-000395.color.png 0.998366 0.0362293 -0.0441864 0.0973663 -0.0352432 0.999116 0.0228955 -0.0401899 0.0449769 -0.0213009 0.998761 -0.0514838 0.0 0.0 0.0 1.0
chess/seq-04/color/frame-000395.color.png chess/seq-04/color/frame-000398.color.png 0.99734 0.0555426 -0.0471973 0.107032 -0.0562025 0.998338 -0.01277 0.0270104 0.0464096 0.0153888 0.998804 -0.0487175 0.0 0.0 0.0 1.0
chess/seq-04/color/frame-000398.color.png chess/seq-04/color/frame-000401.color.png 0.99721 0.057983 -0.0470183 0.101803 -0.0585639 0.998222 -0.0110712 0.0145789 0.0462928 0.0137938 0.998833 -0.0446488 0.0 0.0 0.0 1.0
chess/seq-04/color/frame-000401.color.png chess/seq-04/color/frame-000404.color.png 0.997955 0.0455393 -0.0448643 0.0911158 -0.0462479 0.998819 -0.0148835 0.025559 0.0441336 0.016928 0.998882 -0.0499481 0.0 0.0 0.0 1.0
chess/seq-04/color/frame-000404.color.png chess/seq-04/color/frame-000407.color.png 0.998513 0.0472515 -0.0271723 0.057185 -0.0476728 0.998749 -0.0150725 0.0154293 0.0264261 0.0163454 0.999517 -0.0381769 0.0 0.0 0.0 1.0
chess/seq-04/color/frame-000407.color.png chess/seq-04/color/frame-000410.color.png 0.99863 0.0271253 -0.0447558 0.0796954 -0.0274699 0.999597 -0.00710315 0.00574738 0.0445451 0.00832286 0.998973 -0.0425144 0.0 0.0 0.0 1.0
chess/seq-04/color/frame-000410.color.png chess/seq-04/color/frame-000413.color.png 0.999257 0.0345413 -0.0170908 0.0318571 -0.0347774 0.999301 -0.0137073 0.028475 0.0166054 0.0142916 0.99976 -0.0331973 0.0 0.0 0.0 1.0
chess/seq-04/color/frame-000413.color.png chess/seq-04/color/frame-000416.color.png 0.999179 0.0202347 -0.0350968 0.0519849 -0.0211114 0.99947 -0.0247935 0.0497481 0.0345764 0.0255141 0.999076 -0.0307076 0.0 0.0 0.0 1.0
chess/seq-04/color/frame-000416.color.png chess/seq-04/color/frame-000419.color.png 0.996333 0.0513338 -0.0684425 0.131248 -0.0529325 0.998361 -0.0217528 0.0482154 0.0672137 0.0252959 0.997418 -0.0367591 0.0 0.0 0.0 1.0
chess/seq-04/color/frame-000419.color.png chess/seq-04/color/frame-000422.color.png 0.996734 0.062774 -0.0507918 0.0775384 -0.063453 0.997914 -0.0118657 0.0322624 0.049941 0.0150499 0.998639 -0.0379598 0.0 0.0 0.0 1.0
chess/seq-04/color/frame-000422.color.png chess/seq-04/color/frame-000425.color.png 0.999294 0.0251763 -0.0278912 0.0364373 -0.0255495 0.999588 -0.0131045 0.0319899 0.0275497 0.0138078 0.999525 -0.0279044 0.0 0.0 0.0 1.0
chess/seq-04/color/frame-000425.color.png chess/seq-04/color/frame-000428.color.png 0.998203 0.0507561 -0.0318469 0.0689616 -0.0506765 0.99871 0.00330306 0.00438011 0.0319735 -0.0016832 0.999487 -0.0468594 0.0 0.0 0.0 1.0
chess/seq-04/color/frame-000428.color.png chess/seq-04/color/frame-000431.color.png 0.996646 0.0705086 -0.0415459 0.0937136 -0.0705586 0.997508 0.000263601 0.00689733 0.0414609 0.00266868 0.999137 -0.0397395 0.0 0.0 0.0 1.0
chess/seq-04/color/frame-000431.color.png chess/seq-04/color/frame-000434.color.png 0.996443 0.0764884 -0.0353612 0.0923032 -0.0769129 0.996979 -0.0108046 0.0396706 0.034428 0.0134858 0.999316 -0.0216298 0.0 0.0 0.0 1.0
chess/seq-04/color/frame-000434.color.png chess/seq-04/color/frame-000437.color.png 0.994368 0.0707425 -0.078913 0.15074 -0.070448 0.997494 0.00651346 0.000702202 0.0791759 -0.000917407 0.99686 -0.034189 0.0 0.0 0.0 1.0
chess/seq-04/color/frame-000437.color.png chess/seq-04/color/frame-000440.color.png 0.996351 0.0415401 -0.0745522 0.148223 -0.0421764 0.999086 -0.00697997 0.0212287 0.0741941 0.0100988 0.997193 -0.0246446 0.0 0.0 0.0 1.0
chess/seq-04/color/frame-000440.color.png chess/seq-04/color/frame-000443.color.png 0.995504 0.0695945 -0.0642499 0.127525 -0.0698425 0.997557 -0.00162055 0.0278898 0.0639801 0.00610085 0.997932 -0.033716 0.0 0.0 0.0 1.0
chess/seq-04/color/frame-000443.color.png chess/seq-04/color/frame-000446.color.png 0.989079 0.064714 -0.132418 0.246296 -0.0638718 0.997902 0.0106013 -0.00343257 0.132826 -0.00202797 0.991137 -0.0549746 0.0 0.0 0.0 1.0
chess/seq-04/color/frame-000446.color.png chess/seq-04/color/frame-000449.color.png 0.995883 0.0506015 -0.0752138 0.158437 -0.0491548 0.998571 0.0209651 -0.00679803 0.0761672 -0.0171815 0.996947 -0.046164 0.0 0.0 0.0 1.0
chess/seq-04/color/frame-000449.color.png chess/seq-04/color/frame-000452.color.png 0.997857 0.03082 -0.0577272 0.134625 -0.0289838 0.999055 0.0323799 -0.0237926 0.0586706 -0.0306374 0.997807 -0.038801 0.0 0.0 0.0 1.0
chess/seq-04/color/frame-000452.color.png chess/seq-04/color/frame-000455.color.png 0.998961 0.0257705 -0.0375835 0.0798553 -0.024955 0.999446 0.022005 -0.0112568 0.0381298 -0.0210443 0.999051 -0.0234956 0.0 0.0 0.0 1.0
chess/seq-04/color/frame-000455.color.png chess/seq-04/color/frame-000458.color.png 0.999544 0.0186144 -0.0237994 0.0683636 -0.0180519 0.999558 0.023634 -0.0216886 0.0242287 -0.0231935 0.999437 -0.0238432 0.0 0.0 0.0 1.0
chess/seq-04/color/frame-000458.color.png chess/seq-04/color/frame-000461.color.png 0.999123 0.0202725 -0.0366327 0.113452 -0.0189709 0.999188 0.0355357 -0.0400161 0.0373234 -0.0348096 0.998697 -0.00102377 0.0 0.0 0.0 1.0
chess/seq-04/color/frame-000461.color.png chess/seq-04/color/frame-000464.color.png 0.999668 0.0143656 -0.0213951 0.0639937 -0.0136619 0.999372 0.0326807 -0.038451 0.0218511 -0.0323774 0.999237 -0.0146289 0.0 0.0 0.0 1.0
chess/seq-04/color/frame-000464.color.png chess/seq-04/color/frame-000467.color.png 0.99852 0.0443766 0.0314401 -0.00224382 -0.0447967 0.998914 0.0127851 -0.00283629 -0.0308385 -0.0141747 0.999424 0.00981665 0.0 0.0 0.0 1.0
chess/seq-04/color/frame-000467.color.png chess/seq-04/color/frame-000470.color.png 0.999728 0.0222345 -0.00699177 0.0393018 -0.0220884 0.99955 0.0203036 -0.0386211 0.00744003 -0.0201435 0.99977 -0.0124544 0.0 0.0 0.0 1.0
chess/seq-04/color/frame-000470.color.png chess/seq-04/color/frame-000473.color.png 0.999849 0.0134305 0.0110262 0.0481813 -0.013716 0.999562 0.026227 -0.0962567 -0.0106691 -0.0263742 0.999595 0.0139414 0.0 0.0 0.0 1.0
chess/seq-04/color/frame-000473.color.png chess/seq-04/color/frame-000476.color.png 0.997536 0.0250711 0.0655287 -0.0754015 -0.0212144 0.998038 -0.0589023 0.0831445 -0.0668768 0.057367 0.996111 0.0417 0.0 0.0 0.0 1.0
chess/seq-04/color/frame-000476.color.png chess/seq-04/color/frame-000479.color.png 0.997964 0.0240412 0.0590808 -0.0659251 -0.021941 0.999113 -0.0359438 0.0302333 -0.0598925 0.0345743 0.997606 0.0420636 0.0 0.0 0.0 1.0
chess/seq-04/color/frame-000479.color.png chess/seq-04/color/frame-000482.color.png 0.99983 -0.0174254 0.00593572 0.019778 0.0175363 0.999662 -0.0191774 -0.0155603 -0.00559955 0.0192783 0.999798 0.0247979 0.0 0.0 0.0 1.0
chess/seq-04/color/frame-000482.color.png chess/seq-04/color/frame-000485.color.png 0.999883 -0.0140147 -0.00605161 0.0262289 0.013908 0.999753 -0.0173407 0.0152891 0.00629313 0.0172545 0.999831 0.00903308 0.0 0.0 0.0 1.0
chess/seq-04/color/frame-000485.color.png chess/seq-04/color/frame-000488.color.png 0.999527 0.00218607 -0.0306735 0.0605052 -0.00273663 0.999836 -0.0179175 0.0138646 0.0306292 0.017993 0.999369 -0.00753903 0.0 0.0 0.0 1.0
chess/seq-04/color/frame-000488.color.png chess/seq-04/color/frame-000491.color.png 0.997616 -0.0547743 -0.0419857 0.0536988 0.0533257 0.997968 -0.034876 0.0152032 0.0438106 0.0325539 0.998509 -0.00484073 0.0 0.0 0.0 1.0
chess/seq-04/color/frame-000491.color.png chess/seq-04/color/frame-000494.color.png 0.999896 -0.00613924 -0.0130387 -0.0116106 0.00605182 0.999959 -0.00673601 -0.0119371 0.0130796 0.00665636 0.999892 -0.0103074 0.0 0.0 0.0 1.0
chess/seq-04/color/frame-000494.color.png chess/seq-04/color/frame-000497.color.png 0.99403 -0.096191 0.0515017 -0.12974 0.0950986 0.995196 0.0232631 -0.0959942 -0.053492 -0.0182264 0.998402 0.0266278 0.0 0.0 0.0 1.0
chess/seq-04/color/frame-000497.color.png chess/seq-04/color/frame-000500.color.png 0.995604 -0.075149 0.0559057 -0.129203 0.0732002 0.996663 0.0361276 -0.083305 -0.0584341 -0.0318765 0.997782 0.0207808 0.0 0.0 0.0 1.0
chess/seq-04/color/frame-000500.color.png chess/seq-04/color/frame-000503.color.png 0.997155 -0.0694647 0.0292744 -0.10243 0.0679699 0.996469 0.0492912 -0.104096 -0.032595 -0.0471613 0.998355 -0.007774 0.0 0.0 0.0 1.0
chess/seq-04/color/frame-000503.color.png chess/seq-04/color/frame-000506.color.png 0.994533 -0.0800477 0.0670619 -0.150687 0.0772225 0.996055 0.0437161 -0.0962796 -0.0702967 -0.0382984 0.996791 0.0224879 0.0 0.0 0.0 1.0
chess/seq-04/color/frame-000506.color.png chess/seq-04/color/frame-000509.color.png 0.995171 -0.085511 0.0482017 -0.119696 0.0839014 0.995877 0.0344868 -0.0846565 -0.050952 -0.030276 0.998242 0.0113198 0.0 0.0 0.0 1.0
chess/seq-04/color/frame-000509.color.png chess/seq-04/color/frame-000512.color.png 0.997166 -0.0524265 0.053962 -0.122917 0.050511 0.998065 0.0362681 -0.0689407 -0.055759 -0.0334397 0.997884 0.0108511 0.0 0.0 0.0 1.0
chess/seq-04/color/frame-000512.color.png chess/seq-04/color/frame-000515.color.png 0.99466 -0.0898977 0.0506921 -0.118311 0.0888617 0.995793 0.0223402 -0.0701528 -0.0524872 -0.0177163 0.998464 0.0115517 0.0 0.0 0.0 1.0
chess/seq-04/color/frame-000515.color.png chess/seq-04/color/frame-000518.color.png 0.998708 -0.0408715 0.0302054 -0.0761482 0.0408842 0.999164 0.0001952 -0.0202321 -0.0301881 0.00104002 0.999544 0.00138938 0.0 0.0 0.0 1.0
chess/seq-04/color/frame-000518.color.png chess/seq-04/color/frame-000521.color.png 0.998067 -0.0439458 0.0439418 -0.0924971 0.0439379 0.999034 0.00114772 -0.0128773 -0.0439497 0.000785238 0.999033 0.00901759 0.0 0.0 0.0 1.0
chess/seq-04/color/frame-000521.color.png chess/seq-04/color/frame-000524.color.png 0.995704 -0.0839838 0.0390007 -0.112068 0.0838284 0.996465 0.00560502 -0.0392954 -0.0393335 -0.00231156 0.999223 0.00255251 0.0 0.0 0.0 1.0
chess/seq-04/color/frame-000524.color.png chess/seq-04/color/frame-000527.color.png 0.99727 -0.0605446 0.0422673 -0.107478 0.0609047 0.998117 -0.00728438 -0.0165659 -0.0417467 0.0098388 0.99908 0.0162185 0.0 0.0 0.0 1.0
chess/seq-04/color/frame-000527.color.png chess/seq-04/color/frame-000530.color.png 0.998626 -0.0375745 0.0365182 -0.094061 0.037542 0.999294 0.00157667 -0.0163349 -0.0365516 -0.0002036 0.999332 0.00888705 0.0 0.0 0.0 1.0
chess/seq-04/color/frame-000530.color.png chess/seq-04/color/frame-000533.color.png 0.999087 -0.0311759 0.029205 -0.0929187 0.0310562 0.999507 0.00454428 -0.00486827 -0.0293322 -0.00363318 0.999563 0.00692689 0.0 0.0 0.0 1.0
chess/seq-04/color/frame-000533.color.png chess/seq-04/color/frame-000536.color.png 0.999475 -0.0152852 0.0285601 -0.0830813 0.0150498 0.999851 0.00844143 -0.00695848 -0.0286849 -0.00800716 0.999556 0.00314116 0.0 0.0 0.0 1.0
chess/seq-04/color/frame-000536.color.png chess/seq-04/color/frame-000539.color.png 0.99916 -0.0243449 0.0329627 -0.0881198 0.0242973 0.999703 0.00184466 -0.0247588 -0.0329979 -0.00104219 0.999455 0.0132917 0.0 0.0 0.0 1.0
chess/seq-04/color/frame-000539.color.png chess/seq-04/color/frame-000542.color.png 0.999166 -0.029057 0.0286867 -0.0940371 0.0295888 0.999395 -0.0182933 0.00453991 -0.0281378 0.0191268 0.999421 0.0197523 0.0 0.0 0.0 1.0
chess/seq-04/color/frame-000542.color.png chess/seq-04/color/frame-000545.color.png 0.99809 -0.0459167 0.0413408 -0.114754 0.0470359 0.998541 -0.0265209 0.0109852 -0.0400627 0.0284148 0.998793 0.0250216 0.0 0.0 0.0 1.0
chess/seq-04/color/frame-000545.color.png chess/seq-04/color/frame-000548.color.png 0.998325 -0.0497135 0.0296004 -0.0990155 0.0508512 0.997944 -0.0390069 0.034411 -0.0276003 0.0404467 0.9988 0.0213486 0.0 0.0 0.0 1.0
chess/seq-04/color/frame-000548.color.png chess/seq-04/color/frame-000551.color.png 0.997953 -0.0338163 0.0542845 -0.128695 0.0350422 0.999148 -0.0217912 0.0261046 -0.0535013 0.0236488 0.998288 0.0125965 0.0 0.0 0.0 1.0
chess/seq-04/color/frame-000551.color.png chess/seq-04/color/frame-000554.color.png 0.9996 -0.0136585 0.0247493 -0.0614819 0.0138052 0.999888 -0.00576753 0.0131019 -0.0246677 0.00610694 0.999677 -0.00883698 0.0 0.0 0.0 1.0
chess/seq-04/color/frame-000554.color.png chess/seq-04/color/frame-000557.color.png 0.999887 -0.0049111 0.0141768 -0.0442723 0.00504641 0.999942 -0.00952652 0.0160876 -0.0141293 0.0095969 0.999854 -0.00543386 0.0 0.0 0.0 1.0
chess/seq-04/color/frame-000557.color.png chess/seq-04/color/frame-000560.color.png 0.999934 -0.00823642 0.0079871 -0.029146 0.00831829 0.999913 -0.0102728 0.0280684 -0.00790178 0.0103386 0.999915 -0.0172444 0.0 0.0 0.0 1.0
chess/seq-04/color/frame-000560.color.png chess/seq-04/color/frame-000563.color.png 0.999978 -0.00531209 0.00384356 -0.0256382 0.00538249 0.999814 -0.0185445 0.0331533 -0.00374433 0.0185648 0.999821 -0.022438 0.0 0.0 0.0 1.0
chess/seq-04/color/frame-000563.color.png chess/seq-04/color/frame-000566.color.png 0.999969 -0.00456441 0.00644894 -0.0290206 0.00481569 0.999208 -0.0395012 0.0618104 -0.00626351 0.0395311 0.999199 -0.0286328 0.0 0.0 0.0 1.0
chess/seq-04/color/frame-000566.color.png chess/seq-04/color/frame-000569.color.png 0.999996 0.00169128 -0.0021932 -0.00165184 -0.00173509 0.999796 -0.0201265 0.0469391 0.00215864 0.0201303 0.999795 -0.0447581 0.0 0.0 0.0 1.0
chess/seq-04/color/frame-000569.color.png chess/seq-04/color/frame-000572.color.png 0.99997 -0.00486161 -0.00596691 0.00914615 0.00486114 0.999988 -9.6886e-05 0.0264542 0.0059674 6.78268e-05 0.999982 -0.0520734 0.0 0.0 0.0 1.0
chess/seq-04/color/frame-000572.color.png chess/seq-04/color/frame-000575.color.png 0.999882 -0.0153783 -8.40105e-05 -0.0015958 0.0153783 0.999881 -0.000627702 0.0262665 9.36165e-05 0.000626389 1.0 -0.0525767 0.0 0.0 0.0 1.0
chess/seq-04/color/frame-000575.color.png chess/seq-04/color/frame-000578.color.png 0.999933 -0.00975234 -0.00623803 0.0077768 0.00976137 0.999951 0.00141938 0.0381234 0.00622391 -0.00148019 0.999979 -0.0680524 0.0 0.0 0.0 1.0
chess/seq-04/color/frame-000578.color.png chess/seq-04/color/frame-000581.color.png 1.0 -0.000854585 0.000308773 0.0077052 0.000857747 0.999945 -0.0104417 0.0259546 -0.000299969 0.010442 0.999946 -0.0414313 0.0 0.0 0.0 1.0
chess/seq-04/color/frame-000581.color.png chess/seq-04/color/frame-000584.color.png 0.999775 0.0109908 0.0181423 -0.0109504 -0.0106004 0.999713 -0.0214727 0.0366454 -0.0183732 0.0212755 0.999605 -0.0394698 0.0 0.0 0.0 1.0
chess/seq-04/color/frame-000584.color.png chess/seq-04/color/frame-000587.color.png 0.999872 -0.000401738 0.0159706 -0.00128461 0.000839552 0.999624 -0.0274164 0.0384437 -0.0159536 0.0274263 0.999497 -0.0480037 0.0 0.0 0.0 1.0
chess/seq-04/color/frame-000587.color.png chess/seq-04/color/frame-000590.color.png 0.999496 0.00281424 0.0316256 -0.021508 -0.00175551 0.999439 -0.033455 0.0522141 -0.031702 0.0333826 0.99894 -0.0452299 0.0 0.0 0.0 1.0
chess/seq-04/color/frame-000590.color.png chess/seq-04/color/frame-000593.color.png 0.999899 0.00856433 0.0113446 -0.01762 -0.00835976 0.999804 -0.0179586 0.0263993 -0.0114962 0.0178619 0.999774 -0.0420057 0.0 0.0 0.0 1.0
chess/seq-04/color/frame-000593.color.png chess/seq-04/color/frame-000596.color.png 0.999895 -0.00316538 0.0141176 -0.0181667 0.00337455 0.999885 -0.014817 0.0353491 -0.0140691 0.0148631 0.999791 -0.0463677 0.0 0.0 0.0 1.0
chess/seq-04/color/frame-000596.color.png chess/seq-04/color/frame-000599.color.png 0.999827 -0.00462064 0.0180435 -0.0196733 0.00463048 0.999989 -0.000503736 0.0276033 -0.018041 0.000587203 0.999837 -0.0421813 0.0 0.0 0.0 1.0
chess/seq-04/color/frame-000599.color.png chess/seq-04/color/frame-000602.color.png 0.999192 0.0161451 0.0367917 -0.0276936 -0.0167031 0.999749 0.0149111 0.000909969 -0.0365418 -0.0155136 0.999212 -0.0378024 0.0 0.0 0.0 1.0
chess/seq-04/color/frame-000602.color.png chess/seq-04/color/frame-000605.color.png 0.999704 0.0154185 0.0187963 -0.0154532 -0.0151711 0.999797 -0.0132308 0.0107023 -0.0189964 0.0129417 0.999736 -0.0381649 0.0 0.0 0.0 1.0
chess/seq-04/color/frame-000605.color.png chess/seq-04/color/frame-000608.color.png 0.999329 0.0224118 0.028958 -0.0123036 -0.022211 0.999727 -0.00723912 0.00194244 -0.0291124 0.00659109 0.999554 -0.0429744 0.0 0.0 0.0 1.0
chess/seq-04/color/frame-000608.color.png chess/seq-04/color/frame-000611.color.png 0.999681 0.0250418 0.00336271 -0.00534623 -0.0250519 0.999682 0.00299496 0.0061186 -0.00328665 -0.00307825 0.99999 -0.0319206 0.0 0.0 0.0 1.0
chess/seq-04/color/frame-000611.color.png chess/seq-04/color/frame-000614.color.png 0.999345 0.0321221 0.0166475 0.00978425 -0.0324601 0.999264 0.0204477 -0.00242668 -0.0159784 -0.0209747 0.999652 -0.0365796 0.0 0.0 0.0 1.0
chess/seq-04/color/frame-000614.color.png chess/seq-04/color/frame-000617.color.png 0.999709 0.021639 0.010661 0.00734016 -0.0218701 0.999517 0.0220627 -0.0016724 -0.0101784 -0.0222894 0.9997 -0.0226212 0.0 0.0 0.0 1.0
chess/seq-04/color/frame-000617.color.png chess/seq-04/color/frame-000620.color.png 0.99978 0.0115691 0.0174861 0.0232133 -0.0116615 0.999919 0.00519393 0.00593799 -0.0174246 -0.0053967 0.999834 -0.0368145 0.0 0.0 0.0 1.0
chess/seq-04/color/frame-000620.color.png chess/seq-04/color/frame-000623.color.png 0.999963 0.00748798 0.0042767 0.0247913 -0.00748964 0.999972 0.000368805 0.00925794 -0.00427382 -0.000400833 0.999991 -0.038939 0.0 0.0 0.0 1.0
chess/seq-04/color/frame-000623.color.png chess/seq-04/color/frame-000626.color.png 0.999924 0.00447641 -0.0114937 0.0401862 -0.00468778 0.999819 -0.0184285 0.0225869 0.0114091 0.0184809 0.999764 -0.0399299 0.0 0.0 0.0 1.0
chess/seq-04/color/frame-000626.color.png chess/seq-04/color/frame-000629.color.png 0.999923 0.00377412 -0.0117965 0.0351828 -0.00392419 0.999911 -0.0127243 0.0110676 0.0117474 0.0127696 0.999849 -0.0416069 0.0 0.0 0.0 1.0
chess/seq-04/color/frame-000629.color.png chess/seq-04/color/frame-000632.color.png 0.999676 0.0091261 -0.0237701 0.0363869 -0.00952879 0.999812 -0.0168832 0.0166924 0.0236116 0.0171042 0.999575 -0.0526129 0.0 0.0 0.0 1.0
chess/seq-04/color/frame-000632.color.png chess/seq-04/color/frame-000635.color.png 0.99996 0.00864582 -0.00248668 0.0331376 -0.00866333 0.999937 -0.00713194 0.00717776 0.00242488 0.0071532 0.999971 -0.0353698 0.0 0.0 0.0 1.0
chess/seq-04/color/frame-000635.color.png chess/seq-04/color/frame-000638.color.png 0.99995 -0.00335894 0.00941642 0.0141106 0.00346875 0.999926 -0.0116734 -0.0132597 -0.0093765 0.0117055 0.999888 -0.0485482 0.0 0.0 0.0 1.0
chess/seq-04/color/frame-000638.color.png chess/seq-04/color/frame-000641.color.png 0.999855 0.00106323 0.0170136 0.0151001 -0.000699894 0.999772 -0.0213444 -0.00171345 -0.0170324 0.0213294 0.999627 -0.0561991 0.0 0.0 0.0 1.0
chess/seq-04/color/frame-000641.color.png chess/seq-04/color/frame-000644.color.png 0.99996 0.00554741 0.00698211 -0.0216493 -0.00545296 0.999894 -0.0134769 -0.00267353 -0.00705614 0.0134383 0.999885 -0.0392399 0.0 0.0 0.0 1.0
chess/seq-04/color/frame-000644.color.png chess/seq-04/color/frame-000647.color.png 0.999916 0.00480542 -0.0120278 -0.0201396 -0.00511348 0.999656 -0.0257122 0.0013257 0.0119001 0.0257716 0.999597 -0.0445622 0.0 0.0 0.0 1.0
chess/seq-04/color/frame-000647.color.png chess/seq-04/color/frame-000650.color.png 0.999623 -0.00363633 -0.0271968 -0.022433 0.00316857 0.999847 -0.0172227 -0.00614236 0.0272553 0.0171301 0.999482 -0.0369205 0.0 0.0 0.0 1.0
chess/seq-04/color/frame-000650.color.png chess/seq-04/color/frame-000653.color.png 0.999661 0.00316931 -0.0258437 -0.0127705 -0.00324692 0.99999 -0.00296321 0.0112319 0.025834 0.00304613 0.999662 -0.0368257 0.0 0.0 0.0 1.0
chess/seq-04/color/frame-000653.color.png chess/seq-04/color/frame-000656.color.png 0.999624 0.00307227 -0.0272591 0.00508976 -0.0031181 0.999994 -0.0016383 0.00364381 0.027254 0.00172268 0.999627 -0.0295261 0.0 0.0 0.0 1.0
chess/seq-04/color/frame-000656.color.png chess/seq-04/color/frame-000659.color.png 0.999744 -0.000818168 -0.0226052 0.00336865 0.000811266 1.0 -0.000313208 0.00360609 0.0226054 0.000294772 0.999744 -0.0170623 0.0 0.0 0.0 1.0
chess/seq-04/color/frame-000659.color.png chess/seq-04/color/frame-000662.color.png 0.999942 -0.00522563 -0.00941953 0.0105673 0.00522614 0.999986 2.99259e-05 -0.00163117 0.00941923 -7.91465e-05 0.999956 -0.00875136 0.0 0.0 0.0 1.0
chess/seq-04/color/frame-000662.color.png chess/seq-04/color/frame-000665.color.png 0.999997 0.00196775 0.0015342 0.0318778 -0.0019714 0.999995 0.00239686 -0.0065563 -0.00152948 -0.00239988 0.999996 0.00650957 0.0 0.0 0.0 1.0
chess/seq-04/color/frame-000665.color.png chess/seq-04/color/frame-000668.color.png 0.9995 0.00609973 -0.0310258 0.041788 -0.00613673 0.999981 -0.00109749 0.00301067 0.0310185 0.00128734 0.999518 0.00478297 0.0 0.0 0.0 1.0
chess/seq-04/color/frame-000668.color.png chess/seq-04/color/frame-000671.color.png 0.99967 0.0151671 -0.0207307 0.0436639 -0.0149652 0.999839 0.00985828 -0.00164166 0.0208769 -0.00954479 0.999736 0.0177022 0.0 0.0 0.0 1.0
chess/seq-04/color/frame-000671.color.png chess/seq-04/color/frame-000674.color.png 0.999805 0.0145197 -0.0133465 0.0304432 -0.014391 0.999849 0.00969549 0.00252718 0.0134853 -0.00950152 0.999864 0.0177462 0.0 0.0 0.0 1.0
chess/seq-04/color/frame-000674.color.png chess/seq-04/color/frame-000677.color.png 0.998893 0.0327663 -0.0337453 0.00637898 -0.0323053 0.999378 0.0141162 0.0105035 0.0341868 -0.0130104 0.999331 0.0380056 0.0 0.0 0.0 1.0
chess/seq-04/color/frame-000677.color.png chess/seq-04/color/frame-000680.color.png 0.997511 0.0179718 -0.0681808 -0.00606114 -0.0170542 0.999756 0.0140185 0.0098073 0.0684162 -0.0128209 0.997574 0.0272815 0.0 0.0 0.0 1.0
chess/seq-04/color/frame-000680.color.png chess/seq-04/color/frame-000683.color.png 0.998528 0.00858609 -0.0535502 -0.0436872 -0.00811822 0.999927 0.00894841 -0.00461654 0.0536232 -0.00850051 0.998525 0.0368702 0.0 0.0 0.0 1.0
chess/seq-04/color/frame-000683.color.png chess/seq-04/color/frame-000686.color.png 0.99867 0.0385127 -0.0342746 -0.0659504 -0.0378319 0.999078 0.0202948 0.00331676 0.0350244 -0.0189712 0.999206 0.0492972 0.0 0.0 0.0 1.0
chess/seq-04/color/frame-000686.color.png chess/seq-04/color/frame-000689.color.png 0.998342 0.0236979 -0.0524608 -0.0809991 -0.0236252 0.999719 0.00200593 -0.0133585 0.0524936 -0.000763211 0.998621 0.0285027 0.0 0.0 0.0 1.0
chess/seq-04/color/frame-000689.color.png chess/seq-04/color/frame-000692.color.png 0.998512 0.00350205 -0.0544152 -0.0691295 -0.00399584 0.999952 -0.00896804 -0.0187818 0.0543812 0.00917208 0.998478 0.0259986 0.0 0.0 0.0 1.0
chess/seq-04/color/frame-000692.color.png chess/seq-04/color/frame-000695.color.png 0.999074 -0.0178029 -0.0391585 -0.0588907 0.0173603 0.999782 -0.0116122 0.00133468 0.0393567 0.0109216 0.999166 0.0513332 0.0 0.0 0.0 1.0
chess/seq-04/color/frame-000695.color.png chess/seq-04/color/frame-000698.color.png 0.999587 0.00699838 -0.0278908 -0.0385617 -0.0071507 0.99996 -0.00536168 -0.00207587 0.0278522 0.00555887 0.999597 0.0468058 0.0 0.0 0.0 1.0
chess/seq-04/color/frame-000698.color.png chess/seq-04/color/frame-000701.color.png 0.99878 0.0438738 -0.0226445 -0.0460352 -0.0440437 0.999005 -0.0070675 0.00696246 0.0223119 0.00805628 0.999719 0.0456644 0.0 0.0 0.0 1.0
chess/seq-04/color/frame-000701.color.png chess/seq-04/color/frame-000704.color.png 0.999197 0.0260904 -0.0304085 -0.0201617 -0.0260372 0.999659 0.00214848 0.00167024 0.0304541 -0.00135505 0.999535 0.0383183 0.0 0.0 0.0 1.0
chess/seq-04/color/frame-000704.color.png chess/seq-04/color/frame-000707.color.png 0.999717 0.0207679 -0.0115959 -0.0163463 -0.0206482 0.999733 0.0103509 -0.0171808 0.011808 -0.0101086 0.999879 0.0403088 0.0 0.0 0.0 1.0
chess/seq-04/color/frame-000707.color.png chess/seq-04/color/frame-000710.color.png 0.999891 -0.00646242 -0.0132566 -0.0256746 0.00640352 0.999969 -0.00447181 -0.00994781 0.013285 0.00438639 0.999902 0.055902 0.0 0.0 0.0 1.0
chess/seq-04/color/frame-000710.color.png chess/seq-04/color/frame-000713.color.png 0.999996 0.00268729 -0.000223471 -0.0137509 -0.00268753 0.999996 -0.00132181 -0.0194373 0.000219828 0.00132251 0.999999 0.0613311 0.0 0.0 0.0 1.0
chess/seq-04/color/frame-000713.color.png chess/seq-04/color/frame-000716.color.png 0.999957 -0.00824588 0.00415967 0.00823315 0.00827208 0.999946 -0.00628623 -0.021457 -0.00410753 0.00632036 0.999972 0.0382678 0.0 0.0 0.0 1.0
chess/seq-04/color/frame-000716.color.png chess/seq-04/color/frame-000719.color.png 0.999721 -0.0139056 0.0191207 0.0112051 0.0139822 0.999895 -0.00388369 -0.0237932 -0.0190648 0.00414995 0.99981 0.0458308 0.0 0.0 0.0 1.0
chess/seq-04/color/frame-000719.color.png chess/seq-04/color/frame-000722.color.png 0.999224 -0.0228041 0.0321167 -0.0116951 0.0227733 0.99974 0.00132627 -0.0159569 -0.0321386 -0.000593893 0.999483 0.0409802 0.0 0.0 0.0 1.0
chess/seq-04/color/frame-000722.color.png chess/seq-04/color/frame-000725.color.png 0.998459 -0.0337302 0.0440657 -0.0193467 0.0330971 0.999339 0.0150203 -0.0201055 -0.0445432 -0.0135387 0.998916 0.0558068 0.0 0.0 0.0 1.0
chess/seq-04/color/frame-000725.color.png chess/seq-04/color/frame-000728.color.png 0.999386 -0.00354615 0.034859 -0.00421335 0.00306325 0.999899 0.0138963 -0.0223028 -0.0349048 -0.013781 0.999296 0.0378072 0.0 0.0 0.0 1.0
chess/seq-04/color/frame-000728.color.png chess/seq-04/color/frame-000731.color.png 0.999258 -0.0124113 0.036461 -0.0298632 0.0124467 0.999922 -0.000744315 -0.00333434 -0.0364489 0.00119759 0.999335 0.0303349 0.0 0.0 0.0 1.0
chess/seq-04/color/frame-000731.color.png chess/seq-04/color/frame-000734.color.png 0.999559 -0.0046923 0.0293275 -0.0149491 0.00456223 0.999979 0.00449949 -0.0219769 -0.029348 -0.0043637 0.99956 0.0403208 0.0 0.0 0.0 1.0
chess/seq-04/color/frame-000734.color.png chess/seq-04/color/frame-000737.color.png 0.999238 -0.0132132 0.0367273 -0.0348821 0.0133258 0.999907 -0.00282265 -0.0160196 -0.0366865 0.00330993 0.999321 0.0428738 0.0 0.0 0.0 1.0
chess/seq-04/color/frame-000737.color.png chess/seq-04/color/frame-000740.color.png 0.999981 -0.00549459 0.00287013 0.011592 0.00551714 0.999953 -0.00793115 -0.00933322 -0.00282642 0.00794682 0.999964 0.0409704 0.0 0.0 0.0 1.0
chess/seq-04/color/frame-000740.color.png chess/seq-04/color/frame-000743.color.png 0.999864 -0.0155613 0.00546051 -0.00131812 0.01565 0.99974 -0.0165842 -0.0102061 -0.00520108 0.0166674 0.999848 0.0422996 0.0 0.0 0.0 1.0
chess/seq-04/color/frame-000743.color.png chess/seq-04/color/frame-000746.color.png 0.999962 0.00416316 -0.00769385 0.0383933 -0.00405496 0.999893 0.0140324 -0.0355678 0.00775146 -0.0140007 0.999872 0.0460029 0.0 0.0 0.0 1.0
chess/seq-04/color/frame-000746.color.png chess/seq-04/color/frame-000749.color.png 0.999827 -0.0178108 -0.00532949 0.00653134 0.0177563 0.999791 -0.0101097 -0.00106624 0.00550853 0.0100133 0.999935 0.0298469 0.0 0.0 0.0 1.0
chess/seq-04/color/frame-000749.color.png chess/seq-04/color/frame-000752.color.png 0.999981 0.00198348 0.00593007 0.0194208 -0.00198384 0.999998 4.6345e-05 -0.0141723 -0.00593 -5.81331e-05 0.999982 0.0310819 0.0 0.0 0.0 1.0
chess/seq-04/color/frame-000752.color.png chess/seq-04/color/frame-000755.color.png 0.999935 0.0112706 -0.00187561 0.0408798 -0.0112801 0.999923 -0.00511431 -0.00610077 0.00181784 0.00513515 0.999985 0.0281891 0.0 0.0 0.0 1.0
chess/seq-04/color/frame-000755.color.png chess/seq-04/color/frame-000758.color.png 0.999714 0.013478 -0.019765 0.0778809 -0.0138612 0.999716 -0.0193892 0.00780353 0.019498 0.0196576 0.999617 0.037496 0.0 0.0 0.0 1.0
chess/seq-04/color/frame-000758.color.png chess/seq-04/color/frame-000761.color.png 0.99876 0.0379943 -0.0321825 0.103809 -0.0382953 0.999228 -0.00878839 0.00863534 0.0318237 0.01001 0.999443 0.025407 0.0 0.0 0.0 1.0
chess/seq-04/color/frame-000761.color.png chess/seq-04/color/frame-000764.color.png 0.999004 0.00147568 -0.0445893 0.115311 -0.0015284 0.999998 -0.00114658 -0.0230177 0.0445875 0.00121358 0.999005 0.0181929 0.0 0.0 0.0 1.0
chess/seq-04/color/frame-000764.color.png chess/seq-04/color/frame-000767.color.png 0.999746 0.00378608 0.022209 -0.0125152 -0.00393916 0.999969 0.0068529 -0.00957572 -0.0221822 -0.00693868 0.99973 0.0110222 0.0 0.0 0.0 1.0
chess/seq-04/color/frame-000767.color.png chess/seq-04/color/frame-000770.color.png 0.999746 -0.00246458 -0.0223937 0.107882 0.00282868 0.999864 0.0162396 -0.0372107 0.0223506 -0.0162989 0.999617 0.0575247 0.0 0.0 0.0 1.0
chess/seq-04/color/frame-000770.color.png chess/seq-04/color/frame-000773.color.png 0.999572 0.0155903 0.0247521 0.027146 -0.016855 0.998519 0.0517364 -0.0888962 -0.0239088 -0.0521314 0.998354 0.0293545 0.0 0.0 0.0 1.0
chess/seq-04/color/frame-000773.color.png chess/seq-04/color/frame-000776.color.png 0.999984 -0.00382889 0.00424335 0.0145034 0.00377818 0.999922 0.0118916 -0.0178009 -0.00428848 -0.0118754 0.99992 0.0196074 0.0 0.0 0.0 1.0
chess/seq-04/color/frame-000776.color.png chess/seq-04/color/frame-000779.color.png 0.999792 0.0203062 0.002021 0.0364378 -0.020333 0.999691 0.0142901 -0.00824654 -0.00173034 -0.0143282 0.999896 0.0293181 0.0 0.0 0.0 1.0
chess/seq-04/color/frame-000779.color.png chess/seq-04/color/frame-000782.color.png 0.999674 0.0228669 -0.0114054 0.0643897 -0.0228235 0.999732 0.00392417 -0.00880057 0.0114922 -0.0036626 0.999927 0.03438 0.0 0.0 0.0 1.0
chess/seq-04/color/frame-000782.color.png chess/seq-04/color/frame-000785.color.png 0.999669 0.0126484 -0.0224049 0.076907 -0.0127257 0.999914 -0.00330763 0.00208026 0.0223611 0.00359164 0.999744 0.0192945 0.0 0.0 0.0 1.0
chess/seq-04/color/frame-000785.color.png chess/seq-04/color/frame-000788.color.png 0.999724 0.00778472 -0.022154 0.0833201 -0.00777313 0.99997 0.000608174 -0.00914133 0.0221581 -0.000435825 0.999754 0.00911784 0.0 0.0 0.0 1.0
chess/seq-04/color/frame-000788.color.png chess/seq-04/color/frame-000791.color.png 0.999766 -0.0122734 -0.0178212 0.0615861 0.0122415 0.999923 -0.00189789 -0.00807101 0.0178432 0.00167931 0.999839 0.0179504 0.0 0.0 0.0 1.0
chess/seq-04/color/frame-000791.color.png chess/seq-04/color/frame-000794.color.png 0.999335 0.001212 -0.0364368 0.0986327 -0.00160264 0.999942 -0.0106946 0.00864202 0.0364217 0.0107459 0.999279 0.000878334 0.0 0.0 0.0 1.0
chess/seq-04/color/frame-000794.color.png chess/seq-04/color/frame-000797.color.png 0.999354 0.0140037 -0.0331101 0.100774 -0.0144557 0.999805 -0.0134486 0.0175525 0.0329153 0.0139185 0.999361 -0.00493991 0.0 0.0 0.0 1.0
chess/seq-04/color/frame-000797.color.png chess/seq-04/color/frame-000800.color.png 0.999027 0.0147725 -0.0415575 0.116052 -0.0146603 0.999888 0.00300287 -0.00220603 0.0415972 -0.00239071 0.999132 -0.0205884 0.0 0.0 0.0 1.0
chess/seq-04/color/frame-000800.color.png chess/seq-04/color/frame-000803.color.png 0.998044 0.0200156 -0.0592265 0.151763 -0.0198962 0.999799 0.00260627 0.00746363 0.0592666 -0.00142273 0.998241 -0.0440761 0.0 0.0 0.0 1.0
chess/seq-04/color/frame-000803.color.png chess/seq-04/color/frame-000806.color.png 0.997913 0.0109821 -0.063632 0.145392 -0.0113342 0.999922 -0.00517333 0.025923 0.0635703 0.00588374 0.99796 -0.0586669 0.0 0.0 0.0 1.0
chess/seq-04/color/frame-000806.color.png chess/seq-04/color/frame-000809.color.png 0.99864 0.00452768 -0.051944 0.119644 -0.00395222 0.99993 0.0111763 -0.00714111 0.051991 -0.0109558 0.998587 -0.0535147 0.0 0.0 0.0 1.0
chess/seq-04/color/frame-000809.color.png chess/seq-04/color/frame-000812.color.png 0.998833 0.00284505 -0.0482023 0.104099 -0.00277065 0.999995 0.00160881 0.0115495 0.0482066 -0.00147341 0.998836 -0.039506 0.0 0.0 0.0 1.0
chess/seq-04/color/frame-000812.color.png chess/seq-04/color/frame-000815.color.png 0.998986 0.033533 -0.0300503 0.0887366 -0.0335606 0.999437 -0.000416352 0.0357376 0.0300195 0.00142444 0.999548 -0.0233197 0.0 0.0 0.0 1.0
chess/seq-04/color/frame-000815.color.png chess/seq-04/color/frame-000818.color.png 0.998914 0.0161203 -0.0437222 0.106454 -0.017156 0.999579 -0.0234166 0.0789797 0.0433263 0.0241413 0.998769 -0.0269014 0.0 0.0 0.0 1.0
chess/seq-04/color/frame-000818.color.png chess/seq-04/color/frame-000821.color.png 0.998226 0.0145094 -0.0577416 0.141457 -0.0139589 0.999853 0.00992486 -0.000313997 0.0578771 -0.00910122 0.998282 -0.0581057 0.0 0.0 0.0 1.0
chess/seq-04/color/frame-000821.color.png chess/seq-04/color/frame-000824.color.png 0.999519 -0.00633561 -0.0303655 0.0953448 0.00686295 0.999827 0.0172938 -0.0309209 0.0302506 -0.0174938 0.999389 -0.0336194 0.0 0.0 0.0 1.0
chess/seq-04/color/frame-000824.color.png chess/seq-04/color/frame-000827.color.png 0.999761 -0.00851742 -0.020153 0.0610487 0.00866028 0.999938 0.00701439 -0.00614321 0.0200921 -0.00718734 0.999772 -0.0259117 0.0 0.0 0.0 1.0
chess/seq-04/color/frame-000827.color.png chess/seq-04/color/frame-000830.color.png 0.999078 -0.00161937 -0.0428935 0.123379 0.00193557 0.999971 0.00733111 -0.000623047 0.0428804 -0.00740728 0.999053 -0.0534973 0.0 0.0 0.0 1.0
chess/seq-04/color/frame-000830.color.png chess/seq-04/color/frame-000833.color.png 0.99917 0.0353862 -0.0201598 0.0938406 -0.0353464 0.999372 0.00232417 0.0451306 0.0202294 -0.00160974 0.999794 -0.0445712 0.0 0.0 0.0 1.0
chess/seq-04/color/frame-000833.color.png chess/seq-04/color/frame-000836.color.png 0.999895 0.0072167 -0.0125468 0.0665635 -0.00722392 0.999974 -0.000532493 0.0291746 0.0125426 0.000623174 0.999921 -0.0261382 0.0 0.0 0.0 1.0
chess/seq-04/color/frame-000836.color.png chess/seq-04/color/frame-000839.color.png 0.999657 0.0251101 -0.00744495 0.0595822 -0.0251957 0.999615 -0.011618 0.0678332 0.00715029 0.0118015 0.999905 -0.0110384 0.0 0.0 0.0 1.0
chess/seq-04/color/frame-000839.color.png chess/seq-04/color/frame-000842.color.png 0.999918 -0.0127105 -0.00139826 0.0295167 0.0127195 0.999897 0.00659203 -0.0201023 0.00131431 -0.00660914 0.999977 -0.00826073 0.0 0.0 0.0 1.0
chess/seq-04/color/frame-000842.color.png chess/seq-04/color/frame-000845.color.png 0.999881 -0.0154455 -0.000379665 0.0279247 0.0154495 0.999757 0.0157097 -0.0246173 0.000136937 -0.0157138 0.999876 -0.00150061 0.0 0.0 0.0 1.0
chess/seq-04/color/frame-000845.color.png chess/seq-04/color/frame-000848.color.png 0.999851 0.013818 -0.0103093 0.0253808 -0.0135452 0.999568 0.0260772 0.00273019 0.0106652 -0.0259336 0.999607 -0.0261914 0.0 0.0 0.0 1.0
chess/seq-04/color/frame-000848.color.png chess/seq-04/color/frame-000851.color.png 0.999816 0.0184867 -0.00505207 0.00214696 -0.0183897 0.999657 0.0186351 0.0223771 0.0053949 -0.0185388 0.999814 -0.0133343 0.0 0.0 0.0 1.0
chess/seq-04/color/frame-000851.color.png chess/seq-04/color/frame-000854.color.png 0.999677 0.0254155 0.000452815 0.00629747 -0.0254195 0.999509 0.0183247 0.032719 1.31268e-05 -0.0183302 0.999832 -0.00696158 0.0 0.0 0.0 1.0
chess/seq-04/color/frame-000854.color.png chess/seq-04/color/frame-000857.color.png 0.999783 0.0208027 -0.00104874 0.00660503 -0.020786 0.999686 0.0140076 0.0242796 0.00133986 -0.0139828 0.999901 0.00122571 0.0 0.0 0.0 1.0
chess/seq-04/color/frame-000857.color.png chess/seq-04/color/frame-000860.color.png 0.999855 0.0169222 0.00201759 -0.00150597 -0.0169515 0.999736 0.0154903 0.0142379 -0.00175494 -0.0155222 0.999878 0.00716102 0.0 0.0 0.0 1.0
chess/seq-04/color/frame-000860.color.png chess/seq-04/color/frame-000863.color.png 0.999812 0.0168537 0.00962293 -0.0064044 -0.0170019 0.999735 0.0155285 0.013183 -0.00935872 -0.0156891 0.999833 0.0128217 0.0 0.0 0.0 1.0
chess/seq-04/color/frame-000863.color.png chess/seq-04/color/frame-000866.color.png 0.999867 0.0135295 0.00905352 -0.0103394 -0.0137171 0.999686 0.0209919 0.00358096 -0.00876663 -0.0211134 0.999739 0.0128366 0.0 0.0 0.0 1.0
chess/seq-04/color/frame-000866.color.png chess/seq-04/color/frame-000869.color.png 0.999916 0.0102759 0.00786453 -0.0103182 -0.0104361 0.999733 0.0206067 0.00162095 -0.00765073 -0.0206871 0.999757 0.00815558 0.0 0.0 0.0 1.0
chess/seq-04/color/frame-000869.color.png chess/seq-04/color/frame-000872.color.png 0.999961 0.00569292 0.0066935 -0.00920403 -0.00580772 0.999834 0.0172598 -0.00591198 -0.00659409 -0.0172981 0.999829 0.0106071 0.0 0.0 0.0 1.0
chess/seq-04/color/frame-000872.color.png chess/seq-04/color/frame-000875.color.png 0.99995 0.00665239 0.00747478 -0.00732732 -0.00676547 0.999861 0.0152133 0.0022749 -0.00737258 -0.0152631 0.999856 0.0103179 0.0 0.0 0.0 1.0
chess/seq-04/color/frame-000875.color.png chess/seq-04/color/frame-000878.color.png 0.999928 0.00921565 0.00774019 -0.00845003 -0.00936688 0.999762 0.0197136 -0.00335068 -0.00755671 -0.0197847 0.999776 0.0110997 0.0 0.0 0.0 1.0
chess/seq-04/color/frame-000878.color.png chess/seq-04/color/frame-000881.color.png 0.999972 0.00618862 0.00422146 -0.00971639 -0.0062528 0.999862 0.0154104 0.0020574 -0.00412548 -0.0154364 0.999872 0.00858593 0.0 0.0 0.0 1.0
chess/seq-04/color/frame-000881.color.png chess/seq-04/color/frame-000884.color.png 0.999897 0.011955 0.0078922 -0.0112165 -0.0121089 0.999732 0.0197271 0.00183022 -0.00765425 -0.0198207 0.999774 0.00914931 0.0 0.0 0.0 1.0
chess/seq-04/color/frame-000884.color.png chess/seq-04/color/frame-000887.color.png 0.999878 0.0153329 0.0031333 -0.00393105 -0.0153766 0.999777 0.0144929 0.0116391 -0.00291033 -0.0145393 0.99989 0.00343275 0.0 0.0 0.0 1.0
chess/seq-04/color/frame-000887.color.png chess/seq-04/color/frame-000890.color.png 0.999932 0.00990592 0.0060782 -0.00755882 -0.0099359 0.999939 0.00490489 0.014671 -0.00602922 -0.00496492 0.999969 0.00886762 0.0 0.0 0.0 1.0
chess/seq-04/color/frame-000890.color.png chess/seq-04/color/frame-000893.color.png 0.999694 0.021976 0.0113349 -0.00478101 -0.0219085 0.999742 -0.00603695 0.0387029 -0.0114647 0.00578674 0.999918 0.015025 0.0 0.0 0.0 1.0
chess/seq-04/color/frame-000893.color.png chess/seq-04/color/frame-000896.color.png 0.999059 0.0332369 0.0278737 -0.0142046 -0.032723 0.99929 -0.0186959 0.0612898 -0.0284753 0.0177662 0.999436 0.0383061 0.0 0.0 0.0 1.0
chess/seq-04/color/frame-000896.color.png chess/seq-04/color/frame-000899.color.png 0.998955 0.0299637 0.0345155 -0.0152507 -0.028299 0.998458 -0.0477491 0.0874827 -0.0358931 0.0467226 0.998263 0.0534216 0.0 0.0 0.0 1.0
chess/seq-04/color/frame-000899.color.png chess/seq-04/color/frame-000902.color.png 0.999001 0.0284956 0.0344133 -0.0161337 -0.0276085 0.999281 -0.0259801 0.053744 -0.0351288 0.025004 0.99907 0.0447559 0.0 0.0 0.0 1.0
chess/seq-04/color/frame-000902.color.png chess/seq-04/color/frame-000905.color.png 0.999342 0.0253749 0.0259333 -0.00442743 -0.0246376 0.999294 -0.0283645 0.0575084 -0.0266347 0.0277068 0.999261 0.0359161 0.0 0.0 0.0 1.0
chess/seq-04/color/frame-000905.color.png chess/seq-04/color/frame-000908.color.png 0.999328 0.0180191 0.0319169 -0.0210165 -0.0168285 0.999167 -0.0371894 0.0488704 -0.0325604 0.0366273 0.998798 0.0485854 0.0 0.0 0.0 1.0
chess/seq-04/color/frame-000908.color.png chess/seq-04/color/frame-000911.color.png 0.999654 0.0108114 0.0239675 -0.0166509 -0.00990516 0.999243 -0.0376099 0.0462532 -0.0243561 0.0373596 0.999005 0.042192 0.0 0.0 0.0 1.0
chess/seq-04/color/frame-000911.color.png chess/seq-04/color/frame-000914.color.png 0.999712 -0.0156136 0.0182446 -0.0216079 0.0161669 0.999402 -0.0305763 -0.0132063 -0.0177561 0.0308623 0.999366 0.0249493 0.0 0.0 0.0 1.0
chess/seq-04/color/frame-000914.color.png chess/seq-04/color/frame-000917.color.png 0.998084 -0.0579027 0.0218284 -0.0483049 0.0579492 0.998318 -0.00149457 -0.109127 -0.0217053 0.00275666 0.999761 0.0240219 0.0 0.0 0.0 1.0
chess/seq-04/color/frame-000917.color.png chess/seq-04/color/frame-000920.color.png 0.991021 -0.132623 0.0169847 -0.0579462 0.132112 0.99083 0.0283295 -0.274584 -0.020586 -0.0258313 0.999454 0.0134755 0.0 0.0 0.0 1.0
chess/seq-04/color/frame-000920.color.png chess/seq-04/color/frame-000923.color.png 0.988222 -0.152784 -0.00858898 -0.0299821 0.152951 0.984446 0.0864396 -0.371691 -0.00475118 -0.0867353 0.99622 -0.0349487 0.0 0.0 0.0 1.0
chess/seq-04/color/frame-000923.color.png chess/seq-04/color/frame-000926.color.png 0.988549 -0.139521 -0.0574939 0.0340949 0.144492 0.985028 0.094029 -0.35919 0.0435141 -0.10126 0.993908 -0.0951042 0.0 0.0 0.0 1.0
chess/seq-04/color/frame-000926.color.png chess/seq-04/color/frame-000929.color.png 0.978987 -0.181168 -0.0936148 0.22203 0.189958 0.977137 0.0954994 -0.309003 0.074173 -0.111276 0.991018 -0.0427592 0.0 0.0 0.0 1.0
chess/seq-04/color/frame-000929.color.png chess/seq-04/color/frame-000932.color.png 0.99859 -0.0530137 -0.00264238 -0.0113528 0.053078 0.996939 0.0573965 -0.176144 -0.000408626 -0.0574559 0.998348 -0.0119044 0.0 0.0 0.0 1.0
chess/seq-04/color/frame-000932.color.png chess/seq-04/color/frame-000935.color.png 0.999676 -0.0252176 0.00356729 -0.0080806 0.0251509 0.999528 0.0176475 -0.0512547 -0.00401065 -0.0175521 0.999838 0.00901926 0.0 0.0 0.0 1.0
chess/seq-04/color/frame-000935.color.png chess/seq-04/color/frame-000938.color.png 0.99964 0.0262489 0.00551463 0.000624657 -0.0261173 0.999401 -0.0227103 0.083197 -0.00610741 0.0225581 0.999727 0.0149127 0.0 0.0 0.0 1.0
chess/seq-04/color/frame-000938.color.png chess/seq-04/color/frame-000941.color.png 0.998853 0.047393 -0.0068736 0.0241134 -0.0477057 0.997269 -0.0563711 0.170463 0.00418325 0.0566343 0.998386 0.0119684 0.0 0.0 0.0 1.0
chess/seq-04/color/frame-000941.color.png chess/seq-04/color/frame-000944.color.png 0.99841 0.0556767 -0.00877397 0.0271765 -0.0560483 0.997167 -0.0501755 0.172407 0.00595548 0.0505875 0.998702 0.0135804 0.0 0.0 0.0 1.0
chess/seq-04/color/frame-000944.color.png chess/seq-04/color/frame-000947.color.png 0.99962 0.0269899 -0.00552923 0.0121571 -0.0271474 0.999159 -0.0307197 0.0939299 0.00469545 0.0308581 0.999513 0.00184298 0.0 0.0 0.0 1.0
chess/seq-04/color/frame-000947.color.png chess/seq-04/color/frame-000950.color.png 0.999694 0.0230726 -0.00887807 0.0115012 -0.0232733 0.99946 -0.0232095 0.0758436 0.00833777 0.023409 0.999691 -0.0056535 0.0 0.0 0.0 1.0
chess/seq-04/color/frame-000950.color.png chess/seq-04/color/frame-000953.color.png 0.999652 0.025218 -0.00767727 0.00861216 -0.0253668 0.999479 -0.0199526 0.0743301 0.00717009 0.0201404 0.999771 -0.00532663 0.0 0.0 0.0 1.0
chess/seq-04/color/frame-000953.color.png chess/seq-04/color/frame-000956.color.png 0.999303 0.0344051 -0.0145126 0.0213728 -0.0350658 0.99823 -0.0480393 0.130946 0.0128342 0.0485147 0.99874 -0.00539875 0.0 0.0 0.0 1.0
chess/seq-04/color/frame-000956.color.png chess/seq-04/color/frame-000959.color.png 0.999273 0.0144272 -0.0352928 0.0597551 -0.0169158 0.997314 -0.0712635 0.17902 0.0341698 0.0718086 0.996833 0.0125659 0.0 0.0 0.0 1.0
chess/seq-04/color/frame-000959.color.png chess/seq-04/color/frame-000962.color.png 0.999629 0.0248883 -0.0110524 0.0195609 -0.0256102 0.997157 -0.070862 0.145465 0.00925741 0.0711188 0.997425 0.00492668 0.0 0.0 0.0 1.0
chess/seq-04/color/frame-000962.color.png chess/seq-04/color/frame-000965.color.png 0.999723 0.0233199 -0.00316325 0.00642002 -0.0234807 0.99743 -0.0676939 0.139051 0.00157638 0.0677494 0.997701 0.00960088 0.0 0.0 0.0 1.0
chess/seq-04/color/frame-000965.color.png chess/seq-04/color/frame-000968.color.png 0.999252 0.0385446 0.00321686 0.00703359 -0.0382466 0.997064 -0.0663351 0.155549 -0.00576425 0.0661625 0.997792 0.0270511 0.0 0.0 0.0 1.0
chess/seq-04/color/frame-000968.color.png chess/seq-04/color/frame-000971.color.png 0.998842 0.0478139 0.00541407 0.0101885 -0.0471517 0.99499 -0.0881603 0.205311 -0.00960227 0.0878029 0.996092 0.0465076 0.0 0.0 0.0 1.0
chess/seq-04/color/frame-000971.color.png chess/seq-04/color/frame-000974.color.png 0.99898 0.0435069 0.0120556 -0.00390697 -0.0423637 0.995667 -0.0827764 0.185518 -0.0156046 0.0821812 0.996495 0.0489792 0.0 0.0 0.0 1.0
chess/seq-04/color/frame-000974.color.png chess/seq-04/color/frame-000977.color.png 0.999123 0.0359931 0.0213766 -0.0149367 -0.0345975 0.997451 -0.0624107 0.138436 -0.0235685 0.0616164 0.997822 0.064571 0.0 0.0 0.0 1.0
chess/seq-04/color/frame-000977.color.png chess/seq-04/color/frame-000980.color.png 0.999446 0.0271438 0.0192336 -0.0151461 -0.0261359 0.998364 -0.0508503 0.131402 -0.0205825 0.0503196 0.998521 0.0555618 0.0 0.0 0.0 1.0
chess/seq-04/color/frame-000980.color.png chess/seq-04/color/frame-000983.color.png 0.999148 0.0384679 0.0149507 -0.00838351 -0.0379685 0.998755 -0.0323566 0.10085 -0.0161766 0.0317612 0.999365 0.0358285 0.0 0.0 0.0 1.0
chess/seq-04/color/frame-000983.color.png chess/seq-04/color/frame-000986.color.png 0.998118 0.0588489 0.01725 -0.0232389 -0.0581588 0.99758 -0.038102 0.125605 -0.0194506 0.0370271 0.999125 0.0338807 0.0 0.0 0.0 1.0
chess/seq-04/color/frame-000986.color.png chess/seq-04/color/frame-000989.color.png 0.999295 0.0326235 0.0185572 -0.0169849 -0.0322269 0.999254 -0.0212803 0.0852551 -0.0192377 0.0206674 0.999601 0.0412632 0.0 0.0 0.0 1.0
chess/seq-04/color/frame-000989.color.png chess/seq-04/color/frame-000992.color.png 0.999549 0.0274306 0.0122386 -0.0102309 -0.0272301 0.999497 -0.0162682 0.0739719 -0.0126787 0.0159275 0.999793 0.029687 0.0 0.0 0.0 1.0
chess/seq-04/color/frame-000992.color.png chess/seq-04/color/frame-000995.color.png 0.999864 0.0150339 0.00678962 -0.00935495 -0.0149652 0.999837 -0.0100573 0.040529 -0.00693985 0.00995426 0.999926 0.0152006 0.0 0.0 0.0 1.0
chess/seq-04/color/frame-000995.color.png chess/seq-04/color/frame-000998.color.png 0.999935 -0.0111155 -0.00237305 -0.00558662 0.0111081 0.999933 -0.00314646 -0.0116161 0.002408 0.00311995 0.999992 -0.00138795 0.0 0.0 0.0 1.0
