fire/seq-02/color/frame-000002.color.png fire/seq-02/color/frame-000005.color.png 0.999993 -0.00345056 0.00118397 -0.00192012 0.00345575 0.999984 -0.00441231 0.00581627 -0.00116873 0.00441637 0.99999 0.00433333 0.0 0.0 0.0 1.0
fire/seq-02/color/frame-000005.color.png fire/seq-02/color/frame-000008.color.png 0.999983 -0.00543255 0.00197922 -0.00438376 0.00543931 0.999979 -0.00342601 0.00993421 -0.00196057 0.00343672 0.999992 0.00651867 0.0 0.0 0.0 1.0
fire/seq-02/color/frame-000008.color.png fire/seq-02/color/frame-000011.color.png 0.999967 -0.00188402 0.00794399 -0.00907925 0.00195476 0.999958 -0.00890582 0.0142081 -0.00792688 0.00892105 0.999929 0.000674842 0.0 0.0 0.0 1.0
fire/seq-02/color/frame-000011.color.png fire/seq-02/color/frame-000014.color.png 0.999898 -0.0136014 0.00433181 -0.00794802 0.0136305 0.999884 -0.00675666 0.0132977 -0.0042394 0.00681501 0.999968 0.00929556 0.0 0.0 0.0 1.0
fire/seq-02/color/frame-000014.color.png fire/seq-02/color/frame-000017.color.png 0.999939 -0.00982936 0.00510962 -0.0101371 0.00983289 0.999951 -0.000664082 0.0156602 -0.00510284 0.000714286 0.999987 0.0098021 0.0 0.0 0.0 1.0
fire/seq-02/color/frame-000017.color.png fire/seq-02/color/frame-000020.color.png 0.999957 -0.00725267 0.00576242 -0.01387 0.00726713 0.99997 -0.00249415 0.0139773 -0.00574416 0.00253591 0.99998 0.00732007 0.0 0.0 0.0 1.0
fire/seq-02/color/frame-000020.color.png fire/seq-02/color/frame-000023.color.png 0.999871 -0.012355 0.0102893 -0.0130921 0.0123848 0.999919 -0.0028343 0.0159367 -0.0102535 0.00296136 0.999943 0.0142456 0.0 0.0 0.0 1.0
fire/seq-02/color/frame-000023.color.png fire/seq-02/color/frame-000026.color.png 0.999752 -0.0175565 0.0136937 -0.0162277 0.0178106 0.999667 -0.0186591 0.017257 -0.0133615 0.0188983 0.999732 0.0133836 0.0 0.0 0.0 1.0
fire/seq-02/color/frame-000026.color.png fire/seq-02/color/frame-000029.color.png 0.999864 -0.0151462 0.00648526 -0.0118483 0.0151347 0.999884 0.00180889 0.00922925 -0.0065119 -0.00171049 0.999977 0.0131173 0.0 0.0 0.0 1.0
fire/seq-02/color/frame-000029.color.png fire/seq-02/color/frame-000032.color.png 0.99993 -0.00558686 0.0104463 -0.0153045 0.00572867 0.999891 -0.0135916 0.0176788 -0.0103692 0.0136505 0.999853 0.0059791 0.0 0.0 0.0 1.0
fire/seq-02/color/frame-000032.color.png fire/seq-02/color/frame-000035.color.png 0.999981 0.000521571 0.00612976 -0.00894269 -0.000475053 0.999971 -0.00758764 0.0176249 -0.00613355 0.00758461 0.999952 0.00980734 0.0 0.0 0.0 1.0
fire/seq-02/color/frame-000035.color.png fire/seq-02/color/frame-000038.color.png 0.999992 -0.00123809 0.00373216 -0.00308989 0.00121499 0.99998 0.00618426 0.015748 -0.00373973 -0.00617969 0.999974 0.012492 0.0 0.0 0.0 1.0
fire/seq-02/color/frame-000038.color.png fire/seq-02/color/frame-000041.color.png 0.999999 -3.39406e-05 0.00158215 0.000723988 2.84542e-05 0.999994 0.00347484 0.0167481 -0.00158226 -0.00347479 0.999993 0.0124865 0.0 0.0 0.0 1.0
fire/seq-02/color/frame-000041.color.png fire/seq-02/color/frame-000044.color.png 0.999934 0.00399383 0.0107763 0.00133999 -0.00389001 0.999946 -0.00963985 0.0178873 -0.0108142 0.00959729 0.999895 0.00466964 0.0 0.0 0.0 1.0
fire/seq-02/color/frame-000044.color.png fire/seq-02/color/frame-000047.color.png 0.999933 -1.33677e-05 0.0115672 0.000762478 7.92482e-05 0.999984 -0.00569395 0.0225356 -0.011567 0.00569446 0.999917 -0.00227694 0.0 0.0 0.0 1.0
fire/seq-02/color/frame-000047.color.png fire/seq-02/color/frame-000050.color.png 0.999997 -0.00145427 -0.0017146 0.00793213 0.00147311 0.999938 0.0110308 0.0115128 0.00169846 -0.0110333 0.999938 0.00928427 0.0 0.0 0.0 1.0
fire/seq-02/color/frame-000050.color.png fire/seq-02/color/frame-000053.color.png 0.999963 0.00635542 -0.00570883 0.01385 -0.00630583 0.999943 0.00866647 0.0111424 0.00576358 -0.00863016 0.999946 0.00559849 0.0 0.0 0.0 1.0
fire/seq-02/color/frame-000053.color.png fire/seq-02/color/frame-000056.color.png 0.999905 0.0133094 -0.00366962 0.0121542 -0.0133178 0.999909 -0.00227417 0.0100774 0.003639 0.00232282 0.999991 0.00448142 0.0 0.0 0.0 1.0
fire/seq-02/color/frame-000056.color.png fire/seq-02/color/frame-000059.color.png 0.999979 0.00592964 -0.00265115 0.0166668 -0.00591837 0.999973 0.0042378 0.00706109 0.00267622 -0.00422203 0.999988 4.51207e-05 0.0 0.0 0.0 1.0
fire/seq-02/color/frame-000059.color.png fire/seq-02/color/frame-000062.color.png 0.999917 0.0127747 0.00151559 0.0193828 -0.0127736 0.999918 -0.000740349 0.00835815 -0.00152492 0.000720947 0.999998 0.000425875 0.0 0.0 0.0 1.0
fire/seq-02/color/frame-000062.color.png fire/seq-02/color/frame-000065.color.png 0.999955 0.00874543 0.00378102 0.0195308 -0.00873162 0.999955 -0.00365328 0.00459662 -0.0038128 0.00362009 0.999986 -0.000508279 0.0 0.0 0.0 1.0
fire/seq-02/color/frame-000065.color.png fire/seq-02/color/frame-000068.color.png 0.999982 0.00213218 -0.00559481 0.018512 -0.00212095 0.999996 0.00201091 0.00114655 0.00559906 -0.001999 0.999982 -0.00444615 0.0 0.0 0.0 1.0
fire/seq-02/color/frame-000068.color.png fire/seq-02/color/frame-000071.color.png 0.999823 -0.000697254 -0.0187836 0.0262807 0.000743982 0.999997 0.00248135 -8.27014e-05 0.0187818 -0.0024949 0.99982 -0.00348738 0.0 0.0 0.0 1.0
fire/seq-02/color/frame-000071.color.png fire/seq-02/color/frame-000074.color.png 0.999632 0.0141128 -0.0231701 0.0228318 -0.0141092 0.9999 0.000321771 0.0046874 0.0231723 5.27303e-06 0.999732 -0.00360283 0.0 0.0 0.0 1.0
fire/seq-02/color/frame-000074.color.png fire/seq-02/color/frame-000077.color.png 0.998422 0.0530101 0.0185483 0.0147018 -0.053094 0.998581 0.0040593 0.0108329 -0.0183068 -0.00503771 0.99982 0.0114611 0.0 0.0 0.0 1.0
fire/seq-02/color/frame-000077.color.png fire/seq-02/color/frame-000080.color.png 0.999965 -0.00833691 0.000678913 0.0196821 0.00833188 0.99994 0.00709919 -0.0101761 -0.000738065 -0.00709328 0.999975 -0.0102498 0.0 0.0 0.0 1.0
fire/seq-02/color/frame-000080.color.png fire/seq-02/color/frame-000083.color.png 0.999931 -0.00158487 -0.0115997 0.0307012 0.00151442 0.99998 -0.00607944 0.00016731 0.0116091 0.00606146 0.999914 -0.0037377 0.0 0.0 0.0 1.0
fire/seq-02/color/frame-000083.color.png fire/seq-02/color/frame-000086.color.png 0.999958 0.00776756 -0.00494557 0.0244319 -0.00775111 0.999964 0.0033357 -0.00417301 0.0049713 -0.00329723 0.999982 -0.00547357 0.0 0.0 0.0 1.0
fire/seq-02/color/frame-000086.color.png fire/seq-02/color/frame-000089.color.png 0.99993 0.0112567 -0.00352859 0.0158137 -0.0112399 0.999925 0.00476159 -0.00234628 0.00358192 -0.00472159 0.999982 -0.00568818 0.0 0.0 0.0 1.0
fire/seq-02/color/frame-000089.color.png fire/seq-02/color/frame-000092.color.png 0.999976 0.00655664 -0.0020342 0.0224527 -0.00654933 0.999972 0.00358069 -0.00908342 0.00205761 -0.00356729 0.999991 -0.00545084 0.0 0.0 0.0 1.0
fire/seq-02/color/frame-000092.color.png fire/seq-02/color/frame-000095.color.png 0.999693 0.0100865 -0.0226324 0.0325938 -0.010015 0.999945 0.00326969 -0.00785303 0.0226642 -0.00304202 0.999739 -0.00449634 0.0 0.0 0.0 1.0
fire/seq-02/color/frame-000095.color.png fire/seq-02/color/frame-000098.color.png 0.999965 0.00757607 -0.00348423 0.0184559 -0.00759364 0.999958 -0.00505859 0.00321503 0.00344576 0.00508487 0.999981 -0.00648493 0.0 0.0 0.0 1.0
fire/seq-02/color/frame-000098.color.png fire/seq-02/color/frame-000101.color.png 0.999788 0.0202597 -0.00372927 0.0229554 -0.0202235 0.99975 0.00950561 -0.00579323 0.00392092 -0.00942818 0.999948 0.0011491 0.0 0.0 0.0 1.0
fire/seq-02/color/frame-000101.color.png fire/seq-02/color/frame-000104.color.png 0.999871 0.0159201 0.00221281 0.01646 -0.0159396 0.999832 0.0090862 -0.00127946 -0.00206779 -0.00912029 0.999956 0.0030872 0.0 0.0 0.0 1.0
fire/seq-02/color/frame-000104.color.png fire/seq-02/color/frame-000107.color.png 0.999956 0.000964765 -0.00933855 0.019314 -0.000930953 0.999993 0.00362834 0.000755683 0.00934198 -0.00361949 0.99995 0.00386363 0.0 0.0 0.0 1.0
fire/seq-02/color/frame-000107.color.png fire/seq-02/color/frame-000110.color.png 0.999884 0.0122959 -0.00894217 0.0113245 -0.0122608 0.999917 0.00396617 -0.00495037 0.00899019 -0.00385607 0.999952 0.00490247 0.0 0.0 0.0 1.0
fire/seq-02/color/frame-000110.color.png fire/seq-02/color/frame-000113.color.png 0.999954 0.00179714 -0.00944701 0.0116448 -0.00182427 0.999994 -0.00286688 -0.00358108 0.0094418 0.00288399 0.999951 -0.00355544 0.0 0.0 0.0 1.0
fire/seq-02/color/frame-000113.color.png fire/seq-02/color/frame-000116.color.png 0.99971 0.0235731 -0.0049276 0.00678459 -0.0235448 0.999706 0.00573479 0.000182927 0.00506134 -0.00561711 0.999971 0.0032144 0.0 0.0 0.0 1.0
fire/seq-02/color/frame-000116.color.png fire/seq-02/color/frame-000119.color.png 0.999847 0.0173662 -0.00212169 0.003095 -0.0173453 0.999804 0.00951723 -0.00307348 0.00228655 -0.00947898 0.999952 0.00460751 0.0 0.0 0.0 1.0
fire/seq-02/color/frame-000119.color.png fire/seq-02/color/frame-000122.color.png 0.999839 0.0136024 0.0116832 0.00185183 -0.0136879 0.99988 0.00727114 -0.00906824 -0.0115828 -0.00742989 0.999905 0.00563304 0.0 0.0 0.0 1.0
fire/seq-02/color/frame-000122.color.png fire/seq-02/color/frame-000125.color.png 0.999977 0.00412573 0.00538263 0.00973809 -0.0041331 0.999991 0.00135841 -0.000414506 -0.00537697 -0.00138063 0.999985 -0.000871032 0.0 0.0 0.0 1.0
fire/seq-02/color/frame-000125.color.png fire/seq-02/color/frame-000128.color.png 0.999865 0.00543288 0.0155136 -0.0114685 -0.00558787 0.999935 0.00996772 -0.00969703 -0.0154584 -0.0100531 0.99983 0.00773521 0.0 0.0 0.0 1.0
fire/seq-02/color/frame-000128.color.png fire/seq-02/color/frame-000131.color.png 0.9999 0.00163384 0.0140251 -0.00926352 -0.00167404 0.999994 0.00285149 -0.00764339 -0.0140204 -0.00287469 0.999898 0.00249273 0.0 0.0 0.0 1.0
fire/seq-02/color/frame-000131.color.png fire/seq-02/color/frame-000134.color.png 0.999609 -0.00277645 0.0278086 -0.0175808 0.00268405 0.999991 0.00336104 -0.0117568 -0.0278177 -0.00328509 0.999608 0.00585315 0.0 0.0 0.0 1.0
fire/seq-02/color/frame-000134.color.png fire/seq-02/color/frame-000137.color.png 0.99984 -0.00512119 0.0171186 -0.0160048 0.0050989 0.999986 0.00134298 -0.00788227 -0.0171252 -0.00125547 0.999853 0.00492733 0.0 0.0 0.0 1.0
fire/seq-02/color/frame-000137.color.png fire/seq-02/color/frame-000140.color.png 0.999612 -0.0144585 0.0238047 -0.029264 0.0144988 0.999894 -0.00152392 -0.0141252 -0.0237801 0.00186847 0.999715 0.00837997 0.0 0.0 0.0 1.0
fire/seq-02/color/frame-000140.color.png fire/seq-02/color/frame-000143.color.png 0.999913 -0.00447406 0.0124311 -0.0176933 0.00440167 0.999973 0.00584779 -0.0130807 -0.012457 -0.00579257 0.999906 0.000907399 0.0 0.0 0.0 1.0
fire/seq-02/color/frame-000143.color.png fire/seq-02/color/frame-000146.color.png 0.999653 -0.00800027 0.0251029 -0.0340672 0.00808711 0.999962 -0.00336165 -0.0118552 -0.025075 0.0035635 0.999679 0.00614843 0.0 0.0 0.0 1.0
fire/seq-02/color/frame-000146.color.png fire/seq-02/color/frame-000149.color.png 0.999774 -0.0108592 0.0182947 -0.0210405 0.0109819 0.999918 -0.00661707 -0.00170848 -0.0182213 0.00681648 0.999811 0.00111625 0.0 0.0 0.0 1.0
fire/seq-02/color/frame-000149.color.png fire/seq-02/color/frame-000152.color.png 0.999603 -0.00982681 0.0264002 -0.0329081 0.00974353 0.999947 0.00328172 -0.0113171 -0.026431 -0.00302319 0.999646 0.00325122 0.0 0.0 0.0 1.0
fire/seq-02/color/frame-000152.color.png fire/seq-02/color/frame-000155.color.png 0.999694 -0.0151418 0.0195366 -0.0199719 0.0152463 0.99987 -0.00521118 -0.00725462 -0.0194551 0.00550745 0.999796 0.00024607 0.0 0.0 0.0 1.0
fire/seq-02/color/frame-000155.color.png fire/seq-02/color/frame-000158.color.png 0.999238 -0.0245495 0.030331 -0.0291152 0.0247945 0.999663 -0.00772757 -0.00479019 -0.030131 0.00847373 0.99951 -0.00106803 0.0 0.0 0.0 1.0
fire/seq-02/color/frame-000158.color.png fire/seq-02/color/frame-000161.color.png 0.999827 -0.0133088 0.0129684 -0.0194788 0.0134205 0.999873 -0.00857034 -5.2087e-05 -0.0128527 0.00874291 0.999879 0.00195893 0.0 0.0 0.0 1.0
fire/seq-02/color/frame-000161.color.png fire/seq-02/color/frame-000164.color.png 0.999026 -0.0333357 0.0289271 -0.0350092 0.0337584 0.999328 -0.0142491 -0.000612549 -0.0284327 0.0152117 0.99948 -0.0023393 0.0 0.0 0.0 1.0
fire/seq-02/color/frame-000164.color.png fire/seq-02/color/frame-000167.color.png 0.999523 -0.0238565 0.0196128 -0.0266335 0.0241673 0.999584 -0.0157661 0.00437395 -0.0192286 0.0162326 0.999683 -0.000480272 0.0 0.0 0.0 1.0
fire/seq-02/color/frame-000167.color.png fire/seq-02/color/frame-000170.color.png 0.999426 -0.0213934 0.0262532 -0.0334452 0.0222547 0.999209 -0.0329655 0.00722022 -0.0255271 0.0335309 0.999111 -0.00467091 0.0 0.0 0.0 1.0
fire/seq-02/color/frame-000170.color.png fire/seq-02/color/frame-000173.color.png 0.999527 -0.0161338 0.0261799 -0.0408357 0.0166742 0.99965 -0.0205569 0.0110766 -0.0258391 0.0209837 0.999446 -0.0110523 0.0 0.0 0.0 1.0
fire/seq-02/color/frame-000173.color.png fire/seq-02/color/frame-000176.color.png 0.999515 -0.0172759 0.0259205 -0.040776 0.0173893 0.99984 -0.00415357 0.0120126 -0.0258446 0.0046023 0.999655 -0.00423342 0.0 0.0 0.0 1.0
fire/seq-02/color/frame-000176.color.png fire/seq-02/color/frame-000179.color.png 0.999599 -0.0226925 0.0169559 -0.0272715 0.0228716 0.999684 -0.0104466 0.0110751 -0.0167135 0.0108302 0.999802 -0.00222059 0.0 0.0 0.0 1.0
fire/seq-02/color/frame-000179.color.png fire/seq-02/color/frame-000182.color.png 0.999496 -0.015084 0.0279185 -0.0325065 0.015516 0.999762 -0.0153247 0.0120315 -0.0276807 0.0157502 0.999493 0.000836805 0.0 0.0 0.0 1.0
fire/seq-02/color/frame-000182.color.png fire/seq-02/color/frame-000185.color.png 0.999487 -0.0179379 0.0265173 -0.0307541 0.0182998 0.999742 -0.013469 0.00943884 -0.0262689 0.0139473 0.999558 -0.0087544 0.0 0.0 0.0 1.0
fire/seq-02/color/frame-000185.color.png fire/seq-02/color/frame-000188.color.png 0.999624 -0.012413 0.0244436 -0.0227194 0.0127214 0.999841 -0.012503 0.0129837 -0.0242845 0.0128092 0.999623 0.000881419 0.0 0.0 0.0 1.0
fire/seq-02/color/frame-000188.color.png fire/seq-02/color/frame-000191.color.png 0.9994 -0.020708 0.0277579 -0.0260962 0.0211553 0.999649 -0.0159192 0.00779355 -0.0274186 0.0164969 0.999488 -0.00543617 0.0 0.0 0.0 1.0
fire/seq-02/color/frame-000191.color.png fire/seq-02/color/frame-000194.color.png 0.999552 -0.0112438 0.0277447 -0.0260002 0.0114427 0.99991 -0.00702193 0.00652468 -0.0276632 0.00733623 0.99959 0.00236048 0.0 0.0 0.0 1.0
fire/seq-02/color/frame-000194.color.png fire/seq-02/color/frame-000197.color.png 0.999584 -0.0235788 0.0166329 -0.0254364 0.02395 0.99946 -0.0224762 0.0132451 -0.0160941 0.0228652 0.999609 0.00207995 0.0 0.0 0.0 1.0
fire/seq-02/color/frame-000197.color.png fire/seq-02/color/frame-000200.color.png 0.999522 -0.0137132 0.0277016 -0.0282485 0.0139553 0.999866 -0.00856848 0.00699176 -0.0275802 0.00895096 0.99958 0.00172091 0.0 0.0 0.0 1.0
fire/seq-02/color/frame-000200.color.png fire/seq-02/color/frame-000203.color.png 0.999665 -0.0154801 0.0207548 -0.0321135 0.0155577 0.999873 -0.00357866 0.00844114 -0.0206968 0.00390038 0.999778 0.010701 0.0 0.0 0.0 1.0
fire/seq-02/color/frame-000203.color.png fire/seq-02/color/frame-000206.color.png 0.999897 -0.0086169 0.0114722 -0.0206542 0.00859158 0.99996 0.00225209 0.000296533 -0.0114912 -0.00215328 0.999932 0.0105318 0.0 0.0 0.0 1.0
fire/seq-02/color/frame-000206.color.png fire/seq-02/color/frame-000209.color.png 0.999446 -0.0223292 0.0246844 -0.0341249 0.022622 0.999676 -0.0116443 0.0149405 -0.0244165 0.0121963 0.999627 0.0138309 0.0 0.0 0.0 1.0
fire/seq-02/color/frame-000209.color.png fire/seq-02/color/frame-000212.color.png 0.999838 -0.0113995 0.0139398 -0.0211933 0.0114872 0.999915 -0.0062294 0.0195707 -0.0138676 0.00638857 0.999883 0.00840554 0.0 0.0 0.0 1.0
fire/seq-02/color/frame-000212.color.png fire/seq-02/color/frame-000215.color.png 0.998942 -0.0256259 0.0381749 -0.039508 0.0256779 0.99967 -0.000872337 0.00649013 -0.03814 0.00185164 0.999271 0.0138093 0.0 0.0 0.0 1.0
fire/seq-02/color/frame-000215.color.png fire/seq-02/color/frame-000218.color.png 0.999113 -0.0153925 0.0391895 -0.0424491 0.0152102 0.999872 0.0049461 0.00466661 -0.0392606 -0.00434562 0.99922 0.0129379 0.0 0.0 0.0 1.0
fire/seq-02/color/frame-000218.color.png fire/seq-02/color/frame-000221.color.png 0.999618 -0.0107806 0.0254314 -0.0334726 0.0110403 0.999888 -0.0100935 0.0152188 -0.0253198 0.0103704 0.999626 0.00545451 0.0 0.0 0.0 1.0
fire/seq-02/color/frame-000221.color.png fire/seq-02/color/frame-000224.color.png 0.999583 -0.0192849 0.0214712 -0.0253888 0.0194077 0.999796 -0.0055249 0.0139595 -0.0213603 0.00593927 0.999754 0.0114622 0.0 0.0 0.0 1.0
fire/seq-02/color/frame-000224.color.png fire/seq-02/color/frame-000227.color.png 0.999644 -0.018171 0.0195505 -0.0201786 0.0185448 0.999645 -0.019109 0.0157226 -0.0191963 0.0194648 0.999626 0.00740558 0.0 0.0 0.0 1.0
fire/seq-02/color/frame-000227.color.png fire/seq-02/color/frame-000230.color.png 0.999279 -0.0211596 0.0315265 -0.0264167 0.0217835 0.999571 -0.0195782 0.023015 -0.0310989 0.0202509 0.999311 0.00284618 0.0 0.0 0.0 1.0
fire/seq-02/color/frame-000230.color.png fire/seq-02/color/frame-000233.color.png 0.999754 -0.0154731 0.015873 -0.0153892 0.0154941 0.999879 -0.00120121 0.00735779 -0.0158525 0.00144687 0.999873 0.0121303 0.0 0.0 0.0 1.0
fire/seq-02/color/frame-000233.color.png fire/seq-02/color/frame-000236.color.png 0.9988 -0.0354372 0.0337986 -0.0275419 0.0355828 0.99936 -0.00371411 0.00220931 -0.0336454 0.00491226 0.999422 0.0127767 0.0 0.0 0.0 1.0
fire/seq-02/color/frame-000236.color.png fire/seq-02/color/frame-000239.color.png 0.999768 -0.00440631 0.0210691 -0.0198312 0.00471773 0.99988 -0.0147533 0.00780718 -0.0210017 0.0148493 0.999669 0.00863633 0.0 0.0 0.0 1.0
fire/seq-02/color/frame-000239.color.png fire/seq-02/color/frame-000242.color.png 0.999855 -0.00489697 0.0163335 -0.0119484 0.00506449 0.999935 -0.0102316 0.00442435 -0.0162823 0.0103129 0.999814 0.00639746 0.0 0.0 0.0 1.0
fire/seq-02/color/frame-000242.color.png fire/seq-02/color/frame-000245.color.png 0.999915 -0.00930414 0.00918488 -0.0133497 0.00955243 0.99958 -0.0273703 0.0161458 -0.00892636 0.0274557 0.999583 0.00968304 0.0 0.0 0.0 1.0
fire/seq-02/color/frame-000245.color.png fire/seq-02/color/frame-000248.color.png 0.999999 -0.0015474 0.000395077 -0.00646794 0.00155095 0.999957 -0.00915352 0.00734328 -0.000380971 0.00915415 0.999958 0.00723839 0.0 0.0 0.0 1.0
fire/seq-02/color/frame-000248.color.png fire/seq-02/color/frame-000251.color.png 0.999881 -0.0103962 0.0114288 -0.0112056 0.0104813 0.999918 -0.00740906 0.00869015 -0.0113507 0.007528 0.999907 0.012777 0.0 0.0 0.0 1.0
fire/seq-02/color/frame-000251.color.png fire/seq-02/color/frame-000254.color.png 0.999986 -0.00303357 0.00443443 -0.00844544 0.00308025 0.999939 -0.0105603 0.00627768 -0.00440223 0.0105739 0.999934 0.0155591 0.0 0.0 0.0 1.0
fire/seq-02/color/frame-000254.color.png fire/seq-02/color/frame-000257.color.png 0.999549 0.0139302 -0.0266154 0.00373012 -0.0136379 0.999845 0.0111341 -0.0127992 0.0267664 -0.0107661 0.999584 0.0368121 0.0 0.0 0.0 1.0
fire/seq-02/color/frame-000257.color.png fire/seq-02/color/frame-000260.color.png 0.999915 0.00642777 -0.0113321 0.000740409 -0.00640105 0.999977 0.0023864 -0.00428878 0.0113472 -0.00231359 0.999933 0.0199324 0.0 0.0 0.0 1.0
fire/seq-02/color/frame-000260.color.png fire/seq-02/color/frame-000263.color.png 0.999886 0.00722567 -0.0132552 0.00115579 -0.00709326 0.999925 0.0100143 -0.00954199 0.0133266 -0.00991907 0.999862 0.0276611 0.0 0.0 0.0 1.0
fire/seq-02/color/frame-000263.color.png fire/seq-02/color/frame-000266.color.png 0.999821 0.0150199 -0.0115415 -0.0015437 -0.0149203 0.999851 0.00866545 -0.0132564 0.0116699 -0.00849173 0.999896 0.0223514 0.0 0.0 0.0 1.0
fire/seq-02/color/frame-000266.color.png fire/seq-02/color/frame-000269.color.png 0.999855 0.00737502 -0.0153704 0.000681758 -0.00725366 0.999942 0.00793466 -0.0104778 0.015428 -0.00782207 0.99985 0.0190393 0.0 0.0 0.0 1.0
fire/seq-02/color/frame-000269.color.png fire/seq-02/color/frame-000272.color.png 0.99911 0.0311623 -0.0284205 0.00402164 -0.0306118 0.999339 0.0196043 -0.0272828 0.0290126 -0.0187168 0.999404 0.047844 0.0 0.0 0.0 1.0
fire/seq-02/color/frame-000272.color.png fire/seq-02/color/frame-000275.color.png 0.999805 0.0114244 -0.0160786 0.00327498 -0.0113367 0.99992 0.00553357 -0.0107681 0.0161405 -0.00535029 0.999855 0.0202964 0.0 0.0 0.0 1.0
fire/seq-02/color/frame-000275.color.png fire/seq-02/color/frame-000278.color.png 0.999812 0.0120435 -0.0152115 0.00375873 -0.0119211 0.999896 0.00810619 -0.0127742 0.0153075 -0.00792338 0.999852 0.0188287 0.0 0.0 0.0 1.0
fire/seq-02/color/frame-000278.color.png fire/seq-02/color/frame-000281.color.png 0.999656 0.0148305 -0.0216078 0.00276709 -0.0146266 0.999847 0.0095641 -0.0161596 0.0217464 -0.00924477 0.999721 0.0233381 0.0 0.0 0.0 1.0
fire/seq-02/color/frame-000281.color.png fire/seq-02/color/frame-000284.color.png 0.999236 0.0255215 -0.0296055 0.00397521 -0.0250389 0.999549 0.0165584 -0.0286786 0.0300149 -0.0158043 0.999425 0.0281692 0.0 0.0 0.0 1.0
fire/seq-02/color/frame-000284.color.png fire/seq-02/color/frame-000287.color.png 0.99929 0.0264129 -0.0268471 0.00706846 -0.0260197 0.99955 0.0148922 -0.0261468 0.0272284 -0.0141831 0.999529 0.0247335 0.0 0.0 0.0 1.0
fire/seq-02/color/frame-000287.color.png fire/seq-02/color/frame-000290.color.png 0.999239 0.0202094 -0.0333529 0.0156584 -0.0199498 0.999768 0.00809707 -0.0170352 0.0335088 -0.00742548 0.999411 0.025439 0.0 0.0 0.0 1.0
fire/seq-02/color/frame-000290.color.png fire/seq-02/color/frame-000293.color.png 0.999247 0.0239113 -0.0305688 0.00160843 -0.0235623 0.999654 0.0117284 -0.0267042 0.0308387 -0.0109993 0.999464 0.0228367 0.0 0.0 0.0 1.0
fire/seq-02/color/frame-000293.color.png fire/seq-02/color/frame-000296.color.png 0.999138 0.0262645 -0.032133 0.0120068 -0.0260428 0.999634 0.00729828 -0.0240492 0.032313 -0.00645513 0.999457 0.024067 0.0 0.0 0.0 1.0
fire/seq-02/color/frame-000296.color.png fire/seq-02/color/frame-000299.color.png 0.999403 0.0320001 -0.0130189 -0.023108 -0.0320026 0.999488 1.00386e-05 -0.0199802 0.0130125 0.000406598 0.999915 0.0403145 0.0 0.0 0.0 1.0
fire/seq-02/color/frame-000299.color.png fire/seq-02/color/frame-000302.color.png 0.998582 0.030067 -0.043942 0.0283194 -0.0301113 0.999547 -0.000344405 -0.012595 0.0439118 0.00166708 0.999034 0.025122 0.0 0.0 0.0 1.0
fire/seq-02/color/frame-000302.color.png fire/seq-02/color/frame-000305.color.png 0.999048 0.0266358 -0.0345366 0.0194037 -0.0264612 0.999635 0.00550208 -0.0150224 0.0346706 -0.00458298 0.999388 0.0153762 0.0 0.0 0.0 1.0
fire/seq-02/color/frame-000305.color.png fire/seq-02/color/frame-000308.color.png 0.999222 0.0131581 -0.0371914 0.0281681 -0.0130639 0.999911 0.00277445 -0.00414021 0.0372244 -0.00228637 0.999304 0.00650513 0.0 0.0 0.0 1.0
fire/seq-02/color/frame-000308.color.png fire/seq-02/color/frame-000311.color.png 0.998964 0.0135101 -0.0434631 0.0388837 -0.0141872 0.999782 -0.0153067 0.021897 0.0432468 0.0159074 0.998938 0.0124895 0.0 0.0 0.0 1.0
fire/seq-02/color/frame-000311.color.png fire/seq-02/color/frame-000314.color.png 0.999017 0.0243461 -0.0370398 0.0200639 -0.0239654 0.999656 0.0106853 -0.0156313 0.0372872 -0.00978712 0.999257 0.00540161 0.0 0.0 0.0 1.0
fire/seq-02/color/frame-000314.color.png fire/seq-02/color/frame-000317.color.png 0.999366 0.0155992 -0.032004 0.0163319 -0.0153341 0.999846 0.0085113 -0.00545165 0.0321318 -0.00801514 0.999451 0.0015313 0.0 0.0 0.0 1.0
fire/seq-02/color/frame-000317.color.png fire/seq-02/color/frame-000320.color.png 0.998846 0.0145981 -0.0457535 0.0349236 -0.014414 0.999887 0.00435158 -0.00307009 0.0458119 -0.00368706 0.998943 0.00235075 0.0 0.0 0.0 1.0
fire/seq-02/color/frame-000320.color.png fire/seq-02/color/frame-000323.color.png 0.999198 0.0176695 -0.0359216 0.0245296 -0.0176673 0.999844 0.000378294 0.000952899 0.0359227 0.000256649 0.999355 -0.00508234 0.0 0.0 0.0 1.0
fire/seq-02/color/frame-000323.color.png fire/seq-02/color/frame-000326.color.png 0.998428 0.0252764 -0.0500344 0.0400635 -0.0249452 0.999663 0.00723238 -0.00600407 0.0502004 -0.00597291 0.998721 -0.00218406 0.0 0.0 0.0 1.0
fire/seq-02/color/frame-000326.color.png fire/seq-02/color/frame-000329.color.png 0.999752 0.0193082 -0.011117 -0.00763011 -0.019236 0.999793 0.00656815 0.00163764 0.0112415 -0.00635266 0.999917 -0.0048472 0.0 0.0 0.0 1.0
fire/seq-02/color/frame-000329.color.png fire/seq-02/color/frame-000332.color.png 0.999707 0.0112507 -0.0214445 0.0144302 -0.0110509 0.999895 0.00941247 -0.00389853 0.0215481 -0.00917272 0.999726 -0.0039205 0.0 0.0 0.0 1.0
fire/seq-02/color/frame-000332.color.png fire/seq-02/color/frame-000335.color.png 0.999933 0.00671959 -0.00946242 0.00483936 -0.00669515 0.999974 0.00261227 -0.00361678 0.00947972 -0.00254876 0.999952 -0.00671807 0.0 0.0 0.0 1.0
fire/seq-02/color/frame-000335.color.png fire/seq-02/color/frame-000338.color.png 0.999907 0.00577646 -0.0123711 0.00608355 -0.00584753 0.999967 -0.00571722 -0.00135949 0.0123376 0.00578908 0.999907 -0.00963092 0.0 0.0 0.0 1.0
fire/seq-02/color/frame-000338.color.png fire/seq-02/color/frame-000341.color.png 0.999676 0.020498 -0.0151332 -0.000338793 -0.0206506 0.999737 -0.00999501 -0.00502911 0.0149243 0.0103043 0.999835 -0.0123478 0.0 0.0 0.0 1.0
fire/seq-02/color/frame-000341.color.png fire/seq-02/color/frame-000344.color.png 0.999765 0.0169587 -0.0134907 -0.00377321 -0.0171259 0.999777 -0.0123727 -0.00220287 0.0132779 0.0126008 0.999833 -0.0127006 0.0 0.0 0.0 1.0
fire/seq-02/color/frame-000344.color.png fire/seq-02/color/frame-000347.color.png 0.999923 0.00937316 -0.00808564 0.00168782 -0.00947095 0.999881 -0.0121415 0.00665709 0.00797087 0.0122172 0.999893 -0.0116647 0.0 0.0 0.0 1.0
fire/seq-02/color/frame-000347.color.png fire/seq-02/color/frame-000350.color.png 0.99957 0.0251958 -0.0150177 -0.00306296 -0.0253875 0.999597 -0.0127177 0.00824273 0.0146912 0.0130935 0.999806 -0.00602478 0.0 0.0 0.0 1.0
fire/seq-02/color/frame-000350.color.png fire/seq-02/color/frame-000353.color.png 0.999874 0.0111884 -0.0112837 -0.00289154 -0.0112233 0.999932 -0.00303244 0.00416726 0.011249 0.00315869 0.999932 -0.00800732 0.0 0.0 0.0 1.0
fire/seq-02/color/frame-000353.color.png fire/seq-02/color/frame-000356.color.png 0.999834 0.00883397 -0.0159279 -0.00454736 -0.00881021 0.99996 0.00156044 0.00849578 0.015941 -0.00141983 0.999872 -0.00775936 0.0 0.0 0.0 1.0
fire/seq-02/color/frame-000356.color.png fire/seq-02/color/frame-000359.color.png 0.999588 0.022684 -0.0176025 -0.00085783 -0.0226103 0.999735 0.00437617 -0.00208691 0.0176971 -0.00397641 0.999836 -0.00674081 0.0 0.0 0.0 1.0
fire/seq-02/color/frame-000359.color.png fire/seq-02/color/frame-000362.color.png 0.999798 0.0161602 -0.0119229 -0.00392228 -0.0161227 0.999865 0.00323791 -0.0058617 0.0119736 -0.00304504 0.999924 -0.00395724 0.0 0.0 0.0 1.0
fire/seq-02/color/frame-000362.color.png fire/seq-02/color/frame-000365.color.png 0.999561 0.0274109 -0.0112676 -0.00213486 -0.0273569 0.999614 0.00491374 -0.00343549 0.0113979 -0.00460331 0.999924 -0.0131187 0.0 0.0 0.0 1.0
fire/seq-02/color/frame-000365.color.png fire/seq-02/color/frame-000368.color.png 0.999745 0.0145759 -0.0172557 0.0122955 -0.014263 0.999734 0.01812 -0.0142718 0.0175152 -0.0178693 0.999687 -0.0108397 0.0 0.0 0.0 1.0
fire/seq-02/color/frame-000368.color.png fire/seq-02/color/frame-000371.color.png 0.999995 0.00157924 -0.0028449 0.00454962 -0.00155929 0.999974 0.00700882 -0.00117823 0.0028559 -0.00700432 0.999971 -0.00750491 0.0 0.0 0.0 1.0
fire/seq-02/color/frame-000371.color.png fire/seq-02/color/frame-000374.color.png 0.999874 -0.00309829 -0.0155391 0.00891811 0.0032709 0.999933 0.0110933 -2.17259e-05 0.0155037 -0.0111427 0.999818 -0.00327051 0.0 0.0 0.0 1.0
fire/seq-02/color/frame-000374.color.png fire/seq-02/color/frame-000377.color.png 0.999653 -0.00195458 -0.0262592 0.026554 0.00234176 0.999889 0.014721 -0.00663728 0.0262275 -0.0147774 0.999547 0.0040186 0.0 0.0 0.0 1.0
fire/seq-02/color/frame-000377.color.png fire/seq-02/color/frame-000380.color.png 0.999662 -0.0136896 -0.0221112 0.0385574 0.014201 0.999631 0.0231412 -0.025752 0.0217862 -0.0234474 0.999488 0.000669122 0.0 0.0 0.0 1.0
fire/seq-02/color/frame-000380.color.png fire/seq-02/color/frame-000383.color.png 0.99979 0.00690259 -0.0193036 0.0431169 -0.0064922 0.999753 0.0212422 -0.0388575 0.0194455 -0.0211124 0.999588 0.000524536 0.0 0.0 0.0 1.0
fire/seq-02/color/frame-000383.color.png fire/seq-02/color/frame-000386.color.png 0.999975 0.00125985 -0.00697822 0.0366951 -0.00110562 0.999756 0.022064 -0.0304531 0.00700433 -0.0220557 0.999732 0.0060077 0.0 0.0 0.0 1.0
fire/seq-02/color/frame-000386.color.png fire/seq-02/color/frame-000389.color.png 0.999949 0.00104589 -0.0100495 0.0389533 -0.000735633 0.999524 0.0308266 -0.0428175 0.0100769 -0.0308177 0.999474 -0.00867273 0.0 0.0 0.0 1.0
fire/seq-02/color/frame-000389.color.png fire/seq-02/color/frame-000392.color.png 0.99958 0.00431185 -0.0286436 0.0447477 -0.00349645 0.999589 0.0284562 -0.02952 0.0287546 -0.0283441 0.999185 0.00511982 0.0 0.0 0.0 1.0
fire/seq-02/color/frame-000392.color.png fire/seq-02/color/frame-000395.color.png 0.999688 0.00730069 -0.0238737 0.0406764 -0.00660049 0.999549 0.0292785 -0.0344538 0.0240767 -0.0291118 0.999286 0.00525083 0.0 0.0 0.0 1.0
fire/seq-02/color/frame-000395.color.png fire/seq-02/color/frame-000398.color.png 0.999831 0.0152095 -0.0102947 0.0166955 -0.014971 0.999627 0.0228597 -0.0250777 0.0106386 -0.0227017 0.999686 0.000737559 0.0 0.0 0.0 1.0
fire/seq-02/color/frame-000398.color.png fire/seq-02/color/frame-000401.color.png 0.999915 0.00589446 -0.0116691 0.0249712 -0.00547674 0.999354 0.0355072 -0.0409748 0.0118709 -0.0354402 0.999301 -0.00520457 0.0 0.0 0.0 1.0
fire/seq-02/color/frame-000401.color.png fire/seq-02/color/frame-000404.color.png 0.99973 0.0125401 -0.019569 0.0390227 -0.0118147 0.999254 0.0367563 -0.0547921 0.0200154 -0.0365151 0.999133 0.0051089 0.0 0.0 0.0 1.0
fire/seq-02/color/frame-000404.color.png fire/seq-02/color/frame-000407.color.png 0.999741 0.0195887 -0.0115975 0.0280027 -0.0194249 0.999712 0.0140701 -0.0348503 0.0118698 -0.0138411 0.999834 -0.00569808 0.0 0.0 0.0 1.0
fire/seq-02/color/frame-000407.color.png fire/seq-02/color/frame-000410.color.png 0.999739 0.0190671 0.0126086 0.0184107 -0.0191931 0.999766 0.00994755 -0.0343202 -0.0124159 -0.0101869 0.999871 -0.0177521 0.0 0.0 0.0 1.0
fire/seq-02/color/frame-000410.color.png fire/seq-02/color/frame-000413.color.png 0.999895 0.00977739 0.0106812 0.0202201 -0.00996146 0.999801 0.0173174 -0.0502248 -0.0105097 -0.017422 0.999793 -0.0194556 0.0 0.0 0.0 1.0
fire/seq-02/color/frame-000413.color.png fire/seq-02/color/frame-000416.color.png 0.999928 0.00915955 0.00777883 0.0151033 -0.00926485 0.999864 0.0136107 -0.0211959 -0.00765313 -0.0136818 0.999877 -0.0106825 0.0 0.0 0.0 1.0
fire/seq-02/color/frame-000416.color.png fire/seq-02/color/frame-000419.color.png 0.999975 -0.00639854 0.00308295 0.0179801 0.00636947 0.999936 0.00933872 -0.017847 -0.00314247 -0.00931888 0.999952 -0.00606509 0.0 0.0 0.0 1.0
fire/seq-02/color/frame-000419.color.png fire/seq-02/color/frame-000422.color.png 0.999799 0.00711626 0.0187407 0.0204203 -0.00739401 0.999863 0.0147958 -0.036438 -0.0186329 -0.0149314 0.999715 -0.0112917 0.0 0.0 0.0 1.0
fire/seq-02/color/frame-000422.color.png fire/seq-02/color/frame-000425.color.png 0.99954 0.0182136 0.0242668 0.0165891 -0.0181547 0.999832 -0.00264586 -0.0176668 -0.0243109 0.00220405 0.999702 -0.0183531 0.0 0.0 0.0 1.0
fire/seq-02/color/frame-000425.color.png fire/seq-02/color/frame-000428.color.png 0.999258 0.0192549 0.0333548 0.0113663 -0.019687 0.999726 0.012674 -0.0432047 -0.0331016 -0.0133212 0.999363 -0.0143546 0.0 0.0 0.0 1.0
fire/seq-02/color/frame-000428.color.png fire/seq-02/color/frame-000431.color.png 0.999732 0.0139389 0.0184811 0.011262 -0.0141683 0.999823 0.012337 -0.026086 -0.0183059 -0.0125956 0.999753 -0.0118722 0.0 0.0 0.0 1.0
fire/seq-02/color/frame-000431.color.png fire/seq-02/color/frame-000434.color.png 0.999238 0.0187746 0.034206 0.0169569 -0.0186412 0.999817 -0.00421319 -0.0167122 -0.0342788 0.00357234 0.999406 -0.0188187 0.0 0.0 0.0 1.0
fire/seq-02/color/frame-000434.color.png fire/seq-02/color/frame-000437.color.png 0.999412 0.00613497 0.0337399 0.000744805 -0.00655868 0.999901 0.0124616 -0.0414382 -0.0336601 -0.0126755 0.999353 -0.0175023 0.0 0.0 0.0 1.0
fire/seq-02/color/frame-000437.color.png fire/seq-02/color/frame-000440.color.png 0.999853 0.00644431 0.0158922 0.014619 -0.00659595 0.999933 0.00951158 -0.00895761 -0.0158298 -0.00961507 0.999828 -0.0112468 0.0 0.0 0.0 1.0
fire/seq-02/color/frame-000440.color.png fire/seq-02/color/frame-000443.color.png 0.99942 0.00085459 0.0340416 -0.00354787 -0.00131881 0.999906 0.0136163 -0.0344206 -0.0340268 -0.0136532 0.999328 -0.0134627 0.0 0.0 0.0 1.0
fire/seq-02/color/frame-000443.color.png fire/seq-02/color/frame-000446.color.png 0.999631 0.00258768 0.0270467 0.00939202 -0.00282981 0.999956 0.00891741 -0.0204386 -0.0270224 -0.00899069 0.999595 -0.0137108 0.0 0.0 0.0 1.0
fire/seq-02/color/frame-000446.color.png fire/seq-02/color/frame-000449.color.png 0.999741 0.00305609 0.022529 0.0135645 -0.0032439 0.99996 0.00830324 -0.0149854 -0.0225027 -0.0083742 0.999712 -0.0160023 0.0 0.0 0.0 1.0
fire/seq-02/color/frame-000449.color.png fire/seq-02/color/frame-000452.color.png 0.999609 0.0053525 0.0274395 0.012021 -0.00570135 0.999904 0.0126505 -0.0161811 -0.0273691 -0.0128019 0.999543 -0.0153046 0.0 0.0 0.0 1.0
fire/seq-02/color/frame-000452.color.png fire/seq-02/color/frame-000455.color.png 0.999614 0.00913492 0.0262306 0.0128805 -0.00950969 0.999854 0.0142009 -0.0256971 -0.0260971 -0.0144449 0.999555 -0.0126585 0.0 0.0 0.0 1.0
fire/seq-02/color/frame-000455.color.png fire/seq-02/color/frame-000458.color.png 0.999699 0.00596814 0.0238119 0.0204978 -0.00583051 0.999966 -0.00584392 -0.00930569 -0.023846 0.00570324 0.999699 -0.0041974 0.0 0.0 0.0 1.0
fire/seq-02/color/frame-000458.color.png fire/seq-02/color/frame-000461.color.png 0.999671 0.00313229 0.0254763 0.0146612 -0.00329577 0.999974 0.0063775 -0.024422 -0.0254556 -0.00645928 0.999655 0.00432305 0.0 0.0 0.0 1.0
fire/seq-02/color/frame-000461.color.png fire/seq-02/color/frame-000464.color.png 0.999631 0.0156266 0.0222262 0.019127 -0.0154163 0.999835 -0.0095998 -0.0329051 -0.0223725 0.00925359 0.999707 0.0041763 0.0 0.0 0.0 1.0
fire/seq-02/color/frame-000464.color.png fire/seq-02/color/frame-000467.color.png 0.999881 0.0101735 0.0115836 0.0231084 -0.010261 0.999919 0.00751656 -0.0355656 -0.0115062 -0.00763461 0.999905 0.0215456 0.0 0.0 0.0 1.0
fire/seq-02/color/frame-000467.color.png fire/seq-02/color/frame-000470.color.png 0.999907 -0.0135987 -0.000365899 0.0193044 0.0135855 0.999598 -0.0248706 -0.0175329 0.000703909 0.0248634 0.999691 0.0306704 0.0 0.0 0.0 1.0
fire/seq-02/color/frame-000470.color.png fire/seq-02/color/frame-000473.color.png 0.999971 -0.00288955 -0.00704816 0.0132506 0.00285908 0.999986 -0.00432689 -0.00678381 0.00706059 0.00430664 0.999966 0.0239237 0.0 0.0 0.0 1.0
fire/seq-02/color/frame-000473.color.png fire/seq-02/color/frame-000476.color.png 0.999831 -0.000420016 -0.0183901 0.0254805 0.00026678 0.999965 -0.00833643 0.00270456 0.0183929 0.00833012 0.999796 0.0254792 0.0 0.0 0.0 1.0
fire/seq-02/color/frame-000476.color.png fire/seq-02/color/frame-000479.color.png 0.999854 -0.00292409 -0.0168295 0.0162345 0.00295802 0.999994 0.00199242 -0.0243272 0.0168235 -0.00204197 0.999857 0.0260089 0.0 0.0 0.0 1.0
fire/seq-02/color/frame-000479.color.png fire/seq-02/color/frame-000482.color.png 0.999759 0.00604401 -0.021083 0.0360295 -0.00621866 0.999947 -0.00822666 -0.0130894 0.0210322 0.00835586 0.999744 0.0270126 0.0 0.0 0.0 1.0
fire/seq-02/color/frame-000482.color.png fire/seq-02/color/frame-000485.color.png 0.999703 0.0173421 -0.0171333 0.02043 -0.017489 0.999811 -0.00846319 -0.0180337 0.0169833 0.00876034 0.999817 0.0257566 0.0 0.0 0.0 1.0
fire/seq-02/color/frame-000485.color.png fire/seq-02/color/frame-000488.color.png 0.999912 0.00734077 -0.0110572 0.0147737 -0.007613 0.999664 -0.0247758 -0.00274324 0.0108716 0.0248578 0.999632 0.0304987 0.0 0.0 0.0 1.0
fire/seq-02/color/frame-000488.color.png fire/seq-02/color/frame-000491.color.png 0.999863 0.00588193 -0.0154768 0.015256 -0.00618433 0.99979 -0.0195601 0.000454932 0.0153585 0.0196531 0.999689 0.0278149 0.0 0.0 0.0 1.0
fire/seq-02/color/frame-000491.color.png fire/seq-02/color/frame-000494.color.png 0.99997 -0.0013803 -0.00760126 0.00879849 0.00120781 0.999743 -0.0226515 -8.82745e-05 0.00763056 0.0226416 0.999715 0.0323618 0.0 0.0 0.0 1.0
fire/seq-02/color/frame-000494.color.png fire/seq-02/color/frame-000497.color.png 0.999916 -0.00817947 -0.0100707 -0.000821248 0.0080926 0.99993 -0.00864517 -0.00768429 0.0101407 0.00856295 0.999912 0.0271474 0.0 0.0 0.0 1.0
fire/seq-02/color/frame-000497.color.png fire/seq-02/color/frame-000500.color.png 0.999788 0.000606979 -0.0205904 0.0072619 -0.000765403 0.99997 -0.00768119 0.00259507 0.0205851 0.00769532 0.999759 0.0273562 0.0 0.0 0.0 1.0
fire/seq-02/color/frame-000500.color.png fire/seq-02/color/frame-000503.color.png 0.999798 -0.00799803 -0.01844 0.00104374 0.00786307 0.999942 -0.00738308 -0.000251681 0.0184979 0.00723659 0.999803 0.0326994 0.0 0.0 0.0 1.0
fire/seq-02/color/frame-000503.color.png fire/seq-02/color/frame-000506.color.png 0.999618 -0.0137242 -0.0239862 0.0107234 0.0136989 0.999905 -0.00121855 -0.0012491 0.0240007 0.000889501 0.999712 0.0354821 0.0 0.0 0.0 1.0
fire/seq-02/color/frame-000506.color.png fire/seq-02/color/frame-000509.color.png 0.999753 -0.0174491 -0.0137454 0.00555004 0.0172582 0.999755 -0.0138957 0.00423101 0.0139845 0.013655 0.999809 0.0347132 0.0 0.0 0.0 1.0
fire/seq-02/color/frame-000509.color.png fire/seq-02/color/frame-000512.color.png 0.999629 -0.0231883 0.0143177 -0.0382559 0.0231459 0.999727 0.00311695 -0.0219257 -0.0143861 -0.00278435 0.999893 0.0352517 0.0 0.0 0.0 1.0
fire/seq-02/color/frame-000512.color.png fire/seq-02/color/frame-000515.color.png 0.999875 -0.0156237 0.00229967 -0.0167361 0.0156444 0.999834 -0.00929283 6.55651e-05 -0.00215411 0.00932765 0.999954 0.0307907 0.0 0.0 0.0 1.0
fire/seq-02/color/frame-000515.color.png fire/seq-02/color/frame-000518.color.png 0.999977 -0.00623851 0.00272129 -0.00288068 0.00625649 0.999958 -0.00663344 0.00730652 -0.00267979 0.00665031 0.999974 0.0158367 0.0 0.0 0.0 1.0
fire/seq-02/color/frame-000518.color.png fire/seq-02/color/frame-000521.color.png 0.999757 -0.0220047 -0.00159015 -0.00714913 0.0219928 0.999733 -0.00711187 0.00689408 0.00174621 0.00707514 0.999973 0.0250477 0.0 0.0 0.0 1.0
fire/seq-02/color/frame-000521.color.png fire/seq-02/color/frame-000524.color.png 0.99986 -0.0165799 -0.0023803 -0.00666547 0.0165716 0.999857 -0.00343792 0.00270402 0.00243695 0.00339798 0.999991 0.0303172 0.0 0.0 0.0 1.0
fire/seq-02/color/frame-000524.color.png fire/seq-02/color/frame-000527.color.png 0.999821 -0.0144345 0.012212 -0.0228894 0.0144752 0.99989 -0.00324866 -0.0067493 -0.0121638 0.00342488 0.99992 0.0222195 0.0 0.0 0.0 1.0
fire/seq-02/color/frame-000527.color.png fire/seq-02/color/frame-000530.color.png 0.999952 -0.00846082 -0.00500795 0.0029788 0.008418 0.999928 -0.00850777 0.0132841 0.00507958 0.00846518 0.999951 0.0189246 0.0 0.0 0.0 1.0
fire/seq-02/color/frame-000530.color.png fire/seq-02/color/frame-000533.color.png 0.999781 -0.019386 0.0078293 -0.0212499 0.0193815 0.999812 0.000657793 -0.0136548 -0.00784059 -0.000505926 0.999969 0.0266839 0.0 0.0 0.0 1.0
fire/seq-02/color/frame-000533.color.png fire/seq-02/color/frame-000536.color.png 0.999946 -0.00471305 0.00931951 -0.0201142 0.0047275 0.999988 -0.00152594 0.00521606 -0.0093122 0.00156993 0.999955 0.0136442 0.0 0.0 0.0 1.0
fire/seq-02/color/frame-000536.color.png fire/seq-02/color/frame-000539.color.png 0.999921 -0.0118007 0.00428354 -0.0127822 0.0117967 0.99993 0.000959495 -0.000590831 -0.00429455 -0.000908875 0.99999 0.0151007 0.0 0.0 0.0 1.0
fire/seq-02/color/frame-000539.color.png fire/seq-02/color/frame-000542.color.png 0.999934 -0.00473371 0.010429 -0.0164165 0.00469715 0.999983 0.0035277 -0.00612235 -0.0104455 -0.0034785 0.999939 0.0128959 0.0 0.0 0.0 1.0
fire/seq-02/color/frame-000542.color.png fire/seq-02/color/frame-000545.color.png 0.999848 -0.0159643 -0.00704523 0.00164069 0.0159119 0.999846 -0.00743122 0.0139373 0.00716276 0.00731797 0.999947 0.0178822 0.0 0.0 0.0 1.0
fire/seq-02/color/frame-000545.color.png fire/seq-02/color/frame-000548.color.png 0.99987 -0.0125875 0.0101006 -0.0225277 0.0125457 0.999912 0.00418294 -0.001542 -0.0101524 -0.00405567 0.99994 0.0240627 0.0 0.0 0.0 1.0
fire/seq-02/color/frame-000548.color.png fire/seq-02/color/frame-000551.color.png 0.999898 -0.0120294 -0.00771792 -0.000149675 0.0120361 0.999927 0.000829776 0.00432926 0.0077074 -0.000922576 0.99997 0.00621536 0.0 0.0 0.0 1.0
fire/seq-02/color/frame-000551.color.png fire/seq-02/color/frame-000554.color.png 0.99994 -0.00752941 0.00798487 -0.015742 0.00743403 0.999901 0.0119129 -0.0120071 -0.00807378 -0.0118528 0.999897 0.0122713 0.0 0.0 0.0 1.0
fire/seq-02/color/frame-000554.color.png fire/seq-02/color/frame-000557.color.png 0.999916 -0.0120811 -0.00462384 -0.00442482 0.0120689 0.999924 -0.00265891 0.017631 0.00465561 0.00260286 0.999986 0.016346 0.0 0.0 0.0 1.0
fire/seq-02/color/frame-000557.color.png fire/seq-02/color/frame-000560.color.png 0.999982 -0.00482552 0.0035152 -0.0107732 0.00482646 0.999988 -0.000258966 0.00498495 -0.00351391 0.000275948 0.999994 0.0102792 0.0 0.0 0.0 1.0
fire/seq-02/color/frame-000560.color.png fire/seq-02/color/frame-000563.color.png 0.999967 -0.00700474 0.0040719 -0.0100567 0.00706383 0.999867 -0.0146829 0.0191128 -0.00396851 0.0147112 0.999884 0.0142668 0.0 0.0 0.0 1.0
fire/seq-02/color/frame-000563.color.png fire/seq-02/color/frame-000566.color.png 0.999965 -0.00635682 0.0054501 -0.0123958 0.00635837 0.99998 -0.000264568 0.00998545 -0.00544833 0.000299208 0.999985 0.0103582 0.0 0.0 0.0 1.0
fire/seq-02/color/frame-000566.color.png fire/seq-02/color/frame-000569.color.png 0.999965 -0.00639315 0.00546698 -0.00809782 0.00630953 0.999865 0.0151783 -0.0160776 -0.00556328 -0.0151432 0.99987 0.00886929 0.0 0.0 0.0 1.0
fire/seq-02/color/frame-000569.color.png fire/seq-02/color/frame-000572.color.png 0.999918 -0.00331343 0.0123727 -0.0212422 0.00322584 0.99997 0.00709326 -0.00203753 -0.0123958 -0.00705278 0.999898 0.00178796 0.0 0.0 0.0 1.0
fire/seq-02/color/frame-000572.color.png fire/seq-02/color/frame-000575.color.png 0.999989 -0.00457073 -0.00114121 0.000795156 0.00457209 0.999989 0.00119141 0.0139714 0.00113578 -0.00119657 0.999999 0.0103465 0.0 0.0 0.0 1.0
fire/seq-02/color/frame-000575.color.png fire/seq-02/color/frame-000578.color.png 0.999984 -0.00430839 0.00352921 -0.0101562 0.00430413 0.99999 0.00121194 0.00706312 -0.00353442 -0.00119677 0.999993 0.00672942 0.0 0.0 0.0 1.0
fire/seq-02/color/frame-000578.color.png fire/seq-02/color/frame-000581.color.png 0.999992 -0.00287868 -0.00274491 0.00372402 0.00288588 0.999992 0.00261988 0.00151962 0.00273736 -0.00262781 0.999993 0.00388801 0.0 0.0 0.0 1.0
fire/seq-02/color/frame-000581.color.png fire/seq-02/color/frame-000584.color.png 0.999974 -0.00346462 0.00628168 -0.00661679 0.00346574 0.999994 -0.000167401 0.00589848 -0.00628104 0.000189182 0.99998 0.0031361 0.0 0.0 0.0 1.0
fire/seq-02/color/frame-000584.color.png fire/seq-02/color/frame-000587.color.png 0.999976 -0.001897 0.00672855 -0.00832552 0.00191906 0.999993 -0.00327503 0.00897047 -0.00672229 0.00328786 0.999972 0.00505584 0.0 0.0 0.0 1.0
fire/seq-02/color/frame-000587.color.png fire/seq-02/color/frame-000590.color.png 0.999904 -0.0100698 0.00950752 -0.0132299 0.0100535 0.999948 0.00175925 0.00476286 -0.00952473 -0.00166354 0.999953 0.00299633 0.0 0.0 0.0 1.0
fire/seq-02/color/frame-000590.color.png fire/seq-02/color/frame-000593.color.png 0.999973 -0.000702656 0.00738856 -0.00490052 0.00073355 0.999991 -0.00417907 0.0136356 -0.00738558 0.00418444 0.999964 0.00130105 0.0 0.0 0.0 1.0
fire/seq-02/color/frame-000593.color.png fire/seq-02/color/frame-000596.color.png 0.999917 -0.0108161 0.00694686 -0.0131147 0.0107673 0.999917 0.0070293 -0.00356838 -0.00702233 -0.00695393 0.999951 -0.00567853 0.0 0.0 0.0 1.0
fire/seq-02/color/frame-000596.color.png fire/seq-02/color/frame-000599.color.png 0.99996 -0.0056104 0.00690688 -0.0111758 0.00559492 0.999982 0.00225814 0.00737798 -0.00691938 -0.0022194 0.999974 -0.00500822 0.0 0.0 0.0 1.0
fire/seq-02/color/frame-000599.color.png fire/seq-02/color/frame-000602.color.png 0.999981 -0.00485777 0.00367966 -0.00864381 0.00485128 0.999987 0.00177073 0.0046083 -0.00368823 -0.00175287 0.999992 -0.00211543 0.0 0.0 0.0 1.0
fire/seq-02/color/frame-000602.color.png fire/seq-02/color/frame-000605.color.png 0.999994 -0.00348288 0.000650645 -0.00359159 0.00347627 0.999945 0.00990394 -0.00692824 -0.000685113 -0.0099016 0.999951 -0.00295967 0.0 0.0 0.0 1.0
fire/seq-02/color/frame-000605.color.png fire/seq-02/color/frame-000608.color.png 0.999966 -0.00393126 0.0072322 -0.0137396 0.00402508 0.999907 -0.0130041 0.0245147 -0.0071804 0.0130328 0.999889 0.00219953 0.0 0.0 0.0 1.0
fire/seq-02/color/frame-000608.color.png fire/seq-02/color/frame-000611.color.png 0.999954 -0.0055507 0.0078199 -0.0239196 0.0055639 0.999983 -0.00166855 0.0115234 -0.00781053 0.00171199 0.999968 -0.00529087 0.0 0.0 0.0 1.0
fire/seq-02/color/frame-000611.color.png fire/seq-02/color/frame-000614.color.png 0.999916 -0.012704 0.00246471 -0.0133258 0.01268 0.999874 0.00953367 -0.0102112 -0.00258548 -0.00950161 0.999951 -0.00656891 0.0 0.0 0.0 1.0
fire/seq-02/color/frame-000614.color.png fire/seq-02/color/frame-000617.color.png 0.999922 0.00341032 0.0120144 -0.0264608 -0.00328384 0.999939 -0.0105293 0.0226286 -0.0120496 0.0104891 0.999872 0.00227815 0.0 0.0 0.0 1.0
fire/seq-02/color/frame-000617.color.png fire/seq-02/color/frame-000620.color.png 0.999925 -0.00799649 0.00924217 -0.0265519 0.00811774 0.99988 -0.0131574 0.0215998 -0.00913587 0.0132314 0.999871 -0.00013262 0.0 0.0 0.0 1.0
fire/seq-02/color/frame-000620.color.png fire/seq-02/color/frame-000623.color.png 0.999876 -0.00306816 0.0154434 -0.0286779 0.0030636 0.999995 0.000318482 0.00211039 -0.0154443 -0.000271132 0.999881 -0.00582182 0.0 0.0 0.0 1.0
fire/seq-02/color/frame-000623.color.png fire/seq-02/color/frame-000626.color.png 0.999861 -0.0112133 0.0123728 -0.0220002 0.011337 0.999886 -0.00997092 0.0155467 -0.0122596 0.0101098 0.999874 -0.000204504 0.0 0.0 0.0 1.0
fire/seq-02/color/frame-000626.color.png fire/seq-02/color/frame-000629.color.png 0.999522 -0.0132209 0.027931 -0.0413392 0.013413 0.999888 -0.00670382 0.00989357 -0.0278391 0.00707527 0.999587 -0.00342822 0.0 0.0 0.0 1.0
fire/seq-02/color/frame-000629.color.png fire/seq-02/color/frame-000632.color.png 0.999502 -0.0111143 0.0295383 -0.0405876 0.0118352 0.999634 -0.024343 0.0312915 -0.029257 0.0246804 0.999267 0.00595081 0.0 0.0 0.0 1.0
fire/seq-02/color/frame-000632.color.png fire/seq-02/color/frame-000635.color.png 0.999504 -0.0100095 0.0298617 -0.0405581 0.0101203 0.999942 -0.00356127 -0.000454217 -0.0298244 0.0038617 0.999548 -0.0112092 0.0 0.0 0.0 1.0
fire/seq-02/color/frame-000635.color.png fire/seq-02/color/frame-000638.color.png 0.999858 -0.00742569 0.0151116 -0.017948 0.00763357 0.999876 -0.0137447 0.0162243 -0.0150077 0.0138581 0.999791 -0.00874746 0.0 0.0 0.0 1.0
fire/seq-02/color/frame-000638.color.png fire/seq-02/color/frame-000641.color.png 0.999796 -0.00804052 0.018505 -0.0267599 0.00817865 0.999939 -0.0074011 0.0146903 -0.0184443 0.00755094 0.999801 -0.0163086 0.0 0.0 0.0 1.0
fire/seq-02/color/frame-000641.color.png fire/seq-02/color/frame-000644.color.png 0.999746 -0.00868236 0.0207815 -0.0298079 0.00897141 0.999864 -0.0138577 0.0114359 -0.0206583 0.0140406 0.999688 -0.000262916 0.0 0.0 0.0 1.0
fire/seq-02/color/frame-000644.color.png fire/seq-02/color/frame-000647.color.png 0.999364 -0.0137192 0.032911 -0.0464742 0.0142096 0.999791 -0.0147118 0.0129841 -0.0327024 0.0151701 0.99935 0.00211143 0.0 0.0 0.0 1.0
fire/seq-02/color/frame-000647.color.png fire/seq-02/color/frame-000650.color.png 0.999874 -0.00231353 0.0157109 -0.0163691 0.0023416 0.999996 -0.00176488 -0.010447 -0.0157068 0.00180145 0.999875 -0.0101252 0.0 0.0 0.0 1.0
fire/seq-02/color/frame-000650.color.png fire/seq-02/color/frame-000653.color.png 0.999207 -0.0153898 0.0367132 -0.0516062 0.0157233 0.999838 -0.00881365 0.00731179 -0.0365715 0.00938391 0.999287 0.000787318 0.0 0.0 0.0 1.0
fire/seq-02/color/frame-000653.color.png fire/seq-02/color/frame-000656.color.png 0.999344 -0.0253411 0.0258863 -0.0319059 0.0257746 0.999531 -0.0165493 0.0165081 -0.0254547 0.0172056 0.999528 -0.00662404 0.0 0.0 0.0 1.0
fire/seq-02/color/frame-000656.color.png fire/seq-02/color/frame-000659.color.png 0.999747 -0.0154301 0.0163822 -0.0178163 0.0155488 0.999854 -0.00714127 0.00458434 -0.0162697 0.0073942 0.99984 -0.00744689 0.0 0.0 0.0 1.0
fire/seq-02/color/frame-000659.color.png fire/seq-02/color/frame-000662.color.png 0.99908 -0.00962562 0.0418004 -0.0460563 0.00917909 0.999899 0.0108616 -0.016117 -0.0419007 -0.0104679 0.999067 -0.00710207 0.0 0.0 0.0 1.0
fire/seq-02/color/frame-000662.color.png fire/seq-02/color/frame-000665.color.png 0.999088 -0.0222904 0.0364226 -0.0275384 0.0232383 0.999397 -0.0258138 0.0342131 -0.0358253 0.0266366 0.999003 -0.00693971 0.0 0.0 0.0 1.0
fire/seq-02/color/frame-000665.color.png fire/seq-02/color/frame-000668.color.png 0.999501 -0.0125685 0.0289913 -0.0228352 0.0126926 0.999911 -0.00410255 0.00500071 -0.0289371 0.00446847 0.999571 -0.0115219 0.0 0.0 0.0 1.0
fire/seq-02/color/frame-000668.color.png fire/seq-02/color/frame-000671.color.png 0.998438 -0.0226196 0.0510919 -0.0521403 0.0231263 0.999689 -0.0093479 0.0132085 -0.0508644 0.0105149 0.99865 0.00271922 0.0 0.0 0.0 1.0
fire/seq-02/color/frame-000671.color.png fire/seq-02/color/frame-000674.color.png 0.999089 -0.0241417 0.0351829 -0.0302616 0.0247629 0.999543 -0.0173315 0.0175774 -0.0347484 0.018187 0.999231 -0.00713384 0.0 0.0 0.0 1.0
fire/seq-02/color/frame-000674.color.png fire/seq-02/color/frame-000677.color.png 0.999524 -0.010373 0.0290392 -0.025 0.0106409 0.999902 -0.00908339 0.00988394 -0.0289422 0.00938803 0.999537 -0.00401187 0.0 0.0 0.0 1.0
fire/seq-02/color/frame-000677.color.png fire/seq-02/color/frame-000680.color.png 0.999711 -0.0163288 0.0176622 -0.0122482 0.0164696 0.999834 -0.00785342 0.0118445 -0.017531 0.00814205 0.999813 -0.00377363 0.0 0.0 0.0 1.0
fire/seq-02/color/frame-000680.color.png fire/seq-02/color/frame-000683.color.png 0.99975 -0.014933 0.0166249 -0.0202572 0.0150794 0.999848 -0.00871407 0.016349 -0.0164924 0.00896262 0.999824 -0.00342363 0.0 0.0 0.0 1.0
fire/seq-02/color/frame-000683.color.png fire/seq-02/color/frame-000686.color.png 0.999658 -0.011942 0.0232864 -0.0234713 0.0119886 0.999926 -0.00186656 0.00867428 -0.0232623 0.0021451 0.999727 -0.00890034 0.0 0.0 0.0 1.0
fire/seq-02/color/frame-000686.color.png fire/seq-02/color/frame-000689.color.png 0.999855 -0.00716492 0.0154306 -0.0244311 0.007271 0.99995 -0.00681923 0.0153671 -0.015381 0.00693042 0.999858 -0.00229639 0.0 0.0 0.0 1.0
fire/seq-02/color/frame-000689.color.png fire/seq-02/color/frame-000692.color.png 0.999765 -0.0140586 0.0165129 -0.0243653 0.0142324 0.999844 -0.0104604 0.0252105 -0.0163633 0.0106929 0.999809 -0.00273472 0.0 0.0 0.0 1.0
fire/seq-02/color/frame-000692.color.png fire/seq-02/color/frame-000695.color.png 0.999855 -0.0111979 0.0128082 -0.0213187 0.0111084 0.999913 0.00704878 0.00224975 -0.012886 -0.00690551 0.999893 -0.00836855 0.0 0.0 0.0 1.0
fire/seq-02/color/frame-000695.color.png fire/seq-02/color/frame-000698.color.png 0.999932 -0.00872081 0.00766823 -0.0134305 0.00875816 0.99995 -0.00486192 0.00998023 -0.00762546 0.00492875 0.999959 -0.00261444 0.0 0.0 0.0 1.0
fire/seq-02/color/frame-000698.color.png fire/seq-02/color/frame-000701.color.png 0.999979 -0.00650569 0.000487867 -0.00923142 0.0065041 0.999973 0.0032971 0.00776803 -0.00050925 -0.00329386 0.999994 -0.00789386 0.0 0.0 0.0 1.0
fire/seq-02/color/frame-000701.color.png fire/seq-02/color/frame-000704.color.png 0.999991 -0.00311894 0.00297221 -0.0213277 0.00311969 0.999995 -0.00024796 0.0109831 -0.00297137 0.000257281 0.999995 -0.00238866 0.0 0.0 0.0 1.0
fire/seq-02/color/frame-000704.color.png fire/seq-02/color/frame-000707.color.png 0.999989 -0.00313155 -0.00334621 -0.00746563 0.00312445 0.999993 -0.00211886 0.00940701 0.00335282 0.00210838 0.999992 -0.00273556 0.0 0.0 0.0 1.0
fire/seq-02/color/frame-000707.color.png fire/seq-02/color/frame-000710.color.png 0.999959 0.00780217 0.00457933 -0.0170994 -0.00778797 0.999965 -0.00308714 0.0115775 -0.0046032 0.00305137 0.999985 -0.011452 0.0 0.0 0.0 1.0
fire/seq-02/color/frame-000710.color.png fire/seq-02/color/frame-000713.color.png 0.999908 0.0127331 -0.00466072 -0.00906396 -0.0127198 0.999915 0.00287684 0.00452414 0.00469695 -0.00281733 0.999985 -0.00598472 0.0 0.0 0.0 1.0
fire/seq-02/color/frame-000713.color.png fire/seq-02/color/frame-000716.color.png 0.999764 0.0213313 -0.00409905 -0.0116557 -0.0213353 0.999772 -0.000924883 0.00959778 0.00407833 0.0010121 0.999991 -0.00967595 0.0 0.0 0.0 1.0
fire/seq-02/color/frame-000716.color.png fire/seq-02/color/frame-000719.color.png 0.999965 0.00649312 -0.00530625 -0.00823554 -0.00653605 0.999946 -0.00813144 0.0135141 0.00525312 0.00816586 0.999953 -0.00868344 0.0 0.0 0.0 1.0
fire/seq-02/color/frame-000719.color.png fire/seq-02/color/frame-000722.color.png 0.999822 0.0184509 0.00404971 -0.0200642 -0.0184019 0.999761 -0.011833 0.0143833 -0.00426689 0.0117564 0.999922 -0.00837839 0.0 0.0 0.0 1.0
fire/seq-02/color/frame-000722.color.png fire/seq-02/color/frame-000725.color.png 0.999766 0.0157877 0.0148221 -0.0317806 -0.0156388 0.999827 -0.01011 0.0164522 -0.0149793 0.00987576 0.999839 -0.00693259 0.0 0.0 0.0 1.0
fire/seq-02/color/frame-000725.color.png fire/seq-02/color/frame-000728.color.png 0.999881 0.0134192 -0.00758345 -0.0142263 -0.0134435 0.999905 -0.00317009 0.0175003 0.00754035 0.00327178 0.999966 -0.00715917 0.0 0.0 0.0 1.0
fire/seq-02/color/frame-000728.color.png fire/seq-02/color/frame-000731.color.png 0.999908 0.0133053 0.00267718 -0.0194296 -0.0132853 0.999885 -0.00732342 0.0168727 -0.00277451 0.00728711 0.99997 -0.0099746 0.0 0.0 0.0 1.0
fire/seq-02/color/frame-000731.color.png fire/seq-02/color/frame-000734.color.png 0.99995 0.00940284 0.00332937 -0.0161805 -0.00938168 0.999936 -0.00630514 0.00179444 -0.00338822 0.00627359 0.999975 -0.000894219 0.0 0.0 0.0 1.0
fire/seq-02/color/frame-000734.color.png fire/seq-02/color/frame-000737.color.png 0.999881 0.0139317 -0.00655675 -0.0174571 -0.0139471 0.9999 -0.00230528 0.0108936 0.00652393 0.0023965 0.999976 -0.00220591 0.0 0.0 0.0 1.0
fire/seq-02/color/frame-000737.color.png fire/seq-02/color/frame-000740.color.png 0.999975 -0.000440344 -0.00699998 -0.0116729 0.000477967 0.999985 0.00537367 0.0109687 0.00699738 -0.00537689 0.999961 0.00318891 0.0 0.0 0.0 1.0
fire/seq-02/color/frame-000740.color.png fire/seq-02/color/frame-000743.color.png 0.999997 7.62459e-05 0.0023548 -0.0293965 -8.91404e-05 0.999985 0.00548802 0.00980269 -0.00235423 -0.00548824 0.999982 0.00963631 0.0 0.0 0.0 1.0
fire/seq-02/color/frame-000743.color.png fire/seq-02/color/frame-000746.color.png 0.999956 0.00160052 -0.00927174 -0.0105648 -0.00156986 0.999993 0.00331866 0.0100595 0.00927708 -0.00330397 0.999951 0.00188124 0.0 0.0 0.0 1.0
fire/seq-02/color/frame-000746.color.png fire/seq-02/color/frame-000749.color.png 0.999989 0.000925664 0.00461363 -0.014947 -0.000914328 0.999997 -0.00243369 0.00682114 -0.00461579 0.00242945 0.999986 -0.0035935 0.0 0.0 0.0 1.0
fire/seq-02/color/frame-000749.color.png fire/seq-02/color/frame-000752.color.png 0.999988 0.00343827 -0.00363422 -0.012557 -0.00343567 0.999994 0.000763918 0.0141645 0.00363684 -0.00075141 0.999993 -0.00253746 0.0 0.0 0.0 1.0
fire/seq-02/color/frame-000752.color.png fire/seq-02/color/frame-000755.color.png 0.999968 0.00675195 -0.00429664 -0.0105118 -0.00669484 0.999891 0.0131691 -0.00328413 0.00438493 -0.0131399 0.999904 0.00554281 0.0 0.0 0.0 1.0
fire/seq-02/color/frame-000755.color.png fire/seq-02/color/frame-000758.color.png 0.999935 0.00583527 -0.00976795 -0.00844818 -0.00581294 0.99998 0.00230024 0.00935221 0.00978121 -0.00224335 0.99995 0.00483537 0.0 0.0 0.0 1.0
fire/seq-02/color/frame-000758.color.png fire/seq-02/color/frame-000761.color.png 0.999983 0.00367615 -0.00460005 -0.00893497 -0.00365751 0.999985 0.00406891 0.0125864 0.004615 -0.00405199 0.999981 0.00552419 0.0 0.0 0.0 1.0
fire/seq-02/color/frame-000761.color.png fire/seq-02/color/frame-000764.color.png 0.999961 -0.00870585 0.00148817 -0.0182272 0.00870461 0.999962 0.000833083 0.0197781 -0.00149535 -0.000820134 0.999999 0.00418139 0.0 0.0 0.0 1.0
fire/seq-02/color/frame-000764.color.png fire/seq-02/color/frame-000767.color.png 0.999967 0.0063406 0.00501413 -0.0140257 -0.00640092 0.999906 0.0121233 -0.00196952 -0.00493696 -0.012155 0.999914 0.0045805 0.0 0.0 0.0 1.0
fire/seq-02/color/frame-000767.color.png fire/seq-02/color/frame-000770.color.png 0.999942 -0.00612114 0.00889051 -0.0204306 0.00606486 0.999962 0.00633332 0.0081063 -0.00892901 -0.00627902 0.99994 -0.00731313 0.0 0.0 0.0 1.0
fire/seq-02/color/frame-000770.color.png fire/seq-02/color/frame-000773.color.png 0.999958 0.00159618 0.00897236 -0.0179605 -0.00161976 0.999995 0.00262767 -0.000595242 -0.00896809 -0.00264211 0.999956 -0.00667402 0.0 0.0 0.0 1.0
fire/seq-02/color/frame-000773.color.png fire/seq-02/color/frame-000776.color.png 0.999986 -0.00248754 0.00457006 -0.0102821 0.0025034 0.999991 -0.00346901 0.00882336 -0.00456141 0.00348048 0.999983 -0.00351709 0.0 0.0 0.0 1.0
fire/seq-02/color/frame-000776.color.png fire/seq-02/color/frame-000779.color.png 0.999983 0.00587798 0.000463731 -0.0144017 -0.00588077 0.999963 0.00625146 -0.00577892 -0.000427084 -0.00625413 0.99998 -0.00238034 0.0 0.0 0.0 1.0
fire/seq-02/color/frame-000779.color.png fire/seq-02/color/frame-000782.color.png 0.999974 0.0004699 -0.0072416 -0.0129341 -0.000390156 0.999939 0.0110111 0.000652917 0.00724625 -0.011008 0.999913 0.0081929 0.0 0.0 0.0 1.0
fire/seq-02/color/frame-000782.color.png fire/seq-02/color/frame-000785.color.png 0.999979 0.00160189 -0.00623138 -0.00830019 -0.0015498 0.999964 0.00834024 0.00118332 0.00624461 -0.00833042 0.999946 0.00296506 0.0 0.0 0.0 1.0
fire/seq-02/color/frame-000785.color.png fire/seq-02/color/frame-000788.color.png 0.999767 0.00714641 -0.0203557 0.000743926 -0.00678754 0.999821 0.0176476 -0.0105524 0.0204781 -0.0175054 0.999637 0.00913507 0.0 0.0 0.0 1.0
fire/seq-02/color/frame-000788.color.png fire/seq-02/color/frame-000791.color.png 0.999861 0.00313292 -0.0164091 0.00293916 -0.00301955 0.999972 0.00693214 -0.00488038 0.0164303 -0.00688158 0.999841 0.00132072 0.0 0.0 0.0 1.0
fire/seq-02/color/frame-000791.color.png fire/seq-02/color/frame-000794.color.png 0.999678 0.0141462 -0.0210644 0.0130835 -0.0137952 0.999765 0.0167205 -0.0143765 0.0212961 -0.0164245 0.999638 0.00208715 0.0 0.0 0.0 1.0
fire/seq-02/color/frame-000794.color.png fire/seq-02/color/frame-000797.color.png 0.999666 0.010499 -0.0236187 0.0208994 -0.0102797 0.999903 0.00938399 -0.0148443 0.023715 -0.00913804 0.999677 -0.00490752 0.0 0.0 0.0 1.0
fire/seq-02/color/frame-000797.color.png fire/seq-02/color/frame-000800.color.png 0.999334 0.00962367 -0.0351964 0.0305011 -0.0095207 0.99995 0.00309249 -0.00885977 0.0352243 -0.00275531 0.999376 0.000144511 0.0 0.0 0.0 1.0
fire/seq-02/color/frame-000800.color.png fire/seq-02/color/frame-000803.color.png 0.999003 0.0176668 -0.0409885 0.0327488 -0.0170178 0.999725 0.0161281 -0.0161119 0.0412623 -0.0154145 0.999029 0.00670514 0.0 0.0 0.0 1.0
fire/seq-02/color/frame-000803.color.png fire/seq-02/color/frame-000806.color.png 0.998942 0.0158216 -0.043188 0.0407764 -0.0156885 0.999871 0.0034179 -0.00937304 0.0432364 -0.00273673 0.999061 0.0017648 0.0 0.0 0.0 1.0
fire/seq-02/color/frame-000806.color.png fire/seq-02/color/frame-000809.color.png 0.999128 0.0176634 -0.0378279 0.0382815 -0.0174701 0.999833 0.0054367 -0.0176251 0.0379178 -0.00477109 0.99927 0.00154027 0.0 0.0 0.0 1.0
fire/seq-02/color/frame-000809.color.png fire/seq-02/color/frame-000812.color.png 0.99912 0.0126444 -0.0399973 0.03931 -0.012411 0.999904 0.00607529 -0.0211583 0.0400703 -0.00557355 0.999181 0.00328581 0.0 0.0 0.0 1.0
fire/seq-02/color/frame-000812.color.png fire/seq-02/color/frame-000815.color.png 0.999109 0.0182899 -0.0380381 0.0394627 -0.0178363 0.999766 0.0122317 -0.0279736 0.0382529 -0.0115423 0.999201 -0.00773588 0.0 0.0 0.0 1.0
fire/seq-02/color/frame-000815.color.png fire/seq-02/color/frame-000818.color.png 0.999132 0.0198882 -0.0365994 0.043776 -0.0197271 0.999794 0.00475822 -0.0236516 0.0366864 -0.0040321 0.999319 -0.00163792 0.0 0.0 0.0 1.0
fire/seq-02/color/frame-000818.color.png fire/seq-02/color/frame-000821.color.png 0.999473 0.0258953 -0.0195694 0.032578 -0.0256727 0.999604 0.0115415 -0.039756 0.0198606 -0.011033 0.999742 -0.00746241 0.0 0.0 0.0 1.0
fire/seq-02/color/frame-000821.color.png fire/seq-02/color/frame-000824.color.png 0.999223 0.0197567 -0.0341019 0.0434607 -0.0198357 0.999801 -0.00198006 -0.0212184 0.034056 0.00265496 0.999416 9.57996e-05 0.0 0.0 0.0 1.0
fire/seq-02/color/frame-000824.color.png fire/seq-02/color/frame-000827.color.png 0.999211 0.0248721 -0.030958 0.0515954 -0.0244898 0.99962 0.0126678 -0.033674 0.0312614 -0.0118997 0.99944 -0.00424459 0.0 0.0 0.0 1.0
fire/seq-02/color/frame-000827.color.png fire/seq-02/color/frame-000830.color.png 0.9993 0.0217809 -0.030412 0.0513562 -0.0217355 0.999762 0.00182327 -0.0156063 0.0304444 -0.00116098 0.999536 -0.0013934 0.0 0.0 0.0 1.0
fire/seq-02/color/frame-000830.color.png fire/seq-02/color/frame-000833.color.png 0.99952 0.0160567 -0.02648 0.0423105 -0.0157161 0.999792 0.0130216 -0.024261 0.0266836 -0.0125992 0.999565 -0.00220273 0.0 0.0 0.0 1.0
fire/seq-02/color/frame-000833.color.png fire/seq-02/color/frame-000836.color.png 0.999574 0.00205839 -0.0291311 0.059358 -0.00167949 0.999914 0.0130255 -0.0235013 0.0291554 -0.012971 0.999491 -0.00448899 0.0 0.0 0.0 1.0
fire/seq-02/color/frame-000836.color.png fire/seq-02/color/frame-000839.color.png 0.999463 0.0118381 -0.0305679 0.0641319 -0.011743 0.999926 0.00328808 -0.0133574 0.0306045 -0.00292734 0.999527 -0.00461198 0.0 0.0 0.0 1.0
fire/seq-02/color/frame-000839.color.png fire/seq-02/color/frame-000842.color.png 0.999811 0.0104826 -0.0164001 0.0574888 -0.010347 0.999912 0.00833446 -0.0194552 0.016486 -0.0081632 0.999831 -0.0054594 0.0 0.0 0.0 1.0
fire/seq-02/color/frame-000842.color.png fire/seq-02/color/frame-000845.color.png 0.999914 0.00219017 -0.0129237 0.0357631 -0.00218292 0.999997 0.000574682 -0.012492 0.0129249 -0.000546414 0.999916 -0.00336551 0.0 0.0 0.0 1.0
fire/seq-02/color/frame-000845.color.png fire/seq-02/color/frame-000848.color.png 0.999468 0.0123622 -0.0301781 0.0489935 -0.0119272 0.999823 0.014551 -0.019157 0.0303527 -0.0141833 0.999439 -0.00437788 0.0 0.0 0.0 1.0
fire/seq-02/color/frame-000848.color.png fire/seq-02/color/frame-000851.color.png 0.998426 0.0327244 -0.0455478 0.0533542 -0.0319249 0.999325 0.0181705 -0.0173805 0.0461117 -0.0166878 0.998797 -0.00258809 0.0 0.0 0.0 1.0
fire/seq-02/color/frame-000851.color.png fire/seq-02/color/frame-000854.color.png 0.998905 0.031471 -0.034622 0.0473262 -0.0310629 0.999442 0.0122632 -0.0190185 0.0349886 -0.0111743 0.999325 -0.000260049 0.0 0.0 0.0 1.0
fire/seq-02/color/frame-000854.color.png fire/seq-02/color/frame-000857.color.png 0.999072 0.0354641 -0.024427 0.0396156 -0.0350114 0.999212 0.0187145 -0.0246603 0.0250715 -0.017842 0.999526 -0.0112339 0.0 0.0 0.0 1.0
fire/seq-02/color/frame-000857.color.png fire/seq-02/color/frame-000860.color.png 0.998144 0.025349 -0.055363 0.0455322 -0.0248884 0.99965 0.00899218 -0.00938666 0.0555715 -0.00759762 0.998426 -0.0174465 0.0 0.0 0.0 1.0
fire/seq-02/color/frame-000860.color.png fire/seq-02/color/frame-000863.color.png 0.998357 0.0257984 -0.0511614 0.0461799 -0.0247275 0.999464 0.0214549 -0.0168085 0.0516875 -0.0201545 0.99846 -0.00685932 0.0 0.0 0.0 1.0
fire/seq-02/color/frame-000863.color.png fire/seq-02/color/frame-000866.color.png 0.999014 0.0283521 -0.0341723 0.0429469 -0.0282876 0.999597 0.00236795 -0.00596017 0.0342256 -0.00139894 0.999413 -0.0127997 0.0 0.0 0.0 1.0
fire/seq-02/color/frame-000866.color.png fire/seq-02/color/frame-000869.color.png 0.999205 0.0306319 -0.0255296 0.0447435 -0.0301343 0.999353 0.0196533 -0.019846 0.0261151 -0.0188684 0.999481 -0.0106196 0.0 0.0 0.0 1.0
fire/seq-02/color/frame-000869.color.png fire/seq-02/color/frame-000872.color.png 0.999655 0.0233064 -0.0120948 0.0409545 -0.023317 0.999728 -0.0007301 -0.00350192 0.0120745 0.00101189 0.999927 -0.0111712 0.0 0.0 0.0 1.0
fire/seq-02/color/frame-000872.color.png fire/seq-02/color/frame-000875.color.png 0.99988 0.013702 -0.00717806 0.0395437 -0.0136779 0.999901 0.00338914 -0.012993 0.00722375 -0.00329052 0.999969 -0.0108501 0.0 0.0 0.0 1.0
fire/seq-02/color/frame-000875.color.png fire/seq-02/color/frame-000878.color.png 0.999746 0.0222485 -0.00360241 0.0355276 -0.0222411 0.999751 0.00205324 -0.0103444 0.00364719 -0.00197265 0.999991 -0.00378232 0.0 0.0 0.0 1.0
fire/seq-02/color/frame-000878.color.png fire/seq-02/color/frame-000881.color.png 0.999933 0.00907402 -0.00714989 0.0350094 -0.00902051 0.999931 0.00749401 -0.016735 0.00721742 -0.00742895 0.999946 -0.00395899 0.0 0.0 0.0 1.0
fire/seq-02/color/frame-000881.color.png fire/seq-02/color/frame-000884.color.png 0.999831 0.0159996 -0.00905891 0.0329073 -0.0159653 0.999865 0.00384312 0.00221862 0.00911921 -0.00369787 0.999952 -0.000873659 0.0 0.0 0.0 1.0
fire/seq-02/color/frame-000884.color.png fire/seq-02/color/frame-000887.color.png 0.999976 0.00652202 -0.0025293 0.0216504 -0.00650294 0.999951 0.00750266 -0.0122112 0.00257811 -0.00748604 0.999969 0.00110801 0.0 0.0 0.0 1.0
fire/seq-02/color/frame-000887.color.png fire/seq-02/color/frame-000890.color.png 0.999935 0.00627129 -0.00953118 0.0296574 -0.00625457 0.999979 0.00178096 -0.00615788 0.00954213 -0.00172122 0.999953 0.000261554 0.0 0.0 0.0 1.0
fire/seq-02/color/frame-000890.color.png fire/seq-02/color/frame-000893.color.png 0.999893 0.0132112 -0.006336 0.0253135 -0.0131513 0.999869 0.00939932 -0.0160543 0.0064594 -0.00931499 0.999936 0.00612363 0.0 0.0 0.0 1.0
fire/seq-02/color/frame-000893.color.png fire/seq-02/color/frame-000896.color.png 0.999952 0.00979619 0.000172793 0.0219953 -0.00979614 0.999952 -0.000505063 -0.00446263 -0.000177753 0.000503343 1.0 0.00318145 0.0 0.0 0.0 1.0
fire/seq-02/color/frame-000896.color.png fire/seq-02/color/frame-000899.color.png 0.999738 0.0216659 -0.00737106 0.0321366 -0.021554 0.999656 0.0149323 -0.0180524 0.00769203 -0.0147695 0.999861 0.0116659 0.0 0.0 0.0 1.0
fire/seq-02/color/frame-000899.color.png fire/seq-02/color/frame-000902.color.png 0.999976 0.00625052 -0.00308036 0.0212131 -0.00625061 0.99998 -1.65387e-05 -0.00561842 0.00308025 3.57973e-05 0.999995 0.00623852 0.0 0.0 0.0 1.0
fire/seq-02/color/frame-000902.color.png fire/seq-02/color/frame-000905.color.png 0.999958 -0.00155147 -0.00897784 0.0213993 0.00162706 0.999963 0.00841265 -0.0160572 0.00896436 -0.00842684 0.999924 0.0111513 0.0 0.0 0.0 1.0
fire/seq-02/color/frame-000905.color.png fire/seq-02/color/frame-000908.color.png 0.999987 -0.000399548 -0.00512081 0.0232072 0.000391901 0.999999 -0.00146455 -0.00014469 0.00512144 0.00146251 0.999986 0.00834569 0.0 0.0 0.0 1.0
fire/seq-02/color/frame-000908.color.png fire/seq-02/color/frame-000911.color.png 0.999969 0.00740716 -0.00277657 0.0151606 -0.00740152 0.999971 0.00199331 -0.00105852 0.00279126 -0.00197272 0.999994 0.00439467 0.0 0.0 0.0 1.0
fire/seq-02/color/frame-000911.color.png fire/seq-02/color/frame-000914.color.png 0.999819 0.00221517 -0.0188743 0.0192352 -0.0021603 0.999993 0.00292902 -0.00858703 0.0188807 -0.0028877 0.999818 -0.00190623 0.0 0.0 0.0 1.0
fire/seq-02/color/frame-000914.color.png fire/seq-02/color/frame-000917.color.png 0.999456 0.0138064 -0.0299391 0.0276197 -0.0136185 0.999886 0.00647088 0.0037421 0.030025 -0.00605959 0.999531 -0.00803669 0.0 0.0 0.0 1.0
fire/seq-02/color/frame-000917.color.png fire/seq-02/color/frame-000920.color.png 0.998995 0.0309155 -0.032445 0.0353824 -0.0304762 0.999438 0.0139523 0.0176345 0.0328582 -0.0129495 0.999376 -0.0183176 0.0 0.0 0.0 1.0
fire/seq-02/color/frame-000920.color.png fire/seq-02/color/frame-000923.color.png 0.998584 0.0328229 -0.0418772 0.0451297 -0.0317818 0.999175 0.0252914 0.0240539 0.0426728 -0.0239246 0.998803 -0.020499 0.0 0.0 0.0 1.0
fire/seq-02/color/frame-000923.color.png fire/seq-02/color/frame-000926.color.png 0.997828 0.0402656 -0.052128 0.0451199 -0.039198 0.999004 0.0213411 0.0153637 0.0529353 -0.0192515 0.998412 -0.034106 0.0 0.0 0.0 1.0
fire/seq-02/color/frame-000926.color.png fire/seq-02/color/frame-000929.color.png 0.999146 0.0105487 -0.0399569 0.0229133 -0.0101291 0.999891 0.0106925 0.00104684 0.0400653 -0.0102786 0.999144 -0.026599 0.0 0.0 0.0 1.0
fire/seq-02/color/frame-000929.color.png fire/seq-02/color/frame-000932.color.png 0.998055 -0.00961737 -0.0615933 0.0625606 0.00890626 0.999891 -0.0118107 0.0161935 0.0617002 0.0112391 0.998031 -0.0424355 0.0 0.0 0.0 1.0
fire/seq-02/color/frame-000932.color.png fire/seq-02/color/frame-000935.color.png 0.999011 -0.00983764 -0.0433645 0.0416033 0.00993406 0.999949 0.00200752 -0.0200534 0.0433424 -0.00243625 0.999057 -0.053758 0.0 0.0 0.0 1.0
fire/seq-02/color/frame-000935.color.png fire/seq-02/color/frame-000938.color.png 0.999303 -0.0222564 -0.0299707 0.0343758 0.0222431 0.999752 -0.00077769 -0.0151479 0.0299808 0.000110405 0.99955 -0.0292878 0.0 0.0 0.0 1.0
fire/seq-02/color/frame-000938.color.png fire/seq-02/color/frame-000941.color.png 0.999545 -0.0239347 -0.0183789 0.0233643 0.0238025 0.999689 -0.00737345 -0.0152937 0.0185496 0.00693264 0.999804 -0.0167076 0.0 0.0 0.0 1.0
fire/seq-02/color/frame-000941.color.png fire/seq-02/color/frame-000944.color.png 0.999315 -0.0331271 -0.0164807 0.0194088 0.0328154 0.999284 -0.0188435 -0.019982 0.0170931 0.0182898 0.999687 -0.0203707 0.0 0.0 0.0 1.0
fire/seq-02/color/frame-000944.color.png fire/seq-02/color/frame-000947.color.png 0.999265 -0.034376 -0.0169646 0.013209 0.0340371 0.999223 -0.0198726 -0.0276831 0.0176345 0.0192806 0.999659 -0.0153502 0.0 0.0 0.0 1.0
fire/seq-02/color/frame-000947.color.png fire/seq-02/color/frame-000950.color.png 0.999558 -0.0210198 -0.0210317 0.0199553 0.0204153 0.999384 -0.0285608 -0.00642803 0.0216191 0.0281188 0.999371 -0.0177484 0.0 0.0 0.0 1.0
fire/seq-02/color/frame-000950.color.png fire/seq-02/color/frame-000953.color.png 0.999269 -0.0344869 -0.0165025 0.0264459 0.0342396 0.9993 -0.0150343 -0.0353566 0.0170094 0.0144583 0.999751 -0.00481999 0.0 0.0 0.0 1.0
fire/seq-02/color/frame-000953.color.png fire/seq-02/color/frame-000956.color.png 0.999525 -0.0305307 -0.00425959 0.0166492 0.0305344 0.999533 0.000793174 -0.0256377 0.00423335 -0.00092288 0.999991 -0.00080733 0.0 0.0 0.0 1.0
fire/seq-02/color/frame-000956.color.png fire/seq-02/color/frame-000959.color.png 0.999729 0.0130555 -0.0192939 0.0331038 -0.0127723 0.99981 0.0147348 0.00213569 0.0194827 -0.0144843 0.999705 -0.00954395 0.0 0.0 0.0 1.0
fire/seq-02/color/frame-000959.color.png fire/seq-02/color/frame-000962.color.png 0.999309 0.0305752 -0.0211122 0.0110629 -0.0304927 0.999526 0.00421619 0.0247777 0.0212312 -0.00356951 0.999768 0.00198628 0.0 0.0 0.0 1.0
fire/seq-02/color/frame-000962.color.png fire/seq-02/color/frame-000965.color.png 0.99743 0.0550734 -0.0458258 0.0418671 -0.0554015 0.998447 -0.00591731 0.0467827 0.0454287 0.00844097 0.998932 -0.0101036 0.0 0.0 0.0 1.0
fire/seq-02/color/frame-000965.color.png fire/seq-02/color/frame-000968.color.png 0.997306 0.0509484 -0.0527829 0.0420641 -0.0507572 0.998699 0.00495749 0.0426801 0.0529668 -0.00226512 0.998594 -0.0170975 0.0 0.0 0.0 1.0
fire/seq-02/color/frame-000968.color.png fire/seq-02/color/frame-000971.color.png 0.995915 0.0776166 -0.0461324 0.0495334 -0.0772523 0.996965 0.00963048 0.0615593 0.04674 -0.00602719 0.998889 -0.0156278 0.0 0.0 0.0 1.0
fire/seq-02/color/frame-000971.color.png fire/seq-02/color/frame-000974.color.png 0.998429 0.0410667 -0.0381312 0.0320554 -0.0405267 0.999068 0.0148332 0.0248728 0.0387049 -0.0132647 0.999163 -0.018747 0.0 0.0 0.0 1.0
fire/seq-02/color/frame-000974.color.png fire/seq-02/color/frame-000977.color.png 0.999263 -0.00134257 -0.0383719 0.0330193 0.00101661 0.999963 -0.00851424 -0.00138417 0.0383819 0.00846891 0.999227 -0.00698628 0.0 0.0 0.0 1.0
fire/seq-02/color/frame-000977.color.png fire/seq-02/color/frame-000980.color.png 0.999678 0.00686276 -0.0244133 0.0209283 -0.00681407 0.999975 0.00207689 -0.00815302 0.0244269 -0.00190985 0.9997 -0.0188452 0.0 0.0 0.0 1.0
fire/seq-02/color/frame-000980.color.png fire/seq-02/color/frame-000983.color.png 0.998836 0.00704993 -0.0477272 0.043913 -0.00762061 0.999901 -0.0117874 -0.00707191 0.0476394 0.0121373 0.998791 -0.0349604 0.0 0.0 0.0 1.0
fire/seq-02/color/frame-000983.color.png fire/seq-02/color/frame-000986.color.png 0.998039 0.00952354 -0.0618686 0.0809675 -0.00993025 0.999931 -0.00626805 -9.53972e-05 0.0618046 0.00687019 0.998065 -0.0391623 0.0 0.0 0.0 1.0
fire/seq-02/color/frame-000986.color.png fire/seq-02/color/frame-000989.color.png 0.999561 0.00941516 -0.0280948 0.0618556 -0.00923729 0.999936 0.00645782 0.0125935 0.0281537 -0.00619535 0.999584 -0.042897 0.0 0.0 0.0 1.0
fire/seq-02/color/frame-000989.color.png fire/seq-02/color/frame-000992.color.png 0.999918 0.0100819 -0.00789316 0.0375899 -0.0100167 0.999916 0.00823751 0.00977609 0.00797564 -0.00815785 0.999935 -0.0150272 0.0 0.0 0.0 1.0
fire/seq-02/color/frame-000992.color.png fire/seq-02/color/frame-000995.color.png 0.999877 -0.0149674 -0.00461702 0.024632 0.0149669 0.999888 -0.000153391 -0.0235665 0.00461882 8.4231e-05 0.999989 -0.00548464 0.0 0.0 0.0 1.0
fire/seq-02/color/frame-000995.color.png fire/seq-02/color/frame-000998.color.png 0.999056 -0.0326889 0.0286058 0.0102247 0.0334137 0.999123 -0.0252355 -0.0330736 -0.0277556 0.0261675 0.999272 0.0319222 0.0 0.0 0.0 1.0
