fire/seq-02/color/frame-000000.color.png fire/seq-02/color/frame-000003.color.png 0.999994 -0.00309399 0.00169736 -0.00321029 0.00309546 0.999995 -0.000863695 0.00317232 -0.00169468 0.000868944 0.999998 0.00247164 0.0 0.0 0.0 1.0
fire/seq-02/color/frame-000003.color.png fire/seq-02/color/frame-000006.color.png 0.999983 -0.00563748 0.00134561 -0.00241258 0.00564636 0.999962 -0.00669178 0.00946864 -0.00130783 0.00669927 0.999977 0.00522025 0.0 0.0 0.0 1.0
fire/seq-02/color/frame-000006.color.png fire/seq-02/color/frame-000009.color.png 0.999986 -0.00413057 0.00343225 -0.0044342 0.00414632 0.999981 -0.00459417 0.0072657 -0.00341321 0.00460834 0.999983 0.00801439 0.0 0.0 0.0 1.0
fire/seq-02/color/frame-000009.color.png fire/seq-02/color/frame-000012.color.png 0.99994 -0.00781067 0.00769559 -0.0101152 0.00782423 0.999968 -0.00173296 0.0139675 -0.00768181 0.00179307 0.999969 0.00145661 0.0 0.0 0.0 1.0
fire/seq-02/color/frame-000012.color.png fire/seq-02/color/frame-000015.color.png 0.999956 -0.00678063 0.00641367 -0.00932528 0.00684024 0.999933 -0.00931737 0.0163435 -0.00635006 0.00936084 0.999936 0.00619309 0.0 0.0 0.0 1.0
fire/seq-02/color/frame-000015.color.png fire/seq-02/color/frame-000018.color.png 0.999877 -0.0154632 0.00248267 -0.0092846 0.0154705 0.999876 -0.00292152 0.0130242 -0.00243719 0.00295957 0.999993 0.0123987 0.0 0.0 0.0 1.0
fire/seq-02/color/frame-000018.color.png fire/seq-02/color/frame-000021.color.png 0.99994 -0.00864058 0.00667582 -0.0139626 0.00864558 0.999962 -0.000720486 0.0136343 -0.00666936 0.000778161 0.999977 0.0123161 0.0 0.0 0.0 1.0
fire/seq-02/color/frame-000021.color.png fire/seq-02/color/frame-000024.color.png 0.999795 -0.0165735 0.0116281 -0.0113589 0.0166026 0.999859 -0.00241514 0.0132328 -0.0115864 0.0026077 0.99993 0.0169228 0.0 0.0 0.0 1.0
fire/seq-02/color/frame-000024.color.png fire/seq-02/color/frame-000027.color.png 0.999749 -0.0168277 0.0147946 -0.0195285 0.0170552 0.999736 -0.0153874 0.0188943 -0.0145318 0.0156359 0.999772 0.00720342 0.0 0.0 0.0 1.0
fire/seq-02/color/frame-000027.color.png fire/seq-02/color/frame-000030.color.png 0.99995 -0.0080164 0.00607137 -0.00847997 0.00803928 0.999961 -0.00375247 0.00807186 -0.00604104 0.00380108 0.999975 0.0154005 0.0 0.0 0.0 1.0
fire/seq-02/color/frame-000030.color.png fire/seq-02/color/frame-000033.color.png 0.99996 -0.00643212 0.00627268 -0.0109906 0.00649546 0.999928 -0.01013 0.0180337 -0.00620708 0.0101703 0.999929 0.00748276 0.0 0.0 0.0 1.0
fire/seq-02/color/frame-000033.color.png fire/seq-02/color/frame-000036.color.png 0.999965 0.00264792 0.00792007 -0.0124247 -0.00261398 0.999987 -0.00429283 0.0196086 -0.00793134 0.00427199 0.999959 0.00438313 0.0 0.0 0.0 1.0
fire/seq-02/color/frame-000036.color.png fire/seq-02/color/frame-000039.color.png 0.999984 0.00432448 0.00355532 -0.00350815 -0.00433825 0.999983 0.00387851 0.0183657 -0.00353849 -0.00389387 0.999986 0.0103614 0.0 0.0 0.0 1.0
fire/seq-02/color/frame-000039.color.png fire/seq-02/color/frame-000042.color.png 0.999992 0.000892424 0.00388749 0.00317515 -0.000890093 0.999999 -0.000605958 0.0161119 -0.00388804 0.000602504 0.999992 0.0106757 0.0 0.0 0.0 1.0
fire/seq-02/color/frame-000042.color.png fire/seq-02/color/frame-000045.color.png 0.999939 0.00387547 0.0103444 0.00284674 -0.00375172 0.999921 -0.0119555 0.017653 -0.0103899 0.011916 0.999875 0.00304709 0.0 0.0 0.0 1.0
fire/seq-02/color/frame-000045.color.png fire/seq-02/color/frame-000048.color.png 0.999962 0.00222656 0.00843534 -0.000690147 -0.0022644 0.999987 0.00448107 0.0218667 -0.00842527 -0.00450001 0.999954 0.00425728 0.0 0.0 0.0 1.0
fire/seq-02/color/frame-000048.color.png fire/seq-02/color/frame-000051.color.png 0.999952 -0.00534114 -0.00815392 0.0153786 0.00540539 0.999954 0.00787833 0.0135565 0.00811149 -0.00792205 0.999936 0.00987555 0.0 0.0 0.0 1.0
fire/seq-02/color/frame-000051.color.png fire/seq-02/color/frame-000054.color.png 0.999959 0.0086433 -0.00280941 0.011038 -0.00861999 0.999929 0.00821296 0.00550602 0.0028802 -0.00818841 0.999962 0.00604448 0.0 0.0 0.0 1.0
fire/seq-02/color/frame-000054.color.png fire/seq-02/color/frame-000057.color.png 0.999941 0.010848 -0.000308088 0.0101513 -0.0108485 0.99994 -0.00181678 0.00986542 0.000288333 0.00182001 0.999998 -0.00350861 0.0 0.0 0.0 1.0
fire/seq-02/color/frame-000057.color.png fire/seq-02/color/frame-000060.color.png 0.999957 0.00927745 -0.000588159 0.016029 -0.00927749 0.999957 -7.2867e-05 0.00993842 0.000587454 7.83324e-05 1.0 0.00560817 0.0 0.0 0.0 1.0
fire/seq-02/color/frame-000060.color.png fire/seq-02/color/frame-000063.color.png 0.999938 0.0110441 0.00119678 0.0221409 -0.0110442 0.999939 3.89993e-05 0.00845098 -0.00119627 -5.22196e-05 0.999999 0.00166252 0.0 0.0 0.0 1.0
fire/seq-02/color/frame-000063.color.png fire/seq-02/color/frame-000066.color.png 0.999966 0.00693481 0.00448108 0.0181978 -0.00691332 0.999965 -0.00479404 0.00438955 -0.00451416 0.0047629 0.999978 -0.00486441 0.0 0.0 0.0 1.0
fire/seq-02/color/frame-000066.color.png fire/seq-02/color/frame-000069.color.png 0.999895 0.00259805 -0.0142712 0.022935 -0.00254426 0.99999 0.00378565 0.00246719 0.0142808 -0.00374894 0.999891 -0.00335853 0.0 0.0 0.0 1.0
fire/seq-02/color/frame-000069.color.png fire/seq-02/color/frame-000072.color.png 0.999731 -0.00294938 -0.0229979 0.0274522 0.0029286 0.999995 -0.000937223 -0.00102475 0.0230006 0.000869625 0.999735 -0.00149666 0.0 0.0 0.0 1.0
fire/seq-02/color/frame-000072.color.png fire/seq-02/color/frame-000075.color.png 0.999418 0.0288804 -0.0181668 0.0259486 -0.0288001 0.999574 0.00466679 0.00922835 0.0182938 -0.00414088 0.999824 -0.00318329 0.0 0.0 0.0 1.0
fire/seq-02/color/frame-000075.color.png fire/seq-02/color/frame-000078.color.png 0.999248 0.0257223 0.0290064 0.00780237 -0.0260043 0.999618 0.00938427 -0.00564983 -0.0287539 -0.0101315 0.999535 0.00103861 0.0 0.0 0.0 1.0
fire/seq-02/color/frame-000078.color.png fire/seq-02/color/frame-000081.color.png 0.999927 0.00376256 -0.0114781 0.0273011 -0.00374137 0.999991 0.00186736 -0.00220329 0.011485 -0.00182427 0.999932 -0.000160694 0.0 0.0 0.0 1.0
fire/seq-02/color/frame-000081.color.png fire/seq-02/color/frame-000084.color.png 0.999959 -0.000935301 -0.00899476 0.0286593 0.000894236 0.999989 -0.00456867 -0.00193799 0.00899894 0.00456044 0.999949 -0.00839987 0.0 0.0 0.0 1.0
fire/seq-02/color/frame-000084.color.png fire/seq-02/color/frame-000087.color.png 0.999951 0.00757138 -0.00645407 0.0283041 -0.00754636 0.999964 0.00389176 -0.00322425 0.0064833 -0.00384287 0.999972 -0.00249985 0.0 0.0 0.0 1.0
fire/seq-02/color/frame-000087.color.png fire/seq-02/color/frame-000090.color.png 0.999901 0.0140799 -0.000346952 0.0102991 -0.0140773 0.999879 0.00657095 -0.00514475 0.000439428 -0.00656542 0.999978 -0.000681579 0.0 0.0 0.0 1.0
fire/seq-02/color/frame-000090.color.png fire/seq-02/color/frame-000093.color.png 0.999969 0.00535747 -0.00572965 0.024333 -0.00533658 0.999979 0.00365248 -0.00729322 0.0057491 -0.00362178 0.999977 -0.00607152 0.0 0.0 0.0 1.0
fire/seq-02/color/frame-000093.color.png fire/seq-02/color/frame-000096.color.png 0.9998 0.0103222 -0.0171444 0.0267413 -0.0103597 0.999944 -0.00209926 -0.0086735 0.0171218 0.00227645 0.999851 -0.00763377 0.0 0.0 0.0 1.0
fire/seq-02/color/frame-000096.color.png fire/seq-02/color/frame-000099.color.png 0.999936 0.0111832 -0.00157926 0.0170847 -0.0111799 0.999935 0.00207054 0.00153802 0.00160232 -0.00205275 0.999997 -0.00027325 0.0 0.0 0.0 1.0
fire/seq-02/color/frame-000099.color.png fire/seq-02/color/frame-000102.color.png 0.999808 0.0189846 -0.00488069 0.0245021 -0.0189605 0.999808 0.00492691 0.0010948 0.00497329 -0.00483342 0.999976 0.00179873 0.0 0.0 0.0 1.0
fire/seq-02/color/frame-000102.color.png fire/seq-02/color/frame-000105.color.png 0.999956 0.00911745 0.00233935 0.0108487 -0.00913332 0.999935 0.00686051 -0.00139338 -0.00227665 -0.00688157 0.999974 0.00331611 0.0 0.0 0.0 1.0
fire/seq-02/color/frame-000105.color.png fire/seq-02/color/frame-000108.color.png 0.999947 0.00566455 -0.00856646 0.0157453 -0.00558657 0.999943 0.00909982 -0.00496884 0.00861752 -0.00905148 0.999922 0.00267223 0.0 0.0 0.0 1.0
fire/seq-02/color/frame-000108.color.png fire/seq-02/color/frame-000111.color.png 0.999926 0.0072937 -0.00969084 0.013989 -0.00730204 0.999973 -0.000823844 -0.00672647 0.00968457 0.000894543 0.999953 0.00155777 0.0 0.0 0.0 1.0
fire/seq-02/color/frame-000111.color.png fire/seq-02/color/frame-000114.color.png 0.999878 0.0139031 -0.0071603 0.00627336 -0.0138964 0.999903 0.000975382 0.00174181 0.00717316 -0.000875761 0.999974 -0.00123686 0.0 0.0 0.0 1.0
fire/seq-02/color/frame-000114.color.png fire/seq-02/color/frame-000117.color.png 0.999775 0.021032 -0.00255847 0.00488773 -0.0210133 0.999754 0.00714284 -0.000380293 0.00270807 -0.00708748 0.999971 0.00419626 0.0 0.0 0.0 1.0
fire/seq-02/color/frame-000117.color.png fire/seq-02/color/frame-000120.color.png 0.99983 0.0183964 -0.000961145 0.00614309 -0.0183871 0.999791 0.00896083 -0.00452812 0.00112579 -0.00894163 0.999959 0.00369145 0.0 0.0 0.0 1.0
fire/seq-02/color/frame-000120.color.png fire/seq-02/color/frame-000123.color.png 0.999905 0.00777928 0.0113464 0.00371334 -0.00784224 0.999954 0.0055135 -0.00986122 -0.011303 -0.00560196 0.99992 0.00366943 0.0 0.0 0.0 1.0
fire/seq-02/color/frame-000123.color.png fire/seq-02/color/frame-000126.color.png 0.999873 0.0030035 0.0156408 -0.00587106 -0.0030682 0.999987 0.00411564 -0.00347154 -0.0156282 -0.00416311 0.999869 0.00788422 0.0 0.0 0.0 1.0
fire/seq-02/color/frame-000126.color.png fire/seq-02/color/frame-000129.color.png 0.999871 0.00750888 0.0141882 -0.0124511 -0.00763679 0.99993 0.0089829 -0.00996149 -0.0141198 -0.00909009 0.999859 0.00395192 0.0 0.0 0.0 1.0
fire/seq-02/color/frame-000129.color.png fire/seq-02/color/frame-000132.color.png 0.99987 0.000872417 0.0161061 -0.0105552 -0.000918583 0.999995 0.00285819 -0.00944816 -0.0161035 -0.0028726 0.999866 0.0012935 0.0 0.0 0.0 1.0
fire/seq-02/color/frame-000132.color.png fire/seq-02/color/frame-000135.color.png 0.999523 -0.00604681 0.0303021 -0.022232 0.00600578 0.999981 0.00144498 -0.00892143 -0.0303102 -0.0012623 0.99954 0.00799214 0.0 0.0 0.0 1.0
fire/seq-02/color/frame-000135.color.png fire/seq-02/color/frame-000138.color.png 0.999853 -0.00897028 0.014638 -0.0141893 0.00895695 0.999959 0.000974667 -0.00973295 -0.0146461 -0.000843415 0.999892 0.00183811 0.0 0.0 0.0 1.0
fire/seq-02/color/frame-000138.color.png fire/seq-02/color/frame-000141.color.png 0.999865 -0.0102085 0.0128834 -0.0159785 0.0102309 0.999946 -0.00167483 -0.0100022 -0.0128656 0.00180641 0.999916 0.00135233 0.0 0.0 0.0 1.0
fire/seq-02/color/frame-000141.color.png fire/seq-02/color/frame-000144.color.png 0.99968 -0.00711088 0.0242587 -0.0326159 0.00705618 0.999972 0.00233861 -0.0131202 -0.0242746 -0.00216668 0.999703 0.00781339 0.0 0.0 0.0 1.0
fire/seq-02/color/frame-000144.color.png fire/seq-02/color/frame-000147.color.png 0.999653 -0.011343 0.0237953 -0.0309586 0.0114673 0.999921 -0.00509634 -0.0106801 -0.0237356 0.00536743 0.999704 0.00268234 0.0 0.0 0.0 1.0
fire/seq-02/color/frame-000147.color.png fire/seq-02/color/frame-000150.color.png 0.999841 -0.0114708 0.0136406 -0.0152018 0.0115122 0.999929 -0.00295672 -0.00307852 -0.0136058 0.00311328 0.999903 0.00140432 0.0 0.0 0.0 1.0
fire/seq-02/color/frame-000150.color.png fire/seq-02/color/frame-000153.color.png 0.999845 -0.00590634 0.0166026 -0.0204 0.00587331 0.999981 0.00203749 -0.00660999 -0.0166143 -0.00193967 0.99986 0.0014487 0.0 0.0 0.0 1.0
fire/seq-02/color/frame-000153.color.png fire/seq-02/color/frame-000156.color.png 0.999352 -0.0228927 0.0277822 -0.0283829 0.0231794 0.999681 -0.0100443 -0.00582778 -0.0275434 0.0106817 0.999564 0.000735722 0.0 0.0 0.0 1.0
fire/seq-02/color/frame-000156.color.png fire/seq-02/color/frame-000159.color.png 0.999592 -0.0166211 0.0232087 -0.0222673 0.0166997 0.999855 -0.0031958 -0.00510262 -0.0231522 0.00358207 0.999726 0.00156261 0.0 0.0 0.0 1.0
fire/seq-02/color/frame-000159.color.png fire/seq-02/color/frame-000162.color.png 0.999547 -0.0221865 0.0203572 -0.0282267 0.0223949 0.999699 -0.0100705 -0.00385179 -0.0201277 0.0105218 0.999742 -0.00469535 0.0 0.0 0.0 1.0
fire/seq-02/color/frame-000162.color.png fire/seq-02/color/frame-000165.color.png 0.99901 -0.0370475 0.0246152 -0.0318742 0.0374981 0.999133 -0.0181025 0.00303023 -0.0239231 0.0190076 0.999533 -0.00065916 0.0 0.0 0.0 1.0
fire/seq-02/color/frame-000165.color.png fire/seq-02/color/frame-000168.color.png 0.999472 -0.020677 0.0250485 -0.0302203 0.0210623 0.999662 -0.0152162 -0.004278 -0.0247253 0.0157357 0.99957 -0.000822209 0.0 0.0 0.0 1.0
fire/seq-02/color/frame-000168.color.png fire/seq-02/color/frame-000171.color.png 0.99957 -0.0155348 0.0248868 -0.035683 0.0163375 0.999342 -0.0323838 0.0123923 -0.0243674 0.0327764 0.999166 -0.0108349 0.0 0.0 0.0 1.0
fire/seq-02/color/frame-000171.color.png fire/seq-02/color/frame-000174.color.png 0.999533 -0.0184668 0.0243333 -0.0357684 0.0188333 0.999711 -0.0149206 0.0149047 -0.0240507 0.0153719 0.999593 -0.00792834 0.0 0.0 0.0 1.0
fire/seq-02/color/frame-000174.color.png fire/seq-02/color/frame-000177.color.png 0.999614 -0.0166695 0.0222362 -0.0397978 0.0167605 0.999852 -0.0039125 0.0106367 -0.0221677 0.00428368 0.999745 -0.000796817 0.0 0.0 0.0 1.0
fire/seq-02/color/frame-000177.color.png fire/seq-02/color/frame-000180.color.png 0.999608 -0.015902 0.0230574 -0.0293079 0.0161558 0.99981 -0.0108622 0.0114804 -0.0228801 0.0112304 0.999675 -0.001759 0.0 0.0 0.0 1.0
fire/seq-02/color/frame-000180.color.png fire/seq-02/color/frame-000183.color.png 0.999362 -0.0259631 0.0245147 -0.0283632 0.0264799 0.999429 -0.0209981 0.0125659 -0.0239557 0.0216339 0.999479 -0.00457036 0.0 0.0 0.0 1.0
fire/seq-02/color/frame-000183.color.png fire/seq-02/color/frame-000186.color.png 0.999599 -0.0118811 0.0256883 -0.0297875 0.0121532 0.999872 -0.0104613 0.0116489 -0.0255607 0.0107694 0.999615 -0.00309044 0.0 0.0 0.0 1.0
fire/seq-02/color/frame-000186.color.png fire/seq-02/color/frame-000189.color.png 0.999444 -0.0165054 0.02897 -0.0230776 0.0168453 0.999792 -0.0115292 0.00583299 -0.0287736 0.0120108 0.999514 -0.00282376 0.0 0.0 0.0 1.0
fire/seq-02/color/frame-000189.color.png fire/seq-02/color/frame-000192.color.png 0.999641 -0.0144989 0.0225366 -0.027873 0.0147888 0.999809 -0.0127549 0.00768796 -0.0223475 0.0130837 0.999665 -0.00536513 0.0 0.0 0.0 1.0
fire/seq-02/color/frame-000192.color.png fire/seq-02/color/frame-000195.color.png 0.999343 -0.0191348 0.0307857 -0.0270742 0.0194957 0.999744 -0.0114676 0.00724033 -0.0305584 0.0120602 0.99946 0.00775404 0.0 0.0 0.0 1.0
fire/seq-02/color/frame-000195.color.png fire/seq-02/color/frame-000198.color.png 0.999775 -0.0166726 0.0131353 -0.0206265 0.0169284 0.999664 -0.0196037 0.0155548 -0.012804 0.0198217 0.999722 -0.000916973 0.0 0.0 0.0 1.0
fire/seq-02/color/frame-000198.color.png fire/seq-02/color/frame-000201.color.png 0.999438 -0.0172532 0.0287278 -0.0269033 0.0174823 0.999817 -0.00774399 0.0080279 -0.0285889 0.00824185 0.999557 0.00532269 0.0 0.0 0.0 1.0
fire/seq-02/color/frame-000201.color.png fire/seq-02/color/frame-000204.color.png 0.999784 -0.0125403 0.0165827 -0.0319301 0.0125543 0.999921 -0.000739666 0.00709821 -0.0165721 0.000947739 0.999862 0.0119731 0.0 0.0 0.0 1.0
fire/seq-02/color/frame-000204.color.png fire/seq-02/color/frame-000207.color.png 0.999584 -0.0123286 0.0260693 -0.0343894 0.0123655 0.999923 -0.00125815 0.00558822 -0.0260518 0.00157997 0.999659 0.0124201 0.0 0.0 0.0 1.0
fire/seq-02/color/frame-000207.color.png fire/seq-02/color/frame-000210.color.png 0.999674 -0.0173015 0.0187934 -0.035785 0.0176526 0.99967 -0.0186801 0.0235018 -0.018464 0.0190057 0.999649 0.0181306 0.0 0.0 0.0 1.0
fire/seq-02/color/frame-000210.color.png fire/seq-02/color/frame-000213.color.png 0.999293 -0.0192104 0.0323186 -0.0339021 0.019169 0.999815 0.00159123 0.0155625 -0.0323432 -0.000970562 0.999476 0.0125034 0.0 0.0 0.0 1.0
fire/seq-02/color/frame-000213.color.png fire/seq-02/color/frame-000216.color.png 0.999717 -0.0101771 0.02152 -0.0215342 0.0102537 0.999941 -0.00344793 0.00704448 -0.0214837 0.00366763 0.999762 0.00520904 0.0 0.0 0.0 1.0
fire/seq-02/color/frame-000216.color.png fire/seq-02/color/frame-000219.color.png 0.999206 -0.0210925 0.0337999 -0.0413157 0.0209267 0.999767 0.00525049 0.00431433 -0.0339026 -0.00453902 0.999415 0.0148724 0.0 0.0 0.0 1.0
fire/seq-02/color/frame-000219.color.png fire/seq-02/color/frame-000222.color.png 0.999609 -0.0153262 0.0233749 -0.0246703 0.0155722 0.999825 -0.0103822 0.00835377 -0.0232118 0.0107422 0.999673 0.00255293 0.0 0.0 0.0 1.0
fire/seq-02/color/frame-000222.color.png fire/seq-02/color/frame-000225.color.png 0.999401 -0.0208914 0.0275986 -0.0340017 0.0209892 0.999774 -0.00325796 0.00918008 -0.0275242 0.00383532 0.999614 0.0167018 0.0 0.0 0.0 1.0
fire/seq-02/color/frame-000225.color.png fire/seq-02/color/frame-000228.color.png 0.999742 -0.0173714 0.014604 -0.0162324 0.0176361 0.999679 -0.0181954 0.0165039 -0.0142833 0.0184482 0.999728 0.0068799 0.0 0.0 0.0 1.0
fire/seq-02/color/frame-000228.color.png fire/seq-02/color/frame-000231.color.png 0.999077 -0.0241438 0.0355183 -0.0271622 0.0248292 0.999511 -0.0189864 0.0240438 -0.0350425 0.0198508 0.999189 0.000683725 0.0 0.0 0.0 1.0
fire/seq-02/color/frame-000231.color.png fire/seq-02/color/frame-000234.color.png 0.999537 -0.02104 0.021959 -0.0184703 0.021114 0.999772 -0.00314469 0.0142556 -0.0218879 0.0036069 0.999754 0.0129021 0.0 0.0 0.0 1.0
fire/seq-02/color/frame-000234.color.png fire/seq-02/color/frame-000237.color.png 0.999723 -0.0120164 0.0202397 -0.0139774 0.0121206 0.999914 -0.00503598 0.00351903 -0.0201775 0.00527992 0.999783 0.00509924 0.0 0.0 0.0 1.0
fire/seq-02/color/frame-000237.color.png fire/seq-02/color/frame-000240.color.png 0.999854 -0.00742612 0.0153953 -0.013111 0.00771989 0.999788 -0.0191032 0.0122677 -0.0152502 0.0192191 0.999699 0.0104571 0.0 0.0 0.0 1.0
fire/seq-02/color/frame-000240.color.png fire/seq-02/color/frame-000243.color.png 0.999837 -0.00778873 0.0162707 -0.0144157 0.00810387 0.999779 -0.0193976 0.00797014 -0.0161162 0.0195263 0.999679 0.00463191 0.0 0.0 0.0 1.0
fire/seq-02/color/frame-000243.color.png fire/seq-02/color/frame-000246.color.png 0.999965 -0.00622866 0.00566872 -0.0123668 0.00633087 0.999815 -0.0181904 0.0117164 -0.00555436 0.0182257 0.999818 0.0124626 0.0 0.0 0.0 1.0
fire/seq-02/color/frame-000246.color.png fire/seq-02/color/frame-000249.color.png 0.999957 -0.00162546 0.00909716 -0.0102417 0.00164094 0.999997 -0.00168989 0.00366721 -0.00909434 0.00170473 0.999957 0.00703391 0.0 0.0 0.0 1.0
fire/seq-02/color/frame-000249.color.png fire/seq-02/color/frame-000252.color.png 0.999919 -0.0112826 0.00589513 -0.00772667 0.0113716 0.999818 -0.0152917 0.0144404 -0.00572154 0.0153576 0.999866 0.0118711 0.0 0.0 0.0 1.0
fire/seq-02/color/frame-000252.color.png fire/seq-02/color/frame-000255.color.png 0.999963 7.5861e-05 -0.00856529 -0.000961721 -0.000108243 0.999993 -0.00377983 0.000693649 0.00856497 0.0037806 0.999956 0.0169809 0.0 0.0 0.0 1.0
fire/seq-02/color/frame-000255.color.png fire/seq-02/color/frame-000258.color.png 0.999614 0.0152563 -0.0231968 0.00289559 -0.0149907 0.999821 0.0115833 -0.0137175 0.0233694 -0.0112311 0.999664 0.0367762 0.0 0.0 0.0 1.0
fire/seq-02/color/frame-000258.color.png fire/seq-02/color/frame-000261.color.png 0.999963 0.0085244 0.00122058 -0.0155868 -0.00852201 0.999962 -0.00201768 0.00442816 -0.00123775 0.00200714 0.999997 0.0299131 0.0 0.0 0.0 1.0
fire/seq-02/color/frame-000261.color.png fire/seq-02/color/frame-000264.color.png 0.999845 0.010694 -0.0139869 0.00327271 -0.01055 0.999891 0.0103239 -0.0119308 0.0140957 -0.0101747 0.999849 0.0279791 0.0 0.0 0.0 1.0
fire/seq-02/color/frame-000264.color.png fire/seq-02/color/frame-000267.color.png 0.999822 0.0123688 -0.0142318 0.000494897 -0.0122777 0.999904 0.00647656 -0.00962892 0.0143107 -0.00630062 0.999878 0.0253968 0.0 0.0 0.0 1.0
fire/seq-02/color/frame-000267.color.png fire/seq-02/color/frame-000270.color.png 0.999576 0.0202927 -0.0208597 -0.00225639 -0.0199576 0.99967 0.0161497 -0.0240825 0.0211805 -0.0157266 0.999652 0.033432 0.0 0.0 0.0 1.0
fire/seq-02/color/frame-000270.color.png fire/seq-02/color/frame-000273.color.png 0.999617 0.0193502 -0.0197913 0.00280708 -0.0191009 0.999737 0.012709 -0.0198916 0.020032 -0.0123261 0.999723 0.0255202 0.0 0.0 0.0 1.0
fire/seq-02/color/frame-000273.color.png fire/seq-02/color/frame-000276.color.png 0.999814 0.0107939 -0.0159824 0.00490332 -0.0107233 0.999932 0.00449273 -0.00940111 0.0160298 -0.00432048 0.999862 0.0176972 0.0 0.0 0.0 1.0
fire/seq-02/color/frame-000276.color.png fire/seq-02/color/frame-000279.color.png 0.999771 0.0146538 -0.0155797 -0.000313818 -0.0144635 0.99982 0.0122512 -0.0186492 0.0157564 -0.0120231 0.999804 0.0194019 0.0 0.0 0.0 1.0
fire/seq-02/color/frame-000279.color.png fire/seq-02/color/frame-000282.color.png 0.999532 0.0181242 -0.024653 0.00678647 -0.0178048 0.999755 0.0131179 -0.0224047 0.0248848 -0.0126728 0.99961 0.0261796 0.0 0.0 0.0 1.0
fire/seq-02/color/frame-000282.color.png fire/seq-02/color/frame-000285.color.png 0.999232 0.0257535 -0.0295269 0.00467658 -0.0253694 0.99959 0.0133114 -0.0234564 0.0298576 -0.0125521 0.999475 0.0299421 0.0 0.0 0.0 1.0
fire/seq-02/color/frame-000285.color.png fire/seq-02/color/frame-000288.color.png 0.999684 0.0186702 -0.016812 -0.00823903 -0.0185481 0.999801 0.00738975 -0.0166395 0.0169466 -0.00707562 0.999831 0.0307834 0.0 0.0 0.0 1.0
fire/seq-02/color/frame-000288.color.png fire/seq-02/color/frame-000291.color.png 0.999221 0.0237526 -0.0315023 0.0116857 -0.0234042 0.999661 0.011384 -0.0246033 0.031762 -0.0106378 0.999439 0.0254268 0.0 0.0 0.0 1.0
fire/seq-02/color/frame-000291.color.png fire/seq-02/color/frame-000294.color.png 0.998929 0.0277546 -0.0370144 0.0177927 -0.0274575 0.999587 0.00851069 -0.0226349 0.0372353 -0.00748525 0.999279 0.0283868 0.0 0.0 0.0 1.0
fire/seq-02/color/frame-000294.color.png fire/seq-02/color/frame-000297.color.png 0.998991 0.0293188 -0.0340077 0.0120513 -0.0291214 0.999556 0.00628663 -0.0251978 0.034177 -0.00528989 0.999402 0.0280774 0.0 0.0 0.0 1.0
fire/seq-02/color/frame-000297.color.png fire/seq-02/color/frame-000300.color.png 0.998656 0.0308706 -0.0416266 0.0120928 -0.0306048 0.999507 0.00700803 -0.0290281 0.0418225 -0.00572462 0.999109 0.0173029 0.0 0.0 0.0 1.0
fire/seq-02/color/frame-000300.color.png fire/seq-02/color/frame-000303.color.png 0.99904 0.0269449 -0.0345507 0.0160385 -0.0267273 0.99962 0.00674367 -0.0210584 0.0347193 -0.00581376 0.99938 0.0200951 0.0 0.0 0.0 1.0
fire/seq-02/color/frame-000303.color.png fire/seq-02/color/frame-000306.color.png 0.999172 0.0193326 -0.0357897 0.0238494 -0.0192434 0.999811 0.00283521 -0.0102375 0.0358379 -0.00214416 0.999355 0.0130816 0.0 0.0 0.0 1.0
fire/seq-02/color/frame-000306.color.png fire/seq-02/color/frame-000309.color.png 0.999537 0.0127499 -0.027643 0.0138052 -0.0126431 0.999912 0.00403734 -0.00678131 0.027692 -0.00368599 0.99961 0.00678778 0.0 0.0 0.0 1.0
fire/seq-02/color/frame-000309.color.png fire/seq-02/color/frame-000312.color.png 0.998918 0.0137924 -0.0444178 0.0320778 -0.0138802 0.999902 -0.00166838 0.00083071 0.0443904 0.00228314 0.999012 0.00662428 0.0 0.0 0.0 1.0
fire/seq-02/color/frame-000312.color.png fire/seq-02/color/frame-000315.color.png 0.999011 0.025291 -0.0365705 0.0223767 -0.0252624 0.99968 0.00124621 0.000780672 0.0365903 -0.000321165 0.99933 0.00777435 0.0 0.0 0.0 1.0
fire/seq-02/color/frame-000315.color.png fire/seq-02/color/frame-000318.color.png 0.998895 0.0108126 -0.0457347 0.0411323 -0.010789 0.999941 0.000763015 0.00874102 0.0457403 -0.000268705 0.998953 0.000556231 0.0 0.0 0.0 1.0
fire/seq-02/color/frame-000318.color.png fire/seq-02/color/frame-000321.color.png 0.999136 0.0185774 -0.037166 0.0213116 -0.0183772 0.999815 0.00572078 -0.00771341 0.0372652 -0.00503283 0.999293 0.000170946 0.0 0.0 0.0 1.0
fire/seq-02/color/frame-000321.color.png fire/seq-02/color/frame-000324.color.png 0.999245 0.0191694 -0.0337862 0.0166335 -0.0190904 0.999814 0.00265746 -0.00299248 0.0338309 -0.00201049 0.999426 -0.00629517 0.0 0.0 0.0 1.0
fire/seq-02/color/frame-000324.color.png fire/seq-02/color/frame-000327.color.png 0.998906 0.0306673 -0.0353084 0.0200256 -0.0300727 0.999399 0.0172479 -0.0183521 0.0358161 -0.0161672 0.999228 -0.0038282 0.0 0.0 0.0 1.0
fire/seq-02/color/frame-000327.color.png fire/seq-02/color/frame-000330.color.png 0.9996 0.0111642 -0.0260004 0.0214534 -0.0110372 0.999927 0.00502157 0.00457555 0.0260545 -0.00473259 0.999649 -0.00597662 0.0 0.0 0.0 1.0
fire/seq-02/color/frame-000330.color.png fire/seq-02/color/frame-000333.color.png 0.999747 0.0121037 -0.0189539 0.0105618 -0.0119051 0.999873 0.0105562 -0.0102013 0.0190793 -0.0103278 0.999765 -0.00443622 0.0 0.0 0.0 1.0
fire/seq-02/color/frame-000333.color.png fire/seq-02/color/frame-000336.color.png 0.999995 0.00312991 0.000978885 -0.0107582 -0.0031247 0.999981 -0.00528989 0.00647181 -0.000995396 0.00528677 0.999986 2.21729e-05 0.0 0.0 0.0 1.0
fire/seq-02/color/frame-000336.color.png fire/seq-02/color/frame-000339.color.png 0.999871 0.00958325 -0.0128609 0.00614995 -0.00972087 0.999896 -0.0106817 0.000213087 0.0127572 0.0108053 0.99986 -0.0133431 0.0 0.0 0.0 1.0
fire/seq-02/color/frame-000339.color.png fire/seq-02/color/frame-000342.color.png 0.999664 0.0193165 -0.0172634 0.00461453 -0.0194835 0.999765 -0.00955839 -0.00457445 0.0170747 0.00989152 0.999805 -0.0119348 0.0 0.0 0.0 1.0
fire/seq-02/color/frame-000342.color.png fire/seq-02/color/frame-000345.color.png 0.999871 0.0128965 -0.0095516 -0.00223976 -0.0129761 0.999881 -0.00831835 -0.00239751 0.00944319 0.00844123 0.99992 -0.00703955 0.0 0.0 0.0 1.0
fire/seq-02/color/frame-000345.color.png fire/seq-02/color/frame-000348.color.png 0.999839 0.0157623 -0.0085669 -0.0121773 -0.0159257 0.999686 -0.019361 0.0122208 0.00825904 0.0194943 0.999776 -0.0172636 0.0 0.0 0.0 1.0
fire/seq-02/color/frame-000348.color.png fire/seq-02/color/frame-000351.color.png 0.999662 0.0219276 -0.0139672 -0.00663173 -0.0219822 0.999751 -0.00377178 -0.00153553 0.013881 0.00407755 0.999895 -0.012958 0.0 0.0 0.0 1.0
fire/seq-02/color/frame-000351.color.png fire/seq-02/color/frame-000354.color.png 0.999853 0.00929372 -0.0143921 0.00544935 -0.00938274 0.999937 -0.00613033 0.014269 0.0143342 0.00626442 0.999878 -0.00700113 0.0 0.0 0.0 1.0
fire/seq-02/color/frame-000354.color.png fire/seq-02/color/frame-000357.color.png 0.999706 0.0127897 -0.0205845 0.00342226 -0.0125869 0.999871 0.00994868 -0.00594717 0.0207091 -0.00968672 0.999739 -0.00800496 0.0 0.0 0.0 1.0
fire/seq-02/color/frame-000357.color.png fire/seq-02/color/frame-000360.color.png 0.999598 0.0218658 -0.0180221 -0.00420767 -0.0217886 0.999753 0.00447131 -0.00562808 0.0181154 -0.00407682 0.999828 -0.00788605 0.0 0.0 0.0 1.0
fire/seq-02/color/frame-000360.color.png fire/seq-02/color/frame-000363.color.png 0.999699 0.0212432 -0.0122858 -0.00166899 -0.0211683 0.999757 0.00619441 -0.0105791 0.0124144 -0.00593247 0.999905 -0.00583316 0.0 0.0 0.0 1.0
fire/seq-02/color/frame-000363.color.png fire/seq-02/color/frame-000366.color.png 0.999819 0.0171572 -0.00818435 -0.00531691 -0.0171164 0.999841 0.00503015 0.000847578 0.00826936 -0.00488917 0.999954 -0.0119135 0.0 0.0 0.0 1.0
fire/seq-02/color/frame-000366.color.png fire/seq-02/color/frame-000369.color.png 0.999881 0.0110373 -0.0108082 0.0119938 -0.0108597 0.999807 0.0163517 -0.0116877 0.0109866 -0.0162324 0.999808 -0.00904866 0.0 0.0 0.0 1.0
fire/seq-02/color/frame-000369.color.png fire/seq-02/color/frame-000372.color.png 0.999976 0.00188632 -0.00667202 0.00697923 -0.00185698 0.999989 0.00440288 0.00256068 0.00668025 -0.00439037 0.999968 -0.00601161 0.0 0.0 0.0 1.0
fire/seq-02/color/frame-000372.color.png fire/seq-02/color/frame-000375.color.png 0.999815 -0.00817596 -0.0173864 0.0109458 0.00829513 0.999942 0.00679169 0.00893152 0.0173298 -0.00693469 0.999826 0.00681147 0.0 0.0 0.0 1.0
fire/seq-02/color/frame-000375.color.png fire/seq-02/color/frame-000378.color.png 0.999771 -0.000272525 -0.0213918 0.0199574 0.000709914 0.999791 0.0204433 -0.020781 0.0213818 -0.0204537 0.999562 0.00493625 0.0 0.0 0.0 1.0
fire/seq-02/color/frame-000378.color.png fire/seq-02/color/frame-000381.color.png 0.999828 -0.00968919 -0.0157887 0.0316826 0.010056 0.999678 0.0233166 -0.0274641 0.0155577 -0.0234714 0.999603 -4.15444e-05 0.0 0.0 0.0 1.0
fire/seq-02/color/frame-000381.color.png fire/seq-02/color/frame-000384.color.png 0.999698 0.0050288 -0.0240411 0.0623737 -0.00470736 0.999899 0.0134076 -0.0174201 0.024106 -0.0132904 0.999621 0.00118351 0.0 0.0 0.0 1.0
fire/seq-02/color/frame-000384.color.png fire/seq-02/color/frame-000387.color.png 0.999815 0.00836049 -0.0173292 0.0533027 -0.00783863 0.99952 0.0299674 -0.0510142 0.0175715 -0.0298261 0.999401 -0.00121442 0.0 0.0 0.0 1.0
fire/seq-02/color/frame-000387.color.png fire/seq-02/color/frame-000390.color.png 0.999946 -0.00345737 -0.00976236 0.0253908 0.00370484 0.999669 0.0254474 -0.0297655 0.00967114 -0.0254822 0.999628 -0.0064078 0.0 0.0 0.0 1.0
fire/seq-02/color/frame-000390.color.png fire/seq-02/color/frame-000393.color.png 0.999672 0.010282 -0.023473 0.0360977 -0.00937783 0.999222 0.0383114 -0.0468934 0.0238487 -0.0380787 0.99899 0.00457484 0.0 0.0 0.0 1.0
fire/seq-02/color/frame-000393.color.png fire/seq-02/color/frame-000396.color.png 0.999896 0.00359476 -0.0139728 0.0246062 -0.00336686 0.999862 0.0162994 -0.0180899 0.0140295 -0.0162506 0.999769 0.00269647 0.0 0.0 0.0 1.0
fire/seq-02/color/frame-000396.color.png fire/seq-02/color/frame-000399.color.png 0.999663 0.019213 -0.0174328 0.0308764 -0.018463 0.998938 0.0422078 -0.0496829 0.0182252 -0.0418717 0.998957 0.00363076 0.0 0.0 0.0 1.0
fire/seq-02/color/frame-000399.color.png fire/seq-02/color/frame-000402.color.png 0.999715 0.00461446 -0.0234198 0.0392914 -0.00370422 0.999242 0.0387635 -0.0491956 0.023581 -0.0386657 0.998974 0.000292603 0.0 0.0 0.0 1.0
fire/seq-02/color/frame-000402.color.png fire/seq-02/color/frame-000405.color.png 0.99988 0.0117094 -0.0101259 0.030383 -0.0113632 0.999371 0.0335895 -0.0568716 0.0105128 -0.0334704 0.999384 -0.00324561 0.0 0.0 0.0 1.0
fire/seq-02/color/frame-000405.color.png fire/seq-02/color/frame-000408.color.png 0.999697 0.0220258 -0.0109565 0.0416882 -0.0220243 0.999757 0.000253697 -0.0183072 0.0109595 -1.23154e-05 0.99994 -0.00412606 0.0 0.0 0.0 1.0
fire/seq-02/color/frame-000408.color.png fire/seq-02/color/frame-000411.color.png 0.999774 0.0165188 0.0133647 0.0103945 -0.0167258 0.99974 0.0155307 -0.0389266 -0.0131046 -0.0157507 0.99979 -0.016179 0.0 0.0 0.0 1.0
fire/seq-02/color/frame-000411.color.png fire/seq-02/color/frame-000414.color.png 0.999922 -8.63172e-05 0.0124812 0.0122241 -0.000101363 0.999887 0.0150337 -0.0401317 -0.0124811 -0.0150338 0.999809 -0.0126541 0.0 0.0 0.0 1.0
fire/seq-02/color/frame-000414.color.png fire/seq-02/color/frame-000417.color.png 0.999826 0.0120271 0.0142573 0.00276439 -0.0122637 0.999787 0.0166253 -0.0257997 -0.0140543 -0.0167972 0.99976 -0.0152532 0.0 0.0 0.0 1.0
fire/seq-02/color/frame-000417.color.png fire/seq-02/color/frame-000420.color.png 0.999989 0.00144617 -0.00443479 0.0460869 -0.00145567 0.999997 -0.00213525 -0.00215026 0.00443172 0.00214168 0.999988 -0.00575857 0.0 0.0 0.0 1.0
fire/seq-02/color/frame-000420.color.png fire/seq-02/color/frame-000423.color.png 0.999891 1.2155e-05 0.0147904 0.0220464 -0.000270358 0.999848 0.0174552 -0.047809 -0.0147879 -0.0174572 0.999738 0.00174542 0.0 0.0 0.0 1.0
fire/seq-02/color/frame-000423.color.png fire/seq-02/color/frame-000426.color.png 0.998976 0.0235972 0.0385955 -0.00218552 -0.0240602 0.999644 0.0115775 -0.0321189 -0.0383085 -0.0124943 0.999188 -0.0264483 0.0 0.0 0.0 1.0
fire/seq-02/color/frame-000426.color.png fire/seq-02/color/frame-000429.color.png 0.99913 0.0226007 0.0350365 0.0132934 -0.0226667 0.999742 0.00148625 -0.029811 -0.0349939 -0.00227909 0.999385 -0.018961 0.0 0.0 0.0 1.0
fire/seq-02/color/frame-000429.color.png fire/seq-02/color/frame-000432.color.png 0.999831 0.00807409 0.0165407 0.0112795 -0.0082055 0.999935 0.00789251 -0.0245136 -0.0164759 -0.00802689 0.999832 -0.00639603 0.0 0.0 0.0 1.0
fire/seq-02/color/frame-000432.color.png fire/seq-02/color/frame-000435.color.png 0.998946 0.0216469 0.0404851 0.00921394 -0.0218653 0.999749 0.00495708 -0.0287331 -0.0403677 -0.00583703 0.999168 -0.0228285 0.0 0.0 0.0 1.0
fire/seq-02/color/frame-000435.color.png fire/seq-02/color/frame-000438.color.png 0.999479 0.00903805 0.0309693 -0.00249881 -0.00902019 0.999959 -0.000715794 -0.0121665 -0.0309745 0.000436073 0.99952 -0.0221048 0.0 0.0 0.0 1.0
fire/seq-02/color/frame-000438.color.png fire/seq-02/color/frame-000441.color.png 0.999672 0.00477582 0.0251467 0.0051909 -0.00541562 0.999662 0.0254384 -0.0372493 -0.0250168 -0.0255662 0.99936 -0.00107323 0.0 0.0 0.0 1.0
fire/seq-02/color/frame-000441.color.png fire/seq-02/color/frame-000444.color.png 0.999788 -0.00903334 0.0185271 0.0156642 0.0090473 0.999959 -0.000672162 -0.0117342 -0.0185202 0.000839632 0.999828 -0.018584 0.0 0.0 0.0 1.0
fire/seq-02/color/frame-000444.color.png fire/seq-02/color/frame-000447.color.png 0.999452 0.00939352 0.0317516 -0.000917859 -0.00952013 0.999947 0.00383961 -0.00969954 -0.0317139 -0.00413982 0.999488 -0.0158654 0.0 0.0 0.0 1.0
fire/seq-02/color/frame-000447.color.png fire/seq-02/color/frame-000450.color.png 0.99971 0.00426862 0.0237092 0.0138417 -0.0045903 0.999898 0.0135296 -0.0197917 -0.0236491 -0.0136344 0.999627 -0.0158392 0.0 0.0 0.0 1.0
fire/seq-02/color/frame-000450.color.png fire/seq-02/color/frame-000453.color.png 0.999672 -0.000101155 0.0256245 0.0184514 -0.00027056 0.999895 0.0145025 -0.0214184 -0.0256233 -0.0145047 0.999566 -0.00842854 0.0 0.0 0.0 1.0
fire/seq-02/color/frame-000453.color.png fire/seq-02/color/frame-000456.color.png 0.999683 0.00998134 0.0230991 0.0161548 -0.0102431 0.999884 0.0112432 -0.0220097 -0.0229842 -0.0114762 0.99967 -0.00890657 0.0 0.0 0.0 1.0
fire/seq-02/color/frame-000456.color.png fire/seq-02/color/frame-000459.color.png 0.999496 0.010479 0.0299722 0.0123312 -0.010537 0.999943 0.0017766 -0.0183934 -0.0299519 -0.00209154 0.999549 -0.00605479 0.0 0.0 0.0 1.0
fire/seq-02/color/frame-000459.color.png fire/seq-02/color/frame-000462.color.png 0.999812 0.00381664 0.0190028 0.0216058 -0.003778 0.999991 -0.00206935 -0.0198935 -0.0190106 0.00199716 0.999817 0.00470498 0.0 0.0 0.0 1.0
fire/seq-02/color/frame-000462.color.png fire/seq-02/color/frame-000465.color.png 0.999669 0.0128746 0.0222635 0.0144753 -0.0125214 0.999795 -0.0159343 -0.0177878 -0.0224641 0.0156502 0.999625 0.0141095 0.0 0.0 0.0 1.0
fire/seq-02/color/frame-000465.color.png fire/seq-02/color/frame-000468.color.png 0.999923 0.00639548 0.010593 0.0237468 -0.00644626 0.999968 0.00476443 -0.0510019 -0.0105622 -0.00483235 0.999932 0.00589579 0.0 0.0 0.0 1.0
fire/seq-02/color/frame-000468.color.png fire/seq-02/color/frame-000471.color.png 0.999966 -0.00709941 -0.00427529 0.0136337 0.00698617 0.999639 -0.02596 -0.00214645 0.00445805 0.0259293 0.999654 0.0248662 0.0 0.0 0.0 1.0
fire/seq-02/color/frame-000471.color.png fire/seq-02/color/frame-000474.color.png 0.999831 -0.0114018 -0.0144119 0.0206219 0.0114314 0.999933 0.00197689 -0.0121736 0.0143884 -0.0021413 0.999894 0.0284367 0.0 0.0 0.0 1.0
fire/seq-02/color/frame-000474.color.png fire/seq-02/color/frame-000477.color.png 0.999831 0.00601034 -0.017364 0.0279025 -0.00611847 0.999962 -0.00618366 -0.00377023 0.0173262 0.00628882 0.99983 0.024652 0.0 0.0 0.0 1.0
fire/seq-02/color/frame-000477.color.png fire/seq-02/color/frame-000480.color.png 0.999747 0.00748352 -0.021208 0.0246081 -0.00762854 0.999948 -0.00676134 -0.0106179 0.0211563 0.00692143 0.999752 0.0242301 0.0 0.0 0.0 1.0
fire/seq-02/color/frame-000480.color.png fire/seq-02/color/frame-000483.color.png 0.999828 0.00745911 -0.0169849 0.0230039 -0.00768504 0.999882 -0.013276 -0.0104832 0.0168839 0.0134042 0.999768 0.027851 0.0 0.0 0.0 1.0
fire/seq-02/color/frame-000483.color.png fire/seq-02/color/frame-000486.color.png 0.99983 0.0124603 -0.0135545 0.0197122 -0.0125724 0.999887 -0.00821441 -0.0200492 0.0134506 0.00838341 0.999874 0.0296276 0.0 0.0 0.0 1.0
fire/seq-02/color/frame-000486.color.png fire/seq-02/color/frame-000489.color.png 0.999874 -0.0021079 -0.0157302 0.0188206 0.00183319 0.999846 -0.017459 -0.0176152 0.0157646 0.017428 0.999724 0.0360331 0.0 0.0 0.0 1.0
fire/seq-02/color/frame-000489.color.png fire/seq-02/color/frame-000492.color.png 0.999895 0.00928339 -0.0110947 0.0156076 -0.00946753 0.999816 -0.0166587 0.00255972 0.010938 0.016762 0.9998 0.0272603 0.0 0.0 0.0 1.0
fire/seq-02/color/frame-000492.color.png fire/seq-02/color/frame-000495.color.png 0.999954 -0.00570759 -0.00776771 0.00535581 0.00553614 0.999744 -0.0219177 -0.00134799 0.0078908 0.0218736 0.99973 0.0315248 0.0 0.0 0.0 1.0
fire/seq-02/color/frame-000495.color.png fire/seq-02/color/frame-000498.color.png 0.999837 -0.00307133 -0.0177783 0.00568557 0.00294091 0.999969 -0.00735665 -0.00428805 0.0178004 0.00730317 0.999815 0.0284167 0.0 0.0 0.0 1.0
fire/seq-02/color/frame-000498.color.png fire/seq-02/color/frame-000501.color.png 0.99979 -0.00398529 -0.0201024 0.00552914 0.00379458 0.999947 -0.00951895 0.00426048 0.0201392 0.00944063 0.999752 0.0298434 0.0 0.0 0.0 1.0
fire/seq-02/color/frame-000501.color.png fire/seq-02/color/frame-000504.color.png 0.999747 -0.012555 -0.0186648 0.00170626 0.0125182 0.999919 -0.00208314 -0.00281316 0.0186895 0.001849 0.999824 0.0275783 0.0 0.0 0.0 1.0
fire/seq-02/color/frame-000504.color.png fire/seq-02/color/frame-000507.color.png 0.999641 -0.0143038 -0.0226757 0.0116734 0.0142375 0.999894 -0.00308342 -0.00588733 0.0227174 0.00275945 0.999738 0.0383601 0.0 0.0 0.0 1.0
fire/seq-02/color/frame-000507.color.png fire/seq-02/color/frame-000510.color.png 0.999907 -0.0135966 0.00036371 -0.0154072 0.0136012 0.999686 -0.0210623 0.0142395 -7.72199e-05 0.0210653 0.999778 0.0331243 0.0 0.0 0.0 1.0
fire/seq-02/color/frame-000510.color.png fire/seq-02/color/frame-000513.color.png 0.999787 -0.0198663 0.00564421 -0.0247727 0.0198871 0.999796 -0.00365261 -0.00681505 -0.00557049 0.00376408 0.999977 0.0379239 0.0 0.0 0.0 1.0
fire/seq-02/color/frame-000513.color.png fire/seq-02/color/frame-000516.color.png 0.999897 -0.0139252 0.00350284 -0.0145973 0.0139343 0.9999 -0.0025855 -0.00588155 -0.00346649 0.00263405 0.99999 0.0194793 0.0 0.0 0.0 1.0
fire/seq-02/color/frame-000516.color.png fire/seq-02/color/frame-000519.color.png 0.999817 -0.0167727 0.00924257 -0.0159725 0.0167549 0.999858 0.00199668 -0.0106275 -0.00927473 -0.00184144 0.999955 0.0303077 0.0 0.0 0.0 1.0
fire/seq-02/color/frame-000519.color.png fire/seq-02/color/frame-000522.color.png 0.999873 -0.0159565 0.000238081 -0.0142414 0.015955 0.99986 0.00501275 -0.0161596 -0.000318047 -0.00500833 0.999987 0.0221835 0.0 0.0 0.0 1.0
fire/seq-02/color/frame-000522.color.png fire/seq-02/color/frame-000525.color.png 0.99984 -0.0162392 0.00752372 -0.0178721 0.0163828 0.999677 -0.019435 0.0251341 -0.00720568 0.0195552 0.999783 0.0266681 0.0 0.0 0.0 1.0
fire/seq-02/color/frame-000525.color.png fire/seq-02/color/frame-000528.color.png 0.999913 -0.0130884 -0.00191612 -0.000703171 0.0131004 0.999894 0.00637725 -0.0135372 0.00183245 -0.00640179 0.999978 0.0213059 0.0 0.0 0.0 1.0
fire/seq-02/color/frame-000528.color.png fire/seq-02/color/frame-000531.color.png 0.999932 -0.00958077 0.00669845 -0.0159485 0.0097125 0.999755 -0.0199119 0.0260909 -0.00650602 0.0199756 0.999779 0.0215291 0.0 0.0 0.0 1.0
fire/seq-02/color/frame-000531.color.png fire/seq-02/color/frame-000534.color.png 0.999916 -0.0122507 0.00419012 -0.0136065 0.0122272 0.99991 0.00558696 -0.0162796 -0.0042582 -0.00553527 0.999976 0.0153025 0.0 0.0 0.0 1.0
fire/seq-02/color/frame-000534.color.png fire/seq-02/color/frame-000537.color.png 0.999952 -0.0096554 0.00155977 -0.00754663 0.00965106 0.999949 0.00280893 5.91278e-05 -0.00158682 -0.00279374 0.999995 0.0247841 0.0 0.0 0.0 1.0
fire/seq-02/color/frame-000537.color.png fire/seq-02/color/frame-000540.color.png 0.999968 -0.0070637 0.00373105 -0.00970554 0.00707265 0.999972 -0.00239663 0.00566268 -0.00371402 0.00242293 0.99999 0.0164238 0.0 0.0 0.0 1.0
fire/seq-02/color/frame-000540.color.png fire/seq-02/color/frame-000543.color.png 0.999918 -0.0127078 0.00127176 -0.00389129 0.0127073 0.999919 0.000397552 0.000432521 -0.00127672 -0.000381343 0.999999 0.0135072 0.0 0.0 0.0 1.0
fire/seq-02/color/frame-000543.color.png fire/seq-02/color/frame-000546.color.png 0.999965 -0.00786148 0.00300817 -0.0140313 0.00786449 0.999969 -0.000983534 0.00232032 -0.00300034 0.00100714 0.999995 0.0162597 0.0 0.0 0.0 1.0
fire/seq-02/color/frame-000546.color.png fire/seq-02/color/frame-000549.color.png 0.999777 -0.0209974 0.00216399 -0.0137929 0.0209967 0.99978 0.00032737 0.00458694 -0.00217039 -0.000281847 0.999998 0.0187152 0.0 0.0 0.0 1.0
fire/seq-02/color/frame-000549.color.png fire/seq-02/color/frame-000552.color.png 0.99998 -0.00623598 0.001091 -0.0109584 0.00623548 0.99998 0.00047074 0.00738752 -0.00109391 -0.000463954 0.999999 0.0104365 0.0 0.0 0.0 1.0
fire/seq-02/color/frame-000552.color.png fire/seq-02/color/frame-000555.color.png 0.999958 -0.00920424 0.000136758 -0.00789042 0.00920041 0.999803 0.0176006 -0.0177935 -0.000298737 -0.0175986 0.999845 0.010621 0.0 0.0 0.0 1.0
fire/seq-02/color/frame-000555.color.png fire/seq-02/color/frame-000558.color.png 0.999968 -0.00788174 0.00125352 -0.00758722 0.00788665 0.999961 -0.00396324 0.0132626 -0.00122224 0.00397302 0.999991 0.0119219 0.0 0.0 0.0 1.0
fire/seq-02/color/frame-000558.color.png fire/seq-02/color/frame-000561.color.png 0.999933 -0.00969812 0.00638942 -0.0182558 0.0097397 0.999931 -0.00650817 0.0145027 -0.00632585 0.00656992 0.999958 0.0197881 0.0 0.0 0.0 1.0
fire/seq-02/color/frame-000561.color.png fire/seq-02/color/frame-000564.color.png 0.99997 -0.0068182 0.00361306 -0.00579436 0.00680243 0.999967 0.00436085 -0.0104125 -0.00364268 -0.00433613 0.999984 0.00803733 0.0 0.0 0.0 1.0
fire/seq-02/color/frame-000564.color.png fire/seq-02/color/frame-000567.color.png 0.999989 -0.00295571 0.00368646 -0.0101094 0.0029738 0.999984 -0.00491085 0.015579 -0.0036719 0.00492174 0.999981 0.00918394 0.0 0.0 0.0 1.0
fire/seq-02/color/frame-000567.color.png fire/seq-02/color/frame-000570.color.png 0.999951 -0.00638119 0.00756382 -0.0110029 0.00630851 0.999934 0.00959332 -0.00135592 -0.00762453 -0.00954514 0.999925 0.00936413 0.0 0.0 0.0 1.0
fire/seq-02/color/frame-000570.color.png fire/seq-02/color/frame-000573.color.png 0.999998 0.00119211 0.00184277 -0.00235985 -0.00120254 0.999983 0.00567149 0.00480515 -0.00183598 -0.0056737 0.999982 0.00420439 0.0 0.0 0.0 1.0
fire/seq-02/color/frame-000573.color.png fire/seq-02/color/frame-000576.color.png 0.999976 -0.00688888 0.000499985 -0.00264665 0.00688614 0.999962 0.00530714 -0.00206468 -0.000536519 -0.00530356 0.999986 0.00725454 0.0 0.0 0.0 1.0
fire/seq-02/color/frame-000576.color.png fire/seq-02/color/frame-000579.color.png 0.999949 -0.00947624 0.0035532 -0.0124211 0.00947322 0.999955 0.000865413 0.0106072 -0.00356121 -0.000831666 0.999993 0.00848269 0.0 0.0 0.0 1.0
fire/seq-02/color/frame-000579.color.png fire/seq-02/color/frame-000582.color.png 0.999986 0.00119567 0.00510853 -0.00514454 -0.00117184 0.999988 -0.0046654 0.0139617 -0.00511405 0.00465933 0.999976 0.00276798 0.0 0.0 0.0 1.0
fire/seq-02/color/frame-000582.color.png fire/seq-02/color/frame-000585.color.png 0.999975 -0.00337095 0.00622042 -0.00927109 0.00339934 0.999984 -0.00455861 0.012472 -0.00620496 0.00457965 0.99997 0.00407356 0.0 0.0 0.0 1.0
fire/seq-02/color/frame-000585.color.png fire/seq-02/color/frame-000588.color.png 0.999943 -0.00616509 0.00875973 -0.0117119 0.00610824 0.99996 0.00650252 -0.00719672 -0.00879945 -0.00644862 0.999941 0.0029707 0.0 0.0 0.0 1.0
fire/seq-02/color/frame-000588.color.png fire/seq-02/color/frame-000591.color.png 0.999944 -0.00711938 0.00787357 -0.0113622 0.00708003 0.999962 0.00501409 -0.00372249 -0.00790899 -0.00495806 0.999956 0.00205934 0.0 0.0 0.0 1.0
fire/seq-02/color/frame-000591.color.png fire/seq-02/color/frame-000594.color.png 0.999934 -0.00686162 0.00922648 -0.00739183 0.0068124 0.999963 0.0053549 -0.000371426 -0.00926288 -0.00529173 0.999943 -0.00206012 0.0 0.0 0.0 1.0
fire/seq-02/color/frame-000594.color.png fire/seq-02/color/frame-000597.color.png 0.999955 -0.00874909 0.00372453 -0.00810478 0.00874219 0.99996 0.00186652 0.00597987 -0.00374072 -0.00183387 0.999991 -5.35846e-05 0.0 0.0 0.0 1.0
fire/seq-02/color/frame-000597.color.png fire/seq-02/color/frame-000600.color.png 0.999951 -0.00344046 0.00923831 -0.0154016 0.00344301 0.999994 -0.000259676 0.00789878 -0.00923736 0.000291472 0.999957 -0.00552142 0.0 0.0 0.0 1.0
fire/seq-02/color/frame-000600.color.png fire/seq-02/color/frame-000603.color.png 0.999985 -0.00417379 0.00363677 -0.00896107 0.00414556 0.999961 0.00773742 -0.00106817 -0.00366896 -0.00772221 0.999963 -0.00441957 0.0 0.0 0.0 1.0
fire/seq-02/color/frame-000603.color.png fire/seq-02/color/frame-000606.color.png 0.999993 -0.00130903 0.0035669 -0.0103861 0.00134563 0.999946 -0.0102793 0.0266466 -0.00355322 0.010284 0.999941 -0.00136858 0.0 0.0 0.0 1.0
fire/seq-02/color/frame-000606.color.png fire/seq-02/color/frame-000609.color.png 0.999929 -0.011543 0.00307514 -0.00882047 0.0115423 0.999933 0.000254697 -0.00257137 -0.00307786 -0.000219156 0.999995 -0.00527334 0.0 0.0 0.0 1.0
fire/seq-02/color/frame-000609.color.png fire/seq-02/color/frame-000612.color.png 0.999842 -0.00367498 0.0174171 -0.0385405 0.00364692 0.999992 0.00164205 0.00890189 -0.017423 -0.00157828 0.999847 -0.00297952 0.0 0.0 0.0 1.0
fire/seq-02/color/frame-000612.color.png fire/seq-02/color/frame-000615.color.png 0.99997 -0.00758299 -0.00159959 -0.0105879 0.00757163 0.999947 -0.00700224 0.0193713 0.00165259 0.00698991 0.999974 -0.000313997 0.0 0.0 0.0 1.0
fire/seq-02/color/frame-000615.color.png fire/seq-02/color/frame-000618.color.png 0.999918 -0.00535472 0.011665 -0.0199211 0.00533019 0.999984 0.00213349 -0.00328615 -0.0116763 -0.00207114 0.99993 -0.00391996 0.0 0.0 0.0 1.0
fire/seq-02/color/frame-000618.color.png fire/seq-02/color/frame-000621.color.png 0.999916 -0.000532413 0.0129561 -0.0328668 0.000682292 0.999933 -0.0115676 0.0184913 -0.0129491 0.0115754 0.999849 -0.000609875 0.0 0.0 0.0 1.0
fire/seq-02/color/frame-000621.color.png fire/seq-02/color/frame-000624.color.png 0.999821 -0.00840237 0.0169604 -0.0325252 0.00857391 0.999913 -0.0100662 0.0215779 -0.0168743 0.0102097 0.999806 0.00140035 0.0 0.0 0.0 1.0
fire/seq-02/color/frame-000624.color.png fire/seq-02/color/frame-000627.color.png 0.999725 -0.0122056 0.020038 -0.0327386 0.0124899 0.999822 -0.0141239 0.0210113 -0.0198621 0.0143704 0.9997 -0.00207019 0.0 0.0 0.0 1.0
fire/seq-02/color/frame-000627.color.png fire/seq-02/color/frame-000630.color.png 0.999563 -0.0125795 0.0267545 -0.0348515 0.012618 0.99992 -0.00126995 -0.00269115 -0.0267364 0.00160697 0.999641 -0.00714892 0.0 0.0 0.0 1.0
fire/seq-02/color/frame-000630.color.png fire/seq-02/color/frame-000633.color.png 0.999674 -0.0114165 0.0228188 -0.0322964 0.0120184 0.999579 -0.0264163 0.0331151 -0.0225076 0.0266819 0.999391 0.000404954 0.0 0.0 0.0 1.0
fire/seq-02/color/frame-000633.color.png fire/seq-02/color/frame-000636.color.png 0.999913 -0.00423946 0.0124565 -0.0124997 0.00418061 0.99998 0.004747 -0.0092968 -0.0124764 -0.00469452 0.999911 -0.00621516 0.0 0.0 0.0 1.0
fire/seq-02/color/frame-000636.color.png fire/seq-02/color/frame-000639.color.png 0.999299 -0.0110262 0.035769 -0.0485032 0.0115016 0.999848 -0.0131135 0.0115301 -0.035619 0.0135157 0.999274 -0.0159917 0.0 0.0 0.0 1.0
fire/seq-02/color/frame-000639.color.png fire/seq-02/color/frame-000642.color.png 0.999852 -0.00749101 0.0154734 -0.0240374 0.00775638 0.999823 -0.0171654 0.0299394 -0.015342 0.0172829 0.999733 -0.00605786 0.0 0.0 0.0 1.0
fire/seq-02/color/frame-000642.color.png fire/seq-02/color/frame-000645.color.png 0.999687 -0.00685011 0.0240637 -0.0354204 0.00677773 0.999972 0.00308834 -0.0169451 -0.0240842 -0.00292425 0.999706 -0.00273281 0.0 0.0 0.0 1.0
fire/seq-02/color/frame-000645.color.png fire/seq-02/color/frame-000648.color.png 0.999206 -0.013939 0.0373104 -0.0548091 0.0149125 0.999552 -0.0259413 0.0263328 -0.0369321 0.0264771 0.998967 0.00194108 0.0 0.0 0.0 1.0
fire/seq-02/color/frame-000648.color.png fire/seq-02/color/frame-000651.color.png 0.999908 -0.0020147 0.0134004 -0.0132616 0.00197772 0.999994 0.0027732 -0.00691396 -0.013406 -0.00274643 0.999906 -0.0105368 0.0 0.0 0.0 1.0
fire/seq-02/color/frame-000651.color.png fire/seq-02/color/frame-000654.color.png 0.999461 -0.0188419 0.0268836 -0.0327466 0.0194912 0.99952 -0.0241011 0.0268341 -0.0264165 0.0246121 0.999348 -0.000205517 0.0 0.0 0.0 1.0
fire/seq-02/color/frame-000654.color.png fire/seq-02/color/frame-000657.color.png 0.999781 -0.0162126 0.0132283 -0.0141391 0.0161906 0.999867 0.00177037 -0.00885814 -0.0132553 -0.00155583 0.999911 -0.00747484 0.0 0.0 0.0 1.0
fire/seq-02/color/frame-000657.color.png fire/seq-02/color/frame-000660.color.png 0.999017 -0.0230159 0.0378974 -0.0481747 0.0234635 0.99966 -0.0114092 0.0134004 -0.037622 0.0122872 0.999217 -0.00184435 0.0 0.0 0.0 1.0
fire/seq-02/color/frame-000660.color.png fire/seq-02/color/frame-000663.color.png 0.999291 -0.00786576 0.0368147 -0.0311724 0.00803051 0.999958 -0.0043282 0.00804058 -0.0367791 0.00462077 0.999313 -0.0102826 0.0 0.0 0.0 1.0
fire/seq-02/color/frame-000663.color.png fire/seq-02/color/frame-000666.color.png 0.99899 -0.0209695 0.0397342 -0.0311882 0.0215221 0.999677 -0.0135296 0.0126895 -0.0394377 0.014371 0.999119 -0.00307626 0.0 0.0 0.0 1.0
fire/seq-02/color/frame-000666.color.png fire/seq-02/color/frame-000669.color.png 0.99927 -0.0195716 0.0328207 -0.0289714 0.0199036 0.999754 -0.0098202 0.010428 -0.0326203 0.0104663 0.999413 -0.00656784 0.0 0.0 0.0 1.0
fire/seq-02/color/frame-000669.color.png fire/seq-02/color/frame-000672.color.png 0.999209 -0.0169514 0.0359714 -0.0252904 0.0172821 0.999811 -0.00890096 0.0149345 -0.0358138 0.00951557 0.999313 -0.00658321 0.0 0.0 0.0 1.0
fire/seq-02/color/frame-000672.color.png fire/seq-02/color/frame-000675.color.png 0.999396 -0.0203345 0.0281782 -0.0259538 0.020807 0.999646 -0.0165737 0.0181856 -0.0278312 0.01715 0.999465 -0.00201166 0.0 0.0 0.0 1.0
fire/seq-02/color/frame-000675.color.png fire/seq-02/color/frame-000678.color.png 0.999616 -0.0134053 0.0242611 -0.0222369 0.0136501 0.999857 -0.00995524 0.0110439 -0.0241243 0.0102826 0.999656 -0.00396866 0.0 0.0 0.0 1.0
fire/seq-02/color/frame-000678.color.png fire/seq-02/color/frame-000681.color.png 0.999451 -0.0152778 0.0294113 -0.0286516 0.0155468 0.999839 -0.00893991 0.0152372 -0.02927 0.00939231 0.999527 -0.0040189 0.0 0.0 0.0 1.0
fire/seq-02/color/frame-000681.color.png fire/seq-02/color/frame-000684.color.png 0.999717 -0.0123487 0.0203155 -0.0239245 0.0123603 0.999923 -0.000444319 0.00403477 -0.0203084 0.000695319 0.999793 -0.0028013 0.0 0.0 0.0 1.0
fire/seq-02/color/frame-000684.color.png fire/seq-02/color/frame-000687.color.png 0.999484 -0.016169 0.0277423 -0.039351 0.0162705 0.999862 -0.00343771 0.00950135 -0.0276829 0.00388735 0.999609 -0.00841272 0.0 0.0 0.0 1.0
fire/seq-02/color/frame-000687.color.png fire/seq-02/color/frame-000690.color.png 0.999897 -0.00522773 0.0133974 -0.0203964 0.00530464 0.99997 -0.00570956 0.0170642 -0.0133671 0.00578003 0.999894 -0.00931776 0.0 0.0 0.0 1.0
fire/seq-02/color/frame-000690.color.png fire/seq-02/color/frame-000693.color.png 0.999705 -0.0142289 0.0196742 -0.0329734 0.0143483 0.999879 -0.00594511 0.0143595 -0.0195873 0.00622567 0.999789 0.00205833 0.0 0.0 0.0 1.0
fire/seq-02/color/frame-000693.color.png fire/seq-02/color/frame-000696.color.png 0.999889 -0.0105203 0.010524 -0.0155767 0.0104363 0.999913 0.0080122 0.00167628 -0.0106073 -0.00790146 0.999912 -0.00535852 0.0 0.0 0.0 1.0
fire/seq-02/color/frame-000696.color.png fire/seq-02/color/frame-000699.color.png 0.999972 -0.00444995 0.0060154 -0.0143852 0.00448845 0.999969 -0.00640343 0.0136032 -0.00598688 0.00643021 0.999962 -0.00823021 0.0 0.0 0.0 1.0
fire/seq-02/color/frame-000699.color.png fire/seq-02/color/frame-000702.color.png 0.999969 -0.0068191 0.00394734 -0.0142348 0.00682346 0.999976 -0.0010773 0.0134854 -0.00393982 0.00110411 0.999992 -0.00122541 0.0 0.0 0.0 1.0
fire/seq-02/color/frame-000702.color.png fire/seq-02/color/frame-000705.color.png 0.999992 -0.00314034 -0.00260948 -0.0104635 0.00313438 0.999993 -0.00223211 0.0167 0.00261636 0.00222396 0.999994 -0.00762153 0.0 0.0 0.0 1.0
fire/seq-02/color/frame-000705.color.png fire/seq-02/color/frame-000708.color.png 0.999963 0.00613148 0.00598146 -0.0219167 -0.00610259 0.99997 -0.00481792 0.0134375 -0.0060108 0.00478123 0.99997 0.000742137 0.0 0.0 0.0 1.0
fire/seq-02/color/frame-000708.color.png fire/seq-02/color/frame-000711.color.png 0.999982 0.0040988 -0.00446691 -0.00981241 -0.00409049 0.99999 0.00188657 0.00153662 0.00447468 -0.00186823 0.999988 -0.0148824 0.0 0.0 0.0 1.0
fire/seq-02/color/frame-000711.color.png fire/seq-02/color/frame-000714.color.png 0.999806 0.0172672 -0.00951223 -0.00492239 -0.0173155 0.999837 -0.0050287 0.0211646 0.0094237 0.00519236 0.999942 -0.00810111 0.0 0.0 0.0 1.0
fire/seq-02/color/frame-000714.color.png fire/seq-02/color/frame-000717.color.png 0.999761 0.0218329 0.00102136 -0.0147247 -0.0218245 0.999732 -0.00768649 0.018558 -0.00118884 0.00766245 0.99997 -0.0084005 0.0 0.0 0.0 1.0
fire/seq-02/color/frame-000717.color.png fire/seq-02/color/frame-000720.color.png 0.999869 0.0145662 0.00710014 -0.0259522 -0.0145189 0.999872 -0.006655 0.014699 -0.00719636 0.00655093 0.999953 -0.00583223 0.0 0.0 0.0 1.0
fire/seq-02/color/frame-000720.color.png fire/seq-02/color/frame-000723.color.png 0.999826 0.0179968 -0.00485789 -0.00823426 -0.0180253 0.99982 -0.00586443 0.00441933 0.00475163 0.00595106 0.999971 -0.00747564 0.0 0.0 0.0 1.0
fire/seq-02/color/frame-000723.color.png fire/seq-02/color/frame-000726.color.png 0.999953 0.0079519 0.00560554 -0.0265777 -0.00787493 0.999876 -0.0136142 0.0180342 -0.00571314 0.0135693 0.999892 -0.00892445 0.0 0.0 0.0 1.0
fire/seq-02/color/frame-000726.color.png fire/seq-02/color/frame-000729.color.png 0.999914 0.0124776 0.00399857 -0.0207051 -0.0124532 0.999904 -0.00606963 0.0239911 -0.0040739 0.00601931 0.999974 0.00215307 0.0 0.0 0.0 1.0
fire/seq-02/color/frame-000729.color.png fire/seq-02/color/frame-000732.color.png 0.999972 0.00700598 0.00246528 -0.0208558 -0.00701194 0.999973 0.00241505 0.000659611 -0.00244833 -0.00243222 0.999994 -0.00820148 0.0 0.0 0.0 1.0
fire/seq-02/color/frame-000732.color.png fire/seq-02/color/frame-000735.color.png 0.999897 0.0139753 0.00313779 -0.0134754 -0.0139438 0.999854 -0.00984918 0.00744271 -0.00327498 0.0098044 0.999947 -0.00529572 0.0 0.0 0.0 1.0
fire/seq-02/color/frame-000735.color.png fire/seq-02/color/frame-000738.color.png 0.999835 0.012515 -0.0131843 -0.0153604 -0.0124774 0.999918 0.00292806 0.0116618 0.0132199 -0.00276303 0.999909 0.00203696 0.0 0.0 0.0 1.0
fire/seq-02/color/frame-000738.color.png fire/seq-02/color/frame-000741.color.png 0.999963 -0.00383645 -0.00766928 -0.00877017 0.00386322 0.999986 0.00348452 0.00938921 0.00765569 -0.00351402 0.999964 0.00148624 0.0 0.0 0.0 1.0
fire/seq-02/color/frame-000741.color.png fire/seq-02/color/frame-000744.color.png 0.999986 -0.00261819 -0.00466181 -0.0165148 0.00262474 0.999996 0.00140789 0.0154548 0.00465809 -0.00142012 0.999988 0.00277975 0.0 0.0 0.0 1.0
fire/seq-02/color/frame-000744.color.png fire/seq-02/color/frame-000747.color.png 0.999939 0.00800264 -0.00760842 -0.00805581 -0.00792922 0.999922 0.0096265 0.000525407 0.00768477 -0.00956558 0.999925 0.0024009 0.0 0.0 0.0 1.0
fire/seq-02/color/frame-000747.color.png fire/seq-02/color/frame-000750.color.png 0.999995 0.00151625 -0.0029008 -0.0121712 -0.00155183 0.999923 -0.0123067 0.0263736 0.00288206 0.0123111 0.99992 -0.00161925 0.0 0.0 0.0 1.0
fire/seq-02/color/frame-000750.color.png fire/seq-02/color/frame-000753.color.png 0.999995 0.00139061 0.00268224 -0.0148351 -0.00139627 0.999997 0.00213365 0.00981226 -0.00267944 -0.00213735 0.999994 0.00109178 0.0 0.0 0.0 1.0
fire/seq-02/color/frame-000753.color.png fire/seq-02/color/frame-000756.color.png 0.999938 0.00877143 -0.00680951 -0.00665623 -0.0086952 0.9999 0.0111486 -0.00414392 0.00690675 -0.0110888 0.999915 0.00786585 0.0 0.0 0.0 1.0
fire/seq-02/color/frame-000756.color.png fire/seq-02/color/frame-000759.color.png 0.999971 0.00406543 -0.00641395 -0.0118174 -0.00404006 0.999984 0.00395924 0.0094068 0.00642993 -0.0039332 0.999972 0.00367898 0.0 0.0 0.0 1.0
fire/seq-02/color/frame-000759.color.png fire/seq-02/color/frame-000762.color.png 0.999945 0.00149145 -0.0103883 0.000563681 -0.00135614 0.999914 0.0130201 0.00167765 0.0104067 -0.0130053 0.999861 7.12276e-05 0.0 0.0 0.0 1.0
fire/seq-02/color/frame-000762.color.png fire/seq-02/color/frame-000765.color.png 0.999951 -0.00608889 0.00785991 -0.0276301 0.00606453 0.999977 0.00311349 0.0175168 -0.00787864 -0.00306568 0.999964 0.00771469 0.0 0.0 0.0 1.0
fire/seq-02/color/frame-000765.color.png fire/seq-02/color/frame-000768.color.png 0.999974 -0.000318296 0.00714666 -0.0165827 0.000314422 1.0 0.000543144 0.00825332 -0.0071468 -0.00054085 0.999974 0.000258774 0.0 0.0 0.0 1.0
fire/seq-02/color/frame-000768.color.png fire/seq-02/color/frame-000771.color.png 0.999977 -0.00325455 0.00601268 -0.0149841 0.00318591 0.99993 0.0113867 0.00234233 -0.00604946 -0.0113672 0.999917 -0.00255448 0.0 0.0 0.0 1.0
fire/seq-02/color/frame-000771.color.png fire/seq-02/color/frame-000774.color.png 0.999965 0.00124284 0.00821417 -0.016381 -0.00126024 0.999997 0.00211753 -0.0012043 -0.00821144 -0.00212786 0.999964 -0.00929144 0.0 0.0 0.0 1.0
fire/seq-02/color/frame-000774.color.png fire/seq-02/color/frame-000777.color.png 0.99998 -0.00616899 0.00118708 -0.00778252 0.00617289 0.999976 -0.00332411 0.00416887 -0.00116646 0.00333144 0.999994 -0.00425518 0.0 0.0 0.0 1.0
fire/seq-02/color/frame-000777.color.png fire/seq-02/color/frame-000780.color.png 0.99993 0.0117217 -0.00175492 -0.0199028 -0.0117029 0.999878 0.0103495 -0.00336202 0.00187592 -0.0103283 0.999945 0.00520161 0.0 0.0 0.0 1.0
fire/seq-02/color/frame-000780.color.png fire/seq-02/color/frame-000783.color.png 0.999974 -0.00336779 -0.00641697 -0.00753284 0.00341349 0.999969 0.00711781 0.00241915 0.00639274 -0.0071395 0.999954 0.00177017 0.0 0.0 0.0 1.0
fire/seq-02/color/frame-000783.color.png fire/seq-02/color/frame-000786.color.png 0.999968 0.00497953 -0.00623013 -0.00747412 -0.00490047 0.999908 0.0126615 -0.00279114 0.00629273 -0.0126305 0.9999 0.00433636 0.0 0.0 0.0 1.0
fire/seq-02/color/frame-000786.color.png fire/seq-02/color/frame-000789.color.png 0.999729 0.00782419 -0.0219416 0.0023039 -0.00747249 0.999843 0.0160643 -0.011321 0.0220639 -0.015896 0.99963 0.0087688 0.0 0.0 0.0 1.0
fire/seq-02/color/frame-000789.color.png fire/seq-02/color/frame-000792.color.png 0.999768 0.00610383 -0.0206596 0.00738847 -0.00591038 0.999938 0.00941165 -0.00881432 0.0207157 -0.00928736 0.999742 0.00070411 0.0 0.0 0.0 1.0
fire/seq-02/color/frame-000792.color.png fire/seq-02/color/frame-000795.color.png 0.999742 0.00972482 -0.0205198 0.0163471 -0.00951194 0.9999 0.0104463 -0.00858285 0.0206195 -0.0102485 0.999735 0.00355247 0.0 0.0 0.0 1.0
fire/seq-02/color/frame-000795.color.png fire/seq-02/color/frame-000798.color.png 0.999358 0.0141727 -0.0328983 0.0271155 -0.0138342 0.999849 0.0104942 -0.0151347 0.0330421 -0.0100323 0.999404 -0.00253093 0.0 0.0 0.0 1.0
fire/seq-02/color/frame-000798.color.png fire/seq-02/color/frame-000801.color.png 0.99944 0.0172873 -0.0286559 0.0233881 -0.0171277 0.999836 0.0058048 -0.0124943 0.0287516 -0.00531076 0.999573 -4.63128e-05 0.0 0.0 0.0 1.0
fire/seq-02/color/frame-000801.color.png fire/seq-02/color/frame-000804.color.png 0.998985 0.0144838 -0.0426538 0.0388644 -0.0140245 0.999841 0.0110493 -0.0150755 0.042807 -0.0104399 0.999029 0.00653207 0.0 0.0 0.0 1.0
fire/seq-02/color/frame-000804.color.png fire/seq-02/color/frame-000807.color.png 0.999048 0.0145276 -0.0411294 0.0376539 -0.014168 0.999859 0.00902125 -0.011628 0.0412546 -0.00842992 0.999113 -0.000906527 0.0 0.0 0.0 1.0
fire/seq-02/color/frame-000807.color.png fire/seq-02/color/frame-000810.color.png 0.999085 0.0174063 -0.0390726 0.0341545 -0.0171611 0.999831 0.00660465 -0.0220275 0.0391809 -0.0059281 0.999214 -0.00609428 0.0 0.0 0.0 1.0
fire/seq-02/color/frame-000810.color.png fire/seq-02/color/frame-000813.color.png 0.998991 0.0138882 -0.0427201 0.0463871 -0.0137462 0.999899 0.00361599 -0.020619 0.042766 -0.00302509 0.999081 -0.00199082 0.0 0.0 0.0 1.0
fire/seq-02/color/frame-000813.color.png fire/seq-02/color/frame-000816.color.png 0.999277 0.0136148 -0.0354947 0.0380499 -0.0132757 0.999864 0.00977117 -0.0214905 0.0356229 -0.00929289 0.999322 -0.0011573 0.0 0.0 0.0 1.0
fire/seq-02/color/frame-000816.color.png fire/seq-02/color/frame-000819.color.png 0.999377 0.0256956 -0.0242134 0.0265707 -0.0253513 0.999575 0.0144223 -0.0419148 0.0245737 -0.0137995 0.999603 0.000175372 0.0 0.0 0.0 1.0
fire/seq-02/color/frame-000819.color.png fire/seq-02/color/frame-000822.color.png 0.999378 0.0194465 -0.0294255 0.044889 -0.0192268 0.999785 0.00773362 -0.0349974 0.0295696 -0.00716305 0.999537 -0.00798708 0.0 0.0 0.0 1.0
fire/seq-02/color/frame-000822.color.png fire/seq-02/color/frame-000825.color.png 0.999161 0.0265629 -0.0311707 0.0470761 -0.0265384 0.999647 0.00120112 -0.0247364 0.0311917 -0.000372889 0.999513 -0.00738584 0.0 0.0 0.0 1.0
fire/seq-02/color/frame-000825.color.png fire/seq-02/color/frame-000828.color.png 0.99947 0.0249721 -0.0209001 0.0332235 -0.0248114 0.999661 0.00791343 -0.0294127 0.0210906 -0.00739068 0.99975 0.00324559 0.0 0.0 0.0 1.0
fire/seq-02/color/frame-000828.color.png fire/seq-02/color/frame-000831.color.png 0.999322 0.021358 -0.0299932 0.0513558 -0.021021 0.999713 0.0115059 -0.0257182 0.0302303 -0.0108676 0.999484 -0.00627094 0.0 0.0 0.0 1.0
fire/seq-02/color/frame-000831.color.png fire/seq-02/color/frame-000834.color.png 0.99937 0.00927549 -0.0342717 0.0605919 -0.00902201 0.999931 0.00754334 -0.0149104 0.0343393 -0.00722938 0.999384 -0.00189121 0.0 0.0 0.0 1.0
fire/seq-02/color/frame-000834.color.png fire/seq-02/color/frame-000837.color.png 0.999653 0.00355811 -0.0261119 0.0523742 -0.00321866 0.99991 0.0130306 -0.0279567 0.0261559 -0.012942 0.999574 0.000489227 0.0 0.0 0.0 1.0
fire/seq-02/color/frame-000837.color.png fire/seq-02/color/frame-000840.color.png 0.999333 0.0113355 -0.0347228 0.0752372 -0.0112774 0.999935 0.00186987 -0.00546486 0.0347418 -0.00147704 0.999395 -0.00531093 0.0 0.0 0.0 1.0
fire/seq-02/color/frame-000840.color.png fire/seq-02/color/frame-000843.color.png 0.999937 0.00853162 -0.00728701 0.0445626 -0.00848848 0.999946 0.00593035 -0.0221083 0.00733723 -0.00586812 0.999956 -0.00364272 0.0 0.0 0.0 1.0
fire/seq-02/color/frame-000843.color.png fire/seq-02/color/frame-000846.color.png 0.999857 0.00454534 -0.0162619 0.0341143 -0.0044679 0.999979 0.00479507 -0.0142898 0.0162833 -0.00472173 0.999856 -0.00485258 0.0 0.0 0.0 1.0
fire/seq-02/color/frame-000846.color.png fire/seq-02/color/frame-000849.color.png 0.998943 0.010413 -0.0447752 0.0622645 -0.00981649 0.99986 0.0135226 -0.0173455 0.0449097 -0.0130688 0.998906 -0.0012442 0.0 0.0 0.0 1.0
fire/seq-02/color/frame-000849.color.png fire/seq-02/color/frame-000852.color.png 0.998233 0.0444992 -0.0393736 0.0502727 -0.0435704 0.998759 0.0241414 -0.0212383 0.040399 -0.0223832 0.998933 -0.00125206 0.0 0.0 0.0 1.0
fire/seq-02/color/frame-000852.color.png fire/seq-02/color/frame-000855.color.png 0.999005 0.0279938 -0.0347213 0.0487713 -0.0280771 0.999604 -0.00191304 -0.0021325 0.034654 0.00288601 0.999395 -0.00953853 0.0 0.0 0.0 1.0
fire/seq-02/color/frame-000855.color.png fire/seq-02/color/frame-000858.color.png 0.999195 0.0292574 -0.0274392 0.0389945 -0.02875 0.999411 0.0187108 -0.0220636 0.0279705 -0.0179068 0.999448 -0.0110276 0.0 0.0 0.0 1.0
fire/seq-02/color/frame-000858.color.png fire/seq-02/color/frame-000861.color.png 0.997961 0.0302187 -0.056225 0.0390186 -0.0295357 0.99948 0.0129377 -0.00881825 0.0565867 -0.0112507 0.998334 -0.0168438 0.0 0.0 0.0 1.0
fire/seq-02/color/frame-000861.color.png fire/seq-02/color/frame-000864.color.png 0.998627 0.0201047 -0.0483731 0.0455135 -0.0195012 0.999726 0.0129166 -0.0196225 0.0486195 -0.0119555 0.998746 -0.00929117 0.0 0.0 0.0 1.0
fire/seq-02/color/frame-000864.color.png fire/seq-02/color/frame-000867.color.png 0.99914 0.0343827 -0.0231687 0.0403371 -0.034186 0.999376 0.00883372 -0.00488114 0.023458 -0.00803406 0.999693 -0.0147447 0.0 0.0 0.0 1.0
fire/seq-02/color/frame-000867.color.png fire/seq-02/color/frame-000870.color.png 0.999207 0.0323107 -0.0232879 0.0403198 -0.0319884 0.999389 0.0140802 -0.0121887 0.0237286 -0.0133241 0.999629 -0.0122109 0.0 0.0 0.0 1.0
fire/seq-02/color/frame-000870.color.png fire/seq-02/color/frame-000873.color.png 0.999848 0.01457 -0.00961236 0.0403457 -0.0145621 0.999894 0.000901922 -0.00972535 0.0096245 -0.0007618 0.999953 -0.00842785 0.0 0.0 0.0 1.0
fire/seq-02/color/frame-000873.color.png fire/seq-02/color/frame-000876.color.png 0.99985 0.0165602 -0.00514709 0.0384966 -0.0165336 0.99985 0.00517768 -0.0144392 0.00523207 -0.00509179 0.999973 -0.00902024 0.0 0.0 0.0 1.0
fire/seq-02/color/frame-000876.color.png fire/seq-02/color/frame-000879.color.png 0.999722 0.0233249 -0.00343348 0.0349469 -0.0233163 0.999725 0.00253167 -0.0086901 0.00349159 -0.00245091 0.999991 -0.00325285 0.0 0.0 0.0 1.0
fire/seq-02/color/frame-000879.color.png fire/seq-02/color/frame-000882.color.png 0.999905 0.00767719 -0.011488 0.0347348 -0.00756762 0.999926 0.0095499 -0.0189296 0.0115604 -0.00946206 0.999888 -0.00830259 0.0 0.0 0.0 1.0
fire/seq-02/color/frame-000882.color.png fire/seq-02/color/frame-000885.color.png 0.999903 0.0109495 -0.00860042 0.0330819 -0.0108972 0.999922 0.00610372 -0.00323413 0.00866659 -0.00600937 0.999944 0.00102251 0.0 0.0 0.0 1.0
fire/seq-02/color/frame-000885.color.png fire/seq-02/color/frame-000888.color.png 0.999991 0.00397429 -0.00181509 0.0189791 -0.00396306 0.999973 0.00613011 -0.0141653 0.00183941 -0.00612283 0.99998 0.00263502 0.0 0.0 0.0 1.0
fire/seq-02/color/frame-000888.color.png fire/seq-02/color/frame-000891.color.png 0.999922 0.0109792 -0.00601943 0.029772 -0.0109314 0.999909 0.00791958 -0.00938702 0.00610585 -0.00785319 0.99995 0.00159894 0.0 0.0 0.0 1.0
fire/seq-02/color/frame-000891.color.png fire/seq-02/color/frame-000894.color.png 0.99987 0.0133252 -0.00905845 0.0276017 -0.0133137 0.99991 0.00132878 -0.00891775 0.00907533 -0.00120802 0.999958 0.00851196 0.0 0.0 0.0 1.0
fire/seq-02/color/frame-000894.color.png fire/seq-02/color/frame-000897.color.png 0.999873 0.0158532 -0.00135724 0.0237926 -0.015839 0.999826 0.00989388 -0.0126838 0.00151383 -0.00987112 0.99995 0.000495375 0.0 0.0 0.0 1.0
fire/seq-02/color/frame-000897.color.png fire/seq-02/color/frame-000900.color.png 0.999876 0.015727 0.0008836 0.0197226 -0.0157268 0.999876 -0.000223935 -0.00519866 -0.000886983 0.000210035 1.0 0.0122342 0.0 0.0 0.0 1.0
fire/seq-02/color/frame-000900.color.png fire/seq-02/color/frame-000903.color.png 0.99997 0.00251423 -0.00732034 0.0263593 -0.00244737 0.999955 0.0091217 -0.0126961 0.00734293 -0.00910352 0.999932 0.00651472 0.0 0.0 0.0 1.0
fire/seq-02/color/frame-000903.color.png fire/seq-02/color/frame-000906.color.png 0.999931 -0.0039722 -0.0110362 0.0246882 0.0039603 0.999992 -0.0011022 -0.00660753 0.0110404 0.00105846 0.999939 0.0110192 0.0 0.0 0.0 1.0
fire/seq-02/color/frame-000906.color.png fire/seq-02/color/frame-000909.color.png 0.999987 0.00131231 -0.00479503 0.0222178 -0.00128819 0.999987 0.00502738 -0.0090023 0.00480156 -0.00502113 0.999976 0.00511072 0.0 0.0 0.0 1.0
fire/seq-02/color/frame-000909.color.png fire/seq-02/color/frame-000912.color.png 0.999974 0.00342349 -0.00632548 0.0159343 -0.00338621 0.999977 0.00589432 -0.00746331 0.00634552 -0.00587278 0.999963 0.00492157 0.0 0.0 0.0 1.0
fire/seq-02/color/frame-000912.color.png fire/seq-02/color/frame-000915.color.png 0.999632 0.00989345 -0.0252458 0.0249751 -0.009955 0.999948 -0.00231615 0.00207049 0.0252216 0.0025666 0.999679 -0.0067576 0.0 0.0 0.0 1.0
fire/seq-02/color/frame-000915.color.png fire/seq-02/color/frame-000918.color.png 0.999476 0.0177124 -0.0270903 0.0230706 -0.0174586 0.999802 0.00957572 0.00570333 0.0272545 -0.00909768 0.999587 -0.0107781 0.0 0.0 0.0 1.0
fire/seq-02/color/frame-000918.color.png fire/seq-02/color/frame-000921.color.png 0.999036 0.0252148 -0.0359284 0.0365008 -0.0244542 0.999471 0.0214565 0.0120839 0.0364505 -0.0205572 0.999124 -0.0180032 0.0 0.0 0.0 1.0
fire/seq-02/color/frame-000921.color.png fire/seq-02/color/frame-000924.color.png 0.997696 0.0532532 -0.0420437 0.0511471 -0.0519947 0.998182 0.0304785 0.0291653 0.0435903 -0.0282223 0.998651 -0.0279264 0.0 0.0 0.0 1.0
fire/seq-02/color/frame-000924.color.png fire/seq-02/color/frame-000927.color.png 0.998101 0.0205799 -0.0580537 0.042449 -0.0200792 0.999756 0.00919441 0.0132381 0.0582288 -0.00801128 0.998271 -0.0286033 0.0 0.0 0.0 1.0
fire/seq-02/color/frame-000927.color.png fire/seq-02/color/frame-000930.color.png 0.99892 -0.00375363 -0.0463159 0.0336679 0.00397918 0.999981 0.00478084 -0.000245631 0.0462971 -0.00495999 0.998915 -0.0338224 0.0 0.0 0.0 1.0
fire/seq-02/color/frame-000930.color.png fire/seq-02/color/frame-000933.color.png 0.998624 -0.00470546 -0.0522288 0.0421329 0.0044767 0.99998 -0.00449463 -0.00120959 0.0522489 0.00425466 0.998625 -0.0423372 0.0 0.0 0.0 1.0
fire/seq-02/color/frame-000933.color.png fire/seq-02/color/frame-000936.color.png 0.999435 -0.0108364 -0.031828 0.0324212 0.0107603 0.999939 -0.00256101 -0.00452146 0.0318539 0.00221709 0.99949 -0.029622 0.0 0.0 0.0 1.0
fire/seq-02/color/frame-000936.color.png fire/seq-02/color/frame-000939.color.png 0.999295 -0.0267161 -0.0263765 0.0326886 0.0265576 0.999627 -0.00634437 -0.0147471 0.026536 0.00563948 0.999632 -0.0279952 0.0 0.0 0.0 1.0
fire/seq-02/color/frame-000939.color.png fire/seq-02/color/frame-000942.color.png 0.999369 -0.0314683 -0.0164425 0.0273752 0.0312447 0.999418 -0.0136794 -0.0208481 0.0168635 0.0131569 0.999771 -0.0260705 0.0 0.0 0.0 1.0
fire/seq-02/color/frame-000942.color.png fire/seq-02/color/frame-000945.color.png 0.999411 -0.0291119 -0.01817 0.013651 0.0288875 0.999505 -0.0124859 -0.0194546 0.0185244 0.0119537 0.999757 -0.0101415 0.0 0.0 0.0 1.0
fire/seq-02/color/frame-000945.color.png fire/seq-02/color/frame-000948.color.png 0.999081 -0.0346277 -0.0252461 0.0229632 0.034023 0.999133 -0.0240024 -0.0259098 0.0260554 0.0231214 0.999393 -0.0219015 0.0 0.0 0.0 1.0
fire/seq-02/color/frame-000948.color.png fire/seq-02/color/frame-000951.color.png 0.999449 -0.0196746 -0.0267172 0.0393397 0.0192677 0.999696 -0.0154056 -0.0232693 0.0270122 0.0148823 0.999524 -0.0139622 0.0 0.0 0.0 1.0
fire/seq-02/color/frame-000951.color.png fire/seq-02/color/frame-000954.color.png 0.999433 -0.0333296 -0.00483179 0.0116803 0.0332251 0.999242 -0.0202927 -0.0179593 0.00550449 0.0201206 0.999782 -0.00207387 0.0 0.0 0.0 1.0
fire/seq-02/color/frame-000954.color.png fire/seq-02/color/frame-000957.color.png 0.9997 -0.0244804 -0.000764433 0.00866562 0.0244833 0.999692 0.0040788 -0.0178178 0.000664287 -0.00409632 0.999992 -4.30979e-05 0.0 0.0 0.0 1.0
fire/seq-02/color/frame-000957.color.png fire/seq-02/color/frame-000960.color.png 0.999225 0.0311534 -0.0240702 0.025278 -0.0309044 0.999466 0.0106511 0.0207934 0.0243891 -0.00989894 0.999653 -0.00208364 0.0 0.0 0.0 1.0
fire/seq-02/color/frame-000960.color.png fire/seq-02/color/frame-000963.color.png 0.999078 0.0280933 -0.0324601 0.0239768 -0.0281215 0.999604 -0.000409458 0.0155266 0.0324358 0.00132193 0.999473 -0.0147265 0.0 0.0 0.0 1.0
fire/seq-02/color/frame-000963.color.png fire/seq-02/color/frame-000966.color.png 0.998251 0.0462939 -0.0367734 0.0341161 -0.0462758 0.998928 0.0013402 0.0470362 0.036796 0.000363834 0.999323 -0.00427321 0.0 0.0 0.0 1.0
fire/seq-02/color/frame-000966.color.png fire/seq-02/color/frame-000969.color.png 0.994683 0.0769498 -0.0684493 0.0640744 -0.0765058 0.997028 0.00908945 0.0550372 0.0689452 -0.00380431 0.997613 -0.0174045 0.0 0.0 0.0 1.0
fire/seq-02/color/frame-000969.color.png fire/seq-02/color/frame-000972.color.png 0.99793 0.0550962 -0.0331752 0.0409148 -0.054722 0.998429 0.0120835 0.0374673 0.033789 -0.0102431 0.999377 -0.0228792 0.0 0.0 0.0 1.0
fire/seq-02/color/frame-000972.color.png fire/seq-02/color/frame-000975.color.png 0.998238 0.0325511 -0.0496095 0.0329621 -0.0322073 0.999451 0.00771453 0.0216978 0.0498334 -0.00610312 0.998739 -0.0132219 0.0 0.0 0.0 1.0
fire/seq-02/color/frame-000975.color.png fire/seq-02/color/frame-000978.color.png 0.999656 0.00103457 -0.0262038 0.0265952 -0.00112942 0.999993 -0.00360739 -0.00775641 0.0262 0.00363575 0.99965 -0.0127404 0.0 0.0 0.0 1.0
fire/seq-02/color/frame-000978.color.png fire/seq-02/color/frame-000981.color.png 0.9992 0.0033709 -0.0398457 0.0346246 -0.00380192 0.999935 -0.0107441 -0.00698107 0.0398067 0.010887 0.999148 -0.0220462 0.0 0.0 0.0 1.0
fire/seq-02/color/frame-000981.color.png fire/seq-02/color/frame-000984.color.png 0.998449 0.00625376 -0.0553139 0.0612396 -0.00716425 0.999842 -0.0162754 0.0070872 0.0552034 0.0166463 0.998336 -0.0344405 0.0 0.0 0.0 1.0
fire/seq-02/color/frame-000984.color.png fire/seq-02/color/frame-000987.color.png 0.999211 0.0150465 -0.0367566 0.0569515 -0.0153244 0.999856 -0.00729516 0.0134538 0.0366415 0.00785284 0.999297 -0.0505376 0.0 0.0 0.0 1.0
fire/seq-02/color/frame-000987.color.png fire/seq-02/color/frame-000990.color.png 0.999667 0.0172234 -0.0191887 0.0542159 -0.0170102 0.999792 0.0112293 0.0167494 0.0193783 -0.0108993 0.999753 -0.0262014 0.0 0.0 0.0 1.0
fire/seq-02/color/frame-000990.color.png fire/seq-02/color/frame-000993.color.png 0.99997 -0.00251177 -0.00727082 0.0208489 0.00262148 0.999882 0.0151177 -0.00944409 0.00723206 -0.0151364 0.999859 -0.00969824 0.0 0.0 0.0 1.0
fire/seq-02/color/frame-000993.color.png fire/seq-02/color/frame-000996.color.png 0.999608 -0.0261854 0.00995831 0.0227438 0.0263402 0.999529 -0.0157451 -0.0314947 -0.00954139 0.0160014 0.999826 0.00649521 0.0 0.0 0.0 1.0
fire/seq-02/color/frame-000996.color.png fire/seq-02/color/frame-000999.color.png 0.998842 -0.0367871 0.0310191 0.0210465 0.0372803 0.999185 -0.0154734 -0.0446571 -0.0304246 0.0166118 0.999399 0.034702 0.0 0.0 0.0 1.0
