office/seq-03/color/frame-000002.color.png office/seq-03/color/frame-000005.color.png 0.999935 0.00464967 -0.0103626 -0.000181967 -0.00465487 0.999989 -0.000477794 0.000219348 0.0103603 0.000526 0.999946 0.00605166 0.0 0.0 0.0 1.0
office/seq-03/color/frame-000005.color.png office/seq-03/color/frame-000008.color.png 0.999918 0.00219662 -0.0126097 -0.00168358 -0.00200736 0.999885 0.0150027 -0.00181278 0.0126412 -0.0149761 0.999808 0.00865883 0.0 0.0 0.0 1.0
office/seq-03/color/frame-000008.color.png office/seq-03/color/frame-000011.color.png 0.999861 0.00811596 -0.014561 -0.00132428 -0.00796754 0.999916 0.0102223 -0.00439403 0.0146427 -0.0101049 0.999842 0.0146543 0.0 0.0 0.0 1.0
office/seq-03/color/frame-000011.color.png office/seq-03/color/frame-000014.color.png 0.999934 0.0049616 -0.0104055 -0.00196734 -0.00483333 0.999913 0.0123159 -0.00594825 0.0104657 -0.0122648 0.99987 0.0180449 0.0 0.0 0.0 1.0
office/seq-03/color/frame-000014.color.png office/seq-03/color/frame-000017.color.png 0.99995 0.00747995 -0.00658601 -0.00700116 -0.00743984 0.999954 0.00609379 -0.0155164 0.00663129 -0.00604449 0.99996 0.0309106 0.0 0.0 0.0 1.0
office/seq-03/color/frame-000017.color.png office/seq-03/color/frame-000020.color.png 0.999964 0.00775039 -0.00335193 0.00206348 -0.0077099 0.999899 0.0119275 -0.0111289 0.00344404 -0.0119012 0.999923 0.0216545 0.0 0.0 0.0 1.0
office/seq-03/color/frame-000020.color.png office/seq-03/color/frame-000023.color.png 0.999975 0.00689981 -0.00166017 -0.00527325 -0.00690185 0.999975 -0.00123102 -0.0163486 0.00165163 0.00124244 0.999998 0.0370301 0.0 0.0 0.0 1.0
office/seq-03/color/frame-000023.color.png office/seq-03/color/frame-000026.color.png 0.999952 0.0034631 0.00921058 -0.000259014 -0.00351505 0.999978 0.00562874 -0.017148 -0.00919087 -0.00566084 0.999942 0.0190412 0.0 0.0 0.0 1.0
office/seq-03/color/frame-000026.color.png office/seq-03/color/frame-000029.color.png 0.999837 -0.00170773 0.0179563 -0.00922784 0.00156895 0.999969 0.00773996 -0.0326499 -0.017969 -0.00771053 0.999809 0.0375715 0.0 0.0 0.0 1.0
office/seq-03/color/frame-000029.color.png office/seq-03/color/frame-000032.color.png 0.999735 -0.00782172 0.0216758 -0.00589525 0.00817488 0.999835 -0.0162523 -0.000786602 -0.0215451 0.0164252 0.999633 0.0144117 0.0 0.0 0.0 1.0
office/seq-03/color/frame-000032.color.png office/seq-03/color/frame-000035.color.png 0.99939 -0.0237212 0.0256158 -0.0191934 0.0226158 0.998836 0.0426132 -0.0391167 -0.0265968 -0.0420079 0.998763 0.0280398 0.0 0.0 0.0 1.0
office/seq-03/color/frame-000035.color.png office/seq-03/color/frame-000038.color.png 0.999885 -0.000676465 0.0151309 -0.0134756 0.000247641 0.999599 0.0283248 -0.02585 -0.015144 -0.0283178 0.999484 0.0179201 0.0 0.0 0.0 1.0
office/seq-03/color/frame-000038.color.png office/seq-03/color/frame-000041.color.png 0.999924 -0.0117152 -0.00382837 -0.00729272 0.0117301 0.999924 0.00389364 -0.0280747 0.00378246 -0.00393825 0.999985 0.0227678 0.0 0.0 0.0 1.0
office/seq-03/color/frame-000041.color.png office/seq-03/color/frame-000044.color.png 0.999888 -0.00993755 0.0111434 -0.00894251 0.0097278 0.999777 0.0187214 -0.0137599 -0.011327 -0.0186109 0.999763 0.0104202 0.0 0.0 0.0 1.0
office/seq-03/color/frame-000044.color.png office/seq-03/color/frame-000047.color.png 0.999906 -0.00233936 0.0135085 -0.010234 0.00222149 0.999959 0.0087341 -0.0199492 -0.0135284 -0.00870328 0.999871 0.0102623 0.0 0.0 0.0 1.0
office/seq-03/color/frame-000047.color.png office/seq-03/color/frame-000050.color.png 0.999967 0.00556149 -0.00585564 0.000774808 -0.00548945 0.99991 0.0122464 -0.0275724 0.00592322 -0.0122138 0.999908 0.0185013 0.0 0.0 0.0 1.0
office/seq-03/color/frame-000050.color.png office/seq-03/color/frame-000053.color.png 0.999848 0.0137042 0.0108042 -0.00256808 -0.0137462 0.999898 0.0038168 -0.0297723 -0.0107508 -0.00396478 0.999934 0.00761202 0.0 0.0 0.0 1.0
office/seq-03/color/frame-000053.color.png office/seq-03/color/frame-000056.color.png 0.99969 0.0144153 0.0203085 -0.00636565 -0.0146754 0.999811 0.0127179 -0.0255322 -0.0201214 -0.013012 0.999713 0.0181076 0.0 0.0 0.0 1.0
office/seq-03/color/frame-000056.color.png office/seq-03/color/frame-000059.color.png 0.999546 0.02422 0.0179105 0.000791125 -0.0236977 0.999304 -0.0288192 -0.0249244 -0.018596 0.0283817 0.999424 0.019374 0.0 0.0 0.0 1.0
office/seq-03/color/frame-000059.color.png office/seq-03/color/frame-000062.color.png 0.999936 -0.00422082 0.0105208 0.00361336 0.00433417 0.999933 -0.0107743 -0.0267769 -0.0104746 0.0108192 0.999887 0.0140329 0.0 0.0 0.0 1.0
office/seq-03/color/frame-000062.color.png office/seq-03/color/frame-000065.color.png 0.999721 -0.00252979 0.0234859 -0.00894711 0.00257861 0.999995 -0.00204862 -0.0420235 -0.0234806 0.00210862 0.999722 0.0139439 0.0 0.0 0.0 1.0
office/seq-03/color/frame-000065.color.png office/seq-03/color/frame-000068.color.png 0.999937 0.00939616 0.00606471 0.00957661 -0.00935392 0.999932 -0.00695607 -0.0356459 -0.00612966 0.00689891 0.999957 0.00474712 0.0 0.0 0.0 1.0
office/seq-03/color/frame-000068.color.png office/seq-03/color/frame-000071.color.png 0.999933 0.00498012 0.0104373 -0.00606184 -0.00499876 0.999986 0.00176225 -0.022977 -0.0104284 -0.00181428 0.999944 0.0112171 0.0 0.0 0.0 1.0
office/seq-03/color/frame-000071.color.png office/seq-03/color/frame-000074.color.png 0.99998 -0.00145839 0.00613468 -0.00840778 0.00138957 0.999936 0.0112071 -0.0274285 -0.00615066 -0.0111984 0.999918 0.00415543 0.0 0.0 0.0 1.0
office/seq-03/color/frame-000074.color.png office/seq-03/color/frame-000077.color.png 0.999959 0.00901231 -0.00057757 0.00235637 -0.00900699 0.999922 0.00862362 -0.023721 0.000655201 -0.00861807 0.999963 0.00381848 0.0 0.0 0.0 1.0
office/seq-03/color/frame-000077.color.png office/seq-03/color/frame-000080.color.png 0.999943 0.00778946 0.00730133 -0.00923225 -0.00784849 0.999937 0.00809189 -0.0325481 -0.00723777 -0.00814873 0.999941 0.00923893 0.0 0.0 0.0 1.0
office/seq-03/color/frame-000080.color.png office/seq-03/color/frame-000083.color.png 0.999968 -0.0014458 0.00792054 -0.0126658 0.00141901 0.999993 0.00338594 -0.0287333 -0.00792542 -0.00337459 0.999963 0.00880212 0.0 0.0 0.0 1.0
office/seq-03/color/frame-000083.color.png office/seq-03/color/frame-000086.color.png 0.999963 0.00597926 0.00616368 -0.00470147 -0.00601903 0.999961 0.00645209 -0.0326908 -0.00612488 -0.00648896 0.99996 0.00582635 0.0 0.0 0.0 1.0
office/seq-03/color/frame-000086.color.png office/seq-03/color/frame-000089.color.png 0.999964 -0.00564321 -0.0062996 -0.0100161 0.00563902 0.999984 -0.000685057 -0.0213236 0.00630337 0.000649519 0.99998 0.0067395 0.0 0.0 0.0 1.0
office/seq-03/color/frame-000089.color.png office/seq-03/color/frame-000092.color.png 0.999997 -0.00189196 -0.00178154 -0.00506201 0.00188391 0.999988 -0.00450214 -0.00662649 0.00179001 0.00449875 0.999988 0.00405648 0.0 0.0 0.0 1.0
office/seq-03/color/frame-000092.color.png office/seq-03/color/frame-000095.color.png 0.99994 -0.0099628 0.00457147 -0.027595 0.00993453 0.999932 0.00616364 -0.0188702 -0.00463257 -0.00611785 0.999971 0.00399888 0.0 0.0 0.0 1.0
office/seq-03/color/frame-000095.color.png office/seq-03/color/frame-000098.color.png 0.999943 -0.0104805 -0.00203821 -0.00984722 0.0105019 0.999887 0.0108071 -0.0211142 0.00192476 -0.0108279 0.99994 -0.00606656 0.0 0.0 0.0 1.0
office/seq-03/color/frame-000098.color.png office/seq-03/color/frame-000101.color.png 0.999769 -0.00607374 0.0206139 -0.0193223 0.00579426 0.999891 0.0135905 -0.0249135 -0.0206942 -0.013468 0.999695 -0.0130862 0.0 0.0 0.0 1.0
office/seq-03/color/frame-000101.color.png office/seq-03/color/frame-000104.color.png 0.999761 -0.00265061 0.0217063 -0.0250149 0.00220971 0.999791 0.0203112 -0.028084 -0.0217555 -0.0202584 0.999558 -0.0246301 0.0 0.0 0.0 1.0
office/seq-03/color/frame-000104.color.png office/seq-03/color/frame-000107.color.png 0.999796 -0.0163219 0.0118858 -0.0219878 0.0161548 0.999771 0.0140194 -0.00808394 -0.0121119 -0.0138245 0.999831 -0.0260078 0.0 0.0 0.0 1.0
office/seq-03/color/frame-000107.color.png office/seq-03/color/frame-000110.color.png 0.99976 -0.0208325 0.0067941 -0.026412 0.0207008 0.999607 0.0188993 -0.0176421 -0.00718513 -0.0187542 0.999798 -0.0235455 0.0 0.0 0.0 1.0
office/seq-03/color/frame-000110.color.png office/seq-03/color/frame-000113.color.png 0.999922 -0.0077194 0.00983486 -0.00649865 0.00753833 0.999804 0.0183165 -0.0269482 -0.00997433 -0.0182409 0.999784 -0.0240797 0.0 0.0 0.0 1.0
office/seq-03/color/frame-000113.color.png office/seq-03/color/frame-000116.color.png 0.999613 0.00638842 0.0270711 -0.0133171 -0.00655583 0.99996 0.00609918 -0.0217234 -0.0270311 -0.0062743 0.999615 -0.0320527 0.0 0.0 0.0 1.0
office/seq-03/color/frame-000116.color.png office/seq-03/color/frame-000119.color.png 0.999656 0.012057 0.0232979 -0.000703529 -0.0121531 0.999918 0.0039867 -0.019323 -0.0232478 -0.00426848 0.999721 -0.0282186 0.0 0.0 0.0 1.0
office/seq-03/color/frame-000119.color.png office/seq-03/color/frame-000122.color.png 0.999735 0.0145691 0.0178335 0.00573589 -0.0146759 0.999875 0.00587558 -0.0156787 -0.0177456 -0.00613567 0.999824 -0.0269647 0.0 0.0 0.0 1.0
office/seq-03/color/frame-000122.color.png office/seq-03/color/frame-000125.color.png 0.999898 0.0111819 0.00890774 0.0142916 -0.0112007 0.999935 0.00206124 -0.0220436 -0.00888411 -0.00216088 0.999958 -0.0230063 0.0 0.0 0.0 1.0
office/seq-03/color/frame-000125.color.png office/seq-03/color/frame-000128.color.png 0.99996 0.0048092 0.00754915 0.0226574 -0.00473091 0.999935 -0.0103543 -0.000332594 -0.00759845 0.0103182 0.999918 -0.0190704 0.0 0.0 0.0 1.0
office/seq-03/color/frame-000128.color.png office/seq-03/color/frame-000131.color.png 0.999931 0.0115683 0.00213436 0.0264856 -0.0115515 0.999903 -0.00773324 -0.00833732 -0.00222357 0.00770806 0.999968 -0.0204324 0.0 0.0 0.0 1.0
office/seq-03/color/frame-000131.color.png office/seq-03/color/frame-000134.color.png 0.999943 0.0105071 -0.00182312 0.0281804 -0.0105216 0.999912 -0.0080923 0.00487685 0.00173787 0.00811101 0.999965 -0.0117674 0.0 0.0 0.0 1.0
office/seq-03/color/frame-000134.color.png office/seq-03/color/frame-000137.color.png 0.999811 0.0176899 -0.00807501 0.0434414 -0.0176999 0.999843 -0.00116716 -0.00469935 0.00805303 0.00130987 0.999967 -0.0145788 0.0 0.0 0.0 1.0
office/seq-03/color/frame-000137.color.png office/seq-03/color/frame-000140.color.png 0.999952 0.00400918 -0.00894406 0.0324561 -0.00413632 0.99989 -0.0142453 0.0144773 0.00888602 0.0142816 0.999859 0.00308409 0.0 0.0 0.0 1.0
office/seq-03/color/frame-000140.color.png office/seq-03/color/frame-000143.color.png 0.999796 0.00672651 -0.0190553 0.0434552 -0.00681936 0.999965 -0.00481208 0.00104833 0.0190223 0.00494107 0.999807 -0.00814031 0.0 0.0 0.0 1.0
office/seq-03/color/frame-000143.color.png office/seq-03/color/frame-000146.color.png 0.999858 0.0105919 -0.0131048 0.0344017 -0.0106825 0.999919 -0.00686717 0.00558335 0.0130309 0.00700616 0.999891 0.0055217 0.0 0.0 0.0 1.0
office/seq-03/color/frame-000146.color.png office/seq-03/color/frame-000149.color.png 0.999749 0.0013382 -0.0223713 0.0439917 -0.00149582 0.999974 -0.0070305 -0.0037055 0.0223613 0.00706222 0.999725 -0.00381558 0.0 0.0 0.0 1.0
office/seq-03/color/frame-000149.color.png office/seq-03/color/frame-000152.color.png 0.999321 0.0217745 -0.0297167 0.0539847 -0.0221004 0.999699 -0.0106825 0.00514513 0.0294752 0.011332 0.999501 0.0131733 0.0 0.0 0.0 1.0
office/seq-03/color/frame-000152.color.png office/seq-03/color/frame-000155.color.png 0.999874 -0.00845915 -0.0134149 0.0321498 0.00833953 0.999925 -0.00894723 -0.00859606 0.0134895 0.0088342 0.99987 0.0146947 0.0 0.0 0.0 1.0
office/seq-03/color/frame-000155.color.png office/seq-03/color/frame-000158.color.png 0.999711 0.00865947 -0.0224143 0.054042 -0.00888716 0.99991 -0.0100792 0.0045684 0.022325 0.0102754 0.999698 0.010411 0.0 0.0 0.0 1.0
office/seq-03/color/frame-000158.color.png office/seq-03/color/frame-000161.color.png 0.999969 -0.00410053 -0.0067285 0.0505116 0.00409413 0.999991 -0.000963073 -0.00458223 0.00673244 0.000935528 0.999977 0.0213907 0.0 0.0 0.0 1.0
office/seq-03/color/frame-000161.color.png office/seq-03/color/frame-000164.color.png 0.999992 0.00381355 0.000813888 0.0360395 -0.00381779 0.999979 0.00525809 -0.0189102 -0.000793874 -0.0052612 0.999986 0.0284367 0.0 0.0 0.0 1.0
office/seq-03/color/frame-000164.color.png office/seq-03/color/frame-000167.color.png 0.999979 -0.00639312 0.00114585 0.0443476 0.00640881 0.999878 -0.0142433 0.00711995 -0.00105462 0.0142503 0.999898 0.0467029 0.0 0.0 0.0 1.0
office/seq-03/color/frame-000167.color.png office/seq-03/color/frame-000170.color.png 0.999936 0.00678625 -0.00906093 0.0599601 -0.00682338 0.999968 -0.00407489 -0.0105776 0.009033 0.00413645 0.999951 0.0134692 0.0 0.0 0.0 1.0
office/seq-03/color/frame-000170.color.png office/seq-03/color/frame-000173.color.png 0.99994 0.0109819 0.000544633 0.0341482 -0.0109808 0.999938 -0.00210207 -0.00268751 -0.000567676 0.00209597 0.999998 0.0491329 0.0 0.0 0.0 1.0
office/seq-03/color/frame-000173.color.png office/seq-03/color/frame-000176.color.png 0.999998 -0.00204127 1.07949e-05 0.0525741 0.00204014 0.999231 -0.0391587 0.00629145 6.91472e-05 0.0391586 0.999233 0.0583483 0.0 0.0 0.0 1.0
office/seq-03/color/frame-000176.color.png office/seq-03/color/frame-000179.color.png 0.999938 -0.0107663 -0.00271405 0.0359189 0.0107791 0.999931 0.00475516 -0.0198785 0.00266264 -0.00478413 0.999985 0.0175942 0.0 0.0 0.0 1.0
office/seq-03/color/frame-000179.color.png office/seq-03/color/frame-000182.color.png 0.999717 -0.0226992 -0.00713711 0.0209734 0.0226438 0.999713 -0.00774782 0.00122505 0.00731094 0.00758401 0.999945 0.0615221 0.0 0.0 0.0 1.0
office/seq-03/color/frame-000182.color.png office/seq-03/color/frame-000185.color.png 0.999485 0.00153699 -0.0320446 0.0956402 -0.00159893 0.999997 -0.00190629 -0.0153973 0.0320415 0.00195654 0.999485 -0.0027476 0.0 0.0 0.0 1.0
office/seq-03/color/frame-000185.color.png office/seq-03/color/frame-000188.color.png 0.999611 0.0196888 -0.0197491 0.0502082 -0.0198514 0.999771 -0.00806938 0.011464 0.0195857 0.00845827 0.999772 0.041159 0.0 0.0 0.0 1.0
office/seq-03/color/frame-000188.color.png office/seq-03/color/frame-000191.color.png 0.998482 0.0333457 -0.0438431 0.107719 -0.0356165 0.998008 -0.0520757 0.0434028 0.0420193 0.0535582 0.99768 0.0619065 0.0 0.0 0.0 1.0
office/seq-03/color/frame-000191.color.png office/seq-03/color/frame-000194.color.png 0.998709 0.0170813 -0.0478296 0.0786275 -0.0170444 0.999854 0.00117828 0.00953621 0.0478427 -0.000361538 0.998855 0.00433201 0.0 0.0 0.0 1.0
office/seq-03/color/frame-000194.color.png office/seq-03/color/frame-000197.color.png 0.999491 0.0184762 -0.025997 0.0606095 -0.0181311 0.999745 0.0134469 -0.00906348 0.0262388 -0.0129687 0.999572 0.00612932 0.0 0.0 0.0 1.0
office/seq-03/color/frame-000197.color.png office/seq-03/color/frame-000200.color.png 0.999673 0.00347357 -0.0253281 0.0637144 -0.00299272 0.999815 0.018999 -0.0389356 0.0253894 -0.018917 0.999499 0.0127995 0.0 0.0 0.0 1.0
office/seq-03/color/frame-000200.color.png office/seq-03/color/frame-000203.color.png 0.999966 0.00199273 0.00795695 0.00776392 -0.00190808 0.999942 -0.0106257 0.00306749 -0.00797767 0.0106101 0.999912 0.0735998 0.0 0.0 0.0 1.0
office/seq-03/color/frame-000203.color.png office/seq-03/color/frame-000206.color.png 0.999814 -0.0169129 0.00930164 -0.00438613 0.0169414 0.999852 -0.00299813 -0.0168089 -0.00924956 0.00315515 0.999952 0.0618278 0.0 0.0 0.0 1.0
office/seq-03/color/frame-000206.color.png office/seq-03/color/frame-000209.color.png 0.999738 -0.00366192 0.0226018 -0.0126396 0.00354156 0.999979 0.00536327 -0.0166807 -0.022621 -0.0052818 0.99973 0.0721207 0.0 0.0 0.0 1.0
office/seq-03/color/frame-000209.color.png office/seq-03/color/frame-000212.color.png 0.9989 -0.00463776 0.0466554 -0.0476295 0.00527982 0.999893 -0.0136482 0.003021 -0.0465871 0.0138795 0.998818 0.114241 0.0 0.0 0.0 1.0
office/seq-03/color/frame-000212.color.png office/seq-03/color/frame-000215.color.png 0.999518 -0.0302031 -0.00713088 0.00216925 0.0302684 0.999499 0.00922018 -0.0561698 0.00684885 -0.00943158 0.999932 0.0338546 0.0 0.0 0.0 1.0
office/seq-03/color/frame-000215.color.png office/seq-03/color/frame-000218.color.png 0.999014 -0.0118941 0.0427686 -0.0461639 0.0120695 0.99992 -0.00384456 -0.00823462 -0.0427194 0.00435696 0.999078 0.100557 0.0 0.0 0.0 1.0
office/seq-03/color/frame-000218.color.png office/seq-03/color/frame-000221.color.png 0.998995 -0.0345362 0.0285848 -0.0672172 0.0344234 0.999397 0.00442727 -0.0345338 -0.0287205 -0.00343884 0.999581 0.0754797 0.0 0.0 0.0 1.0
office/seq-03/color/frame-000221.color.png office/seq-03/color/frame-000224.color.png 0.999074 -0.0328152 0.02781 -0.0703187 0.0327522 0.99946 0.00271742 -0.0271716 -0.0278842 -0.00180405 0.99961 0.0608377 0.0 0.0 0.0 1.0
office/seq-03/color/frame-000224.color.png office/seq-03/color/frame-000227.color.png 0.998845 -0.0231903 0.0420874 -0.10146 0.0223577 0.999547 0.0201462 -0.0438805 -0.0425355 -0.0191819 0.998911 0.0544274 0.0 0.0 0.0 1.0
office/seq-03/color/frame-000227.color.png office/seq-03/color/frame-000230.color.png 0.999464 -0.0253275 0.0207493 -0.0476866 0.0248365 0.999413 0.0235868 -0.0257825 -0.0213345 -0.0230588 0.999506 0.0352315 0.0 0.0 0.0 1.0
office/seq-03/color/frame-000230.color.png office/seq-03/color/frame-000233.color.png 0.999513 -0.0269248 0.0157553 -0.0372024 0.026651 0.999494 0.0173433 -0.0199597 -0.0162143 -0.0169149 0.999725 0.0300337 0.0 0.0 0.0 1.0
office/seq-03/color/frame-000233.color.png office/seq-03/color/frame-000236.color.png 0.999518 -0.0298426 0.00850896 -0.0420849 0.029584 0.99914 0.0290552 -0.0310776 -0.00936872 -0.0287894 0.999542 0.00551212 0.0 0.0 0.0 1.0
office/seq-03/color/frame-000236.color.png office/seq-03/color/frame-000239.color.png 0.999518 -0.031037 0.000919306 -0.0227129 0.031015 0.999352 0.0182726 -0.0190299 -0.00148587 -0.0182354 0.999833 0.00127137 0.0 0.0 0.0 1.0
office/seq-03/color/frame-000239.color.png office/seq-03/color/frame-000242.color.png 0.999928 -0.00711178 0.0096381 -0.0210462 0.00686925 0.999665 0.0249677 0.00385219 -0.00981235 -0.0248997 0.999642 -0.00454605 0.0 0.0 0.0 1.0
office/seq-03/color/frame-000242.color.png office/seq-03/color/frame-000245.color.png 0.999885 -0.00349388 0.0147261 -0.0269517 0.00318582 0.999777 0.0208903 -0.00867301 -0.0147958 -0.020841 0.999673 -0.00451839 0.0 0.0 0.0 1.0
office/seq-03/color/frame-000245.color.png office/seq-03/color/frame-000248.color.png 0.99989 -0.0131799 -0.00681084 0.0020749 0.0133186 0.999696 0.0207305 -0.0384614 0.00653553 -0.020819 0.999762 -0.020143 0.0 0.0 0.0 1.0
office/seq-03/color/frame-000248.color.png office/seq-03/color/frame-000251.color.png 0.999937 -0.0111467 -0.00135563 -0.0133143 0.011134 0.999897 -0.00900378 0.0210565 0.00145589 0.00898815 0.999959 -0.00692296 0.0 0.0 0.0 1.0
office/seq-03/color/frame-000251.color.png office/seq-03/color/frame-000254.color.png 0.999891 -0.010551 0.0103292 -0.0322292 0.0108901 0.999385 -0.0333404 0.0278888 -0.00997102 0.0334492 0.999391 0.0133926 0.0 0.0 0.0 1.0
office/seq-03/color/frame-000254.color.png office/seq-03/color/frame-000257.color.png 0.999948 0.00388226 -0.00941083 0.0174361 -0.00422376 0.999323 -0.0365443 0.0687808 0.00926256 0.0365822 0.999288 0.013322 0.0 0.0 0.0 1.0
office/seq-03/color/frame-000257.color.png office/seq-03/color/frame-000260.color.png 0.99994 0.00860012 0.00683356 -0.0120996 -0.00841367 0.999604 -0.0268611 0.0200491 -0.00706187 0.0268019 0.999616 -0.00206375 0.0 0.0 0.0 1.0
office/seq-03/color/frame-000260.color.png office/seq-03/color/frame-000263.color.png 0.999691 0.0225885 0.0103737 -0.0102636 -0.022257 0.999271 -0.0310241 0.0473968 -0.0110669 0.0307836 0.999465 0.00218105 0.0 0.0 0.0 1.0
office/seq-03/color/frame-000263.color.png office/seq-03/color/frame-000266.color.png 0.999891 -0.0112943 0.00953229 -0.0205045 0.0115205 0.999645 -0.0240181 -0.00310767 -0.00925772 0.0241253 0.999666 -0.0059334 0.0 0.0 0.0 1.0
office/seq-03/color/frame-000266.color.png office/seq-03/color/frame-000269.color.png 0.999925 0.00132438 0.012151 -0.0098756 -0.000956545 0.999543 -0.0302295 0.0249388 -0.0121854 0.0302157 0.999469 0.011026 0.0 0.0 0.0 1.0
office/seq-03/color/frame-000269.color.png office/seq-03/color/frame-000272.color.png 0.999947 0.00578061 0.00854079 -0.00785506 -0.0055192 0.999525 -0.0303202 0.0193357 -0.00871203 0.0302714 0.999504 0.00711477 0.0 0.0 0.0 1.0
office/seq-03/color/frame-000272.color.png office/seq-03/color/frame-000275.color.png 0.999962 0.00339686 0.00799688 -0.0185295 -0.00310025 0.999317 -0.0368149 0.00858456 -0.00811649 0.0367887 0.99929 0.0131063 0.0 0.0 0.0 1.0
office/seq-03/color/frame-000275.color.png office/seq-03/color/frame-000278.color.png 0.999487 0.0313635 -0.00649336 0.0585849 -0.0315517 0.999013 -0.0312541 0.0617355 0.00550673 0.0314429 0.99949 0.0184338 0.0 0.0 0.0 1.0
office/seq-03/color/frame-000278.color.png office/seq-03/color/frame-000281.color.png 0.999939 0.00652459 0.00890985 -0.00528347 -0.00641072 0.999898 -0.0127518 -0.0267764 -0.00899214 0.0126939 0.999879 0.00968635 0.0 0.0 0.0 1.0
office/seq-03/color/frame-000281.color.png office/seq-03/color/frame-000284.color.png 0.999622 0.0229974 0.0150662 0.00303131 -0.0228213 0.99967 -0.0117532 -0.00489575 -0.0153315 0.011405 0.999817 0.025986 0.0 0.0 0.0 1.0
office/seq-03/color/frame-000284.color.png office/seq-03/color/frame-000287.color.png 0.999895 0.0113074 0.00905569 -0.000103951 -0.0111729 0.999828 -0.0147688 0.0166188 -0.00922123 0.0146661 0.99985 0.0253093 0.0 0.0 0.0 1.0
office/seq-03/color/frame-000287.color.png office/seq-03/color/frame-000290.color.png 0.999845 0.00917139 0.0150072 0.00626749 -0.00908881 0.999943 -0.00556221 -0.00379729 -0.0150574 0.00542496 0.999872 0.0293252 0.0 0.0 0.0 1.0
office/seq-03/color/frame-000290.color.png office/seq-03/color/frame-000293.color.png 0.999722 0.0093613 0.021626 -0.00750959 -0.00900906 0.999826 -0.0163287 0.0128834 -0.021775 0.0161294 0.999633 0.0516728 0.0 0.0 0.0 1.0
office/seq-03/color/frame-000293.color.png office/seq-03/color/frame-000296.color.png 0.999979 -0.00590556 0.00252304 0.0048188 0.00594112 0.99988 -0.0143255 -0.0149698 -0.00243823 0.0143402 0.999894 0.0311441 0.0 0.0 0.0 1.0
office/seq-03/color/frame-000296.color.png office/seq-03/color/frame-000299.color.png 0.999931 0.00877287 0.00784327 0.00390202 -0.0087152 0.999935 -0.00735649 -0.00433815 -0.00790736 0.00728766 0.999942 0.0246507 0.0 0.0 0.0 1.0
office/seq-03/color/frame-000299.color.png office/seq-03/color/frame-000302.color.png 0.999798 0.0187542 0.00720345 0.0164229 -0.0186719 0.999761 -0.0113279 0.0192366 -0.00741414 0.0111911 0.99991 0.0299236 0.0 0.0 0.0 1.0
office/seq-03/color/frame-000302.color.png office/seq-03/color/frame-000305.color.png 0.999989 0.00346353 0.00304718 0.00353634 -0.00343966 0.999964 -0.00781155 -0.0163268 -0.00307411 0.00780097 0.999965 0.027104 0.0 0.0 0.0 1.0
office/seq-03/color/frame-000305.color.png office/seq-03/color/frame-000308.color.png 0.999856 0.0148693 0.00817535 0.00467122 -0.0148067 0.999861 -0.00766086 0.00468528 -0.00828814 0.00753872 0.999937 0.0323315 0.0 0.0 0.0 1.0
office/seq-03/color/frame-000308.color.png office/seq-03/color/frame-000311.color.png 0.999937 0.00539705 -0.00985572 0.0441931 -0.00545401 0.999968 -0.00576165 -0.00230956 0.00982433 0.00581506 0.999935 0.00577354 0.0 0.0 0.0 1.0
office/seq-03/color/frame-000311.color.png office/seq-03/color/frame-000314.color.png 0.999976 0.00660729 -0.00205301 0.00616932 -0.00661797 0.999964 -0.00523473 -0.010174 0.00201831 0.00524817 0.999984 0.0215522 0.0 0.0 0.0 1.0
office/seq-03/color/frame-000314.color.png office/seq-03/color/frame-000317.color.png 0.999867 0.0162847 -0.000854221 0.0218552 -0.0162997 0.99962 -0.0222086 0.0343863 0.000492282 0.0222195 0.999753 0.0308092 0.0 0.0 0.0 1.0
office/seq-03/color/frame-000317.color.png office/seq-03/color/frame-000320.color.png 0.999768 0.0160741 0.014341 0.00513679 -0.0158561 0.999759 -0.0151874 0.0262821 -0.0145817 0.0149565 0.999782 0.0377284 0.0 0.0 0.0 1.0
office/seq-03/color/frame-000320.color.png office/seq-03/color/frame-000323.color.png 0.999987 0.00205663 -0.00459843 0.0174127 -0.00220958 0.999436 -0.0335101 0.0424989 0.00452696 0.0335199 0.999428 0.0502241 0.0 0.0 0.0 1.0
office/seq-03/color/frame-000323.color.png office/seq-03/color/frame-000326.color.png 0.999052 0.0314169 0.0301418 0.0077821 -0.0305673 0.999134 -0.0282437 0.0582656 -0.031003 0.0272956 0.999146 0.0549685 0.0 0.0 0.0 1.0
office/seq-03/color/frame-000326.color.png office/seq-03/color/frame-000329.color.png 0.999836 -0.00132668 0.0180675 -0.00629205 0.00119011 0.999971 0.0075664 -0.0771855 -0.018077 -0.00754367 0.999808 0.0203333 0.0 0.0 0.0 1.0
office/seq-03/color/frame-000329.color.png office/seq-03/color/frame-000332.color.png 0.999975 -0.0027656 0.00656544 0.00490642 0.0028243 0.999956 -0.00894633 -0.000892639 -0.00654046 0.00896465 0.999938 0.0243618 0.0 0.0 0.0 1.0
office/seq-03/color/frame-000332.color.png office/seq-03/color/frame-000335.color.png 0.99905 0.0387998 0.0198554 0.06536 -0.0386057 0.999204 -0.010065 0.0409606 -0.0202301 0.0092889 0.999752 0.040815 0.0 0.0 0.0 1.0
office/seq-03/color/frame-000335.color.png office/seq-03/color/frame-000338.color.png 0.999844 -0.00938652 0.0149747 -0.0301054 0.00959862 0.999854 -0.0141557 -0.00915658 -0.0148397 0.0142972 0.999788 0.0386013 0.0 0.0 0.0 1.0
office/seq-03/color/frame-000338.color.png office/seq-03/color/frame-000341.color.png 0.99983 0.00972423 0.0156731 0.000873029 -0.00934353 0.999664 -0.0241848 0.0277387 -0.015903 0.0240342 0.999585 0.0608461 0.0 0.0 0.0 1.0
office/seq-03/color/frame-000341.color.png office/seq-03/color/frame-000344.color.png 0.999765 0.00257978 0.021527 -0.0407757 -0.00235816 0.999944 -0.0103142 -0.011167 -0.0215524 0.010261 0.999715 0.0377308 0.0 0.0 0.0 1.0
office/seq-03/color/frame-000344.color.png office/seq-03/color/frame-000347.color.png 0.999642 0.0262604 -0.00509083 0.0698627 -0.0262834 0.999644 -0.00451707 0.00487173 0.00497039 0.00464929 0.999977 0.00391304 0.0 0.0 0.0 1.0
office/seq-03/color/frame-000347.color.png office/seq-03/color/frame-000350.color.png 0.999828 0.00879889 -0.0163294 0.0441993 -0.00863259 0.99991 0.0102249 -0.0162767 0.0164179 -0.0100822 0.999814 -0.0218161 0.0 0.0 0.0 1.0
office/seq-03/color/frame-000350.color.png office/seq-03/color/frame-000353.color.png 0.999887 -0.013066 0.00742636 -0.0451294 0.0129477 0.999792 0.0157546 -0.0512973 -0.00763061 -0.0156567 0.999848 0.00162649 0.0 0.0 0.0 1.0
office/seq-03/color/frame-000353.color.png office/seq-03/color/frame-000356.color.png 0.999829 -0.0167199 -0.00784643 -0.00507247 0.0168659 0.999679 0.018916 -0.0476593 0.00752758 -0.0190451 0.99979 -0.0168839 0.0 0.0 0.0 1.0
office/seq-03/color/frame-000356.color.png office/seq-03/color/frame-000359.color.png 0.999813 -0.00538579 0.0185958 -0.0294369 0.00518927 0.99993 0.0106013 0.00515997 -0.0186516 -0.0105028 0.999771 0.022289 0.0 0.0 0.0 1.0
office/seq-03/color/frame-000359.color.png office/seq-03/color/frame-000362.color.png 0.999049 -0.0213287 0.0380337 -0.0749064 0.0201832 0.999339 0.030251 -0.0683913 -0.0386536 -0.0294547 0.998819 0.00393403 0.0 0.0 0.0 1.0
office/seq-03/color/frame-000362.color.png office/seq-03/color/frame-000365.color.png 0.999081 -0.0398332 0.01585 -0.0720022 0.0395839 0.999092 0.0157465 -0.053985 -0.0164629 -0.0151046 0.99975 -0.00136113 0.0 0.0 0.0 1.0
office/seq-03/color/frame-000365.color.png office/seq-03/color/frame-000368.color.png 0.999182 -0.035493 0.0193883 -0.0729616 0.0347244 0.99865 0.0386326 -0.0868973 -0.0207333 -0.0379277 0.999065 -0.0331376 0.0 0.0 0.0 1.0
office/seq-03/color/frame-000368.color.png office/seq-03/color/frame-000371.color.png 0.999678 -0.0247359 0.00571836 -0.0452999 0.0245823 0.999372 0.0255275 -0.0377755 -0.00634622 -0.0253787 0.999658 -0.0445737 0.0 0.0 0.0 1.0
office/seq-03/color/frame-000371.color.png office/seq-03/color/frame-000374.color.png 0.99872 -0.0356682 0.0358654 -0.108647 0.0347329 0.999049 0.0263706 -0.0641403 -0.0367719 -0.0250911 0.999009 -0.0109562 0.0 0.0 0.0 1.0
office/seq-03/color/frame-000374.color.png office/seq-03/color/frame-000377.color.png 0.998026 -0.0500709 0.0378952 -0.101296 0.0502268 0.998733 -0.00317379 0.0086627 -0.0376882 0.00507091 0.999277 -0.00140309 0.0 0.0 0.0 1.0
office/seq-03/color/frame-000377.color.png office/seq-03/color/frame-000380.color.png 0.997844 -0.0554464 0.0351254 -0.110935 0.0547635 0.998297 0.0201145 -0.0471908 -0.0361808 -0.0181475 0.99918 -0.044398 0.0 0.0 0.0 1.0
office/seq-03/color/frame-000380.color.png office/seq-03/color/frame-000383.color.png 0.998617 -0.0459411 0.0255651 -0.0819817 0.0454226 0.998757 0.0205067 -0.0465175 -0.0264755 -0.0193171 0.999463 -0.00814211 0.0 0.0 0.0 1.0
office/seq-03/color/frame-000383.color.png office/seq-03/color/frame-000386.color.png 0.999107 -0.0330068 0.0263745 -0.070711 0.0326067 0.999349 0.0154588 -0.0288124 -0.0268675 -0.0145851 0.999533 -0.0127918 0.0 0.0 0.0 1.0
office/seq-03/color/frame-000386.color.png office/seq-03/color/frame-000389.color.png 0.999361 -0.0319393 0.0160662 -0.0447036 0.0318767 0.999483 0.00414272 -0.00869596 -0.0161902 -0.00362795 0.999862 -0.0227036 0.0 0.0 0.0 1.0
office/seq-03/color/frame-000389.color.png office/seq-03/color/frame-000392.color.png 0.998847 -0.0440668 0.0190275 -0.0931038 0.0437584 0.998909 0.0163267 -0.0837526 -0.0197263 -0.0154753 0.999686 0.00218999 0.0 0.0 0.0 1.0
office/seq-03/color/frame-000392.color.png office/seq-03/color/frame-000395.color.png 0.999548 -0.0225982 0.0198105 -0.0382597 0.0223755 0.999685 0.0113906 -0.0269219 -0.0200616 -0.0109422 0.999739 0.00723147 0.0 0.0 0.0 1.0
office/seq-03/color/frame-000395.color.png office/seq-03/color/frame-000398.color.png 0.998737 -0.0294776 0.0406983 -0.0795618 0.0296993 0.999547 -0.0048535 0.00357175 -0.0405367 0.00605612 0.99916 0.0663224 0.0 0.0 0.0 1.0
office/seq-03/color/frame-000398.color.png office/seq-03/color/frame-000401.color.png 0.997589 -0.0444136 0.0533287 -0.0974634 0.0445171 0.999008 -0.000754061 -0.0370978 -0.0532424 0.00312627 0.998577 0.0620587 0.0 0.0 0.0 1.0
office/seq-03/color/frame-000401.color.png office/seq-03/color/frame-000404.color.png 0.998109 -0.0400119 0.0466662 -0.0854188 0.0403783 0.99916 -0.00693608 -0.0194336 -0.0463494 0.00880725 0.998886 0.0650767 0.0 0.0 0.0 1.0
office/seq-03/color/frame-000404.color.png office/seq-03/color/frame-000407.color.png 0.997799 -0.0337823 0.0570594 -0.0955905 0.0341314 0.999404 -0.00515522 -0.0265863 -0.0568513 0.00709138 0.998358 0.0966256 0.0 0.0 0.0 1.0
office/seq-03/color/frame-000407.color.png office/seq-03/color/frame-000410.color.png 0.998545 -0.0367439 0.0394678 -0.0722885 0.0371521 0.999263 -0.00965772 -0.0365433 -0.0390838 0.01111 0.999174 0.0667268 0.0 0.0 0.0 1.0
office/seq-03/color/frame-000410.color.png office/seq-03/color/frame-000413.color.png 0.998234 -0.0515495 0.0295101 -0.0513459 0.0523143 0.998298 -0.0257593 -0.00341642 -0.028132 0.0272577 0.999232 0.0722226 0.0 0.0 0.0 1.0
office/seq-03/color/frame-000413.color.png office/seq-03/color/frame-000416.color.png 0.998441 -0.0312186 0.0462692 -0.0972145 0.0315871 0.999475 -0.00725315 -0.016711 -0.0460184 0.00870333 0.998903 0.0831823 0.0 0.0 0.0 1.0
office/seq-03/color/frame-000416.color.png office/seq-03/color/frame-000419.color.png 0.99963 -0.023315 0.0139891 -0.0389171 0.0233551 0.999723 -0.00271478 -0.0116862 -0.0139219 0.00304046 0.999898 0.021083 0.0 0.0 0.0 1.0
office/seq-03/color/frame-000419.color.png office/seq-03/color/frame-000422.color.png 0.999261 -0.023342 0.0305484 -0.0724201 0.0225619 0.999417 0.025641 -0.0542021 -0.031129 -0.0249328 0.999204 0.0302174 0.0 0.0 0.0 1.0
office/seq-03/color/frame-000422.color.png office/seq-03/color/frame-000425.color.png 0.999902 -0.0136797 0.00283537 -0.0249383 0.013641 0.99982 0.0131868 -0.0405579 -0.00301534 -0.0131469 0.999909 0.0114645 0.0 0.0 0.0 1.0
office/seq-03/color/frame-000425.color.png office/seq-03/color/frame-000428.color.png 0.999861 -0.016475 -0.00271777 -0.0190853 0.0164893 0.99985 0.00534156 -0.0179883 0.00262937 -0.00538565 0.999982 -0.00180078 0.0 0.0 0.0 1.0
office/seq-03/color/frame-000428.color.png office/seq-03/color/frame-000431.color.png 0.999977 -0.00498027 -0.00459515 -0.00849545 0.00495147 0.999968 -0.00625147 0.00829542 0.00462617 0.00622856 0.99997 0.00824738 0.0 0.0 0.0 1.0
office/seq-03/color/frame-000431.color.png office/seq-03/color/frame-000434.color.png 0.99994 -0.00840437 -0.00708829 -0.00751698 0.00838925 0.999962 -0.00217455 -0.000858784 0.00710636 0.00211498 0.999972 -0.00720096 0.0 0.0 0.0 1.0
office/seq-03/color/frame-000434.color.png office/seq-03/color/frame-000437.color.png 0.999698 -0.019346 0.0151282 -0.0636479 0.0191455 0.999729 0.0132797 -0.0394506 -0.015381 -0.0129861 0.999797 0.0408095 0.0 0.0 0.0 1.0
office/seq-03/color/frame-000437.color.png office/seq-03/color/frame-000440.color.png 0.999727 -0.0212521 -0.00970934 -0.0213948 0.0212859 0.999768 0.00338785 -0.0274911 0.00963517 -0.00359359 0.999947 -0.0101098 0.0 0.0 0.0 1.0
office/seq-03/color/frame-000440.color.png office/seq-03/color/frame-000443.color.png 0.999669 -0.0222451 -0.0128927 -0.0270197 0.0222318 0.999752 -0.00116503 -0.0222384 0.0129154 0.000878016 0.999916 -0.0179923 0.0 0.0 0.0 1.0
office/seq-03/color/frame-000443.color.png office/seq-03/color/frame-000446.color.png 0.99983 -0.0155125 -0.00993861 -0.0134881 0.0155348 0.999877 0.00215724 -0.0280181 0.00990392 -0.00231127 0.999948 -0.0149595 0.0 0.0 0.0 1.0
office/seq-03/color/frame-000446.color.png office/seq-03/color/frame-000449.color.png 0.999743 -0.0147721 -0.0172021 -0.0158588 0.0148511 0.99988 0.00447367 -0.0243741 0.0171339 -0.00472799 0.999842 -0.0334946 0.0 0.0 0.0 1.0
office/seq-03/color/frame-000449.color.png office/seq-03/color/frame-000452.color.png 0.999892 -0.01418 -0.00381029 -0.0252553 0.0141923 0.999894 0.00322085 -0.0223581 0.00376418 -0.00327464 0.999988 -0.0202332 0.0 0.0 0.0 1.0
office/seq-03/color/frame-000452.color.png office/seq-03/color/frame-000455.color.png 0.999624 -0.0270456 -0.0046066 -0.0435976 0.0271133 0.999514 0.0153783 -0.0563143 0.00418849 -0.0154974 0.999871 -0.0250536 0.0 0.0 0.0 1.0
office/seq-03/color/frame-000455.color.png office/seq-03/color/frame-000458.color.png 0.999817 -0.0187002 -0.00417344 -0.0261614 0.018778 0.999635 0.0194443 -0.0658387 0.0038083 -0.0195191 0.999802 -0.0340719 0.0 0.0 0.0 1.0
office/seq-03/color/frame-000458.color.png office/seq-03/color/frame-000461.color.png 0.999945 -0.0104272 -0.000256659 -0.0195909 0.0104298 0.999835 0.0148782 -0.0464609 0.000101474 -0.0148801 0.999889 -0.0364091 0.0 0.0 0.0 1.0
office/seq-03/color/frame-000461.color.png office/seq-03/color/frame-000464.color.png 0.999942 -0.0103141 -0.00305053 -0.0184385 0.0103298 0.999933 0.0051948 -0.0399607 0.00299674 -0.00522598 0.999982 -0.0107266 0.0 0.0 0.0 1.0
office/seq-03/color/frame-000464.color.png office/seq-03/color/frame-000467.color.png 0.999992 0.00318474 0.00231021 -0.0126292 -0.00319435 0.999986 0.00413954 -0.0129 -0.00229701 -0.0041469 0.999989 0.00527775 0.0 0.0 0.0 1.0
office/seq-03/color/frame-000467.color.png office/seq-03/color/frame-000470.color.png 0.999972 -0.000406253 -0.00746262 -0.0012486 0.000492518 0.999933 0.0115526 -0.0321187 0.00745749 -0.0115559 0.999905 -0.0318805 0.0 0.0 0.0 1.0
office/seq-03/color/frame-000470.color.png office/seq-03/color/frame-000473.color.png 0.999994 -0.00124061 -0.00328509 -0.00274992 0.00128601 0.999903 0.0138625 -0.0503473 0.00326758 -0.0138666 0.999898 -0.0289345 0.0 0.0 0.0 1.0
office/seq-03/color/frame-000473.color.png office/seq-03/color/frame-000476.color.png 0.999957 0.00917847 -0.00145965 -0.00165576 -0.00916914 0.999938 0.00625293 -0.0131294 0.00151686 -0.00623933 0.99998 -0.00292873 0.0 0.0 0.0 1.0
office/seq-03/color/frame-000476.color.png office/seq-03/color/frame-000479.color.png 0.999805 0.0191788 0.00472307 0.00160658 -0.0191459 0.999793 -0.00695762 0.0104196 -0.00485551 0.00686586 0.999965 0.0117562 0.0 0.0 0.0 1.0
office/seq-03/color/frame-000479.color.png office/seq-03/color/frame-000482.color.png 0.999654 0.00885778 -0.024747 0.0323096 -0.00920674 0.999859 -0.0140253 0.0161426 0.0246193 0.0142482 0.999595 -0.00896943 0.0 0.0 0.0 1.0
office/seq-03/color/frame-000482.color.png office/seq-03/color/frame-000485.color.png 0.999878 -0.00491135 -0.0148096 0.0230181 0.00488987 0.999987 -0.00149532 -0.0200577 0.0148168 0.00142283 0.999889 -0.0237932 0.0 0.0 0.0 1.0
office/seq-03/color/frame-000485.color.png office/seq-03/color/frame-000488.color.png 0.999959 -0.00241241 0.00877461 -0.0134184 0.0024146 0.999997 -0.000245309 -0.0172175 -0.00877399 0.000266497 0.999961 -0.00623977 0.0 0.0 0.0 1.0
office/seq-03/color/frame-000488.color.png office/seq-03/color/frame-000491.color.png 0.999955 -0.00747765 0.00587905 -0.0285685 0.00737419 0.999821 0.0174447 -0.0606799 -0.0060085 -0.0174005 0.999831 0.00639093 0.0 0.0 0.0 1.0
office/seq-03/color/frame-000491.color.png office/seq-03/color/frame-000494.color.png 0.999329 0.00300999 -0.0364965 0.0535758 -0.00361912 0.999855 -0.016634 0.00620866 0.0364412 0.016755 0.999195 -0.00707877 0.0 0.0 0.0 1.0
office/seq-03/color/frame-000494.color.png office/seq-03/color/frame-000497.color.png 0.999255 0.0195037 -0.0333012 0.0838951 -0.0203344 0.999486 -0.0247923 0.0684906 0.0328005 0.0254509 0.999138 0.0107744 0.0 0.0 0.0 1.0
office/seq-03/color/frame-000497.color.png office/seq-03/color/frame-000500.color.png 0.999862 0.0049224 -0.0158823 0.0267559 -0.0050516 0.999955 -0.0081008 0.0152023 0.0158417 0.00817993 0.999841 0.0229198 0.0 0.0 0.0 1.0
office/seq-03/color/frame-000500.color.png office/seq-03/color/frame-000503.color.png 0.999216 0.00392395 -0.0393894 0.0789096 -0.00398957 0.999991 -0.00158657 -0.00881457 0.0393829 0.00174257 0.999223 -0.0260574 0.0 0.0 0.0 1.0
office/seq-03/color/frame-000503.color.png office/seq-03/color/frame-000506.color.png 0.99976 0.0123121 -0.0181267 0.0409985 -0.012242 0.999917 0.00396897 -0.0017252 0.018174 -0.00374625 0.999828 -0.00125957 0.0 0.0 0.0 1.0
office/seq-03/color/frame-000506.color.png office/seq-03/color/frame-000509.color.png 0.998906 0.0176854 -0.0432949 0.0870522 -0.0174846 0.999835 0.00501287 -0.00414908 0.0433764 -0.00425043 0.99905 -0.0217549 0.0 0.0 0.0 1.0
office/seq-03/color/frame-000509.color.png office/seq-03/color/frame-000512.color.png 0.999073 0.00567531 -0.0426763 0.0958501 -0.00587379 0.999972 -0.00452683 -0.00941169 0.0426494 0.00477339 0.999079 -0.0314652 0.0 0.0 0.0 1.0
office/seq-03/color/frame-000512.color.png office/seq-03/color/frame-000515.color.png 0.999265 0.0318896 -0.0212712 0.0888178 -0.0321353 0.99942 -0.0113102 0.0460961 0.0208983 0.0119854 0.99971 0.0140529 0.0 0.0 0.0 1.0
office/seq-03/color/frame-000515.color.png office/seq-03/color/frame-000518.color.png 0.999336 0.0346844 0.0111236 0.044857 -0.0345778 0.999356 -0.00963889 0.0314387 -0.0114509 0.00924794 0.999892 0.0148234 0.0 0.0 0.0 1.0
office/seq-03/color/frame-000518.color.png office/seq-03/color/frame-000521.color.png 0.99893 0.0371712 0.0275228 0.00903344 -0.0366172 0.999122 -0.0203635 0.0738218 -0.0282555 0.0193339 0.999414 0.0401343 0.0 0.0 0.0 1.0
office/seq-03/color/frame-000521.color.png office/seq-03/color/frame-000524.color.png 0.998417 0.0106455 0.055226 -0.0463599 -0.0105619 0.999943 -0.00180522 0.0122153 -0.0552421 0.00121907 0.998472 0.0431435 0.0 0.0 0.0 1.0
office/seq-03/color/frame-000524.color.png office/seq-03/color/frame-000527.color.png 0.99976 -0.00316725 0.0216942 -0.0168182 0.00348372 0.999888 -0.0145682 0.00618947 -0.0216457 0.0146403 0.999658 0.0223337 0.0 0.0 0.0 1.0
office/seq-03/color/frame-000527.color.png office/seq-03/color/frame-000530.color.png 0.999784 0.00947998 0.0184954 -0.0115497 -0.00912396 0.999773 -0.0192408 0.0572977 -0.0186737 0.0190679 0.999644 0.0076834 0.0 0.0 0.0 1.0
office/seq-03/color/frame-000530.color.png office/seq-03/color/frame-000533.color.png 0.999964 -0.00406179 0.00745308 -0.00679207 0.00407812 0.999989 -0.00217733 0.00655353 -0.00744421 0.00220767 0.99997 -0.0121024 0.0 0.0 0.0 1.0
office/seq-03/color/frame-000533.color.png office/seq-03/color/frame-000536.color.png 0.999975 0.00322233 0.00633334 -0.00197083 -0.00312734 0.999884 -0.0149398 0.0657282 -0.00638071 0.0149196 0.999868 -0.00410509 0.0 0.0 0.0 1.0
office/seq-03/color/frame-000536.color.png office/seq-03/color/frame-000539.color.png 0.999979 -0.00484062 0.00434985 -0.00468791 0.00483006 0.999985 0.00244838 0.0209384 -0.00436163 -0.00242733 0.999988 -0.0432069 0.0 0.0 0.0 1.0
office/seq-03/color/frame-000539.color.png office/seq-03/color/frame-000542.color.png 0.999845 -0.0176123 -0.000287834 -0.0120214 0.0176139 0.999815 0.00770802 0.000188231 0.000151943 -0.0077119 0.99997 -0.0496036 0.0 0.0 0.0 1.0
office/seq-03/color/frame-000542.color.png office/seq-03/color/frame-000545.color.png 0.999871 -0.0151398 -0.00537699 -0.001221 0.0151601 0.999878 0.00375777 0.017799 0.00531957 -0.00383882 0.999978 -0.06427 0.0 0.0 0.0 1.0
office/seq-03/color/frame-000545.color.png office/seq-03/color/frame-000548.color.png 0.9998 -0.00950296 -0.0175963 0.0195173 0.00946392 0.999953 -0.00229959 0.00931239 0.0176173 0.00213256 0.999843 -0.0507731 0.0 0.0 0.0 1.0
office/seq-03/color/frame-000548.color.png office/seq-03/color/frame-000551.color.png 0.999801 -0.00425935 -0.0195157 0.0327943 0.00450045 0.999914 0.0123254 0.0102431 0.0194615 -0.0124107 0.999734 -0.0840931 0.0 0.0 0.0 1.0
office/seq-03/color/frame-000551.color.png office/seq-03/color/frame-000554.color.png 0.999675 -0.0104805 -0.0232227 0.0320423 0.0103747 0.999935 -0.00467151 0.0307831 0.02327 0.00442906 0.999719 -0.0676417 0.0 0.0 0.0 1.0
office/seq-03/color/frame-000554.color.png office/seq-03/color/frame-000557.color.png 0.999669 -0.00135918 -0.0256801 0.0415503 0.00134027 0.999999 -0.000751591 0.0306839 0.0256812 0.000716921 0.99967 -0.058576 0.0 0.0 0.0 1.0
office/seq-03/color/frame-000557.color.png office/seq-03/color/frame-000560.color.png 0.99965 -0.00108354 -0.0264172 0.0524918 0.000916919 0.999979 -0.0063205 0.0380001 0.0264235 0.00629406 0.999631 -0.060163 0.0 0.0 0.0 1.0
office/seq-03/color/frame-000560.color.png office/seq-03/color/frame-000563.color.png 0.999938 0.00314901 -0.0106844 0.0286185 -0.0031962 0.999985 -0.00439879 0.0263698 0.0106704 0.00443263 0.999933 -0.022457 0.0 0.0 0.0 1.0
office/seq-03/color/frame-000563.color.png office/seq-03/color/frame-000566.color.png 0.999733 0.00577895 -0.0223537 0.059639 -0.00580853 0.999982 -0.00126078 0.0320648 0.022346 0.00139033 0.999749 -0.0480548 0.0 0.0 0.0 1.0
office/seq-03/color/frame-000566.color.png office/seq-03/color/frame-000569.color.png 0.999819 -0.00558214 -0.0181741 0.0555083 0.00573781 0.999947 0.00853306 0.00605816 0.0181256 -0.00863573 0.999798 -0.0792043 0.0 0.0 0.0 1.0
office/seq-03/color/frame-000569.color.png office/seq-03/color/frame-000572.color.png 0.99999 -0.00244714 0.0036849 0.0387028 0.00249377 0.999917 -0.0126446 0.0481416 -0.00365357 0.0126536 0.999913 -0.0136106 0.0 0.0 0.0 1.0
office/seq-03/color/frame-000572.color.png office/seq-03/color/frame-000575.color.png 0.999971 -4.36851e-05 -0.00757746 0.0560646 5.0009e-05 1.0 0.000844784 0.0322013 0.00757733 -0.000845115 0.999971 -0.0436379 0.0 0.0 0.0 1.0
office/seq-03/color/frame-000575.color.png office/seq-03/color/frame-000578.color.png 0.999819 0.0121354 -0.0146313 0.0518557 -0.0123326 0.999833 -0.0134623 0.0505233 0.0144657 0.0136404 0.999802 -0.0303052 0.0 0.0 0.0 1.0
office/seq-03/color/frame-000578.color.png office/seq-03/color/frame-000581.color.png 0.999724 0.0154349 -0.0177078 0.0682833 -0.0156103 0.99983 -0.00980364 0.0565898 0.0175533 0.0100773 0.999795 -0.0643477 0.0 0.0 0.0 1.0
office/seq-03/color/frame-000581.color.png office/seq-03/color/frame-000584.color.png 0.999659 0.0252775 0.00654457 0.0631216 -0.0251585 0.999528 -0.0176485 0.0772316 -0.00698753 0.0174778 0.999823 0.00465393 0.0 0.0 0.0 1.0
office/seq-03/color/frame-000584.color.png office/seq-03/color/frame-000587.color.png 0.999833 0.0177736 -0.00436105 0.0306659 -0.0178687 0.99958 -0.0228336 0.0714183 0.00395336 0.0229077 0.99973 -0.00674051 0.0 0.0 0.0 1.0
office/seq-03/color/frame-000587.color.png office/seq-03/color/frame-000590.color.png 0.999471 0.0323822 -0.0028631 0.0561447 -0.0324215 0.999363 -0.0149045 0.0901159 0.00237865 0.0149895 0.999885 -0.0295492 0.0 0.0 0.0 1.0
office/seq-03/color/frame-000590.color.png office/seq-03/color/frame-000593.color.png 0.99891 0.0463507 0.00555953 0.0476609 -0.0464276 0.998815 0.0146128 0.0985019 -0.00487574 -0.014855 0.999878 -0.0197542 0.0 0.0 0.0 1.0
office/seq-03/color/frame-000593.color.png office/seq-03/color/frame-000596.color.png 0.999364 0.0283814 -0.0215978 0.0588404 -0.0285984 0.999543 -0.00980525 0.0872669 0.0213097 0.0104167 0.999718 -0.0337892 0.0 0.0 0.0 1.0
office/seq-03/color/frame-000596.color.png office/seq-03/color/frame-000599.color.png 0.999733 0.0183642 -0.0139924 0.0264686 -0.0183432 0.99983 0.00162421 0.0500503 0.0140199 -0.00136714 0.999901 -0.0357769 0.0 0.0 0.0 1.0
office/seq-03/color/frame-000599.color.png office/seq-03/color/frame-000602.color.png 0.999205 0.0359358 -0.0172412 0.0449483 -0.0359912 0.999348 -0.00291634 0.0962747 0.0171251 0.00353458 0.999847 -0.0425188 0.0 0.0 0.0 1.0
office/seq-03/color/frame-000602.color.png office/seq-03/color/frame-000605.color.png 0.998849 0.0315808 -0.0361001 0.0441762 -0.0321986 0.999343 -0.0166602 0.101912 0.0355503 0.0178034 0.999209 -0.065442 0.0 0.0 0.0 1.0
office/seq-03/color/frame-000605.color.png office/seq-03/color/frame-000608.color.png 0.99883 0.0357454 -0.0325788 0.0406129 -0.0359296 0.999342 -0.00508305 0.0949435 0.0323756 0.00624762 0.999456 -0.0730812 0.0 0.0 0.0 1.0
office/seq-03/color/frame-000608.color.png office/seq-03/color/frame-000611.color.png 0.99653 0.0488048 -0.0674321 0.0601612 -0.0491464 0.998785 -0.00341601 0.11173 0.0671836 0.00671818 0.997718 -0.121268 0.0 0.0 0.0 1.0
office/seq-03/color/frame-000611.color.png office/seq-03/color/frame-000614.color.png 0.998675 0.0183492 -0.048087 0.0159824 -0.0194973 0.999533 -0.0235148 0.0702177 0.0476331 0.0244213 0.998566 -0.0882114 0.0 0.0 0.0 1.0
office/seq-03/color/frame-000614.color.png office/seq-03/color/frame-000617.color.png 0.998568 -0.0163549 -0.0509378 0.0141249 0.0144559 0.999195 -0.0374295 0.0376602 0.0515088 0.0366396 0.998 -0.0829518 0.0 0.0 0.0 1.0
office/seq-03/color/frame-000617.color.png office/seq-03/color/frame-000620.color.png 0.99948 -0.002896 -0.0321037 0.0227984 0.00142278 0.998949 -0.0458165 0.0645342 0.0322026 0.045747 0.998434 -0.0459001 0.0 0.0 0.0 1.0
office/seq-03/color/frame-000620.color.png office/seq-03/color/frame-000623.color.png 0.999728 -0.0173483 -0.0155637 -0.000647187 0.0167539 0.999155 -0.0375397 0.0422364 0.0162018 0.0372687 0.999174 -0.0394746 0.0 0.0 0.0 1.0
office/seq-03/color/frame-000623.color.png office/seq-03/color/frame-000626.color.png 0.999945 0.00758531 -0.0071857 0.00121105 -0.00767973 0.999883 -0.0132082 0.0460477 0.00708472 0.0132626 0.999887 -0.0118028 0.0 0.0 0.0 1.0
office/seq-03/color/frame-000626.color.png office/seq-03/color/frame-000629.color.png 0.999961 0.00880671 0.00015479 -0.0110456 -0.00880638 0.999959 -0.00219532 0.0504315 -0.000174186 0.00219387 0.999998 -0.00256127 0.0 0.0 0.0 1.0
office/seq-03/color/frame-000629.color.png office/seq-03/color/frame-000632.color.png 0.999944 -0.0105613 0.000456947 -0.018802 0.0105657 0.999886 -0.0107553 0.0232897 -0.000343275 0.0107596 0.999942 -0.000570446 0.0 0.0 0.0 1.0
office/seq-03/color/frame-000632.color.png office/seq-03/color/frame-000635.color.png 0.999932 -0.00739699 -0.00897713 -0.0164973 0.00733369 0.999948 -0.00706423 0.0190093 0.00902892 0.00699787 0.999935 -0.0223751 0.0 0.0 0.0 1.0
office/seq-03/color/frame-000635.color.png office/seq-03/color/frame-000638.color.png 0.999908 0.0119191 0.00645554 -0.0246578 -0.0119395 0.999924 0.00311154 0.053485 -0.006418 -0.00318828 0.999974 0.00411946 0.0 0.0 0.0 1.0
office/seq-03/color/frame-000638.color.png office/seq-03/color/frame-000641.color.png 0.999716 0.00428597 -0.0234586 -0.0180486 -0.00439469 0.99998 -0.00458615 0.0486087 0.0234384 0.00468793 0.999714 -0.0442635 0.0 0.0 0.0 1.0
office/seq-03/color/frame-000641.color.png office/seq-03/color/frame-000644.color.png 0.999844 0.0127009 -0.0122738 -0.00467014 -0.0125259 0.99982 0.014232 0.0389335 0.0124524 -0.014076 0.999823 -0.0338529 0.0 0.0 0.0 1.0
office/seq-03/color/frame-000644.color.png office/seq-03/color/frame-000647.color.png 0.999479 -0.00640809 -0.0316345 -0.00904346 0.00658529 0.999963 0.00549898 0.0148835 0.0315981 -0.00570445 0.999484 -0.0547112 0.0 0.0 0.0 1.0
office/seq-03/color/frame-000647.color.png office/seq-03/color/frame-000650.color.png 0.999249 0.0209474 -0.0325986 -0.00926507 -0.0210388 0.999776 -0.0024621 0.0879664 0.0325397 0.00314605 0.999466 -0.0378266 0.0 0.0 0.0 1.0
office/seq-03/color/frame-000650.color.png office/seq-03/color/frame-000653.color.png 0.998361 0.0378932 -0.0428744 0.00221157 -0.0378392 0.999282 0.00207133 0.0784939 0.0429221 -0.000445574 0.999078 -0.0550866 0.0 0.0 0.0 1.0
office/seq-03/color/frame-000653.color.png office/seq-03/color/frame-000656.color.png 0.999367 0.0292327 -0.0202945 -0.0100091 -0.0291426 0.999564 0.00472227 0.0653891 0.0204237 -0.00412784 0.999783 -0.0308661 0.0 0.0 0.0 1.0
office/seq-03/color/frame-000656.color.png office/seq-03/color/frame-000659.color.png 0.997799 0.050952 -0.0424468 -0.00106776 -0.051005 0.998698 -0.000167194 0.10328 0.042383 0.00233182 0.999099 -0.048679 0.0 0.0 0.0 1.0
office/seq-03/color/frame-000659.color.png office/seq-03/color/frame-000662.color.png 0.999066 0.0272373 -0.0335421 -0.00647092 -0.0270457 0.999615 0.00615257 0.0315883 0.0336968 -0.00523966 0.999418 -0.0418778 0.0 0.0 0.0 1.0
office/seq-03/color/frame-000662.color.png office/seq-03/color/frame-000665.color.png 0.998465 0.0311169 -0.0458292 -0.000458479 -0.0320076 0.99931 -0.0188303 0.0663502 0.0452116 0.0202683 0.998772 -0.0366203 0.0 0.0 0.0 1.0
office/seq-03/color/frame-000665.color.png office/seq-03/color/frame-000668.color.png 0.999252 0.0351417 -0.016123 -0.013186 -0.0353185 0.999318 -0.010812 0.0643627 0.0157321 0.0113733 0.999812 -0.00510818 0.0 0.0 0.0 1.0
office/seq-03/color/frame-000668.color.png office/seq-03/color/frame-000671.color.png 0.999524 0.0124209 -0.0282252 0.00584483 -0.0126497 0.999888 -0.00794305 0.0114817 0.0281234 0.00829631 0.99957 -0.0140864 0.0 0.0 0.0 1.0
office/seq-03/color/frame-000671.color.png office/seq-03/color/frame-000674.color.png 0.999373 0.0055973 -0.0349716 0.0106777 -0.00698551 0.999187 -0.0397004 0.0246536 0.034721 0.0399198 0.998599 -0.0386681 0.0 0.0 0.0 1.0
office/seq-03/color/frame-000674.color.png office/seq-03/color/frame-000677.color.png 0.999731 0.0196885 -0.0122657 -0.0082742 -0.0199385 0.999589 -0.0206021 0.0330346 0.0118551 0.0208412 0.999713 -0.0129494 0.0 0.0 0.0 1.0
office/seq-03/color/frame-000677.color.png office/seq-03/color/frame-000680.color.png 0.99933 0.0326685 -0.0164876 -0.0139576 -0.0328603 0.999394 -0.0114961 0.0442661 0.016102 0.0120302 0.999798 0.00132653 0.0 0.0 0.0 1.0
office/seq-03/color/frame-000680.color.png office/seq-03/color/frame-000683.color.png 0.999544 0.0212062 -0.0214975 0.00773776 -0.02133 0.999757 -0.00554561 0.0381656 0.0213746 0.00600162 0.999754 -0.00614902 0.0 0.0 0.0 1.0
office/seq-03/color/frame-000683.color.png office/seq-03/color/frame-000686.color.png 0.99929 0.0188117 -0.0326456 -0.00590003 -0.0192028 0.999747 -0.0117087 0.00752719 0.0324171 0.0123272 0.999398 -0.0189185 0.0 0.0 0.0 1.0
office/seq-03/color/frame-000686.color.png office/seq-03/color/frame-000689.color.png 0.99838 0.0296986 -0.0485391 -0.0115888 -0.0310014 0.999173 -0.0263108 0.0473045 0.0477176 0.0277729 0.998475 -0.0400446 0.0 0.0 0.0 1.0
office/seq-03/color/frame-000689.color.png office/seq-03/color/frame-000692.color.png 0.998839 0.0319565 -0.0360474 0.0021801 -0.0324507 0.999386 -0.0132077 0.033867 0.0356032 0.0143621 0.999263 -0.0332851 0.0 0.0 0.0 1.0
office/seq-03/color/frame-000692.color.png office/seq-03/color/frame-000695.color.png 0.998594 0.0223556 -0.0480653 -0.0042417 -0.0230419 0.99964 -0.013773 0.0247394 0.0477401 0.0148611 0.998749 -0.0374803 0.0 0.0 0.0 1.0
office/seq-03/color/frame-000695.color.png office/seq-03/color/frame-000698.color.png 0.998823 0.0292784 -0.0386657 -0.00679934 -0.0298538 0.999451 -0.0143894 0.0310572 0.0382232 0.0155268 0.999149 -0.0298108 0.0 0.0 0.0 1.0
office/seq-03/color/frame-000698.color.png office/seq-03/color/frame-000701.color.png 0.998017 0.014312 -0.0612971 0.0239341 -0.0153053 0.999759 -0.0157669 0.0212684 0.0610567 0.0166739 0.997995 -0.0611214 0.0 0.0 0.0 1.0
office/seq-03/color/frame-000701.color.png office/seq-03/color/frame-000704.color.png 0.998541 0.00642862 -0.0536175 0.0045439 -0.00695576 0.999929 -0.00965117 0.0183749 0.0535516 0.01001 0.998515 -0.0475011 0.0 0.0 0.0 1.0
office/seq-03/color/frame-000704.color.png office/seq-03/color/frame-000707.color.png 0.998918 0.0184429 -0.0426864 -0.00177836 -0.0186686 0.999814 -0.00489351 0.0177733 0.0425881 0.00568509 0.999077 -0.0372845 0.0 0.0 0.0 1.0
office/seq-03/color/frame-000707.color.png office/seq-03/color/frame-000710.color.png 0.998495 0.0289427 -0.0465901 0.0208757 -0.0288797 0.999581 0.00202502 0.0237937 0.0466293 -0.000676415 0.998912 -0.0493294 0.0 0.0 0.0 1.0
office/seq-03/color/frame-000710.color.png office/seq-03/color/frame-000713.color.png 0.998922 0.0199733 -0.0419101 0.00301027 -0.0197206 0.999785 0.00643365 0.0139445 0.0420296 -0.00560028 0.999101 -0.0338895 0.0 0.0 0.0 1.0
office/seq-03/color/frame-000713.color.png office/seq-03/color/frame-000716.color.png 0.99918 0.012881 -0.0383738 -0.00187457 -0.0129089 0.999917 -0.000476711 0.0113499 0.0383646 0.000971762 0.999263 -0.0347928 0.0 0.0 0.0 1.0
office/seq-03/color/frame-000716.color.png office/seq-03/color/frame-000719.color.png 0.998761 0.0162041 -0.0470484 0.0131052 -0.0166359 0.999823 -0.0087999 0.0213962 0.0468975 0.0095716 0.998854 -0.0290436 0.0 0.0 0.0 1.0
office/seq-03/color/frame-000719.color.png office/seq-03/color/frame-000722.color.png 0.999147 0.0155952 -0.0382464 0.00733966 -0.0154708 0.999874 0.00354714 0.00986851 0.0382968 -0.00295241 0.999262 -0.0360231 0.0 0.0 0.0 1.0
office/seq-03/color/frame-000722.color.png office/seq-03/color/frame-000725.color.png 0.999204 0.0207381 -0.0340792 -0.00204086 -0.0208014 0.999783 -0.00150573 0.0198226 0.0340406 0.00221349 0.999418 -0.0253185 0.0 0.0 0.0 1.0
office/seq-03/color/frame-000725.color.png office/seq-03/color/frame-000728.color.png 0.999152 0.0212608 -0.0352673 0.00145489 -0.0212636 0.999774 0.000295197 0.0201757 0.0352656 0.000454979 0.999378 -0.0327156 0.0 0.0 0.0 1.0
office/seq-03/color/frame-000728.color.png office/seq-03/color/frame-000731.color.png 0.999111 0.0192393 -0.0375252 0.00723541 -0.0191862 0.999814 0.00177404 0.0162106 0.0375523 -0.00105258 0.999294 -0.0257205 0.0 0.0 0.0 1.0
office/seq-03/color/frame-000731.color.png office/seq-03/color/frame-000734.color.png 0.999827 0.00912734 -0.0161904 -0.00350571 -0.0090988 0.999957 0.00183259 0.0127361 0.0162063 -0.00168495 0.999867 -0.0144899 0.0 0.0 0.0 1.0
office/seq-03/color/frame-000734.color.png office/seq-03/color/frame-000737.color.png 0.9998 0.0111816 -0.0165813 0.00200641 -0.0111465 0.999935 0.00220863 0.00627233 0.0166048 -0.00202332 0.99986 -0.0101625 0.0 0.0 0.0 1.0
office/seq-03/color/frame-000737.color.png office/seq-03/color/frame-000740.color.png 0.999232 0.0174944 -0.0350707 -0.000488102 -0.01776 0.999816 -0.00727436 0.0274654 0.034937 0.00789148 0.999358 -0.0234223 0.0 0.0 0.0 1.0
office/seq-03/color/frame-000740.color.png office/seq-03/color/frame-000743.color.png 0.999758 0.0140096 -0.0169713 -0.0014742 -0.0141138 0.999882 -0.00603315 0.0137887 0.016885 0.00627123 0.999838 -0.0249131 0.0 0.0 0.0 1.0
office/seq-03/color/frame-000743.color.png office/seq-03/color/frame-000746.color.png 0.999181 0.019087 -0.0356793 0.000264168 -0.0192093 0.999811 -0.00309229 0.0248628 0.0356132 0.00377529 0.999358 -0.0228649 0.0 0.0 0.0 1.0
office/seq-03/color/frame-000746.color.png office/seq-03/color/frame-000749.color.png 0.999636 0.0110129 -0.0246415 -0.00219971 -0.0108392 0.999916 0.00717454 0.00404735 0.0247185 -0.00690491 0.999671 -0.0293381 0.0 0.0 0.0 1.0
office/seq-03/color/frame-000749.color.png office/seq-03/color/frame-000752.color.png 0.999386 0.0173573 -0.0304372 -0.00317645 -0.0175564 0.999826 -0.0062854 0.0210157 0.0303227 0.00681586 0.999517 -0.0223772 0.0 0.0 0.0 1.0
office/seq-03/color/frame-000752.color.png office/seq-03/color/frame-000755.color.png 0.9987 0.0103129 -0.0499155 0.0138546 -0.00980233 0.999897 0.0104641 -0.000745967 0.0500184 -0.00996126 0.998699 -0.0477242 0.0 0.0 0.0 1.0
office/seq-03/color/frame-000755.color.png office/seq-03/color/frame-000758.color.png 0.999389 0.0103407 -0.0333976 0.00574219 -0.0103096 0.999946 0.00110225 0.0127279 0.0334072 -0.000757202 0.999441 -0.0235252 0.0 0.0 0.0 1.0
office/seq-03/color/frame-000758.color.png office/seq-03/color/frame-000761.color.png 0.999463 0.00835735 -0.0316793 -0.000444472 -0.00761253 0.999693 0.0235606 -0.0108426 0.0318666 -0.0233068 0.99922 -0.0179104 0.0 0.0 0.0 1.0
office/seq-03/color/frame-000761.color.png office/seq-03/color/frame-000764.color.png 0.99956 0.00908496 -0.0282532 0.000812531 -0.0088721 0.999931 0.00764977 0.00425451 0.0283207 -0.00739575 0.999572 -0.0129502 0.0 0.0 0.0 1.0
office/seq-03/color/frame-000764.color.png office/seq-03/color/frame-000767.color.png 0.999493 0.0126641 -0.0292044 0.0017308 -0.0127551 0.999914 -0.00293202 0.021215 0.0291648 0.00330299 0.999569 -0.0284234 0.0 0.0 0.0 1.0
office/seq-03/color/frame-000767.color.png office/seq-03/color/frame-000770.color.png 0.999646 0.0195674 -0.0180049 -0.00804073 -0.0196946 0.999782 -0.00691256 0.0169774 0.0178657 0.00726474 0.999814 -0.0139999 0.0 0.0 0.0 1.0
office/seq-03/color/frame-000770.color.png office/seq-03/color/frame-000773.color.png 0.999714 0.0124923 -0.0203987 -0.00545186 -0.0126436 0.999893 -0.00730656 0.0154021 0.0203053 0.00756243 0.999765 -0.0208424 0.0 0.0 0.0 1.0
office/seq-03/color/frame-000773.color.png office/seq-03/color/frame-000776.color.png 0.9996 0.0133629 -0.0249302 0.000306249 -0.0135504 0.999881 -0.00736487 0.0156011 0.0248289 0.00769966 0.999662 -0.0234395 0.0 0.0 0.0 1.0
office/seq-03/color/frame-000776.color.png office/seq-03/color/frame-000779.color.png 0.999409 0.0130423 -0.0318145 0.00187171 -0.013112 0.999912 -0.00198283 0.0148571 0.0317858 0.00239885 0.999492 -0.0267462 0.0 0.0 0.0 1.0
office/seq-03/color/frame-000779.color.png office/seq-03/color/frame-000782.color.png 0.999736 0.0102491 -0.0205632 -0.00509137 -0.0102041 0.999945 0.00229434 0.0146511 0.0205856 -0.00208393 0.999786 -0.0199721 0.0 0.0 0.0 1.0
office/seq-03/color/frame-000782.color.png office/seq-03/color/frame-000785.color.png 0.999756 0.00392492 -0.0217498 -0.00280988 -0.00373836 0.999956 0.0086106 0.00357245 0.0217825 -0.00852721 0.999726 -0.0237809 0.0 0.0 0.0 1.0
office/seq-03/color/frame-000785.color.png office/seq-03/color/frame-000788.color.png 0.999707 0.00888568 -0.0224996 0.00828803 -0.00889877 0.99996 -0.000480815 0.00988069 0.0224945 0.000680958 0.999747 -0.0212569 0.0 0.0 0.0 1.0
office/seq-03/color/frame-000788.color.png office/seq-03/color/frame-000791.color.png 0.99977 0.0119775 -0.0177804 -0.0010401 -0.0119093 0.999921 0.00393324 0.0111743 0.0178262 -0.00372056 0.999834 -0.0182699 0.0 0.0 0.0 1.0
office/seq-03/color/frame-000791.color.png office/seq-03/color/frame-000794.color.png 0.999727 0.0123528 -0.0198573 -0.00634062 -0.0121376 0.999867 0.0109213 0.00760126 0.0199895 -0.0106772 0.999743 -0.00934845 0.0 0.0 0.0 1.0
office/seq-03/color/frame-000794.color.png office/seq-03/color/frame-000797.color.png 0.999634 0.0130349 -0.0237041 -0.00430536 -0.0129043 0.999901 0.00565707 0.0164863 0.0237755 -0.00534918 0.999703 -0.0159746 0.0 0.0 0.0 1.0
office/seq-03/color/frame-000797.color.png office/seq-03/color/frame-000800.color.png 0.999525 0.0134564 -0.0277234 -0.00418383 -0.0130952 0.999828 0.0131684 0.00992003 0.0278958 -0.012799 0.999529 -0.025984 0.0 0.0 0.0 1.0
office/seq-03/color/frame-000800.color.png office/seq-03/color/frame-000803.color.png 0.999461 0.0157516 -0.0287934 -0.0118346 -0.0156933 0.999874 0.00224938 0.0113321 0.0288252 -0.00179637 0.999583 -0.00978798 0.0 0.0 0.0 1.0
office/seq-03/color/frame-000803.color.png office/seq-03/color/frame-000806.color.png 0.999298 0.0174841 -0.0331251 0.00839561 -0.017004 0.999747 0.0147185 0.0050123 0.0333741 -0.0141448 0.999343 -0.0197106 0.0 0.0 0.0 1.0
office/seq-03/color/frame-000806.color.png office/seq-03/color/frame-000809.color.png 0.999413 0.0168226 -0.0298605 0.0040502 -0.0166357 0.99984 0.00649549 0.00887647 0.029965 -0.00599494 0.999533 -0.0153418 0.0 0.0 0.0 1.0
office/seq-03/color/frame-000809.color.png office/seq-03/color/frame-000812.color.png 0.999692 0.0156844 -0.0192125 -0.0135694 -0.0155529 0.999855 0.00697481 0.0153235 0.0193191 -0.00667382 0.999791 -0.0206202 0.0 0.0 0.0 1.0
office/seq-03/color/frame-000812.color.png office/seq-03/color/frame-000815.color.png 0.999624 0.0189868 -0.0197903 -0.00463194 -0.0188194 0.999786 0.00860547 0.00981013 0.0199494 -0.00822978 0.999767 -0.0150831 0.0 0.0 0.0 1.0
office/seq-03/color/frame-000815.color.png office/seq-03/color/frame-000818.color.png 0.999549 0.0226104 -0.0197516 -0.00481302 -0.022592 0.999744 0.00115424 0.0169537 0.0197727 -0.000707547 0.999804 -0.0162348 0.0 0.0 0.0 1.0
office/seq-03/color/frame-000818.color.png office/seq-03/color/frame-000821.color.png 0.999785 0.0157923 -0.0134548 -0.00364161 -0.0157303 0.999865 0.00469969 0.0088373 0.0135272 -0.00448708 0.999898 -0.00990319 0.0 0.0 0.0 1.0
office/seq-03/color/frame-000821.color.png office/seq-03/color/frame-000824.color.png 0.99935 0.0252746 -0.0257049 0.0025546 -0.0252619 0.999681 0.000818542 0.0178681 0.0257174 -0.000168654 0.999669 -0.0179676 0.0 0.0 0.0 1.0
office/seq-03/color/frame-000824.color.png office/seq-03/color/frame-000827.color.png 0.999582 0.0215743 -0.0192681 -0.00444722 -0.021706 0.999742 -0.00665611 0.0165253 0.0191195 0.00707158 0.999792 -0.0165915 0.0 0.0 0.0 1.0
office/seq-03/color/frame-000827.color.png office/seq-03/color/frame-000830.color.png 0.999634 0.0253683 -0.00934958 -0.0197884 -0.0254248 0.999659 -0.00598284 0.0207627 0.00919463 0.00621829 0.999938 -0.0209201 0.0 0.0 0.0 1.0
office/seq-03/color/frame-000830.color.png office/seq-03/color/frame-000833.color.png 0.999712 0.0209964 -0.0116323 -0.014369 -0.0210177 0.999778 -0.00170954 0.00736564 0.0115938 0.0019535 0.999931 -0.0225055 0.0 0.0 0.0 1.0
office/seq-03/color/frame-000833.color.png office/seq-03/color/frame-000836.color.png 0.999994 0.00313088 -0.00142167 -0.00516787 -0.00313624 0.999988 -0.00380862 -0.0060737 0.00140973 0.00381313 0.999992 -0.00845915 0.0 0.0 0.0 1.0
office/seq-03/color/frame-000836.color.png office/seq-03/color/frame-000839.color.png 0.999968 -0.00604459 0.00527054 -0.0010615 0.00604198 0.999982 0.000506789 -0.0155106 -0.00527349 -0.000474951 0.999986 -0.00480127 0.0 0.0 0.0 1.0
office/seq-03/color/frame-000839.color.png office/seq-03/color/frame-000842.color.png 0.99969 -0.0107379 0.0224434 0.00165963 0.0108414 0.999931 -0.0044947 -0.0179452 -0.0223936 0.00473651 0.999738 -0.00098899 0.0 0.0 0.0 1.0
office/seq-03/color/frame-000842.color.png office/seq-03/color/frame-000845.color.png 0.999756 -0.0120917 0.0184784 -0.0170344 0.0122894 0.999868 -0.0106222 -0.0193295 -0.0183475 0.0108467 0.999773 -0.00356737 0.0 0.0 0.0 1.0
office/seq-03/color/frame-000845.color.png office/seq-03/color/frame-000848.color.png 0.999514 -0.0152195 0.0272105 -0.023086 0.0152807 0.999881 -0.00204188 -0.0264421 -0.0271761 0.0024567 0.999628 0.0160604 0.0 0.0 0.0 1.0
office/seq-03/color/frame-000848.color.png office/seq-03/color/frame-000851.color.png 0.998368 -0.0293506 0.0489849 -0.0242237 0.0297559 0.999529 -0.00756408 -0.0297093 -0.0487398 0.00900929 0.998771 0.0183824 0.0 0.0 0.0 1.0
office/seq-03/color/frame-000851.color.png office/seq-03/color/frame-000854.color.png 0.998973 -0.0151391 0.0427164 -0.0346585 0.0152564 0.999881 -0.002421 -0.0223849 -0.0426747 0.00307029 0.999084 0.00700158 0.0 0.0 0.0 1.0
office/seq-03/color/frame-000854.color.png office/seq-03/color/frame-000857.color.png 0.998941 -0.0181476 0.0422726 -0.02226 0.0183051 0.999827 -0.00334272 -0.0197607 -0.0422046 0.00411295 0.999101 0.0176105 0.0 0.0 0.0 1.0
office/seq-03/color/frame-000857.color.png office/seq-03/color/frame-000860.color.png 0.998717 -0.0208689 0.0461336 -0.0228357 0.0211174 0.999765 -0.00490353 -0.0198954 -0.0460204 0.00587159 0.998923 0.0196066 0.0 0.0 0.0 1.0
office/seq-03/color/frame-000860.color.png office/seq-03/color/frame-000863.color.png 0.998877 -0.0285744 0.037802 -0.0234335 0.0283802 0.999581 0.00566309 -0.0141137 -0.037948 -0.00458388 0.999269 0.0167545 0.0 0.0 0.0 1.0
office/seq-03/color/frame-000863.color.png office/seq-03/color/frame-000866.color.png 0.999778 -0.00329324 0.0208155 -0.00878924 0.00356232 0.99991 -0.0129038 -0.00682379 -0.0207712 0.012975 0.9997 0.00594479 0.0 0.0 0.0 1.0
office/seq-03/color/frame-000866.color.png office/seq-03/color/frame-000869.color.png 0.999844 -0.00383458 0.0172221 -0.0130635 0.00409159 0.99988 -0.0149147 -0.010641 -0.0171628 0.0149829 0.99974 -0.00339624 0.0 0.0 0.0 1.0
office/seq-03/color/frame-000869.color.png office/seq-03/color/frame-000872.color.png 0.999313 -0.0266611 0.0257629 -0.0166101 0.0264993 0.999627 0.00660246 -0.023212 -0.0259293 -0.00591518 0.999646 0.0110385 0.0 0.0 0.0 1.0
office/seq-03/color/frame-000872.color.png office/seq-03/color/frame-000875.color.png 0.999666 -0.0151493 0.0209388 0.000897259 0.0151645 0.999885 -0.000568632 -0.0162169 -0.0209278 0.000885968 0.999781 0.0062308 0.0 0.0 0.0 1.0
office/seq-03/color/frame-000875.color.png office/seq-03/color/frame-000878.color.png 0.999469 -0.0139496 0.0294315 -0.0267955 0.014076 0.999892 -0.0040948 -0.0147751 -0.0293712 0.00450686 0.999558 1.66893e-05 0.0 0.0 0.0 1.0
office/seq-03/color/frame-000878.color.png office/seq-03/color/frame-000881.color.png 0.999473 -0.0180324 0.0269839 -0.0122943 0.0180092 0.999837 0.00110665 -0.0169533 -0.0269995 -0.000620061 0.999635 0.0105209 0.0 0.0 0.0 1.0
office/seq-03/color/frame-000881.color.png office/seq-03/color/frame-000884.color.png 0.999761 -0.00460275 0.02136 -0.0125014 0.00481191 0.999941 -0.00975057 -0.0110912 -0.0213138 0.00985103 0.999724 0.00863406 0.0 0.0 0.0 1.0
office/seq-03/color/frame-000884.color.png office/seq-03/color/frame-000887.color.png 0.999823 -0.0105307 0.0155808 -0.015939 0.0105723 0.999941 -0.00259262 0.004203 -0.0155525 0.00275688 0.999875 -0.00227654 0.0 0.0 0.0 1.0
office/seq-03/color/frame-000887.color.png office/seq-03/color/frame-000890.color.png 0.999831 -0.00783437 0.0166221 0.00332385 0.00810854 0.999831 -0.0164946 0.0106078 -0.01649 0.0166265 0.999726 0.0122449 0.0 0.0 0.0 1.0
office/seq-03/color/frame-000890.color.png office/seq-03/color/frame-000893.color.png 0.999799 -0.011366 0.0165119 -0.00787842 0.0113095 0.99993 0.00351499 -0.00961818 -0.0165508 -0.0033276 0.999858 0.0018158 0.0 0.0 0.0 1.0
office/seq-03/color/frame-000893.color.png office/seq-03/color/frame-000896.color.png 0.999692 -0.00354102 0.0245418 -0.0129906 0.00366364 0.999981 -0.00495274 -0.0126011 -0.0245239 0.00504118 0.999686 0.00137809 0.0 0.0 0.0 1.0
office/seq-03/color/frame-000896.color.png office/seq-03/color/frame-000899.color.png 0.999882 -0.00820458 0.0129514 0.00052622 0.00832743 0.999921 -0.00946376 -0.00495499 -0.0128727 0.00957045 0.999871 0.00750816 0.0 0.0 0.0 1.0
office/seq-03/color/frame-000899.color.png office/seq-03/color/frame-000902.color.png 0.999532 -0.0174434 0.0251083 -0.00248724 0.0171849 0.999797 0.0104734 -0.0121917 -0.0252859 -0.010037 0.99963 0.00801373 0.0 0.0 0.0 1.0
office/seq-03/color/frame-000902.color.png office/seq-03/color/frame-000905.color.png 0.999202 -0.00153127 0.0399071 -0.0180451 0.00100116 0.999911 0.0133014 -0.0240627 -0.0399239 -0.0132507 0.999115 0.0129927 0.0 0.0 0.0 1.0
office/seq-03/color/frame-000905.color.png office/seq-03/color/frame-000908.color.png 0.999602 -0.000672392 0.0282087 -0.00413322 0.000670214 1.0 8.66001e-05 -0.00142621 -0.0282088 -6.77289e-05 0.999602 0.0163876 0.0 0.0 0.0 1.0
office/seq-03/color/frame-000908.color.png office/seq-03/color/frame-000911.color.png 0.999507 0.0055753 0.0309047 -0.00349191 -0.00581466 0.999954 0.00766145 -0.00964412 -0.0308606 -0.00783729 0.999493 0.0192128 0.0 0.0 0.0 1.0
office/seq-03/color/frame-000911.color.png office/seq-03/color/frame-000914.color.png 0.998918 0.00422656 0.0463088 -0.0109567 -0.00499198 0.999853 0.0164256 -0.0243883 -0.0462324 -0.0166391 0.998792 0.00943726 0.0 0.0 0.0 1.0
office/seq-03/color/frame-000914.color.png office/seq-03/color/frame-000917.color.png 0.998857 -0.00258355 0.0477275 -0.00490049 0.00294472 0.999968 -0.00749867 -0.00481004 -0.0477066 0.00763063 0.998832 0.0269971 0.0 0.0 0.0 1.0
office/seq-03/color/frame-000917.color.png office/seq-03/color/frame-000920.color.png 0.999346 -0.00549425 0.0357448 -0.010349 0.00515358 0.999941 0.00961593 -0.0185457 -0.0357952 -0.00942534 0.999315 0.00658935 0.0 0.0 0.0 1.0
office/seq-03/color/frame-000920.color.png office/seq-03/color/frame-000923.color.png 0.999461 -0.00510808 0.032444 -0.00436771 0.00495585 0.999976 0.00477199 -0.00402997 -0.0324678 -0.00460871 0.999462 0.00405544 0.0 0.0 0.0 1.0
office/seq-03/color/frame-000923.color.png office/seq-03/color/frame-000926.color.png 0.999828 0.000221941 0.0185363 -0.00322822 -0.000274318 0.999996 0.00282274 -0.00485761 -0.0185355 -0.00282735 0.999824 0.0134009 0.0 0.0 0.0 1.0
office/seq-03/color/frame-000926.color.png office/seq-03/color/frame-000929.color.png 0.99968 -0.0013081 0.0252758 -0.00125861 0.000785954 0.999786 0.0206561 -0.0131776 -0.0252977 -0.0206295 0.999467 0.0126343 0.0 0.0 0.0 1.0
office/seq-03/color/frame-000929.color.png office/seq-03/color/frame-000932.color.png 0.999816 0.0102558 0.0161955 -0.00662443 -0.0104458 0.999877 0.011692 -0.0212615 -0.0160735 -0.0118591 0.9998 0.0191548 0.0 0.0 0.0 1.0
office/seq-03/color/frame-000932.color.png office/seq-03/color/frame-000935.color.png 0.999457 -0.00254311 0.032846 -0.0101709 0.00239182 0.999986 0.00464395 -0.0105833 -0.0328574 -0.00456287 0.99945 0.00398684 0.0 0.0 0.0 1.0
office/seq-03/color/frame-000935.color.png office/seq-03/color/frame-000938.color.png 0.999947 -0.00871975 0.00537822 0.00417459 0.00867182 0.999923 0.00887784 -0.0081098 -0.00545513 -0.0088307 0.999946 0.011878 0.0 0.0 0.0 1.0
office/seq-03/color/frame-000938.color.png office/seq-03/color/frame-000941.color.png 0.999897 -0.00436361 0.0137067 0.00112468 0.00428752 0.999975 0.005574 -0.00422346 -0.0137306 -0.00551473 0.99989 0.00795355 0.0 0.0 0.0 1.0
office/seq-03/color/frame-000941.color.png office/seq-03/color/frame-000944.color.png 0.999812 -0.00556631 0.0185822 -0.0041976 0.00547808 0.999973 0.00479537 -0.00523244 -0.0186086 -0.00469269 0.999816 0.00209078 0.0 0.0 0.0 1.0
office/seq-03/color/frame-000944.color.png office/seq-03/color/frame-000947.color.png 0.999962 -0.000244508 0.0086847 0.00247404 0.000157415 0.99995 0.0100306 -0.00719891 -0.00868663 -0.0100288 0.999912 0.0157002 0.0 0.0 0.0 1.0
office/seq-03/color/frame-000947.color.png office/seq-03/color/frame-000950.color.png 0.999335 -0.00370263 0.0362711 -0.0201462 0.00368838 0.999993 0.000458851 -0.00545788 -0.0362727 -0.000324797 0.999342 0.0125971 0.0 0.0 0.0 1.0
office/seq-03/color/frame-000950.color.png office/seq-03/color/frame-000953.color.png 0.999856 -0.00624803 0.0157523 0.000360042 0.00606391 0.999913 0.0117101 -0.0119803 -0.0158242 -0.0116129 0.999807 0.00473356 0.0 0.0 0.0 1.0
office/seq-03/color/frame-000953.color.png office/seq-03/color/frame-000956.color.png 0.999948 -0.00398842 0.00938036 -0.00234628 0.00383949 0.999867 0.0158439 -0.0103874 -0.00944227 -0.0158071 0.99983 0.0105728 0.0 0.0 0.0 1.0
office/seq-03/color/frame-000956.color.png office/seq-03/color/frame-000959.color.png 0.999493 -0.0105174 0.0300643 -0.00349945 0.0106298 0.999937 -0.00358198 -0.00841299 -0.0300247 0.00389973 0.999542 0.0221286 0.0 0.0 0.0 1.0
office/seq-03/color/frame-000959.color.png office/seq-03/color/frame-000962.color.png 0.999907 -0.00283703 0.0133739 0.00653759 0.00291581 0.999979 -0.00587517 -0.00276576 -0.013357 0.00591365 0.999893 0.0148136 0.0 0.0 0.0 1.0
office/seq-03/color/frame-000962.color.png office/seq-03/color/frame-000965.color.png 0.999783 -0.00915472 0.0187339 -0.0123673 0.00906778 0.999948 0.00471821 -0.0105378 -0.018776 -0.00454735 0.999813 0.00413463 0.0 0.0 0.0 1.0
office/seq-03/color/frame-000965.color.png office/seq-03/color/frame-000968.color.png 0.999873 -0.00327563 0.0155891 -0.0133517 0.00320623 0.999985 0.00447506 -0.00765063 -0.0156036 -0.00442449 0.999869 -0.00110093 0.0 0.0 0.0 1.0
office/seq-03/color/frame-000968.color.png office/seq-03/color/frame-000971.color.png 0.999887 -0.00136962 0.0149609 -0.00345463 0.00134179 0.999997 0.00187231 -0.00444674 -0.0149634 -0.00185203 0.999886 0.0105618 0.0 0.0 0.0 1.0
office/seq-03/color/frame-000971.color.png office/seq-03/color/frame-000974.color.png 0.999856 -0.00355092 0.016602 -0.000108778 0.00360757 0.999988 -0.0033872 -0.00251417 -0.0165898 0.00344659 0.999856 0.0105447 0.0 0.0 0.0 1.0
office/seq-03/color/frame-000974.color.png office/seq-03/color/frame-000977.color.png 0.999697 -0.0111473 0.0219457 -0.00430864 0.0109723 0.999907 0.00808237 -0.0110485 -0.0220338 -0.00783912 0.999726 0.0141315 0.0 0.0 0.0 1.0
office/seq-03/color/frame-000977.color.png office/seq-03/color/frame-000980.color.png 0.999849 -0.0104737 0.0138668 -0.00473678 0.0104512 0.999944 0.00168793 -0.00871609 -0.0138838 -0.00154273 0.999902 0.011645 0.0 0.0 0.0 1.0
office/seq-03/color/frame-000980.color.png office/seq-03/color/frame-000983.color.png 0.99994 -0.0075163 0.008025 0.00117862 0.00751614 0.999972 4.96294e-05 -0.00563776 -0.00802505 1.0672e-05 0.999968 0.00729495 0.0 0.0 0.0 1.0
office/seq-03/color/frame-000983.color.png office/seq-03/color/frame-000986.color.png 0.999829 -0.0147876 0.0110986 -0.00501281 0.0146366 0.999801 0.0135679 -0.0238582 -0.0112971 -0.0134031 0.999846 -0.000720412 0.0 0.0 0.0 1.0
office/seq-03/color/frame-000986.color.png office/seq-03/color/frame-000989.color.png 0.999894 -0.00819566 0.0120262 -0.00199044 0.00815878 0.999962 0.00311323 -0.00673191 -0.0120512 -0.00301478 0.999923 0.00952068 0.0 0.0 0.0 1.0
office/seq-03/color/frame-000989.color.png office/seq-03/color/frame-000992.color.png 0.999932 -0.00816965 0.00832443 -0.000846267 0.00811808 0.999948 0.00620075 -0.00998621 -0.00837461 -0.00613277 0.999946 0.00614503 0.0 0.0 0.0 1.0
office/seq-03/color/frame-000992.color.png office/seq-03/color/frame-000995.color.png 0.999758 -0.0205788 0.00776071 -0.00163329 0.0204794 0.99971 0.01268 -0.017224 -0.00801944 -0.012518 0.999889 0.00874779 0.0 0.0 0.0 1.0
office/seq-03/color/frame-000995.color.png office/seq-03/color/frame-000998.color.png 0.999965 -0.00767212 0.00319915 0.00232106 0.00765243 0.999952 0.00611104 -0.00913528 -0.00324583 -0.00608637 0.999976 0.00441447 0.0 0.0 0.0 1.0
