redkitchen/seq-07/color/frame-000000.color.png redkitchen/seq-07/color/frame-000003.color.png 0.999996 0.000164215 0.00295274 0.00607067 -0.000175382 0.999993 0.00378205 -0.00293574 -0.0029521 -0.00378255 0.999988 0.00253037 0.0 0.0 0.0 1.0
redkitchen/seq-07/color/frame-000003.color.png redkitchen/seq-07/color/frame-000006.color.png 0.999908 -0.0122484 0.00580847 0.00590733 0.0122294 0.99992 0.00328145 0.0036224 -0.0058482 -0.00321012 0.999978 0.0119471 0.0 0.0 0.0 1.0
redkitchen/seq-07/color/frame-000006.color.png redkitchen/seq-07/color/frame-000009.color.png 0.999981 -0.00506138 0.00349456 0.0147188 0.00503695 0.999963 0.00696571 -0.00186711 -0.00352968 -0.00694797 0.99997 0.00735178 0.0 0.0 0.0 1.0
redkitchen/seq-07/color/frame-000009.color.png redkitchen/seq-07/color/frame-000012.color.png 0.999999 -0.000324074 0.00162129 0.0148017 0.000320258 0.999997 0.00235453 0.000223567 -0.00162205 -0.00235401 0.999996 0.0148095 0.0 0.0 0.0 1.0
redkitchen/seq-07/color/frame-000012.color.png redkitchen/seq-07/color/frame-000015.color.png 0.999978 0.00656142 0.00105466 0.022048 -0.00656457 0.999974 0.00300897 -0.00491559 -0.00103489 -0.00301582 0.999995 0.0124821 0.0 0.0 0.0 1.0
redkitchen/seq-07/color/frame-000015.color.png redkitchen/seq-07/color/frame-000018.color.png 0.999997 0.00094964 -0.00203248 0.0225132 -0.000971002 0.999944 -0.0105346 0.00120792 0.00202236 0.0105366 0.999942 0.0168444 0.0 0.0 0.0 1.0
redkitchen/seq-07/color/frame-000018.color.png redkitchen/seq-07/color/frame-000021.color.png 0.999931 0.0116132 -0.00157519 0.0311171 -0.0116059 0.999922 0.00457562 -0.00510267 0.0016282 -0.00455703 0.999988 0.00744951 0.0 0.0 0.0 1.0
redkitchen/seq-07/color/frame-000021.color.png redkitchen/seq-07/color/frame-000024.color.png 0.999973 0.00664025 -0.0031332 0.0330803 -0.00665204 0.999971 -0.00376613 -0.00610149 0.0031081 0.00378687 0.999988 0.0142504 0.0 0.0 0.0 1.0
redkitchen/seq-07/color/frame-000024.color.png redkitchen/seq-07/color/frame-000027.color.png 0.999982 0.0043814 -0.00416212 0.0328183 -0.00439828 0.999982 -0.00405509 -0.00154715 0.00414428 0.00407332 0.999983 0.0142451 0.0 0.0 0.0 1.0
redkitchen/seq-07/color/frame-000027.color.png redkitchen/seq-07/color/frame-000030.color.png 0.999894 0.0143993 -0.00231274 0.0363116 -0.0143951 0.999895 0.00183713 -0.00640376 0.00233895 -0.00180365 0.999996 0.0101479 0.0 0.0 0.0 1.0
redkitchen/seq-07/color/frame-000030.color.png redkitchen/seq-07/color/frame-000033.color.png 0.999827 0.0107138 -0.0152069 0.0417611 -0.010758 0.999938 -0.00282426 -0.00404157 0.0151757 0.00298737 0.99988 0.0185688 0.0 0.0 0.0 1.0
redkitchen/seq-07/color/frame-000033.color.png redkitchen/seq-07/color/frame-000036.color.png 0.999893 0.0103715 -0.0103028 0.0332109 -0.0102797 0.999907 0.00892525 -0.00638126 0.0103944 -0.00881839 0.999907 0.0204857 0.0 0.0 0.0 1.0
redkitchen/seq-07/color/frame-000036.color.png redkitchen/seq-07/color/frame-000039.color.png 0.999846 -0.00511425 -0.0167833 0.0242218 0.00507514 0.999984 -0.00237238 -0.00919461 0.0167952 0.00228683 0.999856 0.00811635 0.0 0.0 0.0 1.0
redkitchen/seq-07/color/frame-000039.color.png redkitchen/seq-07/color/frame-000042.color.png 0.999948 0.00853636 -0.00566066 0.0250575 -0.00849536 0.999938 0.0072299 -0.0080836 0.00572203 -0.00718143 0.999958 0.0226347 0.0 0.0 0.0 1.0
redkitchen/seq-07/color/frame-000042.color.png redkitchen/seq-07/color/frame-000045.color.png 0.999891 -0.00180569 -0.0146456 0.0253741 0.00178369 0.999997 -0.0015144 -0.00939804 0.0146483 0.00148811 0.999892 0.0244247 0.0 0.0 0.0 1.0
redkitchen/seq-07/color/frame-000045.color.png redkitchen/seq-07/color/frame-000048.color.png 0.999791 0.00661243 -0.0193328 0.0252125 -0.00660164 0.999978 0.000622188 -0.00483 0.0193365 -0.000494422 0.999813 0.0246808 0.0 0.0 0.0 1.0
redkitchen/seq-07/color/frame-000048.color.png redkitchen/seq-07/color/frame-000051.color.png 0.99957 0.0234581 -0.0175872 0.0287232 -0.023472 0.999724 -0.000582412 -0.00741871 0.0175687 0.000994966 0.999845 0.0287484 0.0 0.0 0.0 1.0
redkitchen/seq-07/color/frame-000051.color.png redkitchen/seq-07/color/frame-000054.color.png 0.999852 0.0143941 -0.00942999 0.0189372 -0.0143648 0.999892 0.00315918 -0.0126177 0.00947442 -0.00302325 0.999951 0.0355912 0.0 0.0 0.0 1.0
redkitchen/seq-07/color/frame-000054.color.png redkitchen/seq-07/color/frame-000057.color.png 0.999822 0.0187482 -0.00203623 0.0157634 -0.018768 0.999772 -0.0101734 -0.00348361 0.00184506 0.0102098 0.999946 0.0296707 0.0 0.0 0.0 1.0
redkitchen/seq-07/color/frame-000057.color.png redkitchen/seq-07/color/frame-000060.color.png 0.999886 -0.00164496 -0.0150064 0.0266139 0.00167545 0.999997 0.00201932 -0.0271129 0.015003 -0.00204423 0.999885 0.0421851 0.0 0.0 0.0 1.0
redkitchen/seq-07/color/frame-000060.color.png redkitchen/seq-07/color/frame-000063.color.png 0.999694 0.02266 -0.00997038 0.0220478 -0.0227145 0.999727 -0.00538636 -0.0053523 0.00984564 0.00561118 0.999936 0.0338876 0.0 0.0 0.0 1.0
redkitchen/seq-07/color/frame-000063.color.png redkitchen/seq-07/color/frame-000066.color.png 0.999875 0.00237295 -0.0156107 0.0162977 -0.00242414 0.999992 -0.00326149 -0.0220045 0.0156028 0.00329892 0.999873 0.033454 0.0 0.0 0.0 1.0
redkitchen/seq-07/color/frame-000066.color.png redkitchen/seq-07/color/frame-000069.color.png 0.999616 0.00655381 -0.0269125 0.0226943 -0.00674656 0.999952 -0.00707681 -0.00710922 0.0268648 0.00725566 0.999613 0.0248862 0.0 0.0 0.0 1.0
redkitchen/seq-07/color/frame-000069.color.png redkitchen/seq-07/color/frame-000072.color.png 0.99959 0.0145883 -0.0246212 0.0261393 -0.0144731 0.999883 0.00484903 -0.0206081 0.0246891 -0.0044907 0.999685 0.0304602 0.0 0.0 0.0 1.0
redkitchen/seq-07/color/frame-000072.color.png redkitchen/seq-07/color/frame-000075.color.png 0.999261 0.0118172 -0.0365761 0.0332582 -0.0121725 0.999881 -0.00950367 -0.00196646 0.0364595 0.00994187 0.999286 0.0255083 0.0 0.0 0.0 1.0
redkitchen/seq-07/color/frame-000075.color.png redkitchen/seq-07/color/frame-000078.color.png 0.999678 0.0124328 -0.0221357 0.0231896 -0.0125392 0.999911 -0.00467396 -0.00456786 0.0220755 0.00495002 0.999744 0.0271719 0.0 0.0 0.0 1.0
redkitchen/seq-07/color/frame-000078.color.png redkitchen/seq-07/color/frame-000081.color.png 0.999407 0.0143204 -0.0313253 0.034851 -0.0146671 0.999833 -0.0108645 -0.00188068 0.0311645 0.0113175 0.99945 0.0212865 0.0 0.0 0.0 1.0
redkitchen/seq-07/color/frame-000081.color.png redkitchen/seq-07/color/frame-000084.color.png 0.999449 0.0219929 -0.0248611 0.0369007 -0.0220886 0.99975 -0.00358456 -0.010096 0.024776 0.00413174 0.999685 0.0203376 0.0 0.0 0.0 1.0
redkitchen/seq-07/color/frame-000084.color.png redkitchen/seq-07/color/frame-000087.color.png 0.999431 0.0156563 -0.029859 0.0427987 -0.01573 0.999874 -0.00223484 -0.0123767 0.0298203 0.00270324 0.999552 0.0300162 0.0 0.0 0.0 1.0
redkitchen/seq-07/color/frame-000087.color.png redkitchen/seq-07/color/frame-000090.color.png 0.99913 0.0189939 -0.037138 0.045525 -0.0194439 0.999741 -0.0117919 -0.0039008 0.0369044 0.0125038 0.999241 0.0170224 0.0 0.0 0.0 1.0
redkitchen/seq-07/color/frame-000090.color.png redkitchen/seq-07/color/frame-000093.color.png 0.99911 0.0213002 -0.0364019 0.0458956 -0.0216912 0.999711 -0.0103782 0.00910789 0.0361703 0.0111585 0.999283 0.00151956 0.0 0.0 0.0 1.0
redkitchen/seq-07/color/frame-000093.color.png redkitchen/seq-07/color/frame-000096.color.png 0.999454 0.00632866 -0.0324233 0.0386608 -0.00643319 0.999974 -0.00312034 -0.00907391 0.0324028 0.00332721 0.999469 0.015739 0.0 0.0 0.0 1.0
redkitchen/seq-07/color/frame-000096.color.png redkitchen/seq-07/color/frame-000099.color.png 0.999343 0.00636603 -0.0356736 0.0488648 -0.00644004 0.999977 -0.00196035 -0.00537336 0.0356603 0.0021888 0.999362 0.00833297 0.0 0.0 0.0 1.0
redkitchen/seq-07/color/frame-000099.color.png redkitchen/seq-07/color/frame-000102.color.png 0.999841 -0.000669363 -0.0177959 0.0187052 0.000694462 0.999999 0.00140333 -0.0102364 0.017795 -0.00141544 0.999841 0.00446028 0.0 0.0 0.0 1.0
redkitchen/seq-07/color/frame-000102.color.png redkitchen/seq-07/color/frame-000105.color.png 0.999597 0.00684601 -0.0275302 0.0313132 -0.00683034 0.999977 0.000663655 -0.007916 0.027534 -0.000475356 0.999621 0.00952822 0.0 0.0 0.0 1.0
redkitchen/seq-07/color/frame-000105.color.png redkitchen/seq-07/color/frame-000108.color.png 0.999567 0.00808918 -0.0282843 0.0322895 -0.0081037 0.999967 -0.000400125 -0.00372809 0.0282801 0.000629151 0.9996 0.0171835 0.0 0.0 0.0 1.0
redkitchen/seq-07/color/frame-000108.color.png redkitchen/seq-07/color/frame-000111.color.png 0.999753 0.00077744 -0.0222314 0.021095 -0.000512889 0.999929 0.0119025 -0.0328112 0.0222391 -0.0118882 0.999682 0.00897807 0.0 0.0 0.0 1.0
redkitchen/seq-07/color/frame-000111.color.png redkitchen/seq-07/color/frame-000114.color.png 0.999789 -0.00477086 -0.0199922 0.0184188 0.00487749 0.999974 0.00529204 -0.02057 0.0199664 -0.00538843 0.999786 0.02038 0.0 0.0 0.0 1.0
redkitchen/seq-07/color/frame-000114.color.png redkitchen/seq-07/color/frame-000117.color.png 0.999835 -0.00391665 -0.0177295 0.0157225 0.00385509 0.999986 -0.00351009 -0.00609076 0.017743 0.0034412 0.999837 0.0229557 0.0 0.0 0.0 1.0
redkitchen/seq-07/color/frame-000117.color.png redkitchen/seq-07/color/frame-000120.color.png 0.999757 -0.0045815 -0.021571 0.0165704 0.00432454 0.999919 -0.0119387 0.00651467 0.0216241 0.0118425 0.999696 0.0220451 0.0 0.0 0.0 1.0
redkitchen/seq-07/color/frame-000120.color.png redkitchen/seq-07/color/frame-000123.color.png 0.999898 -0.00192225 -0.0141301 0.0133927 0.00202332 0.999973 0.00714016 -0.0365075 0.014116 -0.00716804 0.999875 0.00987732 0.0 0.0 0.0 1.0
redkitchen/seq-07/color/frame-000123.color.png redkitchen/seq-07/color/frame-000126.color.png 0.999851 0.0163021 -0.00572156 -0.00630903 -0.0163535 0.999825 -0.00906124 0.0119959 0.00557284 0.00915346 0.999943 0.0255558 0.0 0.0 0.0 1.0
redkitchen/seq-07/color/frame-000126.color.png redkitchen/seq-07/color/frame-000129.color.png 0.999894 0.00263679 -0.0143063 0.00789034 -0.00258457 0.99999 0.00367393 -0.0305032 0.0143158 -0.00363658 0.999891 0.0315912 0.0 0.0 0.0 1.0
redkitchen/seq-07/color/frame-000129.color.png redkitchen/seq-07/color/frame-000132.color.png 0.999894 0.00761687 -0.012409 0.00355834 -0.00774851 0.999914 -0.0105979 0.0149925 0.0123273 0.0106929 0.999867 0.0187911 0.0 0.0 0.0 1.0
redkitchen/seq-07/color/frame-000132.color.png redkitchen/seq-07/color/frame-000135.color.png 0.999908 -0.00104605 -0.0135393 -0.0111182 0.00112305 0.999983 0.00567952 -0.0309926 0.0135331 -0.00569414 0.999892 0.0108225 0.0 0.0 0.0 1.0
redkitchen/seq-07/color/frame-000135.color.png redkitchen/seq-07/color/frame-000138.color.png 0.998113 0.0136073 -0.0598788 0.0652054 -0.0129732 0.999856 0.010966 -0.0210327 0.0600194 -0.0101686 0.998145 0.0194939 0.0 0.0 0.0 1.0
redkitchen/seq-07/color/frame-000138.color.png redkitchen/seq-07/color/frame-000141.color.png 0.999517 0.00984456 -0.0294648 0.0116749 -0.00884003 0.999382 0.0340322 -0.103005 0.0297816 -0.0337553 0.998986 -0.00177109 0.0 0.0 0.0 1.0
redkitchen/seq-07/color/frame-000141.color.png redkitchen/seq-07/color/frame-000144.color.png 0.99891 0.0142796 -0.0444444 0.0443551 -0.014421 0.999892 -0.00286292 0.00593871 0.0443986 0.00350073 0.999008 0.0178087 0.0 0.0 0.0 1.0
redkitchen/seq-07/color/frame-000144.color.png redkitchen/seq-07/color/frame-000147.color.png 0.999025 0.0170923 -0.0407017 0.0396182 -0.0170873 0.999854 0.000468186 -0.00660276 0.0407036 0.000227746 0.999171 0.0208633 0.0 0.0 0.0 1.0
redkitchen/seq-07/color/frame-000147.color.png redkitchen/seq-07/color/frame-000150.color.png 0.999274 0.0224603 -0.0307714 0.0309726 -0.0222856 0.999734 0.00600815 -0.00794393 0.0308983 -0.005318 0.999508 0.00515735 0.0 0.0 0.0 1.0
redkitchen/seq-07/color/frame-000150.color.png redkitchen/seq-07/color/frame-000153.color.png 0.999402 0.0198282 -0.0283382 0.0388562 -0.0195856 0.999769 0.00881389 -0.0150633 0.0285063 -0.00825367 0.99956 0.0153764 0.0 0.0 0.0 1.0
redkitchen/seq-07/color/frame-000153.color.png redkitchen/seq-07/color/frame-000156.color.png 0.997728 0.0183912 -0.064806 0.110317 -0.0182796 0.99983 0.00231409 0.00955307 0.0648376 -0.00112416 0.997895 0.0367677 0.0 0.0 0.0 1.0
redkitchen/seq-07/color/frame-000156.color.png redkitchen/seq-07/color/frame-000159.color.png 0.999568 0.012463 -0.02664 0.0276605 -0.0120921 0.999828 0.0140384 -0.0361151 0.0268103 -0.0137102 0.999546 0.0248027 0.0 0.0 0.0 1.0
redkitchen/seq-07/color/frame-000159.color.png redkitchen/seq-07/color/frame-000162.color.png 0.998654 0.00246848 -0.0517992 0.0715024 -0.0016842 0.999883 0.0151784 -0.0165381 0.0518306 -0.0150708 0.998542 -0.00316501 0.0 0.0 0.0 1.0
redkitchen/seq-07/color/frame-000162.color.png redkitchen/seq-07/color/frame-000165.color.png 0.999757 -0.00194776 -0.0219573 0.0203407 0.0022805 0.999883 0.01514 -0.0362253 0.0219252 -0.0151865 0.999644 0.00802481 0.0 0.0 0.0 1.0
redkitchen/seq-07/color/frame-000165.color.png redkitchen/seq-07/color/frame-000168.color.png 0.999111 -0.0156275 -0.0391464 0.0401065 0.0162906 0.999728 0.0166774 -0.0270625 0.0388752 -0.0173003 0.999094 0.0115979 0.0 0.0 0.0 1.0
redkitchen/seq-07/color/frame-000168.color.png redkitchen/seq-07/color/frame-000171.color.png 0.99991 -0.0113382 0.00713893 -0.0286292 0.0114545 0.999799 -0.0164686 0.0123637 -0.00695081 0.0165489 0.999839 0.0103669 0.0 0.0 0.0 1.0
redkitchen/seq-07/color/frame-000171.color.png redkitchen/seq-07/color/frame-000174.color.png 0.999961 -0.0022126 0.00854775 -0.0244752 0.00212778 0.999949 0.00991729 -0.0326447 -0.00856927 -0.00989863 0.999914 0.00811923 0.0 0.0 0.0 1.0
redkitchen/seq-07/color/frame-000174.color.png redkitchen/seq-07/color/frame-000177.color.png 0.999992 -0.00334064 -0.00225656 -0.0184177 0.00333444 0.999991 -0.00275271 0.00173217 0.00226572 0.00274515 0.999994 0.0258414 0.0 0.0 0.0 1.0
redkitchen/seq-07/color/frame-000177.color.png redkitchen/seq-07/color/frame-000180.color.png 0.999905 0.00734507 0.0116246 -0.045317 -0.00755308 0.99981 0.0179442 -0.0497268 -0.0114905 -0.0180304 0.999772 0.00898838 0.0 0.0 0.0 1.0
redkitchen/seq-07/color/frame-000180.color.png redkitchen/seq-07/color/frame-000183.color.png 0.999803 0.0191139 0.00538307 -0.0177356 -0.0191849 0.999725 0.0134722 -0.018084 -0.00512409 -0.0135727 0.999895 -0.0155193 0.0 0.0 0.0 1.0
redkitchen/seq-07/color/frame-000183.color.png redkitchen/seq-07/color/frame-000186.color.png 0.999403 0.0344336 -0.00280147 -0.0252649 -0.0344428 0.999401 -0.00327723 -0.00176609 0.00268695 0.00337165 0.999991 0.0347365 0.0 0.0 0.0 1.0
redkitchen/seq-07/color/frame-000186.color.png redkitchen/seq-07/color/frame-000189.color.png 0.998531 0.0187185 -0.0508491 0.061623 -0.0189874 0.999808 -0.00480961 0.0023123 0.0507493 0.00576804 0.998695 0.00204861 0.0 0.0 0.0 1.0
redkitchen/seq-07/color/frame-000189.color.png redkitchen/seq-07/color/frame-000192.color.png 0.999944 -0.0053713 0.00908148 -0.0381747 0.00592299 0.998068 -0.0618547 0.105352 -0.00873169 0.0619051 0.998044 0.051282 0.0 0.0 0.0 1.0
redkitchen/seq-07/color/frame-000192.color.png redkitchen/seq-07/color/frame-000195.color.png 0.998081 -0.0076426 -0.0614549 0.0485139 0.00958773 0.99946 0.0314191 -0.10887 0.0611815 -0.0319479 0.997615 -0.00123084 0.0 0.0 0.0 1.0
redkitchen/seq-07/color/frame-000195.color.png redkitchen/seq-07/color/frame-000198.color.png 0.999992 -0.00342885 -0.00205047 -0.0246765 0.00339265 0.999843 -0.0173934 0.0329701 0.00210977 0.0173863 0.999847 -0.00329804 0.0 0.0 0.0 1.0
redkitchen/seq-07/color/frame-000198.color.png redkitchen/seq-07/color/frame-000201.color.png 0.999584 0.0229881 -0.017425 0.0215996 -0.0228831 0.999719 0.00620136 -0.0277885 0.0175626 -0.00580006 0.999829 -0.00741243 0.0 0.0 0.0 1.0
redkitchen/seq-07/color/frame-000201.color.png redkitchen/seq-07/color/frame-000204.color.png 0.998241 0.0354229 -0.0475365 0.0769096 -0.0368556 0.998882 -0.0296078 0.0547645 0.0464345 0.0313077 0.998431 0.0470693 0.0 0.0 0.0 1.0
redkitchen/seq-07/color/frame-000204.color.png redkitchen/seq-07/color/frame-000207.color.png 0.999282 0.0292405 -0.0240737 0.0255439 -0.0293377 0.999563 -0.00369009 -0.0283371 0.0239553 0.00439365 0.999703 0.00937831 0.0 0.0 0.0 1.0
redkitchen/seq-07/color/frame-000207.color.png redkitchen/seq-07/color/frame-000210.color.png 0.998998 0.0304704 -0.032777 0.0500782 -0.0319641 0.998427 -0.0460575 0.0556518 0.0313221 0.0470591 0.998401 0.0519954 0.0 0.0 0.0 1.0
redkitchen/seq-07/color/frame-000210.color.png redkitchen/seq-07/color/frame-000213.color.png 0.99803 0.0561659 -0.0279562 0.0596262 -0.0564883 0.998344 -0.0108815 0.00420749 0.0272987 0.0124393 0.99955 0.025712 0.0 0.0 0.0 1.0
redkitchen/seq-07/color/frame-000213.color.png redkitchen/seq-07/color/frame-000216.color.png 0.996319 0.0857179 -0.000290841 0.034802 -0.0856853 0.995835 -0.0311696 0.0346518 -0.00238213 0.0310798 0.999514 -0.00126779 0.0 0.0 0.0 1.0
redkitchen/seq-07/color/frame-000216.color.png redkitchen/seq-07/color/frame-000219.color.png 0.996835 0.0729305 -0.0316419 0.0548506 -0.0732863 0.997258 -0.0102285 0.0118282 0.0308091 0.012515 0.999447 0.0286977 0.0 0.0 0.0 1.0
redkitchen/seq-07/color/frame-000219.color.png redkitchen/seq-07/color/frame-000222.color.png 0.998527 0.0218946 -0.0496401 0.045035 -0.0214011 0.999716 0.0104518 -0.0242227 0.0498548 -0.00937403 0.998712 0.019595 0.0 0.0 0.0 1.0
redkitchen/seq-07/color/frame-000222.color.png redkitchen/seq-07/color/frame-000225.color.png 0.999696 -0.00597334 -0.0239388 -0.0112816 0.00605248 0.999976 0.00323411 -0.00856167 0.023919 -0.00337789 0.999708 0.00933552 0.0 0.0 0.0 1.0
redkitchen/seq-07/color/frame-000225.color.png redkitchen/seq-07/color/frame-000228.color.png 0.999688 0.0188231 -0.0163937 -0.027385 -0.018601 0.999735 0.0135916 -0.0205944 0.0166451 -0.0132825 0.999773 -0.0011934 0.0 0.0 0.0 1.0
redkitchen/seq-07/color/frame-000228.color.png redkitchen/seq-07/color/frame-000231.color.png 0.999839 0.00411338 -0.0174512 -0.0269818 -0.00414789 0.99999 -0.0019417 0.00770575 0.0174431 0.00201389 0.999846 0.0137678 0.0 0.0 0.0 1.0
redkitchen/seq-07/color/frame-000231.color.png redkitchen/seq-07/color/frame-000234.color.png 0.999613 0.00692077 -0.0269331 -0.00679058 -0.00679214 0.999965 0.00486607 -0.00847822 0.0269658 -0.00468135 0.999625 -0.00268984 0.0 0.0 0.0 1.0
redkitchen/seq-07/color/frame-000234.color.png redkitchen/seq-07/color/frame-000237.color.png 0.999471 0.0091695 -0.0312036 0.00776434 -0.00884782 0.999906 0.0104291 -0.00803888 0.0312964 -0.0101474 0.999459 -0.00260079 0.0 0.0 0.0 1.0
redkitchen/seq-07/color/frame-000237.color.png redkitchen/seq-07/color/frame-000240.color.png 0.999877 0.00539586 -0.0146924 -0.0319161 -0.00552655 0.999945 -0.00886715 0.0210919 0.0146437 0.00894735 0.999853 0.011104 0.0 0.0 0.0 1.0
redkitchen/seq-07/color/frame-000240.color.png redkitchen/seq-07/color/frame-000243.color.png 0.999985 0.0054471 -5.80381e-05 -0.0464134 -0.00544756 0.999933 -0.0101613 0.0293632 2.65808e-06 0.0101614 0.999948 0.00128353 0.0 0.0 0.0 1.0
redkitchen/seq-07/color/frame-000243.color.png redkitchen/seq-07/color/frame-000246.color.png 0.999985 0.000360699 -0.00551469 -0.0691047 -0.000341029 0.999994 0.00354771 -0.0140405 0.00551593 -0.00354579 0.999979 0.00495267 0.0 0.0 0.0 1.0
redkitchen/seq-07/color/frame-000246.color.png redkitchen/seq-07/color/frame-000249.color.png 0.999818 -0.0142465 -0.0126692 -0.0269176 0.0141642 0.999878 -0.00656152 0.0367384 0.0127612 0.00638103 0.999898 -0.0121871 0.0 0.0 0.0 1.0
redkitchen/seq-07/color/frame-000249.color.png redkitchen/seq-07/color/frame-000252.color.png 0.999826 0.00632774 -0.0175749 -0.0137601 -0.00640046 0.999971 -0.00408102 0.0128844 0.0175485 0.00419277 0.999837 0.0117761 0.0 0.0 0.0 1.0
redkitchen/seq-07/color/frame-000252.color.png redkitchen/seq-07/color/frame-000255.color.png 0.99964 -0.0123377 -0.0238314 -0.0211826 0.0121862 0.999905 -0.00649364 0.0301341 0.0239093 0.00620089 0.999695 0.0246252 0.0 0.0 0.0 1.0
redkitchen/seq-07/color/frame-000255.color.png redkitchen/seq-07/color/frame-000258.color.png 0.999911 -0.00374745 -0.0128425 -0.0223061 0.00354231 0.999866 -0.0159646 0.0380746 0.0129006 0.0159176 0.99979 0.0163674 0.0 0.0 0.0 1.0
redkitchen/seq-07/color/frame-000258.color.png redkitchen/seq-07/color/frame-000261.color.png 0.999773 0.000598772 -0.0212845 -0.0189559 -0.000897815 0.999901 -0.0140375 0.025732 0.021274 0.0140534 0.999675 0.0276682 0.0 0.0 0.0 1.0
redkitchen/seq-07/color/frame-000261.color.png redkitchen/seq-07/color/frame-000264.color.png 0.999696 0.00210197 -0.0245799 -0.00492644 -0.00206133 0.999996 0.00167932 -2.65241e-05 0.0245834 -0.00162822 0.999696 0.0290166 0.0 0.0 0.0 1.0
redkitchen/seq-07/color/frame-000264.color.png redkitchen/seq-07/color/frame-000267.color.png 0.999982 0.00233519 -0.00550018 -0.033569 -0.00237653 0.999969 -0.00752216 0.0147218 0.00548234 0.00753505 0.999957 0.00709212 0.0 0.0 0.0 1.0
redkitchen/seq-07/color/frame-000267.color.png redkitchen/seq-07/color/frame-000270.color.png 0.999831 0.0100509 -0.0153764 -0.0261477 -0.0101059 0.999943 -0.00350526 0.00210124 0.0153403 0.0036602 0.999875 0.0179797 0.0 0.0 0.0 1.0
redkitchen/seq-07/color/frame-000270.color.png redkitchen/seq-07/color/frame-000273.color.png 0.999777 0.00570391 -0.0203378 -0.0159563 -0.00561162 0.999974 0.00458989 -0.00798857 0.0203634 -0.00447486 0.999783 0.0174738 0.0 0.0 0.0 1.0
redkitchen/seq-07/color/frame-000273.color.png redkitchen/seq-07/color/frame-000276.color.png 0.99994 0.000261191 -0.0109891 -0.0223764 -0.000253565 1.0 0.000696764 0.00656492 0.0109893 -0.000693894 0.999939 -0.00117123 0.0 0.0 0.0 1.0
redkitchen/seq-07/color/frame-000276.color.png redkitchen/seq-07/color/frame-000279.color.png 0.999881 0.00162496 -0.0153132 -0.0262893 -0.00171429 0.999982 -0.00582871 0.0149438 0.0153035 0.00585431 0.999866 0.00759578 0.0 0.0 0.0 1.0
redkitchen/seq-07/color/frame-000279.color.png redkitchen/seq-07/color/frame-000282.color.png 0.999856 -0.00498576 -0.016235 -0.0240717 0.00506917 0.999974 0.0051008 0.00995314 0.0162091 -0.00518246 0.999855 0.00246012 0.0 0.0 0.0 1.0
redkitchen/seq-07/color/frame-000282.color.png redkitchen/seq-07/color/frame-000285.color.png 0.999752 0.0206933 -0.00822109 -0.0295786 -0.0206645 0.99978 0.00356873 -0.0248414 0.00829308 -0.00339789 0.99996 -0.00370598 0.0 0.0 0.0 1.0
redkitchen/seq-07/color/frame-000285.color.png redkitchen/seq-07/color/frame-000288.color.png 0.99997 0.00495092 0.00600969 -0.0496849 -0.005056 0.999833 0.0175818 -0.0259414 -0.0059216 -0.0176118 0.999827 -0.0295827 0.0 0.0 0.0 1.0
redkitchen/seq-07/color/frame-000288.color.png redkitchen/seq-07/color/frame-000291.color.png 0.999961 0.0084359 0.00253126 -0.0473568 -0.00847759 0.999821 0.016941 -0.0276959 -0.00238788 -0.0169618 0.999853 -0.0200621 0.0 0.0 0.0 1.0
redkitchen/seq-07/color/frame-000291.color.png redkitchen/seq-07/color/frame-000294.color.png 0.999915 0.0123578 0.00422882 -0.0310336 -0.012396 0.999882 0.0091285 -0.0287077 -0.00411562 -0.00918012 0.999949 -0.0456942 0.0 0.0 0.0 1.0
redkitchen/seq-07/color/frame-000294.color.png redkitchen/seq-07/color/frame-000297.color.png 0.9999 0.00644888 -0.0125516 -0.00899279 -0.00639142 0.999969 0.00460648 -0.00156355 0.0125809 -0.00452591 0.999911 0.00250673 0.0 0.0 0.0 1.0
redkitchen/seq-07/color/frame-000297.color.png redkitchen/seq-07/color/frame-000300.color.png 0.999654 0.0130275 -0.0228438 0.00100541 -0.0128118 0.999872 0.00956432 -0.0138106 0.0229655 -0.00926827 0.999693 0.0107925 0.0 0.0 0.0 1.0
redkitchen/seq-07/color/frame-000300.color.png redkitchen/seq-07/color/frame-000303.color.png 0.999677 0.0142766 -0.0210178 -0.00357842 -0.014083 0.999857 0.00933302 -0.0215648 0.021148 -0.00903403 0.999736 0.00272036 0.0 0.0 0.0 1.0
redkitchen/seq-07/color/frame-000303.color.png redkitchen/seq-07/color/frame-000306.color.png 0.99979 0.00754639 -0.019076 -0.0186281 -0.00721518 0.999823 0.0173739 -0.0235372 0.0192037 -0.0172326 0.999667 0.00575137 0.0 0.0 0.0 1.0
redkitchen/seq-07/color/frame-000306.color.png redkitchen/seq-07/color/frame-000309.color.png 0.999791 0.00226771 -0.0203051 -0.0177566 -0.00215769 0.999983 0.00543449 0.00672787 0.0203171 -0.00538947 0.999779 0.00801122 0.0 0.0 0.0 1.0
redkitchen/seq-07/color/frame-000309.color.png redkitchen/seq-07/color/frame-000312.color.png 0.999848 0.0130319 -0.0115672 -0.0158287 -0.0129742 0.999903 0.00504289 -0.0126767 0.0116318 -0.00489211 0.99992 0.00196922 0.0 0.0 0.0 1.0
redkitchen/seq-07/color/frame-000312.color.png redkitchen/seq-07/color/frame-000315.color.png 0.999789 -0.00217269 -0.0204166 -0.00720143 0.00218625 0.999997 0.000648182 0.0220149 0.020415 -0.000692798 0.999791 0.00395834 0.0 0.0 0.0 1.0
redkitchen/seq-07/color/frame-000315.color.png redkitchen/seq-07/color/frame-000318.color.png 0.999484 0.0182316 -0.0264493 0.0142537 -0.0181788 0.999832 0.00223616 -0.00683481 0.0264856 -0.00175417 0.999648 0.0309384 0.0 0.0 0.0 1.0
redkitchen/seq-07/color/frame-000318.color.png redkitchen/seq-07/color/frame-000321.color.png 0.99967 0.0223926 -0.012563 -0.00192606 -0.0224997 0.999711 -0.00845505 -0.0299013 0.0123701 0.0087349 0.999885 -0.00294578 0.0 0.0 0.0 1.0
redkitchen/seq-07/color/frame-000321.color.png redkitchen/seq-07/color/frame-000324.color.png 0.999586 0.0136324 -0.0253297 0.0190198 -0.0136877 0.999904 -0.00201506 -0.0055424 0.0252998 0.00236105 0.999677 0.0206207 0.0 0.0 0.0 1.0
redkitchen/seq-07/color/frame-000324.color.png redkitchen/seq-07/color/frame-000327.color.png 0.999728 0.0140561 -0.0185976 0.0105594 -0.0141212 0.999895 -0.00336791 -0.0079416 0.0185482 0.0036295 0.999821 0.0168113 0.0 0.0 0.0 1.0
redkitchen/seq-07/color/frame-000327.color.png redkitchen/seq-07/color/frame-000330.color.png 0.999825 0.0122705 -0.0141206 0.0138277 -0.0123128 0.99992 -0.00291062 -0.00054121 0.0140838 0.00308394 0.999896 0.00706065 0.0 0.0 0.0 1.0
redkitchen/seq-07/color/frame-000330.color.png redkitchen/seq-07/color/frame-000333.color.png 0.999795 0.016031 -0.0123358 0.00447798 -0.0159274 0.999837 0.00845588 -0.0108256 0.0124693 -0.00825754 0.999888 -0.00348711 0.0 0.0 0.0 1.0
redkitchen/seq-07/color/frame-000333.color.png redkitchen/seq-07/color/frame-000336.color.png 0.999968 0.00757917 0.00265611 -0.0193284 -0.00758353 0.99997 0.00165264 -0.000360131 -0.00264348 -0.00167284 0.999995 -0.0231774 0.0 0.0 0.0 1.0
redkitchen/seq-07/color/frame-000336.color.png redkitchen/seq-07/color/frame-000339.color.png 0.999941 -0.00586224 0.00919373 -0.02619 0.00583534 0.999979 0.00296074 0.0259297 -0.00921096 -0.00290684 0.999953 -0.0439094 0.0 0.0 0.0 1.0
redkitchen/seq-07/color/frame-000339.color.png redkitchen/seq-07/color/frame-000342.color.png 0.999936 0.00946831 0.00622875 -0.0149214 -0.00949989 0.999942 0.0050683 -0.0163869 -0.00618037 -0.00512715 0.999968 -0.0446045 0.0 0.0 0.0 1.0
redkitchen/seq-07/color/frame-000342.color.png redkitchen/seq-07/color/frame-000345.color.png 0.999981 -0.0048699 0.0038428 -0.017382 0.00488417 0.999981 -0.00371116 0.0375708 -0.00382471 0.0037298 0.999986 -0.0243785 0.0 0.0 0.0 1.0
redkitchen/seq-07/color/frame-000345.color.png redkitchen/seq-07/color/frame-000348.color.png 0.99996 -0.00401896 0.0079788 -0.0269424 0.00402971 0.999991 -0.00132622 0.0259543 -0.00797328 0.00135839 0.999967 -0.052788 0.0 0.0 0.0 1.0
redkitchen/seq-07/color/frame-000348.color.png redkitchen/seq-07/color/frame-000351.color.png 0.999922 -0.0113121 0.00527746 -0.0178139 0.0112898 0.999927 0.00424699 0.0391523 -0.00532527 -0.00418712 0.999977 -0.02692 0.0 0.0 0.0 1.0
redkitchen/seq-07/color/frame-000351.color.png redkitchen/seq-07/color/frame-000354.color.png 0.999781 -0.0189122 0.00896067 -0.0193291 0.0189899 0.999782 -0.00866712 0.0613109 -0.00879476 0.00883544 0.999922 -0.0460824 0.0 0.0 0.0 1.0
redkitchen/seq-07/color/frame-000354.color.png redkitchen/seq-07/color/frame-000357.color.png 0.999869 -0.0160026 0.00249649 -0.0138478 0.0160149 0.999859 -0.00503404 0.045667 -0.00241547 0.00507328 0.999984 -0.0254459 0.0 0.0 0.0 1.0
redkitchen/seq-07/color/frame-000357.color.png redkitchen/seq-07/color/frame-000360.color.png 0.99962 -0.0241685 0.0132561 -0.0200837 0.0242741 0.999675 -0.00784398 0.0697828 -0.0130623 0.00816283 0.999881 -0.0610069 0.0 0.0 0.0 1.0
redkitchen/seq-07/color/frame-000360.color.png redkitchen/seq-07/color/frame-000363.color.png 0.999972 -0.00513656 0.00548525 -0.00855064 0.00515452 0.999981 -0.00326658 0.0341535 -0.00546838 0.00329478 0.99998 -0.0354122 0.0 0.0 0.0 1.0
redkitchen/seq-07/color/frame-000363.color.png redkitchen/seq-07/color/frame-000366.color.png 0.999942 -0.00658513 0.00858681 -0.0163596 0.00656292 0.999975 0.00260024 0.024411 -0.00860372 -0.00254368 0.99996 -0.0425537 0.0 0.0 0.0 1.0
redkitchen/seq-07/color/frame-000366.color.png redkitchen/seq-07/color/frame-000369.color.png 0.999963 0.00693421 0.00499348 -0.0125043 -0.00689634 0.999948 -0.00752686 0.0178034 -0.00504548 0.00749209 0.999959 -0.0399801 0.0 0.0 0.0 1.0
redkitchen/seq-07/color/frame-000369.color.png redkitchen/seq-07/color/frame-000372.color.png 0.999952 -0.00398108 0.00895164 -0.0167811 0.00402504 0.99998 -0.00489358 0.0355283 -0.00893192 0.00492945 0.999948 -0.0309227 0.0 0.0 0.0 1.0
redkitchen/seq-07/color/frame-000372.color.png redkitchen/seq-07/color/frame-000375.color.png 0.999713 0.0227758 0.00737025 -0.0203445 -0.0227873 0.999739 0.00147164 -0.0320673 -0.00733488 -0.00163919 0.999972 -0.0327233 0.0 0.0 0.0 1.0
redkitchen/seq-07/color/frame-000375.color.png redkitchen/seq-07/color/frame-000378.color.png 0.999865 -0.0144041 0.00792472 -0.0220225 0.0144436 0.999883 -0.00496367 0.0572616 -0.0078523 0.00507755 0.999956 -0.0322672 0.0 0.0 0.0 1.0
redkitchen/seq-07/color/frame-000378.color.png redkitchen/seq-07/color/frame-000381.color.png 0.999951 -5.04614e-05 0.00987399 -0.0131514 0.000174378 0.999921 -0.012541 0.0201194 -0.00987253 0.0125421 0.999873 -0.0372316 0.0 0.0 0.0 1.0
redkitchen/seq-07/color/frame-000381.color.png redkitchen/seq-07/color/frame-000384.color.png 0.999911 0.00625297 -0.011778 -0.00476313 -0.0062681 0.999979 -0.00125301 0.00869805 0.0117699 0.00132659 0.99993 0.015813 0.0 0.0 0.0 1.0
redkitchen/seq-07/color/frame-000384.color.png redkitchen/seq-07/color/frame-000387.color.png 0.999998 -1.14001e-05 0.00196223 -0.0126491 1.03579e-05 1.0 0.000546438 0.00899978 -0.00196216 -0.000546304 0.999998 -0.0158628 0.0 0.0 0.0 1.0
redkitchen/seq-07/color/frame-000387.color.png redkitchen/seq-07/color/frame-000390.color.png 0.999971 0.0018061 -0.00739497 -0.00919271 -0.00177127 0.999987 0.00470146 0.00189546 0.00740345 -0.00468828 0.999962 0.0131747 0.0 0.0 0.0 1.0
redkitchen/seq-07/color/frame-000390.color.png redkitchen/seq-07/color/frame-000393.color.png 0.999917 -0.00889119 0.00931371 -0.0164912 0.00889752 0.99996 -0.000651491 0.0257513 -0.00930763 0.000734354 0.999956 -0.0314291 0.0 0.0 0.0 1.0
redkitchen/seq-07/color/frame-000393.color.png redkitchen/seq-07/color/frame-000396.color.png 0.999995 -0.00259784 0.00200992 -0.0204473 0.0026 0.999996 -0.00104844 0.0145032 -0.0020073 0.00105353 0.999997 -0.00733018 0.0 0.0 0.0 1.0
redkitchen/seq-07/color/frame-000396.color.png redkitchen/seq-07/color/frame-000399.color.png 0.999822 -0.0175665 0.00685777 -0.0240574 0.0176954 0.999659 -0.019198 0.0669727 -0.00651811 0.0193161 0.999792 -0.0227559 0.0 0.0 0.0 1.0
redkitchen/seq-07/color/frame-000399.color.png redkitchen/seq-07/color/frame-000402.color.png 0.999785 0.000315936 0.0207244 -0.0268793 -0.000366599 0.999997 0.00244054 -0.0087216 -0.0207236 -0.00244764 0.999782 -0.0686621 0.0 0.0 0.0 1.0
redkitchen/seq-07/color/frame-000402.color.png redkitchen/seq-07/color/frame-000405.color.png 0.999953 -0.00752492 0.00610262 -0.0156798 0.00750789 0.999968 0.00281213 0.0186942 -0.0061236 -0.00276624 0.999978 -0.0237141 0.0 0.0 0.0 1.0
redkitchen/seq-07/color/frame-000405.color.png redkitchen/seq-07/color/frame-000408.color.png 0.999935 0.00438051 0.0104884 -0.0189016 -0.00432046 0.999974 -0.005755 0.000947222 -0.0105134 0.00570932 0.999928 -0.0283665 0.0 0.0 0.0 1.0
redkitchen/seq-07/color/frame-000408.color.png redkitchen/seq-07/color/frame-000411.color.png 0.999505 -0.0027475 0.0313566 -0.0280716 0.00323642 0.999874 -0.0155482 0.022259 -0.0313098 0.0156421 0.999387 -0.0834183 0.0 0.0 0.0 1.0
redkitchen/seq-07/color/frame-000411.color.png redkitchen/seq-07/color/frame-000414.color.png 0.999707 0.018921 0.0151148 -0.0285239 -0.0190551 0.99978 0.0087734 -0.0546771 -0.0149457 -0.00905898 0.999847 -0.0408148 0.0 0.0 0.0 1.0
redkitchen/seq-07/color/frame-000414.color.png redkitchen/seq-07/color/frame-000417.color.png 0.999604 -0.0241066 0.014492 -0.0152371 0.0239562 0.999658 0.0104659 0.0387681 -0.0147393 -0.0101146 0.99984 -0.0422552 0.0 0.0 0.0 1.0
redkitchen/seq-07/color/frame-000417.color.png redkitchen/seq-07/color/frame-000420.color.png 0.999424 -0.0325291 0.00962366 -0.00138378 0.0324359 0.999427 0.00969651 0.0426624 -0.00993364 -0.00937892 0.999907 -0.0544786 0.0 0.0 0.0 1.0
redkitchen/seq-07/color/frame-000420.color.png redkitchen/seq-07/color/frame-000423.color.png 0.999014 -0.0435072 -0.00883165 0.00964308 0.043732 0.998676 0.0270905 0.0594094 0.00764143 -0.0274499 0.999594 0.00467795 0.0 0.0 0.0 1.0
redkitchen/seq-07/color/frame-000423.color.png redkitchen/seq-07/color/frame-000426.color.png 0.999765 -0.018429 -0.0114025 0.0127954 0.018577 0.999743 0.0130237 0.00217877 0.0111596 -0.0132325 0.99985 0.0176951 0.0 0.0 0.0 1.0
redkitchen/seq-07/color/frame-000426.color.png redkitchen/seq-07/color/frame-000429.color.png 0.999513 -0.0280194 -0.0137618 0.013052 0.0281989 0.999517 0.0130253 0.0358319 0.0133902 -0.013407 0.99982 0.0280843 0.0 0.0 0.0 1.0
redkitchen/seq-07/color/frame-000429.color.png redkitchen/seq-07/color/frame-000432.color.png 0.999656 -0.0255387 -0.00596135 0.0132027 0.0256226 0.999567 0.0144494 0.0354235 0.00558974 -0.0145972 0.999878 0.00879848 0.0 0.0 0.0 1.0
redkitchen/seq-07/color/frame-000432.color.png redkitchen/seq-07/color/frame-000435.color.png 0.999815 -0.0137499 -0.0134212 0.0168855 0.0139795 0.999755 0.0171655 0.00449955 0.0131819 -0.01735 0.999763 0.0298743 0.0 0.0 0.0 1.0
redkitchen/seq-07/color/frame-000435.color.png redkitchen/seq-07/color/frame-000438.color.png 0.999939 -0.00682254 -0.00866845 0.0157013 0.00694351 0.999878 0.0140043 -0.0118108 0.00857192 -0.0140634 0.999864 0.0184419 0.0 0.0 0.0 1.0
redkitchen/seq-07/color/frame-000438.color.png redkitchen/seq-07/color/frame-000441.color.png 0.999848 -0.00481938 -0.0167517 0.0255105 0.00511521 0.999831 0.0176577 -0.0138635 0.0166637 -0.0177408 0.999704 0.0313272 0.0 0.0 0.0 1.0
redkitchen/seq-07/color/frame-000441.color.png redkitchen/seq-07/color/frame-000444.color.png 0.999831 -0.0131094 -0.0128661 0.0187399 0.0132786 0.999825 0.0131517 0.00439605 0.0126914 -0.0133202 0.999831 0.0274842 0.0 0.0 0.0 1.0
redkitchen/seq-07/color/frame-000444.color.png redkitchen/seq-07/color/frame-000447.color.png 0.999959 -0.00903678 -0.000257698 0.00914502 0.00903777 0.999951 0.00414915 0.00611073 0.000220157 -0.00415138 0.999991 0.00214255 0.0 0.0 0.0 1.0
redkitchen/seq-07/color/frame-000447.color.png redkitchen/seq-07/color/frame-000450.color.png 0.999998 -0.00192669 -0.000322156 0.0148292 0.00192765 0.999994 0.00303728 -0.011962 0.000316316 -0.00303791 0.999995 0.00609285 0.0 0.0 0.0 1.0
redkitchen/seq-07/color/frame-000450.color.png redkitchen/seq-07/color/frame-000453.color.png 0.999958 -0.00740327 0.00539891 0.00191188 0.00740374 0.999973 -6.97597e-05 0.00518936 -0.00539821 0.000109748 0.999985 -0.00907302 0.0 0.0 0.0 1.0
redkitchen/seq-07/color/frame-000453.color.png redkitchen/seq-07/color/frame-000456.color.png 0.999936 -0.0108998 0.00307846 0.00634313 0.0108716 0.9999 0.00902333 -0.00888333 -0.00317654 -0.00898928 0.999955 -0.00790519 0.0 0.0 0.0 1.0
redkitchen/seq-07/color/frame-000456.color.png redkitchen/seq-07/color/frame-000459.color.png 0.999939 -0.0106956 0.0028387 0.00416255 0.0106694 0.999902 0.00907061 0.00310889 -0.00293544 -0.00903977 0.999955 -0.00635785 0.0 0.0 0.0 1.0
redkitchen/seq-07/color/frame-000459.color.png redkitchen/seq-07/color/frame-000462.color.png 0.999732 -0.0225735 -0.00512965 0.00973558 0.0225979 0.999733 0.00473497 0.035974 0.00502139 -0.00484965 0.999976 0.0220655 0.0 0.0 0.0 1.0
redkitchen/seq-07/color/frame-000462.color.png redkitchen/seq-07/color/frame-000465.color.png 0.999745 -0.0189589 0.0122312 -0.00177169 0.0188802 0.999801 0.00651459 0.00890419 -0.0123522 -0.00628194 0.999904 -0.0282413 0.0 0.0 0.0 1.0
redkitchen/seq-07/color/frame-000465.color.png redkitchen/seq-07/color/frame-000468.color.png 0.999991 -0.00411507 0.00049939 0.00729251 0.0041119 0.999973 0.00609624 -0.00266027 -0.000524432 -0.00609408 0.999981 0.00884515 0.0 0.0 0.0 1.0
redkitchen/seq-07/color/frame-000468.color.png redkitchen/seq-07/color/frame-000471.color.png 0.999864 -0.00252388 0.0163136 -0.00971425 0.00246298 0.99999 0.00375579 -0.0122071 -0.016323 -0.00371517 0.99986 -0.0256165 0.0 0.0 0.0 1.0
redkitchen/seq-07/color/frame-000471.color.png redkitchen/seq-07/color/frame-000474.color.png 0.999766 -0.0153315 0.0152287 -0.00651014 0.0153569 0.999881 -0.00154939 0.0366497 -0.0152031 0.00178289 0.999883 -0.0323861 0.0 0.0 0.0 1.0
redkitchen/seq-07/color/frame-000474.color.png redkitchen/seq-07/color/frame-000477.color.png 0.99941 -0.0104943 0.0327003 -0.0199951 0.0108427 0.999886 -0.0104937 0.0274294 -0.0325865 0.0108422 0.99941 -0.0621943 0.0 0.0 0.0 1.0
redkitchen/seq-07/color/frame-000477.color.png redkitchen/seq-07/color/frame-000480.color.png 0.999888 -0.00825769 0.0124656 -0.00892007 0.00815337 0.999932 0.00839421 0.0105989 -0.012534 -0.00829176 0.999887 -0.0106788 0.0 0.0 0.0 1.0
redkitchen/seq-07/color/frame-000480.color.png redkitchen/seq-07/color/frame-000483.color.png 0.999014 -0.0178556 0.0406568 -0.0497596 0.0175844 0.999821 0.00701643 0.0123191 -0.0407748 -0.00629466 0.999149 -0.0708362 0.0 0.0 0.0 1.0
redkitchen/seq-07/color/frame-000483.color.png redkitchen/seq-07/color/frame-000486.color.png 0.999717 -0.0109593 0.0211043 -0.021312 0.010916 0.999938 0.0021639 0.0113311 -0.0211267 -0.00193283 0.999775 -0.0400465 0.0 0.0 0.0 1.0
redkitchen/seq-07/color/frame-000486.color.png redkitchen/seq-07/color/frame-000489.color.png 0.998214 -0.0323575 0.0502162 -0.0499502 0.032317 0.999476 0.00161814 0.0621305 -0.0502422 7.56667e-06 0.998737 -0.100275 0.0 0.0 0.0 1.0
redkitchen/seq-07/color/frame-000489.color.png redkitchen/seq-07/color/frame-000492.color.png 0.999424 -0.00435959 0.0336671 -0.0376346 0.00406372 0.999953 0.00885189 -0.0134884 -0.0337041 -0.00871 0.999394 -0.0660822 0.0 0.0 0.0 1.0
redkitchen/seq-07/color/frame-000492.color.png redkitchen/seq-07/color/frame-000495.color.png 0.999638 -0.00286772 0.0267335 -0.0285834 0.0026104 0.99995 0.00965679 -0.0290979 -0.0267599 -0.00958356 0.999596 -0.0389047 0.0 0.0 0.0 1.0
redkitchen/seq-07/color/frame-000495.color.png redkitchen/seq-07/color/frame-000498.color.png 0.99907 -0.0213579 0.0374586 -0.0415173 0.0215195 0.999761 -0.00391753 0.0466575 -0.0373659 0.00472009 0.99929 -0.0548472 0.0 0.0 0.0 1.0
redkitchen/seq-07/color/frame-000498.color.png redkitchen/seq-07/color/frame-000501.color.png 0.999429 -0.0107191 0.032044 -0.0366162 0.0106651 0.999941 0.00185408 0.00432175 -0.032062 -0.00151126 0.999485 -0.0205449 0.0 0.0 0.0 1.0
redkitchen/seq-07/color/frame-000501.color.png redkitchen/seq-07/color/frame-000504.color.png 0.999542 -0.00753708 0.0293135 -0.0322845 0.00750815 0.999971 0.00109743 0.0198595 -0.0293209 -0.000876805 0.99957 -0.05443 0.0 0.0 0.0 1.0
redkitchen/seq-07/color/frame-000504.color.png redkitchen/seq-07/color/frame-000507.color.png 0.999083 -0.00667395 0.042299 -0.0372777 0.00681024 0.999972 -0.00307856 0.0176509 -0.0422772 0.00336382 0.9991 -0.0864178 0.0 0.0 0.0 1.0
redkitchen/seq-07/color/frame-000507.color.png redkitchen/seq-07/color/frame-000510.color.png 0.999465 0.0130271 0.0299922 -0.0270904 -0.0130818 0.999913 0.00162823 -0.0326109 -0.0299684 -0.00201977 0.999549 -0.0521956 0.0 0.0 0.0 1.0
redkitchen/seq-07/color/frame-000510.color.png redkitchen/seq-07/color/frame-000513.color.png 0.999838 0.00127434 0.0179747 -0.0189226 -0.00118926 0.999988 -0.00474489 0.000938803 -0.0179805 0.00472268 0.999827 -0.0198664 0.0 0.0 0.0 1.0
redkitchen/seq-07/color/frame-000513.color.png redkitchen/seq-07/color/frame-000516.color.png 0.99931 -0.00394368 0.0369419 -0.0374219 0.00438858 0.999919 -0.0119694 0.0125811 -0.0368917 0.0121234 0.999246 -0.0501074 0.0 0.0 0.0 1.0
redkitchen/seq-07/color/frame-000516.color.png redkitchen/seq-07/color/frame-000519.color.png 0.99967 -0.00344684 0.0254631 -0.0321063 0.00374303 0.999926 -0.0115929 0.0199164 -0.0254213 0.0116844 0.999609 -0.0197788 0.0 0.0 0.0 1.0
redkitchen/seq-07/color/frame-000519.color.png redkitchen/seq-07/color/frame-000522.color.png 0.999104 -0.009515 0.041233 -0.0421057 0.0100777 0.999859 -0.0134613 0.0223992 -0.0410991 0.0138648 0.999059 -0.0793109 0.0 0.0 0.0 1.0
redkitchen/seq-07/color/frame-000522.color.png redkitchen/seq-07/color/frame-000525.color.png 0.99971 -0.00469242 0.0236319 -0.0234252 0.00466727 0.999988 0.00112161 0.00735688 -0.0236368 -0.00101098 0.99972 -0.0331445 0.0 0.0 0.0 1.0
redkitchen/seq-07/color/frame-000525.color.png redkitchen/seq-07/color/frame-000528.color.png 0.999593 -0.000272219 0.0285244 -0.0278553 0.00030238 0.999999 -0.00105619 -0.00480348 -0.0285241 0.00106441 0.999592 -0.0387752 0.0 0.0 0.0 1.0
redkitchen/seq-07/color/frame-000528.color.png redkitchen/seq-07/color/frame-000531.color.png 0.999561 0.0056079 0.0291066 -0.0268743 -0.00560771 0.999984 -8.82547e-05 -0.0120404 -0.0291067 -7.50318e-05 0.999576 -0.0481833 0.0 0.0 0.0 1.0
redkitchen/seq-07/color/frame-000531.color.png redkitchen/seq-07/color/frame-000534.color.png 0.99968 0.0116158 0.0224682 -0.0211101 -0.0115829 0.999932 -0.00159444 -0.0207283 -0.0224852 0.00133368 0.999746 -0.0251726 0.0 0.0 0.0 1.0
redkitchen/seq-07/color/frame-000534.color.png redkitchen/seq-07/color/frame-000537.color.png 0.999444 0.0115245 0.0312981 -0.0273741 -0.0112637 0.9999 -0.00849368 -0.00619382 -0.0313929 0.00813644 0.999474 -0.0601636 0.0 0.0 0.0 1.0
redkitchen/seq-07/color/frame-000537.color.png redkitchen/seq-07/color/frame-000540.color.png 0.999697 0.0201097 0.0141879 -0.00952291 -0.020144 0.999795 0.00227094 -0.0478078 -0.0141394 -0.00255598 0.999897 -0.00192273 0.0 0.0 0.0 1.0
redkitchen/seq-07/color/frame-000540.color.png redkitchen/seq-07/color/frame-000543.color.png 0.999825 0.0106283 0.0153802 -0.0066644 -0.0105084 0.999914 -0.00785134 -0.00509238 -0.0154623 0.00768821 0.999851 -0.00541592 0.0 0.0 0.0 1.0
redkitchen/seq-07/color/frame-000543.color.png redkitchen/seq-07/color/frame-000546.color.png 0.999376 0.0293706 0.0196366 -0.0120395 -0.029305 0.999564 -0.00361417 -0.0611215 -0.0197342 0.00303659 0.999801 -0.0322415 0.0 0.0 0.0 1.0
redkitchen/seq-07/color/frame-000546.color.png redkitchen/seq-07/color/frame-000549.color.png 0.999066 0.0391116 0.0183733 -0.00955987 -0.0391338 0.999234 0.000852733 -0.081621 -0.0183257 -0.00157091 0.999831 -0.0223231 0.0 0.0 0.0 1.0
redkitchen/seq-07/color/frame-000549.color.png redkitchen/seq-07/color/frame-000552.color.png 0.999427 0.0328984 0.00790993 0.00525165 -0.0328381 0.999432 -0.00762851 -0.0543311 -0.00815652 0.00736438 0.99994 0.0025183 0.0 0.0 0.0 1.0
redkitchen/seq-07/color/frame-000552.color.png redkitchen/seq-07/color/frame-000555.color.png 0.999495 0.0317856 0.000418589 0.0149622 -0.0317843 0.999491 -0.0027644 -0.0612433 -0.000506187 0.00274972 0.999996 0.0274018 0.0 0.0 0.0 1.0
redkitchen/seq-07/color/frame-000555.color.png redkitchen/seq-07/color/frame-000558.color.png 0.999742 0.0227173 -0.000619905 0.0131533 -0.0227202 0.99973 -0.00490995 -0.0408395 0.000508145 0.00492267 0.999988 0.0171503 0.0 0.0 0.0 1.0
redkitchen/seq-07/color/frame-000558.color.png redkitchen/seq-07/color/frame-000561.color.png 0.999617 0.0258889 0.0097854 -0.00080204 -0.0258197 0.999641 -0.00712788 -0.0436378 -0.00996641 0.00687259 0.999927 -0.0125005 0.0 0.0 0.0 1.0
redkitchen/seq-07/color/frame-000561.color.png redkitchen/seq-07/color/frame-000564.color.png 0.999772 0.0185419 0.0106003 -0.00406814 -0.0185514 0.999828 0.000797461 -0.0455701 -0.0105837 -0.000993954 0.999943 -0.00495493 0.0 0.0 0.0 1.0
redkitchen/seq-07/color/frame-000564.color.png redkitchen/seq-07/color/frame-000567.color.png 0.999979 0.00639152 -0.000876816 0.0118586 -0.00640263 0.999892 -0.0132094 0.00396651 0.000792285 0.0132147 0.999912 0.0295912 0.0 0.0 0.0 1.0
redkitchen/seq-07/color/frame-000567.color.png redkitchen/seq-07/color/frame-000570.color.png 0.999953 0.0090346 -0.00361934 0.0170217 -0.00910477 0.999761 -0.0198722 0.00420773 0.00343894 0.0199043 0.999796 0.0350319 0.0 0.0 0.0 1.0
redkitchen/seq-07/color/frame-000570.color.png redkitchen/seq-07/color/frame-000573.color.png 0.99998 -0.00606255 -0.00147741 0.010196 0.00603671 0.999839 -0.0169026 0.0262062 0.0015797 0.0168933 0.999856 0.0313009 0.0 0.0 0.0 1.0
redkitchen/seq-07/color/frame-000573.color.png redkitchen/seq-07/color/frame-000576.color.png 0.999943 0.00804103 -0.00702438 0.0238699 -0.00810852 0.999921 -0.00961902 -0.00648397 0.0069465 0.00967543 0.999929 0.0332956 0.0 0.0 0.0 1.0
redkitchen/seq-07/color/frame-000576.color.png redkitchen/seq-07/color/frame-000579.color.png 0.999997 0.00229724 -0.000132547 0.0178641 -0.00229821 0.999957 -0.00902953 -0.00573909 0.000111805 0.00902987 0.999959 0.0306365 0.0 0.0 0.0 1.0
redkitchen/seq-07/color/frame-000579.color.png redkitchen/seq-07/color/frame-000582.color.png 0.999971 0.00508943 -0.00566917 0.0252489 -0.00507681 0.999985 0.00223765 -0.0140666 0.00568055 -0.00220888 0.999982 0.0272539 0.0 0.0 0.0 1.0
redkitchen/seq-07/color/frame-000582.color.png redkitchen/seq-07/color/frame-000585.color.png 0.999972 0.00376972 0.0063942 0.00468791 -0.00381274 0.99997 0.00672647 -0.0258259 -0.00636873 -0.00675061 0.999957 -0.00331438 0.0 0.0 0.0 1.0
redkitchen/seq-07/color/frame-000585.color.png redkitchen/seq-07/color/frame-000588.color.png 0.999995 -2.09057e-05 -0.00319913 0.026017 4.82073e-05 0.999964 0.00852479 -0.0158274 0.00319882 -0.00852487 0.999958 0.0171833 0.0 0.0 0.0 1.0
redkitchen/seq-07/color/frame-000588.color.png redkitchen/seq-07/color/frame-000591.color.png 0.999889 0.0148872 0.000557436 0.0391215 -0.0148933 0.999801 0.0132649 -0.0606683 -0.000359857 -0.0132718 0.999912 0.00459647 0.0 0.0 0.0 1.0
redkitchen/seq-07/color/frame-000591.color.png redkitchen/seq-07/color/frame-000594.color.png 0.999914 -0.0100022 -0.00845834 0.0369259 0.00998868 0.999949 -0.00164728 0.0233088 0.00847447 0.00156267 0.999963 0.0398837 0.0 0.0 0.0 1.0
redkitchen/seq-07/color/frame-000594.color.png redkitchen/seq-07/color/frame-000597.color.png 0.999994 0.00312804 -0.00156038 0.0308965 -0.00312765 0.999995 0.000288156 -0.0103195 0.00156123 -0.000283363 0.999999 0.00860465 0.0 0.0 0.0 1.0
redkitchen/seq-07/color/frame-000597.color.png redkitchen/seq-07/color/frame-000600.color.png 0.999917 0.0119375 0.00491996 0.0221324 -0.011953 0.999924 0.00313808 -0.0351835 -0.00488218 -0.00319665 0.999983 -0.00842285 0.0 0.0 0.0 1.0
redkitchen/seq-07/color/frame-000600.color.png redkitchen/seq-07/color/frame-000603.color.png 0.999919 -0.00563976 -0.0113945 0.0416452 0.0055963 0.999977 -0.0038424 0.00260758 0.0114159 0.00377836 0.999928 0.0365188 0.0 0.0 0.0 1.0
redkitchen/seq-07/color/frame-000603.color.png redkitchen/seq-07/color/frame-000606.color.png 0.999993 0.00356523 -0.00143571 0.0282108 -0.00353646 0.999802 0.0195641 -0.0443986 0.00150523 -0.0195589 0.999808 -0.016548 0.0 0.0 0.0 1.0
redkitchen/seq-07/color/frame-000606.color.png redkitchen/seq-07/color/frame-000609.color.png 0.999398 -0.00921454 -0.0334534 0.0500791 0.00914679 0.999956 -0.00217794 0.0172021 0.033472 0.00187053 0.999438 0.0997949 0.0 0.0 0.0 1.0
redkitchen/seq-07/color/frame-000609.color.png redkitchen/seq-07/color/frame-000612.color.png 0.999878 0.00156223 -0.0155355 0.039773 -0.00147243 0.999982 0.00578985 -0.0235224 0.0155443 -0.00576614 0.999863 0.0235163 0.0 0.0 0.0 1.0
redkitchen/seq-07/color/frame-000612.color.png redkitchen/seq-07/color/frame-000615.color.png 0.999627 0.0109542 -0.0250128 0.0378978 -0.0110138 0.999937 -0.00224669 -0.0173293 0.0249866 0.00252129 0.999685 0.0648527 0.0 0.0 0.0 1.0
redkitchen/seq-07/color/frame-000615.color.png redkitchen/seq-07/color/frame-000618.color.png 0.999139 0.00661047 -0.0409517 0.0637033 -0.00658958 0.999978 0.000645837 -0.0122273 0.0409551 -0.000375335 0.999161 0.0938004 0.0 0.0 0.0 1.0
redkitchen/seq-07/color/frame-000618.color.png redkitchen/seq-07/color/frame-000621.color.png 0.999892 0.0108957 -0.00984435 0.0169355 -0.0111149 0.999685 -0.0224952 0.0204031 0.0095961 0.0226022 0.999698 0.0503052 0.0 0.0 0.0 1.0
redkitchen/seq-07/color/frame-000621.color.png redkitchen/seq-07/color/frame-000624.color.png 0.999566 0.0284217 0.0077685 -0.00633502 -0.0283287 0.999529 -0.0118342 -0.0324894 -0.00810115 0.011609 0.9999 0.00886953 0.0 0.0 0.0 1.0
redkitchen/seq-07/color/frame-000624.color.png redkitchen/seq-07/color/frame-000627.color.png 0.999992 -0.00357562 -0.00162911 -0.00090003 0.00354877 0.999862 -0.0162138 0.0298135 0.00168686 0.0162079 0.999867 0.0314469 0.0 0.0 0.0 1.0
redkitchen/seq-07/color/frame-000627.color.png redkitchen/seq-07/color/frame-000630.color.png 0.999984 -0.00310313 -0.00480812 0.0123167 0.00312044 0.999989 0.00359342 -0.00393945 0.00479692 -0.00360843 0.999982 0.0159227 0.0 0.0 0.0 1.0
redkitchen/seq-07/color/frame-000630.color.png redkitchen/seq-07/color/frame-000633.color.png 0.999997 0.00242704 0.00105873 0.0147643 -0.00242919 0.999995 0.00199414 -0.0109136 -0.00105384 -0.00199668 0.999997 0.00157332 0.0 0.0 0.0 1.0
redkitchen/seq-07/color/frame-000633.color.png redkitchen/seq-07/color/frame-000636.color.png 0.999933 -0.00453211 0.0106488 -0.0051285 0.00459387 0.999973 -0.00578652 0.0199108 -0.0106223 0.00583507 0.999927 -0.012597 0.0 0.0 0.0 1.0
redkitchen/seq-07/color/frame-000636.color.png redkitchen/seq-07/color/frame-000639.color.png 0.999687 0.0171595 0.0182307 0.0014205 -0.0170608 0.999839 -0.00555204 -0.00976157 -0.0183229 0.00523923 0.999818 -0.0250455 0.0 0.0 0.0 1.0
redkitchen/seq-07/color/frame-000639.color.png redkitchen/seq-07/color/frame-000642.color.png 0.999767 0.00638068 0.0206378 -0.0118847 -0.00660021 0.999922 0.0105838 -0.0215665 -0.0205687 -0.0107174 0.999731 -0.0279239 0.0 0.0 0.0 1.0
redkitchen/seq-07/color/frame-000642.color.png redkitchen/seq-07/color/frame-000645.color.png 0.999741 -0.0116725 0.0195324 -0.0155416 0.0115186 0.999902 0.00796927 0.00944322 -0.0196236 -0.00774209 0.999777 -0.025082 0.0 0.0 0.0 1.0
redkitchen/seq-07/color/frame-000645.color.png redkitchen/seq-07/color/frame-000648.color.png 0.999487 -0.0153584 0.0281197 -0.024749 0.0151162 0.999847 0.0088041 0.00434625 -0.0282506 -0.00837462 0.999566 -0.0519609 0.0 0.0 0.0 1.0
redkitchen/seq-07/color/frame-000648.color.png redkitchen/seq-07/color/frame-000651.color.png 0.999672 -0.0183376 0.0179011 -0.0152678 0.0183672 0.99983 -0.00148736 0.0243466 -0.0178708 0.00181571 0.999839 -0.029923 0.0 0.0 0.0 1.0
redkitchen/seq-07/color/frame-000651.color.png redkitchen/seq-07/color/frame-000654.color.png 0.999809 -0.0179406 0.00772775 0.00654161 0.0179304 0.999838 0.00137171 0.0180578 -0.00775099 -0.0012329 0.999969 -0.0128399 0.0 0.0 0.0 1.0
redkitchen/seq-07/color/frame-000654.color.png redkitchen/seq-07/color/frame-000657.color.png 0.999828 -0.0177038 0.00546053 0.00792503 0.0176796 0.999834 0.00442168 0.011068 -0.00553793 -0.00432441 0.999975 -0.0139662 0.0 0.0 0.0 1.0
redkitchen/seq-07/color/frame-000657.color.png redkitchen/seq-07/color/frame-000660.color.png 0.999985 0.00363331 -0.00406928 0.0295789 -0.00363719 0.999993 -0.000972056 -0.000335813 0.0040657 0.000986803 0.999991 0.0135784 0.0 0.0 0.0 1.0
redkitchen/seq-07/color/frame-000660.color.png redkitchen/seq-07/color/frame-000663.color.png 0.99995 0.00719695 0.00691377 0.0198792 -0.00715468 0.999956 -0.00611961 -0.00311285 -0.00695748 0.00606987 0.999957 0.0030582 0.0 0.0 0.0 1.0
redkitchen/seq-07/color/frame-000663.color.png redkitchen/seq-07/color/frame-000666.color.png 0.999981 0.00549334 0.00279889 0.0195023 -0.00546738 0.999943 -0.00917597 0.014733 -0.00284905 0.00916044 0.999954 0.0123802 0.0 0.0 0.0 1.0
redkitchen/seq-07/color/frame-000666.color.png redkitchen/seq-07/color/frame-000669.color.png 0.999884 0.0152209 0.000291956 0.0222842 -0.0152203 0.999882 -0.00186852 -0.0231602 -0.000320499 0.00186397 0.999998 0.00704348 0.0 0.0 0.0 1.0
redkitchen/seq-07/color/frame-000669.color.png redkitchen/seq-07/color/frame-000672.color.png 0.999745 0.0222269 0.00405373 0.0209655 -0.0222251 0.999753 -0.000464991 -0.0342668 -0.00406301 0.000374742 0.999992 -1.93119e-05 0.0 0.0 0.0 1.0
redkitchen/seq-07/color/frame-000672.color.png redkitchen/seq-07/color/frame-000675.color.png 0.999991 0.00407163 0.00154531 0.0194842 -0.00406996 0.999991 -0.00109971 -0.00702059 -0.0015498 0.00109347 0.999998 0.0145768 0.0 0.0 0.0 1.0
redkitchen/seq-07/color/frame-000675.color.png redkitchen/seq-07/color/frame-000678.color.png 0.999929 -0.0111722 0.00416927 0.0162337 0.0111299 0.999888 0.0100151 -0.00986475 -0.00428073 -0.00996805 0.999941 0.00687814 0.0 0.0 0.0 1.0
redkitchen/seq-07/color/frame-000678.color.png redkitchen/seq-07/color/frame-000681.color.png 0.999982 -0.00467166 0.0037666 0.0137398 0.0046638 0.999987 0.00210243 -0.00123352 -0.00377633 -0.00208465 0.999991 0.00576997 0.0 0.0 0.0 1.0
redkitchen/seq-07/color/frame-000681.color.png redkitchen/seq-07/color/frame-000684.color.png 0.999897 0.013254 0.00550306 0.0144819 -0.0132569 0.999912 0.000475012 -0.027072 -0.00549622 -0.000548161 0.999985 -2.64645e-05 0.0 0.0 0.0 1.0
redkitchen/seq-07/color/frame-000684.color.png redkitchen/seq-07/color/frame-000687.color.png 0.999975 0.00583169 -0.00393582 0.0299498 -0.0058224 0.99998 0.00234437 -0.0104052 0.00394939 -0.00232127 0.999989 0.0103738 0.0 0.0 0.0 1.0
redkitchen/seq-07/color/frame-000687.color.png redkitchen/seq-07/color/frame-000690.color.png 0.999938 0.0111162 -0.000834843 0.0271976 -0.0111152 0.999937 0.00125348 -0.0231524 0.000848724 -0.00124405 0.999999 -0.000445962 0.0 0.0 0.0 1.0
redkitchen/seq-07/color/frame-000690.color.png redkitchen/seq-07/color/frame-000693.color.png 0.99987 0.009162 -0.0132459 0.0504425 -0.00925173 0.999934 -0.00672786 0.00496358 0.0131835 0.00684965 0.99989 0.0260477 0.0 0.0 0.0 1.0
redkitchen/seq-07/color/frame-000693.color.png redkitchen/seq-07/color/frame-000696.color.png 0.999954 0.00960459 -0.000236247 0.0247197 -0.00960278 0.999932 0.00668172 -0.0256615 0.000300377 -0.00667924 0.999978 -0.00213826 0.0 0.0 0.0 1.0
redkitchen/seq-07/color/frame-000696.color.png redkitchen/seq-07/color/frame-000699.color.png 0.999899 0.0124036 0.00686077 0.0279999 -0.0124266 0.999917 0.00332729 -0.0119097 -0.00681897 -0.00341231 0.999971 -0.00576568 0.0 0.0 0.0 1.0
redkitchen/seq-07/color/frame-000699.color.png redkitchen/seq-07/color/frame-000702.color.png 0.999984 -0.00293431 0.00481596 0.0216626 0.00290006 0.99997 0.00709678 -0.00274217 -0.00483667 -0.00708268 0.999963 0.00915098 0.0 0.0 0.0 1.0
redkitchen/seq-07/color/frame-000702.color.png redkitchen/seq-07/color/frame-000705.color.png 0.999849 -0.000880545 0.017388 -0.00223112 0.000776186 0.999982 0.00600775 -0.00823146 -0.0173929 -0.00599324 0.999831 -0.0230453 0.0 0.0 0.0 1.0
redkitchen/seq-07/color/frame-000705.color.png redkitchen/seq-07/color/frame-000708.color.png 0.999964 0.0042845 0.00735501 0.0178816 -0.00431876 0.99998 0.00465566 -0.0127293 -0.00733484 -0.00468736 0.999962 -0.00881374 0.0 0.0 0.0 1.0
redkitchen/seq-07/color/frame-000708.color.png redkitchen/seq-07/color/frame-000711.color.png 0.999855 -0.00618951 0.0158752 0.00728953 0.00617937 0.999981 0.000690714 0.000119209 -0.0158792 -0.000592601 0.999874 -0.0219207 0.0 0.0 0.0 1.0
redkitchen/seq-07/color/frame-000711.color.png redkitchen/seq-07/color/frame-000714.color.png 0.999869 -0.0137708 0.00855088 0.00820744 0.0138052 0.999897 -0.00397758 0.0218374 -0.0084952 0.00409527 0.999956 -0.00851643 0.0 0.0 0.0 1.0
redkitchen/seq-07/color/frame-000714.color.png redkitchen/seq-07/color/frame-000717.color.png 0.999954 0.000961835 0.00952833 0.0110801 -0.00100698 0.999988 0.00473209 -0.0150735 -0.00952361 -0.00474156 0.999943 -0.0154088 0.0 0.0 0.0 1.0
redkitchen/seq-07/color/frame-000717.color.png redkitchen/seq-07/color/frame-000720.color.png 0.99999 -0.0043495 -0.0010358 0.0296025 0.0043428 0.99997 -0.00638167 0.0143519 0.00106358 0.00637709 0.999979 0.0116452 0.0 0.0 0.0 1.0
redkitchen/seq-07/color/frame-000720.color.png redkitchen/seq-07/color/frame-000723.color.png 0.999993 0.0026511 0.00277496 0.0193846 -0.00265992 0.999991 0.00316027 -0.0115005 -0.00276668 -0.00316766 0.999991 0.00440657 0.0 0.0 0.0 1.0
redkitchen/seq-07/color/frame-000723.color.png redkitchen/seq-07/color/frame-000726.color.png 0.999987 -0.00214305 -0.00462767 0.031403 0.00211479 0.999979 -0.006133 0.0163373 0.0046407 0.0061232 0.99997 0.0108635 0.0 0.0 0.0 1.0
redkitchen/seq-07/color/frame-000726.color.png redkitchen/seq-07/color/frame-000729.color.png 0.999986 0.0034049 0.0041184 0.0137616 -0.00340725 0.999994 0.000533125 -0.0112177 -0.00411658 -0.000547106 0.999991 0.00183427 0.0 0.0 0.0 1.0
redkitchen/seq-07/color/frame-000729.color.png redkitchen/seq-07/color/frame-000732.color.png 0.999991 -0.00134165 -0.00400345 0.0325045 0.00132985 0.999995 -0.00296245 0.0106101 0.00400731 0.00295722 0.999987 0.0114068 0.0 0.0 0.0 1.0
redkitchen/seq-07/color/frame-000732.color.png redkitchen/seq-07/color/frame-000735.color.png 0.999963 0.00619838 -0.00600743 0.037508 -0.00620535 0.99998 -0.00116022 3.06368e-05 0.0060002 0.00119748 0.999981 0.0107367 0.0 0.0 0.0 1.0
redkitchen/seq-07/color/frame-000735.color.png redkitchen/seq-07/color/frame-000738.color.png 0.999989 -0.00238161 0.00392796 0.0156733 0.00236657 0.99999 0.00382253 -0.00736094 -0.00393698 -0.00381328 0.999985 0.0037148 0.0 0.0 0.0 1.0
redkitchen/seq-07/color/frame-000738.color.png redkitchen/seq-07/color/frame-000741.color.png 0.999988 -0.00456393 0.00159231 0.0235503 0.00457726 0.999953 -0.00850074 0.0234929 -0.00155345 0.00850782 0.999963 0.00859809 0.0 0.0 0.0 1.0
redkitchen/seq-07/color/frame-000741.color.png redkitchen/seq-07/color/frame-000744.color.png 0.999976 0.00690767 0.00083825 0.0220081 -0.00690324 0.999962 -0.0052677 0.000244677 -0.000874716 0.00526194 0.999986 0.00740504 0.0 0.0 0.0 1.0
redkitchen/seq-07/color/frame-000744.color.png redkitchen/seq-07/color/frame-000747.color.png 0.999987 0.00496565 -0.000803605 0.0239458 -0.00496894 0.999978 -0.00437174 0.00374073 0.000782047 0.0043756 0.99999 0.0036639 0.0 0.0 0.0 1.0
redkitchen/seq-07/color/frame-000747.color.png redkitchen/seq-07/color/frame-000750.color.png 0.999943 0.0099921 0.00377603 0.011445 -0.0100378 0.999874 0.0122649 -0.0319932 -0.00365299 -0.0123021 0.999918 -0.0126441 0.0 0.0 0.0 1.0
redkitchen/seq-07/color/frame-000750.color.png redkitchen/seq-07/color/frame-000753.color.png 0.999929 -0.00208616 -0.0117471 0.0365632 0.00218106 0.999965 0.0080695 -0.00980896 0.0117298 -0.00809453 0.999898 -0.000247836 0.0 0.0 0.0 1.0
redkitchen/seq-07/color/frame-000753.color.png redkitchen/seq-07/color/frame-000756.color.png 0.99976 -0.00964353 -0.0196977 0.0507959 0.00983888 0.999903 0.00984631 -0.00630093 0.0196008 -0.0100377 0.999757 0.0141275 0.0 0.0 0.0 1.0
redkitchen/seq-07/color/frame-000756.color.png redkitchen/seq-07/color/frame-000759.color.png 0.999852 -0.0161738 -0.00592238 0.023482 0.0161493 0.999861 -0.00416553 0.0194281 0.00598895 0.00406919 0.999974 0.00422823 0.0 0.0 0.0 1.0
redkitchen/seq-07/color/frame-000759.color.png redkitchen/seq-07/color/frame-000762.color.png 0.99987 -0.016009 -0.0020977 0.0273488 0.0160061 0.999871 -0.00130205 0.00320613 0.0021183 0.00126822 0.999997 -0.00767207 0.0 0.0 0.0 1.0
redkitchen/seq-07/color/frame-000762.color.png redkitchen/seq-07/color/frame-000765.color.png 0.999461 -0.0270479 0.018611 -0.015634 0.0268061 0.999555 0.0131265 -0.0162221 -0.0189577 -0.0126204 0.999741 -0.0320237 0.0 0.0 0.0 1.0
redkitchen/seq-07/color/frame-000765.color.png redkitchen/seq-07/color/frame-000768.color.png 0.999435 -0.0274043 0.0194541 -0.0244111 0.0272094 0.999578 0.0102114 -0.0066818 -0.0197258 -0.00967629 0.999759 -0.0219574 0.0 0.0 0.0 1.0
redkitchen/seq-07/color/frame-000768.color.png redkitchen/seq-07/color/frame-000771.color.png 0.999408 -0.0127717 0.0319602 -0.0394122 0.0121075 0.999709 0.0208894 -0.0363707 -0.0322176 -0.0204901 0.999271 -0.0486223 0.0 0.0 0.0 1.0
redkitchen/seq-07/color/frame-000771.color.png redkitchen/seq-07/color/frame-000774.color.png 0.999702 -0.00957641 0.0224438 -0.0215566 0.00934984 0.999905 0.0101775 -0.00888258 -0.0225391 -0.00996454 0.999696 -0.0318047 0.0 0.0 0.0 1.0
redkitchen/seq-07/color/frame-000774.color.png redkitchen/seq-07/color/frame-000777.color.png 0.99987 -0.011818 0.0109319 0.00183755 0.0117291 0.999898 0.00815567 0.00316375 -0.0110272 -0.00802652 0.999907 -0.0175418 0.0 0.0 0.0 1.0
redkitchen/seq-07/color/frame-000777.color.png redkitchen/seq-07/color/frame-000780.color.png 0.999653 -0.00559107 0.0257597 -0.0225609 0.00531393 0.999927 0.0108161 -0.0150956 -0.0258183 -0.0106753 0.999609 -0.0350466 0.0 0.0 0.0 1.0
redkitchen/seq-07/color/frame-000780.color.png redkitchen/seq-07/color/frame-000783.color.png 0.999657 -0.0177197 0.0192775 -0.0164694 0.0178785 0.999807 -0.00809674 0.0343636 -0.0191303 0.00843859 0.999782 -0.0112742 0.0 0.0 0.0 1.0
redkitchen/seq-07/color/frame-000783.color.png redkitchen/seq-07/color/frame-000786.color.png 0.999829 -0.00932251 0.015961 -0.00545406 0.00923594 0.999942 0.00548446 -0.0146725 -0.0160112 -0.00533608 0.999857 -0.0170431 0.0 0.0 0.0 1.0
redkitchen/seq-07/color/frame-000786.color.png redkitchen/seq-07/color/frame-000789.color.png 0.99988 -0.0141013 0.00635531 0.00981161 0.0141942 0.99979 -0.0148119 0.0360178 -0.00614509 0.0149003 0.99987 -0.00498438 0.0 0.0 0.0 1.0
redkitchen/seq-07/color/frame-000789.color.png redkitchen/seq-07/color/frame-000792.color.png 0.999991 -0.0031126 -0.00290783 0.0261856 0.00314566 0.99993 0.0114427 -0.0325311 0.00287203 -0.0114517 0.99993 -0.009413 0.0 0.0 0.0 1.0
redkitchen/seq-07/color/frame-000792.color.png redkitchen/seq-07/color/frame-000795.color.png 0.999992 -0.00314926 -0.00244089 0.025834 0.00317237 0.999949 0.00954598 -0.0113412 0.00241067 -0.00955369 0.999952 -0.0203422 0.0 0.0 0.0 1.0
redkitchen/seq-07/color/frame-000795.color.png redkitchen/seq-07/color/frame-000798.color.png 0.999978 0.00459597 -0.00468425 0.0322929 -0.0045509 0.999944 0.00957594 -0.0182764 0.00472794 -0.00955437 0.999943 -0.0142988 0.0 0.0 0.0 1.0
redkitchen/seq-07/color/frame-000798.color.png redkitchen/seq-07/color/frame-000801.color.png 0.999979 -0.00589701 -0.00249634 0.0505988 0.00587958 0.999958 -0.00696898 0.0210828 0.00253739 0.00695415 0.999973 -0.0104128 0.0 0.0 0.0 1.0
redkitchen/seq-07/color/frame-000801.color.png redkitchen/seq-07/color/frame-000804.color.png 0.999984 -0.00567182 -0.000565373 0.0251126 0.00566896 0.999972 -0.00484599 0.0150534 0.000592767 0.00484272 0.999988 0.000505686 0.0 0.0 0.0 1.0
redkitchen/seq-07/color/frame-000804.color.png redkitchen/seq-07/color/frame-000807.color.png 0.999958 -0.00181357 0.00904499 0.00132388 0.00160099 0.999723 0.0234673 -0.0550706 -0.00908499 -0.0234518 0.999684 -0.0366151 0.0 0.0 0.0 1.0
redkitchen/seq-07/color/frame-000807.color.png redkitchen/seq-07/color/frame-000810.color.png 0.999873 -0.00158448 -0.0158725 0.0555388 0.00158191 0.999999 -0.000172312 0.0236002 0.0158728 0.000147232 0.999874 -0.00705874 0.0 0.0 0.0 1.0
redkitchen/seq-07/color/frame-000810.color.png redkitchen/seq-07/color/frame-000813.color.png 0.99997 9.02977e-05 -0.00770614 0.0263676 1.55457e-05 0.999906 0.0137413 -0.026943 0.00770666 -0.0137411 0.999876 -0.0207326 0.0 0.0 0.0 1.0
redkitchen/seq-07/color/frame-000813.color.png redkitchen/seq-07/color/frame-000816.color.png 0.999789 0.0116399 -0.0169124 0.0527966 -0.0116123 0.999931 0.00172337 0.00627929 0.0169313 -0.00152662 0.999855 -0.00882506 0.0 0.0 0.0 1.0
redkitchen/seq-07/color/frame-000816.color.png redkitchen/seq-07/color/frame-000819.color.png 0.999819 0.0108752 -0.0156381 0.0440009 -0.0110404 0.999884 -0.0105132 0.0200388 0.015522 0.0106838 0.999822 -0.00551057 0.0 0.0 0.0 1.0
redkitchen/seq-07/color/frame-000819.color.png redkitchen/seq-07/color/frame-000822.color.png 0.999634 0.0121961 -0.0241592 0.0536375 -0.0119632 0.999881 0.00975349 -0.0153556 0.0242753 -0.00946088 0.99966 -0.0172234 0.0 0.0 0.0 1.0
redkitchen/seq-07/color/frame-000822.color.png redkitchen/seq-07/color/frame-000825.color.png 0.999538 0.0153277 -0.0262445 0.0561645 -0.0152505 0.999879 0.00314499 -0.00124466 0.0262894 -0.00274328 0.999651 -0.0109028 0.0 0.0 0.0 1.0
redkitchen/seq-07/color/frame-000825.color.png redkitchen/seq-07/color/frame-000828.color.png 0.999587 0.00177678 -0.0286671 0.0595493 -0.00180028 0.999998 -0.000798171 0.0145472 0.0286658 0.000849366 0.999589 -0.0290478 0.0 0.0 0.0 1.0
redkitchen/seq-07/color/frame-000828.color.png redkitchen/seq-07/color/frame-000831.color.png 0.9996 0.0130781 -0.025065 0.0450109 -0.0128193 0.999863 0.0104672 -0.0125602 0.0251984 -0.0101416 0.999631 -0.0248358 0.0 0.0 0.0 1.0
redkitchen/seq-07/color/frame-000831.color.png redkitchen/seq-07/color/frame-000834.color.png 0.999608 0.00837548 -0.0267094 0.0506174 -0.00828325 0.999959 0.00355868 0.000910997 0.0267382 -0.00333612 0.999637 -0.0174867 0.0 0.0 0.0 1.0
redkitchen/seq-07/color/frame-000834.color.png redkitchen/seq-07/color/frame-000837.color.png 0.999788 0.0106727 -0.0176234 0.0312704 -0.0104797 0.999884 0.0110024 -0.0144213 0.0177387 -0.0108153 0.999784 -0.0234876 0.0 0.0 0.0 1.0
redkitchen/seq-07/color/frame-000837.color.png redkitchen/seq-07/color/frame-000840.color.png 0.999961 -0.00769879 -0.00439316 0.0214993 0.00768722 0.999967 -0.00265032 0.025669 0.00441344 0.00261647 0.999987 -0.0495312 0.0 0.0 0.0 1.0
redkitchen/seq-07/color/frame-000840.color.png redkitchen/seq-07/color/frame-000843.color.png 0.999835 0.0114763 -0.0140994 0.0382231 -0.0112239 0.999778 0.0178507 -0.0249079 0.0143012 -0.0176896 0.999741 -0.0315676 0.0 0.0 0.0 1.0
redkitchen/seq-07/color/frame-000843.color.png redkitchen/seq-07/color/frame-000846.color.png 0.999999 0.00014129 0.0014146 0.00532829 -0.00016239 0.999888 0.014971 -0.001616 -0.00141239 -0.0149712 0.999887 -0.03133 0.0 0.0 0.0 1.0
redkitchen/seq-07/color/frame-000846.color.png redkitchen/seq-07/color/frame-000849.color.png 0.999978 0.00669523 -0.00019239 0.0149414 -0.00669513 0.999977 0.000726115 0.00493419 0.000197279 -0.000724854 1.0 -0.0228741 0.0 0.0 0.0 1.0
redkitchen/seq-07/color/frame-000849.color.png redkitchen/seq-07/color/frame-000852.color.png 0.999961 0.00854704 -0.00202817 0.0121842 -0.00854894 0.999963 -0.000917757 0.00952011 0.00202029 0.000935129 0.999997 -0.0248419 0.0 0.0 0.0 1.0
redkitchen/seq-07/color/frame-000852.color.png redkitchen/seq-07/color/frame-000855.color.png 0.999979 -0.00631407 -0.00108694 0.0108698 0.00631769 0.999974 0.00336708 0.0110601 0.00106568 -0.00337392 0.999994 -0.0227278 0.0 0.0 0.0 1.0
redkitchen/seq-07/color/frame-000855.color.png redkitchen/seq-07/color/frame-000858.color.png 0.99997 0.0057409 -0.00527299 0.0192363 -0.00575295 0.999981 -0.00227309 0.0211325 0.00525989 0.00230327 0.999984 -0.0209821 0.0 0.0 0.0 1.0
redkitchen/seq-07/color/frame-000858.color.png redkitchen/seq-07/color/frame-000861.color.png 0.999961 -0.000223349 -0.00882617 0.0206999 0.000265446 0.999989 0.004762 0.012635 0.00882493 -0.00476407 0.99995 -0.029017 0.0 0.0 0.0 1.0
redkitchen/seq-07/color/frame-000861.color.png redkitchen/seq-07/color/frame-000864.color.png 0.999886 0.00908311 -0.0120368 0.0211148 -0.00896525 0.999912 0.00980139 -0.00127149 0.0121248 -0.00969244 0.99988 -0.030575 0.0 0.0 0.0 1.0
redkitchen/seq-07/color/frame-000864.color.png redkitchen/seq-07/color/frame-000867.color.png 0.99977 0.00275499 -0.0212892 0.0315009 -0.00253162 0.999942 0.0105164 0.00295317 0.0213169 -0.01046 0.999718 -0.0296916 0.0 0.0 0.0 1.0
redkitchen/seq-07/color/frame-000867.color.png redkitchen/seq-07/color/frame-000870.color.png 0.99959 0.0192468 -0.0211802 0.025347 -0.0192399 0.999815 0.000525999 0.00972709 0.0211865 -0.000118273 0.999775 -0.0267076 0.0 0.0 0.0 1.0
redkitchen/seq-07/color/frame-000870.color.png redkitchen/seq-07/color/frame-000873.color.png 0.999833 0.00759947 -0.0166184 0.0237859 -0.00765259 0.999966 -0.00313399 0.0123857 0.0165939 0.00326066 0.999857 -0.023699 0.0 0.0 0.0 1.0
redkitchen/seq-07/color/frame-000873.color.png redkitchen/seq-07/color/frame-000876.color.png 0.999706 0.0109209 -0.0216538 0.0170416 -0.0110084 0.999932 -0.00392383 0.0260624 0.0216095 0.004161 0.999758 -0.0161704 0.0 0.0 0.0 1.0
redkitchen/seq-07/color/frame-000876.color.png redkitchen/seq-07/color/frame-000879.color.png 0.999792 0.00669195 -0.0192554 0.0157429 -0.00655381 0.999952 0.00723519 0.00858191 0.0193028 -0.00710759 0.999788 -0.0202702 0.0 0.0 0.0 1.0
redkitchen/seq-07/color/frame-000879.color.png redkitchen/seq-07/color/frame-000882.color.png 0.999783 0.0139277 -0.01548 0.00930218 -0.0138742 0.999898 0.00355028 0.0033778 0.015528 -0.00333467 0.999874 -0.0178056 0.0 0.0 0.0 1.0
redkitchen/seq-07/color/frame-000882.color.png redkitchen/seq-07/color/frame-000885.color.png 0.99992 0.00716771 -0.0103852 -0.000719152 -0.00712743 0.999967 0.00391142 0.00498345 0.0104129 -0.00383707 0.999938 -0.0253264 0.0 0.0 0.0 1.0
redkitchen/seq-07/color/frame-000885.color.png redkitchen/seq-07/color/frame-000888.color.png 0.999936 -0.00472504 -0.0102522 0.0045844 0.00477065 0.999979 0.00442594 0.00323296 0.010231 -0.00447449 0.999938 -0.0252728 0.0 0.0 0.0 1.0
redkitchen/seq-07/color/frame-000888.color.png redkitchen/seq-07/color/frame-000891.color.png 0.999825 0.0139906 -0.0124527 -0.00271545 -0.0138739 0.999859 0.00941918 0.0023413 0.0125827 -0.00924479 0.999878 -0.0397947 0.0 0.0 0.0 1.0
redkitchen/seq-07/color/frame-000891.color.png redkitchen/seq-07/color/frame-000894.color.png 0.999853 0.00123569 -0.0170917 0.0119913 -0.00105422 0.999943 0.0106224 0.00680119 0.0171038 -0.0106028 0.999797 -0.0271751 0.0 0.0 0.0 1.0
redkitchen/seq-07/color/frame-000894.color.png redkitchen/seq-07/color/frame-000897.color.png 0.999547 0.0184725 -0.0237767 0.0186866 -0.0183562 0.999819 0.00509553 -0.00252455 0.0238665 -0.00465677 0.999704 -0.00855148 0.0 0.0 0.0 1.0
redkitchen/seq-07/color/frame-000897.color.png redkitchen/seq-07/color/frame-000900.color.png 0.999911 0.00017201 -0.0133482 0.013529 -0.000326964 0.999933 -0.0116014 0.0128386 0.0133453 0.0116046 0.999844 -0.0219386 0.0 0.0 0.0 1.0
redkitchen/seq-07/color/frame-000900.color.png redkitchen/seq-07/color/frame-000903.color.png 0.999789 0.00841596 -0.0187328 0.0201423 -0.00842266 0.999965 -0.000284506 0.00538933 0.0187297 0.000442216 0.999825 -0.00932938 0.0 0.0 0.0 1.0
redkitchen/seq-07/color/frame-000903.color.png redkitchen/seq-07/color/frame-000906.color.png 0.999787 0.0160807 -0.0129341 0.01908 -0.01614 0.99986 -0.0044795 0.000135452 0.0128602 0.0046873 0.999906 -0.0101881 0.0 0.0 0.0 1.0
redkitchen/seq-07/color/frame-000906.color.png redkitchen/seq-07/color/frame-000909.color.png 0.99886 0.0398636 -0.0262448 0.0340337 -0.0398747 0.999205 9.74567e-05 -0.0107022 0.0262277 0.000949216 0.999655 -0.00508946 0.0 0.0 0.0 1.0
redkitchen/seq-07/color/frame-000909.color.png redkitchen/seq-07/color/frame-000912.color.png 0.999862 0.0151953 -0.00677889 0.0214889 -0.0152648 0.99983 -0.0103104 -0.0107417 0.00662111 0.0104124 0.999924 -0.00399232 0.0 0.0 0.0 1.0
redkitchen/seq-07/color/frame-000912.color.png redkitchen/seq-07/color/frame-000915.color.png 0.999744 0.0137784 -0.017962 0.0296416 -0.0139023 0.99988 -0.00679841 -0.0244631 0.0178662 0.00704644 0.999815 0.0132002 0.0 0.0 0.0 1.0
redkitchen/seq-07/color/frame-000915.color.png redkitchen/seq-07/color/frame-000918.color.png 0.999978 0.00556836 -0.00347663 0.0283933 -0.00562852 0.999831 -0.0175247 0.0069972 0.00337832 0.0175439 0.999841 -0.0142942 0.0 0.0 0.0 1.0
redkitchen/seq-07/color/frame-000918.color.png redkitchen/seq-07/color/frame-000921.color.png 0.999719 0.0226837 -0.00681278 0.0404829 -0.0227775 0.999642 -0.0140107 -0.0180932 0.00649258 0.0141619 0.999878 0.0138327 0.0 0.0 0.0 1.0
redkitchen/seq-07/color/frame-000921.color.png redkitchen/seq-07/color/frame-000924.color.png 0.999996 0.00217256 0.00173549 0.0172309 -0.00214588 0.999883 -0.0151135 0.0168343 -0.00176813 0.0151098 0.999884 0.00189209 0.0 0.0 0.0 1.0
redkitchen/seq-07/color/frame-000924.color.png redkitchen/seq-07/color/frame-000927.color.png 0.99999 0.00311655 0.00319705 0.0303449 -0.0030895 0.99996 -0.00844578 -0.00824004 -0.00322317 0.00843585 0.999959 -0.00335789 0.0 0.0 0.0 1.0
redkitchen/seq-07/color/frame-000927.color.png redkitchen/seq-07/color/frame-000930.color.png 0.999916 0.00544036 0.0118037 0.0194465 -0.00529671 0.999912 -0.0121598 -0.00925606 -0.0118689 0.0120963 0.999856 0.017154 0.0 0.0 0.0 1.0
redkitchen/seq-07/color/frame-000930.color.png redkitchen/seq-07/color/frame-000933.color.png 0.999991 0.00197224 0.00378755 0.0263337 -0.00194528 0.999973 -0.00707614 0.00651127 -0.00380133 0.00706875 0.999968 -0.00124449 0.0 0.0 0.0 1.0
redkitchen/seq-07/color/frame-000933.color.png redkitchen/seq-07/color/frame-000936.color.png 0.999989 0.00472834 0.000272863 0.0258156 -0.00472752 0.999983 -0.00325835 0.00660807 -0.000288289 0.00325697 0.999995 0.0211485 0.0 0.0 0.0 1.0
redkitchen/seq-07/color/frame-000936.color.png redkitchen/seq-07/color/frame-000939.color.png 0.999437 0.0224948 0.0249167 0.0256986 -0.0225739 0.999741 0.00289641 -0.0235013 -0.0248452 -0.0034572 0.999685 0.0113693 0.0 0.0 0.0 1.0
redkitchen/seq-07/color/frame-000939.color.png redkitchen/seq-07/color/frame-000942.color.png 0.999705 -0.000378012 0.0242999 -0.00122219 0.000893314 0.999775 -0.0211976 0.010993 -0.0242864 0.021213 0.99948 0.0302951 0.0 0.0 0.0 1.0
redkitchen/seq-07/color/frame-000942.color.png redkitchen/seq-07/color/frame-000945.color.png 0.999807 0.00640392 0.018573 0.0126235 -0.00628108 0.999958 -0.00667042 -0.00267252 -0.0186149 0.0065525 0.999805 0.0108142 0.0 0.0 0.0 1.0
redkitchen/seq-07/color/frame-000945.color.png redkitchen/seq-07/color/frame-000948.color.png 0.999946 0.0033292 0.00986193 0.00869645 -0.00328405 0.999984 -0.00457637 -0.00556707 -0.00987709 0.00454371 0.999941 0.0182273 0.0 0.0 0.0 1.0
redkitchen/seq-07/color/frame-000948.color.png redkitchen/seq-07/color/frame-000951.color.png 0.999985 -0.00213015 0.00495664 0.0144049 0.00209634 0.999974 0.00682088 -0.0203454 -0.00497101 -0.00681031 0.999964 0.0179824 0.0 0.0 0.0 1.0
redkitchen/seq-07/color/frame-000951.color.png redkitchen/seq-07/color/frame-000954.color.png 0.999947 -0.0065834 0.00783813 0.00821309 0.00661875 0.999968 -0.00449491 -0.00887096 -0.00780832 0.00454648 0.999959 0.0175794 0.0 0.0 0.0 1.0
redkitchen/seq-07/color/frame-000954.color.png redkitchen/seq-07/color/frame-000957.color.png 0.999962 -0.0012367 0.00857958 0.00852603 0.00126856 0.999992 -0.00370808 -0.000951827 -0.00857489 0.00371884 0.999956 0.017754 0.0 0.0 0.0 1.0
redkitchen/seq-07/color/frame-000957.color.png redkitchen/seq-07/color/frame-000960.color.png 0.999961 0.00234299 0.00854729 0.00442336 -0.00230575 0.999988 -0.00436737 -0.0114959 -0.00855746 0.00434748 0.999954 0.0250924 0.0 0.0 0.0 1.0
redkitchen/seq-07/color/frame-000960.color.png redkitchen/seq-07/color/frame-000963.color.png 0.99999 -0.00335068 0.00288684 0.012471 0.00335463 0.999994 -0.00135251 0.00684726 -0.0028823 0.00136214 0.999995 0.0162846 0.0 0.0 0.0 1.0
redkitchen/seq-07/color/frame-000963.color.png redkitchen/seq-07/color/frame-000966.color.png 0.99999 -0.00451592 0.000199828 0.0200692 0.00451697 0.999975 -0.00550258 -0.0177331 -0.000174972 0.00550349 0.999985 0.028375 0.0 0.0 0.0 1.0
redkitchen/seq-07/color/frame-000966.color.png redkitchen/seq-07/color/frame-000969.color.png 0.999992 -0.00206252 0.00330128 0.0142207 0.00207164 0.999994 -0.00273338 0.00632805 -0.00329562 0.00274021 0.999991 0.0162009 0.0 0.0 0.0 1.0
redkitchen/seq-07/color/frame-000969.color.png redkitchen/seq-07/color/frame-000972.color.png 0.999899 0.010188 -0.00987902 0.0279984 -0.0100804 0.99989 0.0108782 -0.0107458 0.00998874 -0.0107776 0.999892 0.0200618 0.0 0.0 0.0 1.0
redkitchen/seq-07/color/frame-000972.color.png redkitchen/seq-07/color/frame-000975.color.png 0.999984 -0.00192412 0.00528182 -0.00240955 0.00187203 0.99995 0.00980851 -0.021687 -0.00530046 -0.00979843 0.999938 0.0145995 0.0 0.0 0.0 1.0
redkitchen/seq-07/color/frame-000975.color.png redkitchen/seq-07/color/frame-000978.color.png 0.999488 -0.0314874 -0.00560623 0.002922 0.0316223 0.999165 0.0258592 -0.0380532 0.00478731 -0.0260232 0.99965 0.00670743 0.0 0.0 0.0 1.0
redkitchen/seq-07/color/frame-000978.color.png redkitchen/seq-07/color/frame-000981.color.png 0.999771 -0.0205161 -0.00602979 0.0129177 0.020637 0.999573 0.0206889 -0.0236674 0.00560283 -0.0208086 0.999768 0.0121354 0.0 0.0 0.0 1.0
redkitchen/seq-07/color/frame-000981.color.png redkitchen/seq-07/color/frame-000984.color.png 0.99986 -0.016252 0.00407407 -0.00302255 0.0162311 0.999855 0.0050562 -0.00083518 -0.00415582 -0.00498948 0.999979 0.0271848 0.0 0.0 0.0 1.0
redkitchen/seq-07/color/frame-000984.color.png redkitchen/seq-07/color/frame-000987.color.png 0.999513 -0.0309473 0.00414279 -0.007101 0.0309333 0.999516 0.00344771 -0.0141283 -0.00424744 -0.00331781 0.999985 0.0131246 0.0 0.0 0.0 1.0
redkitchen/seq-07/color/frame-000987.color.png redkitchen/seq-07/color/frame-000990.color.png 0.999523 -0.0283119 -0.0123441 0.00886124 0.0284231 0.999556 0.00892857 -0.00841552 0.0120858 -0.00927518 0.999884 0.00190067 0.0 0.0 0.0 1.0
redkitchen/seq-07/color/frame-000990.color.png redkitchen/seq-07/color/frame-000993.color.png 0.999057 -0.0356767 -0.0247609 0.0425375 0.0356245 0.999362 -0.00255167 0.00599813 0.0248362 0.00166728 0.99969 0.0100081 0.0 0.0 0.0 1.0
redkitchen/seq-07/color/frame-000993.color.png redkitchen/seq-07/color/frame-000996.color.png 0.999609 -0.022172 -0.0170263 0.0108368 0.0221503 0.999754 -0.00145749 0.00726688 0.0170544 0.00107973 0.999854 0.00777125 0.0 0.0 0.0 1.0
redkitchen/seq-07/color/frame-000996.color.png redkitchen/seq-07/color/frame-000999.color.png 0.99889 -0.0281471 -0.0377667 0.0569556 0.0286059 0.999523 0.0116657 0.0012278 0.0374203 -0.0127331 0.999219 -0.00606132 0.0 0.0 0.0 1.0
