redkitchen/seq-07/color/frame-000002.color.png redkitchen/seq-07/color/frame-000005.color.png 0.999928 -0.00736599 0.00951418 0.00463191 0.00732541 0.999964 0.00429301 0.000275807 -0.00954546 -0.00422301 0.999946 0.00919378 0.0 0.0 0.0 1.0
redkitchen/seq-07/color/frame-000005.color.png redkitchen/seq-07/color/frame-000008.color.png 0.999975 -0.00708115 0.000405145 0.0142205 0.00707911 0.999963 0.00482814 0.00156555 -0.000439319 -0.00482515 0.999988 0.00728677 0.0 0.0 0.0 1.0
redkitchen/seq-07/color/frame-000008.color.png redkitchen/seq-07/color/frame-000011.color.png 0.99999 -0.00257315 0.00360722 0.013052 0.0025568 0.999986 0.00453094 -0.00149089 -0.00361883 -0.00452167 0.999983 0.0109658 0.0 0.0 0.0 1.0
redkitchen/seq-07/color/frame-000011.color.png redkitchen/seq-07/color/frame-000014.color.png 0.999981 0.00611847 -0.000653277 0.0208237 -0.00611646 0.999977 0.00303999 -0.00168028 0.000671861 -0.00303594 0.999995 0.0147032 0.0 0.0 0.0 1.0
redkitchen/seq-07/color/frame-000014.color.png redkitchen/seq-07/color/frame-000017.color.png 0.999999 -0.00151097 0.000203701 0.0239872 0.00151184 0.999989 -0.00434523 -0.00560829 -0.000197134 0.00434554 0.99999 0.0168401 0.0 0.0 0.0 1.0
redkitchen/seq-07/color/frame-000017.color.png redkitchen/seq-07/color/frame-000020.color.png 0.999931 0.0112251 -0.00339462 0.0296364 -0.0112336 0.999934 -0.00249996 0.00147394 0.00336633 0.00253792 0.999991 0.00817476 0.0 0.0 0.0 1.0
redkitchen/seq-07/color/frame-000020.color.png redkitchen/seq-07/color/frame-000023.color.png 0.999969 0.00770663 -0.0015582 0.03112 -0.00770497 0.99997 0.00106911 -0.0104531 0.00156639 -0.00105707 0.999998 0.0143733 0.0 0.0 0.0 1.0
redkitchen/seq-07/color/frame-000023.color.png redkitchen/seq-07/color/frame-000026.color.png 0.999982 0.00539982 -0.00248244 0.0304437 -0.0054101 0.999977 -0.00415276 -0.00321348 0.00245996 0.00416611 0.999988 0.0145915 0.0 0.0 0.0 1.0
redkitchen/seq-07/color/frame-000026.color.png redkitchen/seq-07/color/frame-000029.color.png 0.99991 0.0118544 -0.00626487 0.039637 -0.0118652 0.999928 -0.001686 -0.002371 0.00624443 0.00176018 0.999979 0.0103704 0.0 0.0 0.0 1.0
redkitchen/seq-07/color/frame-000029.color.png redkitchen/seq-07/color/frame-000032.color.png 0.999906 0.0100159 -0.00933015 0.0396153 -0.0100383 0.999947 -0.00235166 -0.00672812 0.0093061 0.00244509 0.999954 0.0217426 0.0 0.0 0.0 1.0
redkitchen/seq-07/color/frame-000032.color.png redkitchen/seq-07/color/frame-000035.color.png 0.999852 0.0150023 -0.00836345 0.0320132 -0.014931 0.999852 0.00851751 -0.00616315 0.00848999 -0.00839138 0.999929 0.0104032 0.0 0.0 0.0 1.0
redkitchen/seq-07/color/frame-000035.color.png redkitchen/seq-07/color/frame-000038.color.png 0.999867 -0.00305294 -0.0160345 0.0251472 0.00301422 0.999992 -0.00243794 -0.00733377 0.0160419 0.00238929 0.999868 0.0206828 0.0 0.0 0.0 1.0
redkitchen/seq-07/color/frame-000038.color.png redkitchen/seq-07/color/frame-000041.color.png 0.999829 0.00776084 -0.0167999 0.0397677 -0.00766339 0.999954 0.00585683 -0.00412401 0.0168446 -0.00572708 0.999842 0.0140054 0.0 0.0 0.0 1.0
redkitchen/seq-07/color/frame-000041.color.png redkitchen/seq-07/color/frame-000044.color.png 0.999976 -0.00222198 -0.00649834 0.0175993 0.0022194 0.999997 -0.000404111 -0.00838986 0.00649922 0.000389679 0.999979 0.0265033 0.0 0.0 0.0 1.0
redkitchen/seq-07/color/frame-000044.color.png redkitchen/seq-07/color/frame-000047.color.png 0.999852 0.00372626 -0.016807 0.0231031 -0.00370814 0.999992 0.00110945 -0.00855727 0.016811 -0.00104696 0.999858 0.0253743 0.0 0.0 0.0 1.0
redkitchen/seq-07/color/frame-000047.color.png redkitchen/seq-07/color/frame-000050.color.png 0.999632 0.0177436 -0.0205149 0.0232347 -0.0177671 0.999842 -0.000964543 -0.00551911 0.0204946 0.00132868 0.999789 0.0289056 0.0 0.0 0.0 1.0
redkitchen/seq-07/color/frame-000050.color.png redkitchen/seq-07/color/frame-000053.color.png 0.999809 0.0183826 -0.00663596 0.0167976 -0.0183662 0.999828 0.00252032 -0.00797538 0.00668116 -0.00239797 0.999975 0.0342884 0.0 0.0 0.0 1.0
redkitchen/seq-07/color/frame-000053.color.png redkitchen/seq-07/color/frame-000056.color.png 0.999743 0.0206916 -0.00928495 0.0224238 -0.0207573 0.99976 -0.00703421 -0.00548089 0.00913716 0.00722514 0.999932 0.0310409 0.0 0.0 0.0 1.0
redkitchen/seq-07/color/frame-000056.color.png redkitchen/seq-07/color/frame-000059.color.png 0.99999 -0.00373718 -0.00252606 0.0157495 0.00373287 0.999992 -0.00171701 -0.0247514 0.00253245 0.00170757 0.999995 0.03902 0.0 0.0 0.0 1.0
redkitchen/seq-07/color/frame-000059.color.png redkitchen/seq-07/color/frame-000062.color.png 0.999632 0.0198333 -0.0185233 0.0302859 -0.0198826 0.999799 -0.00248545 -0.014385 0.0184702 0.00285282 0.999825 0.0304185 0.0 0.0 0.0 1.0
redkitchen/seq-07/color/frame-000062.color.png redkitchen/seq-07/color/frame-000065.color.png 0.999898 0.0127979 -0.00627113 0.0112159 -0.0128278 0.999906 -0.00473503 -0.0125629 0.00620996 0.004815 0.999969 0.0347953 0.0 0.0 0.0 1.0
redkitchen/seq-07/color/frame-000065.color.png redkitchen/seq-07/color/frame-000068.color.png 0.999571 0.000370791 -0.0292788 0.0242908 -0.000620359 0.999964 -0.00851545 -0.0127464 0.0292745 0.00852996 0.999535 0.0263227 0.0 0.0 0.0 1.0
redkitchen/seq-07/color/frame-000068.color.png redkitchen/seq-07/color/frame-000071.color.png 0.999697 0.0136543 -0.0204869 0.0240158 -0.0135197 0.999886 0.00669406 -0.0209661 0.0205759 -0.00641506 0.999768 0.0287229 0.0 0.0 0.0 1.0
redkitchen/seq-07/color/frame-000071.color.png redkitchen/seq-07/color/frame-000074.color.png 0.999273 0.00970146 -0.0368603 0.0309807 -0.00992806 0.999933 -0.00597059 -0.00762977 0.0367998 0.0063322 0.999303 0.0244385 0.0 0.0 0.0 1.0
redkitchen/seq-07/color/frame-000074.color.png redkitchen/seq-07/color/frame-000077.color.png 0.999582 0.0149362 -0.0247525 0.0281645 -0.0151063 0.999863 -0.00669853 -0.00277022 0.0246491 0.00706964 0.999671 0.0305235 0.0 0.0 0.0 1.0
redkitchen/seq-07/color/frame-000077.color.png redkitchen/seq-07/color/frame-000080.color.png 0.99944 0.014978 -0.0299151 0.0315765 -0.0151985 0.999859 -0.00715777 -0.00555214 0.0298037 0.00760843 0.999527 0.0225752 0.0 0.0 0.0 1.0
redkitchen/seq-07/color/frame-000080.color.png redkitchen/seq-07/color/frame-000083.color.png 0.999465 0.0144461 -0.0293385 0.037518 -0.0148087 0.999816 -0.0121812 0.00305369 0.0291571 0.0126092 0.999495 0.0276242 0.0 0.0 0.0 1.0
redkitchen/seq-07/color/frame-000083.color.png redkitchen/seq-07/color/frame-000086.color.png 0.999612 0.0183805 -0.020909 0.0321485 -0.0183755 0.999831 0.000430104 -0.0116691 0.0209134 -4.57427e-05 0.999781 0.0261984 0.0 0.0 0.0 1.0
redkitchen/seq-07/color/frame-000086.color.png redkitchen/seq-07/color/frame-000089.color.png 0.999033 0.020651 -0.0388192 0.0507078 -0.0212071 0.999678 -0.0139657 -0.00032717 0.0385182 0.0147754 0.999149 0.0184203 0.0 0.0 0.0 1.0
redkitchen/seq-07/color/frame-000089.color.png redkitchen/seq-07/color/frame-000092.color.png 0.998944 0.0213478 -0.0406953 0.0517837 -0.0217783 0.999711 -0.0101666 0.00490326 0.0404665 0.0110422 0.99912 0.0139955 0.0 0.0 0.0 1.0
redkitchen/seq-07/color/frame-000092.color.png redkitchen/seq-07/color/frame-000095.color.png 0.999455 0.0142698 -0.0297545 0.0369982 -0.0144041 0.999887 -0.00430154 -0.00436255 0.0296897 0.00472776 0.999548 0.016537 0.0 0.0 0.0 1.0
redkitchen/seq-07/color/frame-000095.color.png redkitchen/seq-07/color/frame-000098.color.png 0.999398 0.00374513 -0.0344891 0.0396172 -0.00365641 0.99999 0.00263553 -0.0216898 0.0344987 -0.00250782 0.999402 0.00280583 0.0 0.0 0.0 1.0
redkitchen/seq-07/color/frame-000098.color.png redkitchen/seq-07/color/frame-000101.color.png 0.999666 0.00235788 -0.0257368 0.0271639 -0.00235008 0.999997 0.000333641 -0.012477 0.0257374 -0.000273054 0.999669 0.0112509 0.0 0.0 0.0 1.0
redkitchen/seq-07/color/frame-000101.color.png redkitchen/seq-07/color/frame-000104.color.png 0.999794 0.00624059 -0.01929 0.0217726 -0.00624246 0.999981 -3.73747e-05 -0.0046621 0.0192895 0.0001578 0.999814 0.00802392 0.0 0.0 0.0 1.0
redkitchen/seq-07/color/frame-000104.color.png redkitchen/seq-07/color/frame-000107.color.png 0.999595 0.00620729 -0.0277868 0.0300791 -0.00612876 0.999977 0.00290815 -0.0104767 0.0278042 -0.00273667 0.99961 0.0122582 0.0 0.0 0.0 1.0
redkitchen/seq-07/color/frame-000107.color.png redkitchen/seq-07/color/frame-000110.color.png 0.99962 0.00301884 -0.0274166 0.0385737 -0.00283312 0.999973 0.00681036 -0.0225877 0.0274365 -0.00673008 0.999601 0.00719297 0.0 0.0 0.0 1.0
redkitchen/seq-07/color/frame-000110.color.png redkitchen/seq-07/color/frame-000113.color.png 0.99982 -0.00432805 -0.0184578 0.0168325 0.00444638 0.99997 0.00637263 -0.0158852 0.0184295 -0.00645354 0.999809 0.0150604 0.0 0.0 0.0 1.0
redkitchen/seq-07/color/frame-000113.color.png redkitchen/seq-07/color/frame-000116.color.png 0.999842 -0.00216887 -0.0176659 0.0159495 0.0020931 0.999988 -0.00430443 -0.0037469 0.0176752 0.00426677 0.999835 0.0183021 0.0 0.0 0.0 1.0
redkitchen/seq-07/color/frame-000116.color.png redkitchen/seq-07/color/frame-000119.color.png 0.999692 -0.00428678 -0.0244377 0.0203218 0.00419973 0.999985 -0.00361347 -0.0125611 0.0244528 0.00350971 0.999695 0.0250874 0.0 0.0 0.0 1.0
redkitchen/seq-07/color/frame-000119.color.png redkitchen/seq-07/color/frame-000122.color.png 0.999923 -0.0111207 -0.00556329 -0.00810575 0.0110602 0.999881 -0.0107831 0.0100996 0.00568264 0.0107207 0.999926 0.00920844 0.0 0.0 0.0 1.0
redkitchen/seq-07/color/frame-000122.color.png redkitchen/seq-07/color/frame-000125.color.png 0.999772 0.012404 -0.0173688 0.0107753 -0.0123138 0.99991 0.00529052 -0.0223688 0.0174329 -0.00507545 0.999835 0.0207468 0.0 0.0 0.0 1.0
redkitchen/seq-07/color/frame-000125.color.png redkitchen/seq-07/color/frame-000128.color.png 0.999991 0.00366602 -0.0023304 -0.00991714 -0.00367707 0.999982 -0.00476575 -0.0128909 0.00231275 0.00477429 0.999986 0.0358882 0.0 0.0 0.0 1.0
redkitchen/seq-07/color/frame-000128.color.png redkitchen/seq-07/color/frame-000131.color.png 0.999806 0.00781226 -0.0180841 0.0163767 -0.00785788 0.999966 -0.00244912 -0.00299215 0.0180645 0.00259078 0.999833 0.0169454 0.0 0.0 0.0 1.0
redkitchen/seq-07/color/frame-000131.color.png redkitchen/seq-07/color/frame-000134.color.png 0.999831 0.00979028 -0.0155331 -0.00200266 -0.00966368 0.99992 0.00819899 -0.0540987 0.0156121 -0.00804748 0.999846 0.034952 0.0 0.0 0.0 1.0
redkitchen/seq-07/color/frame-000134.color.png redkitchen/seq-07/color/frame-000137.color.png 0.998796 0.00658328 -0.0486056 0.0367079 -0.00547006 0.99972 0.0230016 -0.0478105 0.0487433 -0.0227081 0.998553 -0.00139785 0.0 0.0 0.0 1.0
redkitchen/seq-07/color/frame-000137.color.png redkitchen/seq-07/color/frame-000140.color.png 0.999404 0.00552795 -0.0340891 0.0278233 -0.00555616 0.999984 -0.000733423 -0.0061568 0.0340844 0.000922377 0.999418 0.0212077 0.0 0.0 0.0 1.0
redkitchen/seq-07/color/frame-000140.color.png redkitchen/seq-07/color/frame-000143.color.png 0.998994 0.0129557 -0.0429226 0.0355178 -0.0129655 0.999916 5.06673e-05 -0.000523686 0.0429198 0.000505926 0.999078 0.00741816 0.0 0.0 0.0 1.0
redkitchen/seq-07/color/frame-000143.color.png redkitchen/seq-07/color/frame-000146.color.png 0.999065 0.0167598 -0.0398628 0.0401646 -0.016737 0.99986 0.000905029 -0.00986481 0.0398724 -0.000236999 0.999205 0.0241746 0.0 0.0 0.0 1.0
redkitchen/seq-07/color/frame-000146.color.png redkitchen/seq-07/color/frame-000149.color.png 0.999096 0.0208571 -0.0370307 0.0402103 -0.0206018 0.999761 0.00726156 -0.0153455 0.0371733 -0.00649203 0.999288 0.00845909 0.0 0.0 0.0 1.0
redkitchen/seq-07/color/frame-000149.color.png redkitchen/seq-07/color/frame-000152.color.png 0.999138 0.0209324 -0.0358361 0.0543838 -0.0210308 0.999776 -0.00237078 0.00783968 0.0357784 0.00312237 0.999355 0.0329316 0.0 0.0 0.0 1.0
redkitchen/seq-07/color/frame-000152.color.png redkitchen/seq-07/color/frame-000155.color.png 0.998696 0.0244792 -0.0448065 0.0641504 -0.0236601 0.999545 0.0187202 -0.0309809 0.0452444 -0.0176358 0.99882 0.00469649 0.0 0.0 0.0 1.0
redkitchen/seq-07/color/frame-000155.color.png redkitchen/seq-07/color/frame-000158.color.png 0.999549 0.0109945 -0.027948 0.0319177 -0.0110086 0.999939 -0.000350756 0.00586128 0.0279425 0.000658324 0.999609 0.0257981 0.0 0.0 0.0 1.0
redkitchen/seq-07/color/frame-000158.color.png redkitchen/seq-07/color/frame-000161.color.png 0.998557 0.013147 -0.0520618 0.0711179 -0.0115332 0.999447 0.0311766 -0.0673661 0.0524429 -0.0305312 0.998157 0.00952864 0.0 0.0 0.0 1.0
redkitchen/seq-07/color/frame-000161.color.png redkitchen/seq-07/color/frame-000164.color.png 0.999623 -0.00342844 -0.0272382 0.0333874 0.00340223 0.999994 -0.00100626 0.00778681 0.0272415 0.000913197 0.999628 0.00976682 0.0 0.0 0.0 1.0
redkitchen/seq-07/color/frame-000164.color.png redkitchen/seq-07/color/frame-000167.color.png 0.999353 -0.0071115 -0.0352408 0.0273106 0.00823673 0.999457 0.0318875 -0.0627836 0.0349949 -0.0321572 0.99887 0.0126923 0.0 0.0 0.0 1.0
redkitchen/seq-07/color/frame-000167.color.png redkitchen/seq-07/color/frame-000170.color.png 0.999663 -0.0224007 -0.0131502 0.00777245 0.0221193 0.999531 -0.0211719 0.0396088 0.0136182 0.0208738 0.999689 0.0219775 0.0 0.0 0.0 1.0
redkitchen/seq-07/color/frame-000170.color.png redkitchen/seq-07/color/frame-000173.color.png 0.999964 -0.00591731 0.00606565 -0.0167525 0.00593279 0.999979 -0.00254591 -0.0108032 -0.00605053 0.00258184 0.999978 0.0165429 0.0 0.0 0.0 1.0
redkitchen/seq-07/color/frame-000173.color.png redkitchen/seq-07/color/frame-000176.color.png 0.999997 0.00056879 0.00234019 -0.025172 -0.000595793 0.999933 0.0115355 -0.0323254 -0.00233341 -0.011537 0.999931 0.0120806 0.0 0.0 0.0 1.0
redkitchen/seq-07/color/frame-000176.color.png redkitchen/seq-07/color/frame-000179.color.png 0.999899 -0.00331174 0.0138275 -0.0414605 0.00330226 0.999994 0.000710683 -0.0120425 -0.0138298 -0.000664916 0.999904 0.011454 0.0 0.0 0.0 1.0
redkitchen/seq-07/color/frame-000179.color.png redkitchen/seq-07/color/frame-000182.color.png 0.999806 0.0192248 0.00419736 -0.028403 -0.0193086 0.999594 0.0209392 -0.0433992 -0.00379308 -0.0210162 0.999772 -0.0103612 0.0 0.0 0.0 1.0
redkitchen/seq-07/color/frame-000182.color.png redkitchen/seq-07/color/frame-000185.color.png 0.999632 0.0271416 -0.000224109 -0.0242032 -0.0271423 0.999625 -0.00349944 0.015021 0.000129068 0.00350422 0.999994 0.0142469 0.0 0.0 0.0 1.0
redkitchen/seq-07/color/frame-000185.color.png redkitchen/seq-07/color/frame-000188.color.png 0.999137 0.0289411 -0.0297772 0.0151385 -0.0285909 0.999518 0.0121173 -0.0530101 0.0301135 -0.0112554 0.999483 0.00848567 0.0 0.0 0.0 1.0
redkitchen/seq-07/color/frame-000188.color.png redkitchen/seq-07/color/frame-000191.color.png 0.999727 -0.00443357 -0.0229234 0.0279747 0.00303935 0.998163 -0.0605023 0.137176 0.0231495 0.0604162 0.997905 0.0436219 0.0 0.0 0.0 1.0
redkitchen/seq-07/color/frame-000191.color.png redkitchen/seq-07/color/frame-000194.color.png 0.999917 -0.00461043 -0.0120176 -0.0483525 0.0048043 0.999858 0.0161543 -0.106243 0.0119415 -0.0162107 0.999797 -0.0092659 0.0 0.0 0.0 1.0
redkitchen/seq-07/color/frame-000194.color.png redkitchen/seq-07/color/frame-000197.color.png 0.999387 -0.0160528 -0.0311006 0.0316631 0.0157403 0.999823 -0.0102675 0.0318922 0.0312599 0.00977167 0.999464 0.0120808 0.0 0.0 0.0 1.0
redkitchen/seq-07/color/frame-000197.color.png redkitchen/seq-07/color/frame-000200.color.png 0.99955 0.0269495 -0.0131902 0.00507182 -0.0269578 0.999636 -0.000450016 -0.0282888 0.0131733 0.000805406 0.999913 0.00287843 0.0 0.0 0.0 1.0
redkitchen/seq-07/color/frame-000200.color.png redkitchen/seq-07/color/frame-000203.color.png 0.99791 0.039779 -0.0509215 0.0760874 -0.0405954 0.999062 -0.0150997 0.029706 0.0502732 0.0171353 0.998588 0.0342848 0.0 0.0 0.0 1.0
redkitchen/seq-07/color/frame-000203.color.png redkitchen/seq-07/color/frame-000206.color.png 0.999497 0.0251999 -0.0192715 0.0226541 -0.0255642 0.999495 -0.0188943 0.00136942 0.0187856 0.0193775 0.999636 0.0320829 0.0 0.0 0.0 1.0
redkitchen/seq-07/color/frame-000206.color.png redkitchen/seq-07/color/frame-000209.color.png 0.998979 0.0240561 -0.0382325 0.063052 -0.0257215 0.998714 -0.0436837 0.0697998 0.0371325 0.0446224 0.998314 0.0493237 0.0 0.0 0.0 1.0
redkitchen/seq-07/color/frame-000209.color.png redkitchen/seq-07/color/frame-000212.color.png 0.998926 0.0450113 -0.0109983 0.0249285 -0.045054 0.998978 -0.00366589 -0.0282853 0.010822 0.00415751 0.999933 -0.0167899 0.0 0.0 0.0 1.0
redkitchen/seq-07/color/frame-000212.color.png redkitchen/seq-07/color/frame-000215.color.png 0.997609 0.066916 -0.0172748 0.0477641 -0.0674313 0.997236 -0.0312104 0.0359666 0.0151386 0.0323007 0.999364 0.0345471 0.0 0.0 0.0 1.0
redkitchen/seq-07/color/frame-000215.color.png redkitchen/seq-07/color/frame-000218.color.png 0.995775 0.0893535 -0.0211707 0.0629531 -0.0896598 0.995874 -0.0139894 0.00878406 0.0198334 0.0158284 0.999678 0.0238674 0.0 0.0 0.0 1.0
redkitchen/seq-07/color/frame-000218.color.png redkitchen/seq-07/color/frame-000221.color.png 0.997738 0.052185 -0.0423732 0.0490195 -0.0525404 0.998592 -0.00731453 0.00822842 0.0419318 0.00952428 0.999075 0.0483273 0.0 0.0 0.0 1.0
redkitchen/seq-07/color/frame-000221.color.png redkitchen/seq-07/color/frame-000224.color.png 0.999067 -0.00705623 -0.0426098 0.00522158 0.00705227 0.999975 -0.000243126 0.0125802 0.0426104 -5.76192e-05 0.999092 0.0217596 0.0 0.0 0.0 1.0
redkitchen/seq-07/color/frame-000224.color.png redkitchen/seq-07/color/frame-000227.color.png 0.999735 0.0111298 -0.0201583 -0.00470883 -0.0107503 0.999765 0.0188376 -0.0266437 0.0203632 -0.018616 0.999619 -0.00969696 0.0 0.0 0.0 1.0
redkitchen/seq-07/color/frame-000227.color.png redkitchen/seq-07/color/frame-000230.color.png 0.999958 0.00920188 -0.000491558 -0.0521182 -0.00919207 0.999812 0.0170972 -0.0361347 0.000648839 -0.017092 0.999854 -0.00961959 0.0 0.0 0.0 1.0
redkitchen/seq-07/color/frame-000230.color.png redkitchen/seq-07/color/frame-000233.color.png 0.999823 0.00329591 -0.0185175 -0.0264768 -0.00335282 0.99999 -0.0030415 0.00271773 0.0185073 0.00310319 0.999824 0.00744557 0.0 0.0 0.0 1.0
redkitchen/seq-07/color/frame-000233.color.png redkitchen/seq-07/color/frame-000236.color.png 0.999455 0.01237 -0.0305967 -0.00247401 -0.012211 0.999911 0.0053747 -0.0165938 0.0306604 -0.00499823 0.999517 0.00621796 0.0 0.0 0.0 1.0
redkitchen/seq-07/color/frame-000236.color.png redkitchen/seq-07/color/frame-000239.color.png 0.999139 0.0104425 -0.0401483 -0.00452018 -0.0104554 0.999945 -0.000113026 0.0143789 0.0401449 0.00053271 0.999194 0.0245793 0.0 0.0 0.0 1.0
redkitchen/seq-07/color/frame-000239.color.png redkitchen/seq-07/color/frame-000242.color.png 0.999985 0.00149801 -0.005254 -0.0228781 -0.0015142 0.999994 -0.0030679 0.0108244 0.00524934 0.00307587 0.999982 -0.000179648 0.0 0.0 0.0 1.0
redkitchen/seq-07/color/frame-000242.color.png redkitchen/seq-07/color/frame-000245.color.png 0.999971 0.00730557 0.00210228 -0.0735406 -0.00728877 0.999943 -0.00786358 0.0149481 -0.00215958 0.00784801 0.999967 -0.00509346 0.0 0.0 0.0 1.0
redkitchen/seq-07/color/frame-000245.color.png redkitchen/seq-07/color/frame-000248.color.png 0.999823 -0.0176868 -0.00636567 -0.0517926 0.0176485 0.999826 -0.00601204 0.031471 0.00647087 0.00589857 0.999962 -0.0162169 0.0 0.0 0.0 1.0
redkitchen/seq-07/color/frame-000248.color.png redkitchen/seq-07/color/frame-000251.color.png 0.999826 0.00464761 -0.0180585 -0.00765955 -0.00473871 0.999976 -0.00500717 0.015893 0.0180348 0.00509187 0.999824 0.00575876 0.0 0.0 0.0 1.0
redkitchen/seq-07/color/frame-000251.color.png redkitchen/seq-07/color/frame-000254.color.png 0.999773 -0.00694105 -0.0201629 -0.0185068 0.00685091 0.999966 -0.00453904 0.0196804 0.0201937 0.00439987 0.999786 0.0166714 0.0 0.0 0.0 1.0
redkitchen/seq-07/color/frame-000254.color.png redkitchen/seq-07/color/frame-000257.color.png 0.999805 -0.0103226 -0.0168237 -0.0237504 0.0100467 0.999815 -0.0164023 0.0469413 0.01699 0.0162302 0.999724 0.0256623 0.0 0.0 0.0 1.0
redkitchen/seq-07/color/frame-000257.color.png redkitchen/seq-07/color/frame-000260.color.png 0.999691 0.0074383 -0.02374 -0.0214907 -0.00777124 0.999872 -0.0139603 0.0202008 0.0236331 0.0141403 0.999621 0.0403535 0.0 0.0 0.0 1.0
redkitchen/seq-07/color/frame-000260.color.png redkitchen/seq-07/color/frame-000263.color.png 0.999773 0.00262626 -0.0211308 -0.00653458 -0.00257247 0.999994 0.00256665 -0.00728542 0.0211373 -0.00251167 0.999773 0.0153277 0.0 0.0 0.0 1.0
redkitchen/seq-07/color/frame-000263.color.png redkitchen/seq-07/color/frame-000266.color.png 0.999952 -0.00199494 -0.00955037 -0.0314714 0.00192008 0.999967 -0.00783392 0.0197943 0.00956565 0.00781508 0.999924 0.0192546 0.0 0.0 0.0 1.0
redkitchen/seq-07/color/frame-000266.color.png redkitchen/seq-07/color/frame-000269.color.png 0.999846 0.0101586 -0.0142898 -0.01774 -0.0101923 0.999945 -0.00228602 0.00183237 0.0142658 0.00243126 0.999895 0.0204253 0.0 0.0 0.0 1.0
redkitchen/seq-07/color/frame-000269.color.png redkitchen/seq-07/color/frame-000272.color.png 0.999916 0.0081407 -0.0100905 -0.0230809 -0.00814795 0.999967 -0.000669439 -0.00538862 0.0100847 0.000751674 0.999949 0.00114763 0.0 0.0 0.0 1.0
redkitchen/seq-07/color/frame-000272.color.png redkitchen/seq-07/color/frame-000275.color.png 0.999808 -0.00551143 -0.0188169 -0.0160457 0.00547431 0.999983 -0.0020242 0.0177916 0.0188277 0.00192079 0.999821 0.0178939 0.0 0.0 0.0 1.0
redkitchen/seq-07/color/frame-000275.color.png redkitchen/seq-07/color/frame-000278.color.png 0.999926 0.00476938 -0.0112221 -0.0284599 -0.00475398 0.999988 0.00139516 -0.000840068 0.0112286 -0.00134164 0.999936 -0.00494719 0.0 0.0 0.0 1.0
redkitchen/seq-07/color/frame-000278.color.png redkitchen/seq-07/color/frame-000281.color.png 0.99983 0.0013774 -0.0183684 -0.0375543 -0.0014489 0.999991 -0.00387698 0.013037 0.0183629 0.00390294 0.999824 0.00537622 0.0 0.0 0.0 1.0
redkitchen/seq-07/color/frame-000281.color.png redkitchen/seq-07/color/frame-000284.color.png 0.999879 0.0123978 -0.00945604 -0.020169 -0.0123211 0.999891 0.0081267 -0.0196348 0.00955579 -0.00800929 0.999922 -0.00443041 0.0 0.0 0.0 1.0
redkitchen/seq-07/color/frame-000284.color.png redkitchen/seq-07/color/frame-000287.color.png 0.99996 0.00890864 -0.000698587 -0.0434945 -0.00890008 0.999897 0.0112559 -0.0219127 0.00079887 -0.0112491 0.999936 -0.0150926 0.0 0.0 0.0 1.0
redkitchen/seq-07/color/frame-000287.color.png redkitchen/seq-07/color/frame-000290.color.png 0.99986 0.0139249 0.00925764 -0.0511112 -0.0141134 0.999688 0.0206022 -0.0472237 -0.00896792 -0.0207299 0.999745 -0.0430691 0.0 0.0 0.0 1.0
redkitchen/seq-07/color/frame-000290.color.png redkitchen/seq-07/color/frame-000293.color.png 0.999914 0.00564582 0.0118424 -0.0486531 -0.0057693 0.999929 0.0104227 -0.0178424 -0.0117826 -0.0104901 0.999876 -0.0545037 0.0 0.0 0.0 1.0
redkitchen/seq-07/color/frame-000293.color.png redkitchen/seq-07/color/frame-000296.color.png 0.999853 0.00653346 -0.0158242 -0.00611341 -0.00654266 0.999978 -0.00052903 0.00325143 0.0158204 0.000632476 0.999875 0.0140545 0.0 0.0 0.0 1.0
redkitchen/seq-07/color/frame-000296.color.png redkitchen/seq-07/color/frame-000299.color.png 0.999706 0.015168 -0.0189 0.000928521 -0.0148902 0.99978 0.0147586 -0.0298266 0.0191197 -0.0144728 0.999712 0.0033406 0.0 0.0 0.0 1.0
redkitchen/seq-07/color/frame-000299.color.png redkitchen/seq-07/color/frame-000302.color.png 0.999683 0.0102568 -0.0229987 -0.00391316 -0.0100569 0.999911 0.00878622 -0.0112634 0.0230869 -0.00855205 0.999697 0.0100967 0.0 0.0 0.0 1.0
redkitchen/seq-07/color/frame-000302.color.png redkitchen/seq-07/color/frame-000305.color.png 0.999682 0.0123089 -0.0220231 -0.0126483 -0.0120308 0.999847 0.0127142 -0.0296695 0.0221762 -0.0124452 0.999677 0.0113674 0.0 0.0 0.0 1.0
redkitchen/seq-07/color/frame-000305.color.png redkitchen/seq-07/color/frame-000308.color.png 0.999875 0.000885649 -0.0157764 -0.00385356 -0.000728109 0.99995 0.00999028 0.00709611 0.0157845 -0.00997755 0.999826 0.00849879 0.0 0.0 0.0 1.0
redkitchen/seq-07/color/frame-000308.color.png redkitchen/seq-07/color/frame-000311.color.png 0.99983 0.0111313 -0.0146973 -0.0261173 -0.0110614 0.999927 0.00482341 -0.0125694 0.0147499 -0.00466005 0.99988 0.00522578 0.0 0.0 0.0 1.0
redkitchen/seq-07/color/frame-000311.color.png redkitchen/seq-07/color/frame-000314.color.png 0.999815 0.00333908 -0.0189377 -0.0153168 -0.00334375 0.999994 -0.000209445 0.0076589 0.0189369 0.000272775 0.999821 0.00438726 0.0 0.0 0.0 1.0
redkitchen/seq-07/color/frame-000314.color.png redkitchen/seq-07/color/frame-000317.color.png 0.999652 0.0139128 -0.0223952 0.0156429 -0.0138791 0.999902 0.00165556 0.000730395 0.022416 -0.00134414 0.999748 0.00900102 0.0 0.0 0.0 1.0
redkitchen/seq-07/color/frame-000317.color.png redkitchen/seq-07/color/frame-000320.color.png 0.99972 0.020414 -0.0119992 0.000577331 -0.0205127 0.999756 -0.00816917 -0.015305 0.0118296 0.00841298 0.999895 0.00273073 0.0 0.0 0.0 1.0
redkitchen/seq-07/color/frame-000320.color.png redkitchen/seq-07/color/frame-000323.color.png 0.999561 0.0181789 -0.0233871 0.00953174 -0.0182715 0.999826 -0.00374625 -0.0185969 0.023315 0.00417197 0.999719 0.015395 0.0 0.0 0.0 1.0
redkitchen/seq-07/color/frame-000323.color.png redkitchen/seq-07/color/frame-000326.color.png 0.999816 0.00852408 -0.0172189 0.0121542 -0.00856917 0.99996 -0.00254948 0.00535256 0.0171963 0.00269653 0.999849 0.0115008 0.0 0.0 0.0 1.0
redkitchen/seq-07/color/frame-000326.color.png redkitchen/seq-07/color/frame-000329.color.png 0.99973 0.0135276 -0.0188833 0.0147939 -0.0135928 0.999902 -0.00332974 -0.000925779 0.0188364 0.00358549 0.999816 0.0207336 0.0 0.0 0.0 1.0
redkitchen/seq-07/color/frame-000329.color.png redkitchen/seq-07/color/frame-000332.color.png 0.99978 0.0195369 -0.00760669 0.00251889 -0.0195247 0.999808 0.00168946 -0.0303097 0.00763833 -0.00154062 0.99997 -0.00810146 0.0 0.0 0.0 1.0
redkitchen/seq-07/color/frame-000332.color.png redkitchen/seq-07/color/frame-000335.color.png 0.999951 0.00901502 -0.00417677 -0.00905657 -0.00900557 0.999957 0.00226991 0.00404409 0.004197 -0.00223219 0.999989 -0.0148201 0.0 0.0 0.0 1.0
redkitchen/seq-07/color/frame-000335.color.png redkitchen/seq-07/color/frame-000338.color.png 0.999986 0.00416396 0.00326132 -0.0214959 -0.0041905 0.999958 0.00816096 -0.00284344 -0.00322723 -0.00817445 0.999961 -0.0308713 0.0 0.0 0.0 1.0
redkitchen/seq-07/color/frame-000338.color.png redkitchen/seq-07/color/frame-000341.color.png 0.999923 -0.000258607 0.0123672 -0.0261174 0.000238364 0.999999 0.00163506 0.0152193 -0.0123675 -0.00163202 0.999922 -0.0518317 0.0 0.0 0.0 1.0
redkitchen/seq-07/color/frame-000341.color.png redkitchen/seq-07/color/frame-000344.color.png 0.999996 -0.00248383 0.000972351 -0.011107 0.00248445 0.999997 -0.000644463 0.0271508 -0.00097083 0.000646773 0.999999 -0.0247729 0.0 0.0 0.0 1.0
redkitchen/seq-07/color/frame-000344.color.png redkitchen/seq-07/color/frame-000347.color.png 0.999921 -0.00359876 0.012037 -0.032289 0.0036249 0.999991 -0.00215285 0.0320648 -0.0120291 0.0021963 0.999925 -0.0592664 0.0 0.0 0.0 1.0
redkitchen/seq-07/color/frame-000347.color.png redkitchen/seq-07/color/frame-000350.color.png 0.999939 -0.0107917 0.00215894 -0.0115952 0.0107898 0.999941 0.000927633 0.0342735 -0.00216868 -0.000904251 0.999997 -0.0203884 0.0 0.0 0.0 1.0
redkitchen/seq-07/color/frame-000350.color.png redkitchen/seq-07/color/frame-000353.color.png 0.999824 -0.0186561 0.00211742 -0.0161707 0.0186622 0.999821 -0.00297907 0.0600524 -0.00206153 0.00301819 0.999993 -0.0226321 0.0 0.0 0.0 1.0
redkitchen/seq-07/color/frame-000353.color.png redkitchen/seq-07/color/frame-000356.color.png 0.999791 -0.0178809 0.00995182 -0.0170019 0.0179541 0.999812 -0.00730304 0.0592075 -0.00981935 0.00748008 0.999924 -0.0496486 0.0 0.0 0.0 1.0
redkitchen/seq-07/color/frame-000356.color.png redkitchen/seq-07/color/frame-000359.color.png 0.999818 -0.0187101 0.00368402 -0.0211365 0.01873 0.99981 -0.00544272 0.0555731 -0.00358145 0.00551082 0.999979 -0.0270238 0.0 0.0 0.0 1.0
redkitchen/seq-07/color/frame-000359.color.png redkitchen/seq-07/color/frame-000362.color.png 0.999856 -0.00936801 0.0141815 -0.0153561 0.00946141 0.999934 -0.0065336 0.03944 -0.0141193 0.00666684 0.999878 -0.067089 0.0 0.0 0.0 1.0
redkitchen/seq-07/color/frame-000362.color.png redkitchen/seq-07/color/frame-000365.color.png 0.999911 -0.0101538 0.00869172 -0.0123048 0.0101531 0.999948 0.000115484 0.0435729 -0.00869242 -2.71374e-05 0.999962 -0.0474403 0.0 0.0 0.0 1.0
redkitchen/seq-07/color/frame-000365.color.png redkitchen/seq-07/color/frame-000368.color.png 0.999982 0.00304142 0.00516102 -0.0173242 -0.00302761 0.999992 -0.00266456 0.0205568 -0.00516917 0.00264876 0.999983 -0.0345296 0.0 0.0 0.0 1.0
redkitchen/seq-07/color/frame-000368.color.png redkitchen/seq-07/color/frame-000371.color.png 0.99998 -0.00571234 0.00274689 -0.0157928 0.00572632 0.999971 -0.00508519 0.0469516 -0.00271767 0.0051009 0.999983 -0.0201606 0.0 0.0 0.0 1.0
redkitchen/seq-07/color/frame-000371.color.png redkitchen/seq-07/color/frame-000374.color.png 0.999668 0.0193722 0.0169691 -0.0197055 -0.0193743 0.999812 -4.45405e-05 -0.0317586 -0.0169667 -0.000284271 0.999856 -0.0557625 0.0 0.0 0.0 1.0
redkitchen/seq-07/color/frame-000374.color.png redkitchen/seq-07/color/frame-000377.color.png 0.999975 0.00705302 0.000485698 -0.023412 -0.00705283 0.999975 -0.000413624 -0.00571275 -0.000488596 0.000410263 1.0 -0.0113953 0.0 0.0 0.0 1.0
redkitchen/seq-07/color/frame-000377.color.png redkitchen/seq-07/color/frame-000380.color.png 0.999927 -0.0072434 0.00965702 -0.020658 0.00737459 0.99988 -0.0136311 0.039783 -0.00955717 0.0137013 0.999861 -0.0321546 0.0 0.0 0.0 1.0
redkitchen/seq-07/color/frame-000380.color.png redkitchen/seq-07/color/frame-000383.color.png 0.999927 0.0116057 -0.00324631 -0.00549984 -0.0116111 0.999931 -0.00163762 -0.00629245 0.00322711 0.00167527 0.999993 -0.00562751 0.0 0.0 0.0 1.0
redkitchen/seq-07/color/frame-000383.color.png redkitchen/seq-07/color/frame-000386.color.png 0.999986 -0.00418664 -0.00327644 -0.00770378 0.00417287 0.999982 -0.00420503 0.0217607 0.00329401 0.00419136 0.999986 -0.000544131 0.0 0.0 0.0 1.0
redkitchen/seq-07/color/frame-000386.color.png redkitchen/seq-07/color/frame-000389.color.png 0.999966 -0.00825046 0.000699751 -0.00945163 0.00824814 0.999961 0.00319311 0.0492838 -0.000726093 -0.00318728 0.999995 -0.021921 0.0 0.0 0.0 1.0
redkitchen/seq-07/color/frame-000389.color.png redkitchen/seq-07/color/frame-000392.color.png 0.999879 -0.0155799 5.98845e-05 -0.0137382 0.01558 0.999878 -0.00147929 0.0454121 -3.69835e-05 0.00147999 0.999999 -0.00239241 0.0 0.0 0.0 1.0
redkitchen/seq-07/color/frame-000392.color.png redkitchen/seq-07/color/frame-000395.color.png 0.999972 0.00276344 0.0069977 -0.0240076 -0.00277071 0.999996 0.00102118 0.00149271 -0.00699476 -0.00104047 0.999975 -0.0282447 0.0 0.0 0.0 1.0
redkitchen/seq-07/color/frame-000395.color.png redkitchen/seq-07/color/frame-000398.color.png 0.999904 -0.0124416 0.00617133 -0.0238063 0.0125552 0.999745 -0.0187582 0.049277 -0.00593631 0.0188339 0.999805 -0.0248628 0.0 0.0 0.0 1.0
redkitchen/seq-07/color/frame-000398.color.png redkitchen/seq-07/color/frame-000401.color.png 0.99972 -0.00879559 0.0219589 -0.0321882 0.0090121 0.999912 -0.00977715 0.0310655 -0.021871 0.00997229 0.999711 -0.0661957 0.0 0.0 0.0 1.0
redkitchen/seq-07/color/frame-000401.color.png redkitchen/seq-07/color/frame-000404.color.png 0.999997 -0.000919309 0.00235267 -0.0116339 0.000894362 0.999944 0.0105743 -0.00380073 -0.00236233 -0.0105723 0.999941 -0.0143641 0.0 0.0 0.0 1.0
redkitchen/seq-07/color/frame-000404.color.png redkitchen/seq-07/color/frame-000407.color.png 0.999845 -0.00736537 0.0159976 -0.0148773 0.00744699 0.99996 -0.00504664 0.0315028 -0.0159598 0.00516508 0.999859 -0.0490955 0.0 0.0 0.0 1.0
redkitchen/seq-07/color/frame-000407.color.png redkitchen/seq-07/color/frame-000410.color.png 0.99978 -0.00650095 0.0199568 -0.0282843 0.00672046 0.999917 -0.0109541 0.0297812 -0.019884 0.0110857 0.999741 -0.0455815 0.0 0.0 0.0 1.0
redkitchen/seq-07/color/frame-000410.color.png redkitchen/seq-07/color/frame-000413.color.png 0.999474 0.0186416 0.0265265 -0.0284207 -0.0185518 0.999821 -0.00362274 -0.0397283 -0.0265893 0.00312871 0.999642 -0.0790626 0.0 0.0 0.0 1.0
redkitchen/seq-07/color/frame-000413.color.png redkitchen/seq-07/color/frame-000416.color.png 0.999882 -0.0034207 0.0149922 -0.0251198 0.00327563 0.999948 0.00967777 -0.0178827 -0.0150246 -0.00962743 0.999841 -0.0407462 0.0 0.0 0.0 1.0
redkitchen/seq-07/color/frame-000416.color.png redkitchen/seq-07/color/frame-000419.color.png 0.999446 -0.0332484 0.00150519 -0.00544286 0.0332176 0.999299 0.0172461 0.0415916 -0.00207742 -0.0171864 0.99985 -0.0181431 0.0 0.0 0.0 1.0
redkitchen/seq-07/color/frame-000419.color.png redkitchen/seq-07/color/frame-000422.color.png 0.999236 -0.0372604 -0.0117855 0.0133533 0.0375589 0.998951 0.0262091 0.0466841 0.0107965 -0.0266318 0.999587 0.0192615 0.0 0.0 0.0 1.0
redkitchen/seq-07/color/frame-000422.color.png redkitchen/seq-07/color/frame-000425.color.png 0.999641 -0.0250551 -0.00944688 0.0141356 0.0252354 0.999491 0.0194931 0.0205395 0.0089537 -0.0197244 0.999765 0.00526208 0.0 0.0 0.0 1.0
redkitchen/seq-07/color/frame-000425.color.png redkitchen/seq-07/color/frame-000428.color.png 0.999372 -0.0352269 -0.00393737 0.0090127 0.0352436 0.99937 0.00422145 0.0637954 0.00378616 -0.00435764 0.999983 -0.00931978 0.0 0.0 0.0 1.0
redkitchen/seq-07/color/frame-000428.color.png redkitchen/seq-07/color/frame-000431.color.png 0.999662 -0.0230981 -0.0119056 0.0152094 0.0232637 0.999632 0.0139589 0.0240116 0.0115788 -0.0142311 0.999832 0.0256839 0.0 0.0 0.0 1.0
redkitchen/seq-07/color/frame-000431.color.png redkitchen/seq-07/color/frame-000434.color.png 0.999856 -0.0110318 -0.0128845 0.0195255 0.0112668 0.999769 0.0183081 -0.00858556 0.0126796 -0.0184505 0.999749 0.0262864 0.0 0.0 0.0 1.0
redkitchen/seq-07/color/frame-000434.color.png redkitchen/seq-07/color/frame-000437.color.png 0.999867 -0.0147319 -0.00696256 0.0177288 0.0147939 0.999851 0.00894093 0.0142161 0.00682982 -0.00904275 0.999936 0.0118055 0.0 0.0 0.0 1.0
redkitchen/seq-07/color/frame-000437.color.png redkitchen/seq-07/color/frame-000440.color.png 0.999926 -0.0049883 -0.0111225 0.0188608 0.00516514 0.99986 0.0159252 -0.0070671 0.0110416 -0.0159814 0.999811 0.0158952 0.0 0.0 0.0 1.0
redkitchen/seq-07/color/frame-000440.color.png redkitchen/seq-07/color/frame-000443.color.png 0.99974 -0.014092 -0.0179237 0.0238287 0.0144507 0.999695 0.0200482 0.00477511 0.0176357 -0.020302 0.999638 0.0420223 0.0 0.0 0.0 1.0
redkitchen/seq-07/color/frame-000443.color.png redkitchen/seq-07/color/frame-000446.color.png 0.999912 -0.0108343 -0.00761226 0.0161226 0.0108789 0.999924 0.00583586 0.0120873 0.00754834 -0.00591827 0.999954 0.0204546 0.0 0.0 0.0 1.0
redkitchen/seq-07/color/frame-000446.color.png redkitchen/seq-07/color/frame-000449.color.png 0.99999 -0.00317688 0.00310505 0.00755358 0.00317231 0.999994 0.00146435 -0.00883999 -0.00310967 -0.00145429 0.999994 -0.00796264 0.0 0.0 0.0 1.0
redkitchen/seq-07/color/frame-000449.color.png redkitchen/seq-07/color/frame-000452.color.png 0.999956 -0.0042712 0.00834372 0.00361681 0.00431964 0.999974 -0.00579351 -0.000996053 -0.00831875 0.00582934 0.999948 -0.0259396 0.0 0.0 0.0 1.0
redkitchen/seq-07/color/frame-000452.color.png redkitchen/seq-07/color/frame-000455.color.png 0.999886 -0.0150544 -0.000740809 0.0136802 0.0150615 0.99983 0.0106029 0.0117995 0.000581008 -0.010613 0.999943 0.00750411 0.0 0.0 0.0 1.0
redkitchen/seq-07/color/frame-000455.color.png redkitchen/seq-07/color/frame-000458.color.png 0.999936 -0.00924398 0.00657522 0.00307155 0.00920349 0.999939 0.00616416 -0.00473103 -0.00663181 -0.00610312 0.999959 -0.0179746 0.0 0.0 0.0 1.0
redkitchen/seq-07/color/frame-000458.color.png redkitchen/seq-07/color/frame-000461.color.png 0.99975 -0.0221865 -0.00287139 0.00981855 0.022208 0.999724 0.00767315 0.0212079 0.00270039 -0.00773495 0.999966 0.0124661 0.0 0.0 0.0 1.0
redkitchen/seq-07/color/frame-000461.color.png redkitchen/seq-07/color/frame-000464.color.png 0.999819 -0.0180037 0.00623765 0.00257826 0.0179902 0.999836 0.00219977 0.022326 -0.00627625 -0.00208718 0.999978 -0.0122446 0.0 0.0 0.0 1.0
redkitchen/seq-07/color/frame-000464.color.png redkitchen/seq-07/color/frame-000467.color.png 0.999989 -0.00458238 -0.000207517 0.00869417 0.00458428 0.999938 0.0101502 -0.0188855 0.000161006 -0.010151 0.999948 0.0144542 0.0 0.0 0.0 1.0
redkitchen/seq-07/color/frame-000467.color.png redkitchen/seq-07/color/frame-000470.color.png 0.999887 -0.00579892 0.0138827 -0.00601935 0.00575181 0.999978 0.00342937 0.00556928 -0.0139023 -0.00334923 0.999898 -0.0270767 0.0 0.0 0.0 1.0
redkitchen/seq-07/color/frame-000470.color.png redkitchen/seq-07/color/frame-000473.color.png 0.999814 -0.0128463 0.0144065 -0.00842047 0.012788 0.99991 0.00412743 0.014492 -0.0144582 -0.00394251 0.999888 -0.0176542 0.0 0.0 0.0 1.0
redkitchen/seq-07/color/frame-000473.color.png redkitchen/seq-07/color/frame-000476.color.png 0.999735 -0.00450624 0.0225957 -0.0123129 0.00466074 0.999966 -0.00678984 0.0063031 -0.0225644 0.00689339 0.999722 -0.0483386 0.0 0.0 0.0 1.0
redkitchen/seq-07/color/frame-000476.color.png redkitchen/seq-07/color/frame-000479.color.png 0.999836 -0.0081549 0.016191 -0.00894094 0.00813369 0.999966 0.00137579 0.0200494 -0.0162017 -0.00124385 0.999868 -0.0233456 0.0 0.0 0.0 1.0
redkitchen/seq-07/color/frame-000479.color.png redkitchen/seq-07/color/frame-000482.color.png 0.998641 -0.0305785 0.0421946 -0.0444213 0.0304805 0.999531 0.00296094 0.0658608 -0.0422653 -0.00167086 0.999105 -0.0891884 0.0 0.0 0.0 1.0
redkitchen/seq-07/color/frame-000482.color.png redkitchen/seq-07/color/frame-000485.color.png 0.999706 -0.00769263 0.0229919 -0.0294114 0.00740827 0.999895 0.0124321 -0.0231959 -0.0230852 -0.012258 0.999658 -0.0198187 0.0 0.0 0.0 1.0
redkitchen/seq-07/color/frame-000485.color.png redkitchen/seq-07/color/frame-000488.color.png 0.998905 -0.0205389 0.0420395 -0.0452378 0.0206041 0.999787 -0.00111919 0.0339477 -0.0420075 0.00198416 0.999115 -0.0971208 0.0 0.0 0.0 1.0
redkitchen/seq-07/color/frame-000488.color.png redkitchen/seq-07/color/frame-000491.color.png 0.999614 -0.0141371 0.023909 -0.0236137 0.013988 0.999882 0.00639326 0.0196669 -0.0239966 -0.00605644 0.999694 -0.0374073 0.0 0.0 0.0 1.0
redkitchen/seq-07/color/frame-000491.color.png redkitchen/seq-07/color/frame-000494.color.png 0.999485 -0.0108958 0.0301812 -0.0271413 0.0104678 0.999843 0.0143025 -0.0129362 -0.0303322 -0.0139791 0.999442 -0.036972 0.0 0.0 0.0 1.0
redkitchen/seq-07/color/frame-000494.color.png redkitchen/seq-07/color/frame-000497.color.png 0.998827 -0.0176001 0.0451159 -0.0518684 0.0176492 0.999844 -0.000691307 0.0371242 -0.0450967 0.00148677 0.998981 -0.101074 0.0 0.0 0.0 1.0
redkitchen/seq-07/color/frame-000497.color.png redkitchen/seq-07/color/frame-000500.color.png 0.998558 -0.0150106 0.0515382 -0.0535523 0.0157347 0.999783 -0.0136739 0.0288871 -0.0513217 0.014465 0.998577 -0.0975144 0.0 0.0 0.0 1.0
redkitchen/seq-07/color/frame-000500.color.png redkitchen/seq-07/color/frame-000503.color.png 0.999919 -0.00687778 0.0106577 -0.00826705 0.00674162 0.999896 0.0127611 0.00306755 -0.0107443 -0.0126883 0.999862 0.0258179 0.0 0.0 0.0 1.0
redkitchen/seq-07/color/frame-000503.color.png redkitchen/seq-07/color/frame-000506.color.png 0.999375 -0.00263673 0.035257 -0.0499153 0.00275785 0.99999 -0.00338722 0.000866383 -0.0352478 0.00348241 0.999372 -0.0617222 0.0 0.0 0.0 1.0
redkitchen/seq-07/color/frame-000506.color.png redkitchen/seq-07/color/frame-000509.color.png 0.999467 0.00461873 0.0323296 -0.0257312 -0.00462944 0.999989 0.000256335 -0.00724813 -0.0323281 -0.000405931 0.999477 -0.0655054 0.0 0.0 0.0 1.0
redkitchen/seq-07/color/frame-000509.color.png redkitchen/seq-07/color/frame-000512.color.png 0.999742 0.0042987 0.0223092 -0.0221784 -0.00431446 0.999991 0.00065674 -0.0116801 -0.0223061 -0.000752708 0.999751 -0.0357555 0.0 0.0 0.0 1.0
redkitchen/seq-07/color/frame-000512.color.png redkitchen/seq-07/color/frame-000515.color.png 0.999497 -0.00468807 0.03137 -0.0359291 0.0050788 0.99991 -0.0123872 0.0186026 -0.0313091 0.0125403 0.999431 -0.0357492 0.0 0.0 0.0 1.0
redkitchen/seq-07/color/frame-000515.color.png redkitchen/seq-07/color/frame-000518.color.png 0.999395 -0.00364102 0.0345873 -0.0341467 0.0038787 0.999969 -0.00680758 0.0126 -0.0345615 0.00693763 0.999379 -0.0560892 0.0 0.0 0.0 1.0
redkitchen/seq-07/color/frame-000518.color.png redkitchen/seq-07/color/frame-000521.color.png 0.999633 -0.00685055 0.0262166 -0.0319688 0.00701134 0.999957 -0.00604255 0.00370568 -0.026174 0.00622415 0.999638 -0.0117053 0.0 0.0 0.0 1.0
redkitchen/seq-07/color/frame-000521.color.png redkitchen/seq-07/color/frame-000524.color.png 0.999625 -0.00617305 0.0266801 -0.0246142 0.00613262 0.99998 0.00159481 0.00660294 -0.0266894 -0.00143059 0.999643 -0.044603 0.0 0.0 0.0 1.0
redkitchen/seq-07/color/frame-000524.color.png redkitchen/seq-07/color/frame-000527.color.png 0.999688 -0.00162411 0.0249341 -0.0283128 0.0015991 0.999998 0.0010215 -0.00409654 -0.0249358 -0.000981358 0.999689 -0.0308211 0.0 0.0 0.0 1.0
redkitchen/seq-07/color/frame-000527.color.png redkitchen/seq-07/color/frame-000530.color.png 0.999595 -0.000296346 0.028465 -0.0227106 0.000389158 0.999995 -0.00325419 0.00592798 -0.0284637 0.00326398 0.99959 -0.0431745 0.0 0.0 0.0 1.0
redkitchen/seq-07/color/frame-000530.color.png redkitchen/seq-07/color/frame-000533.color.png 0.999754 0.0131918 0.0178351 -0.0146644 -0.0132001 0.999913 0.000347745 -0.0283077 -0.0178289 -0.000583047 0.999841 -0.0091511 0.0 0.0 0.0 1.0
redkitchen/seq-07/color/frame-000533.color.png redkitchen/seq-07/color/frame-000536.color.png 0.999559 0.00989598 0.0279988 -0.0293776 -0.00976514 0.999941 -0.00480784 -0.0163595 -0.0280447 0.0045323 0.999596 -0.0449674 0.0 0.0 0.0 1.0
redkitchen/seq-07/color/frame-000536.color.png redkitchen/seq-07/color/frame-000539.color.png 0.999721 0.0169779 0.0164488 -0.00841522 -0.0169404 0.999854 -0.00241579 -0.0241578 -0.0164874 0.0021365 0.999862 -0.0138613 0.0 0.0 0.0 1.0
redkitchen/seq-07/color/frame-000539.color.png redkitchen/seq-07/color/frame-000542.color.png 0.999703 0.0150529 0.0191752 -0.0157353 -0.0149485 0.999873 -0.00557312 -0.0257154 -0.0192567 0.00528491 0.999801 -0.0174559 0.0 0.0 0.0 1.0
redkitchen/seq-07/color/frame-000542.color.png redkitchen/seq-07/color/frame-000545.color.png 0.999514 0.0188655 0.0248414 -0.0202204 -0.0189068 0.99982 0.00142606 -0.0399691 -0.0248099 -0.00189508 0.99969 -0.0465963 0.0 0.0 0.0 1.0
redkitchen/seq-07/color/frame-000545.color.png redkitchen/seq-07/color/frame-000548.color.png 0.999274 0.0355242 0.0137927 -0.00539064 -0.0354372 0.999351 -0.0065036 -0.0608271 -0.0140149 0.00601004 0.999884 -0.00189066 0.0 0.0 0.0 1.0
redkitchen/seq-07/color/frame-000548.color.png redkitchen/seq-07/color/frame-000551.color.png 0.99937 0.0344725 0.00848097 0.00205231 -0.0344614 0.999405 -0.00144783 -0.0697412 -0.00852584 0.0011547 0.999963 0.000485063 0.0 0.0 0.0 1.0
redkitchen/seq-07/color/frame-000551.color.png redkitchen/seq-07/color/frame-000554.color.png 0.999299 0.0370753 0.00509889 0.010222 -0.0370639 0.99931 -0.00229382 -0.0753366 -0.00518036 0.00210328 0.999984 0.00991821 0.0 0.0 0.0 1.0
redkitchen/seq-07/color/frame-000554.color.png redkitchen/seq-07/color/frame-000557.color.png 0.999701 0.0238038 0.00568131 0.00166917 -0.0237741 0.999704 -0.00524857 -0.0449017 -0.00580453 0.00511189 0.99997 0.00237894 0.0 0.0 0.0 1.0
redkitchen/seq-07/color/frame-000557.color.png redkitchen/seq-07/color/frame-000560.color.png 0.999596 0.0282445 0.00330648 0.0101404 -0.0282281 0.999589 -0.00491414 -0.0519908 -0.00344392 0.0048189 0.999982 0.0122485 0.0 0.0 0.0 1.0
redkitchen/seq-07/color/frame-000560.color.png redkitchen/seq-07/color/frame-000563.color.png 0.999928 0.0109236 0.00499502 0.00367618 -0.0108742 0.999893 -0.00982236 -0.0105784 -0.00510184 0.0097672 0.999939 0.0109732 0.0 0.0 0.0 1.0
redkitchen/seq-07/color/frame-000563.color.png redkitchen/seq-07/color/frame-000566.color.png 0.999883 0.014863 -0.00374154 0.0169096 -0.014873 0.999886 -0.0027014 -0.0323507 0.00370103 0.00275676 0.999989 0.0382127 0.0 0.0 0.0 1.0
redkitchen/seq-07/color/frame-000566.color.png redkitchen/seq-07/color/frame-000569.color.png 0.999898 0.0142663 0.000572261 0.0119712 -0.0142554 0.999772 -0.0158853 -0.0127273 -0.000798741 0.0158754 0.999874 0.0212742 0.0 0.0 0.0 1.0
redkitchen/seq-07/color/frame-000569.color.png redkitchen/seq-07/color/frame-000572.color.png 0.999971 -0.00694104 -0.00311287 0.0119667 0.00687744 0.999776 -0.0200157 0.0353901 0.00325117 0.0199937 0.999795 0.0379616 0.0 0.0 0.0 1.0
redkitchen/seq-07/color/frame-000572.color.png redkitchen/seq-07/color/frame-000575.color.png 0.999974 0.0069163 0.00201587 0.0113555 -0.00689959 0.999943 -0.00817061 -0.0109734 -0.00207235 0.00815648 0.999965 0.00821042 0.0 0.0 0.0 1.0
redkitchen/seq-07/color/frame-000575.color.png redkitchen/seq-07/color/frame-000578.color.png 0.999995 -0.000188962 -0.00316372 0.0201334 0.000132484 0.999841 -0.0178315 0.0199797 0.00316661 0.017831 0.999836 0.0384154 0.0 0.0 0.0 1.0
redkitchen/seq-07/color/frame-000578.color.png redkitchen/seq-07/color/frame-000581.color.png 0.99998 0.00631044 -0.000674149 0.0207462 -0.00630033 0.999881 0.0140663 -0.0409604 0.000762796 -0.0140617 0.999901 0.00814855 0.0 0.0 0.0 1.0
redkitchen/seq-07/color/frame-000581.color.png redkitchen/seq-07/color/frame-000584.color.png 0.999995 0.00241721 0.00209787 0.014815 -0.00241484 0.999997 -0.00110908 -0.00797689 -0.00210054 0.00110396 0.999997 0.0115758 0.0 0.0 0.0 1.0
redkitchen/seq-07/color/frame-000584.color.png redkitchen/seq-07/color/frame-000587.color.png 0.999991 -0.000130562 -0.00411447 0.0236251 0.000170526 0.999953 0.00971976 -0.0164701 0.00411309 -0.00972054 0.999944 0.0186431 0.0 0.0 0.0 1.0
redkitchen/seq-07/color/frame-000587.color.png redkitchen/seq-07/color/frame-000590.color.png 0.999952 0.00974999 0.000183873 0.035556 -0.00975149 0.999878 0.0122074 -0.0454797 -6.48639e-05 -0.0122085 0.999925 0.00821972 0.0 0.0 0.0 1.0
redkitchen/seq-07/color/frame-000590.color.png redkitchen/seq-07/color/frame-000593.color.png 0.999992 0.000556241 -0.00406382 0.0313017 -0.000562693 0.999999 -0.00160069 -0.00197989 0.00406286 0.00160293 0.99999 0.0236032 0.0 0.0 0.0 1.0
redkitchen/seq-07/color/frame-000593.color.png redkitchen/seq-07/color/frame-000596.color.png 0.99998 0.000734754 0.00629798 0.0233731 -0.000767406 0.999986 0.00517938 -0.0207198 -0.00629407 -0.00518408 0.999967 -0.0174714 0.0 0.0 0.0 1.0
redkitchen/seq-07/color/frame-000596.color.png redkitchen/seq-07/color/frame-000599.color.png 0.999958 0.00875106 0.00275115 0.0270002 -0.00873937 0.999953 -0.00421543 -0.014134 -0.00278786 0.00419127 0.999987 0.00212586 0.0 0.0 0.0 1.0
redkitchen/seq-07/color/frame-000599.color.png redkitchen/seq-07/color/frame-000602.color.png 0.999821 -0.000929537 -0.0189128 0.0601003 0.000828618 0.999985 -0.00534348 0.00606066 0.0189174 0.00532679 0.999807 0.0571625 0.0 0.0 0.0 1.0
redkitchen/seq-07/color/frame-000602.color.png redkitchen/seq-07/color/frame-000605.color.png 0.999915 -0.0129913 -0.000629079 0.0191773 0.0129946 0.9999 0.00547595 0.0102398 0.000557855 -0.00548367 0.999985 -0.00674915 0.0 0.0 0.0 1.0
redkitchen/seq-07/color/frame-000605.color.png redkitchen/seq-07/color/frame-000608.color.png 0.999515 0.0167925 -0.0262189 0.0527563 -0.0163719 0.999735 0.0161779 -0.0662264 0.0264837 -0.0157407 0.999525 0.0624365 0.0 0.0 0.0 1.0
redkitchen/seq-07/color/frame-000608.color.png redkitchen/seq-07/color/frame-000611.color.png 0.999839 -0.0149586 -0.00990313 0.0252959 0.0149738 0.999887 0.00147666 0.00638878 0.00987994 -0.00162478 0.99995 0.0182714 0.0 0.0 0.0 1.0
redkitchen/seq-07/color/frame-000611.color.png redkitchen/seq-07/color/frame-000614.color.png 0.999501 0.0176002 -0.0262382 0.046558 -0.0175363 0.999843 0.00266004 -0.0371065 0.0262809 -0.00219857 0.999652 0.0656129 0.0 0.0 0.0 1.0
redkitchen/seq-07/color/frame-000614.color.png redkitchen/seq-07/color/frame-000617.color.png 0.999208 0.00661555 -0.0392284 0.0543118 -0.00650491 0.999975 0.00295023 -0.0149106 0.0392468 -0.0026928 0.999226 0.0897447 0.0 0.0 0.0 1.0
redkitchen/seq-07/color/frame-000617.color.png redkitchen/seq-07/color/frame-000620.color.png 0.999856 0.00835073 -0.0147889 0.0254726 -0.00860919 0.99981 -0.017497 0.0127923 0.01464 0.0176218 0.999738 0.0513362 0.0 0.0 0.0 1.0
redkitchen/seq-07/color/frame-000620.color.png redkitchen/seq-07/color/frame-000623.color.png 0.999766 0.0213638 -0.00334958 0.0155343 -0.0214184 0.999622 -0.0172407 -0.00728494 0.00298001 0.0173084 0.999846 0.0398356 0.0 0.0 0.0 1.0
redkitchen/seq-07/color/frame-000623.color.png redkitchen/seq-07/color/frame-000626.color.png 0.999866 0.0154492 0.00540868 -0.0118695 -0.0153569 0.999743 -0.0166957 -0.0006181 -0.00566513 0.0166103 0.999846 0.013992 0.0 0.0 0.0 1.0
redkitchen/seq-07/color/frame-000626.color.png redkitchen/seq-07/color/frame-000629.color.png 0.999973 -0.00668656 -0.00303184 0.00936973 0.00668686 0.999978 0.000108662 0.00753629 0.00303106 -0.000128871 0.999995 0.0145366 0.0 0.0 0.0 1.0
redkitchen/seq-07/color/frame-000629.color.png redkitchen/seq-07/color/frame-000632.color.png 0.999962 -0.003169 0.00809631 -0.00268888 0.00313448 0.999986 0.00426733 -0.010185 -0.00810978 -0.00424176 0.999958 -0.0199761 0.0 0.0 0.0 1.0
redkitchen/seq-07/color/frame-000632.color.png redkitchen/seq-07/color/frame-000635.color.png 0.999985 -0.00276104 -0.00480698 0.0245258 0.00271899 0.999958 -0.00874673 0.0220523 0.004831 0.0087335 0.99995 0.030445 0.0 0.0 0.0 1.0
redkitchen/seq-07/color/frame-000635.color.png redkitchen/seq-07/color/frame-000638.color.png 0.99995 0.00579084 0.00820523 0.00536478 -0.00577457 0.999981 -0.00200146 2.02656e-06 -0.00821674 0.00195391 0.999964 -0.0109643 0.0 0.0 0.0 1.0
redkitchen/seq-07/color/frame-000638.color.png redkitchen/seq-07/color/frame-000641.color.png 0.999525 0.0151672 0.0268314 -0.0131035 -0.015202 0.999884 0.00109256 -0.0168444 -0.0268117 -0.00149994 0.999639 -0.0395381 0.0 0.0 0.0 1.0
redkitchen/seq-07/color/frame-000641.color.png redkitchen/seq-07/color/frame-000644.color.png 0.999606 -0.00336618 0.0278534 -0.0302397 0.00298738 0.999903 0.0136293 -0.0139455 -0.0278965 -0.0135407 0.999519 -0.0472924 0.0 0.0 0.0 1.0
redkitchen/seq-07/color/frame-000644.color.png redkitchen/seq-07/color/frame-000647.color.png 0.999337 -0.0128128 0.0340825 -0.034217 0.0125423 0.999888 0.00813811 -0.00134861 -0.0341831 -0.00770528 0.999386 -0.0610838 0.0 0.0 0.0 1.0
redkitchen/seq-07/color/frame-000647.color.png redkitchen/seq-07/color/frame-000650.color.png 0.999816 -0.0124682 0.0145937 -0.00646126 0.012412 0.999915 0.00393513 0.00586641 -0.0146416 -0.00375317 0.999886 -0.0239165 0.0 0.0 0.0 1.0
redkitchen/seq-07/color/frame-000650.color.png redkitchen/seq-07/color/frame-000653.color.png 0.999531 -0.0294287 0.00843122 0.00332665 0.0294736 0.999552 -0.00526219 0.0537301 -0.00827259 0.00550821 0.999951 -0.0109982 0.0 0.0 0.0 1.0
redkitchen/seq-07/color/frame-000653.color.png redkitchen/seq-07/color/frame-000656.color.png 0.999836 -0.017726 0.00371591 0.00690424 0.0177349 0.99984 -0.00237237 0.0254994 -0.00367324 0.00243791 0.99999 -0.00430608 0.0 0.0 0.0 1.0
redkitchen/seq-07/color/frame-000656.color.png redkitchen/seq-07/color/frame-000659.color.png 0.999974 -0.0044191 -0.00572972 0.0307683 0.00447586 0.999941 0.00991957 -0.00802314 0.00568552 -0.009945 0.999934 0.0065906 0.0 0.0 0.0 1.0
redkitchen/seq-07/color/frame-000659.color.png redkitchen/seq-07/color/frame-000662.color.png 0.99994 0.00631852 0.00897021 0.0056318 -0.00624921 0.999951 -0.00773052 -0.00114083 -0.00901857 0.00767408 0.99993 -0.00777996 0.0 0.0 0.0 1.0
redkitchen/seq-07/color/frame-000662.color.png redkitchen/seq-07/color/frame-000665.color.png 0.999931 0.00984276 0.00639825 0.0193895 -0.00982226 0.999946 -0.00323762 -0.00757056 -0.00642983 0.00317445 0.999974 0.00357997 0.0 0.0 0.0 1.0
redkitchen/seq-07/color/frame-000665.color.png redkitchen/seq-07/color/frame-000668.color.png 0.999831 0.0181129 0.00302514 0.019346 -0.018095 0.999819 -0.00584124 -0.0197756 -0.00313028 0.00578556 0.999978 0.00951409 0.0 0.0 0.0 1.0
redkitchen/seq-07/color/frame-000668.color.png redkitchen/seq-07/color/frame-000671.color.png 0.9999 0.0141371 -0.000190741 0.0271788 -0.014138 0.999879 -0.00646726 -0.00465924 9.93334e-05 0.00646929 0.999979 0.0139978 0.0 0.0 0.0 1.0
redkitchen/seq-07/color/frame-000671.color.png redkitchen/seq-07/color/frame-000674.color.png 0.999968 0.00778998 -0.00179673 0.0244336 -0.00779529 0.999965 -0.00293001 -0.0068804 0.00177378 0.00294389 0.999994 0.0197501 0.0 0.0 0.0 1.0
redkitchen/seq-07/color/frame-000674.color.png redkitchen/seq-07/color/frame-000677.color.png 0.999951 -0.00594245 0.00790097 0.0137571 0.00588182 0.999953 0.00767594 -0.0176101 -0.00794628 -0.00762897 0.999939 -0.00131881 0.0 0.0 0.0 1.0
redkitchen/seq-07/color/frame-000677.color.png redkitchen/seq-07/color/frame-000680.color.png 0.999983 -0.0057252 -0.00141071 0.019609 0.005737 0.999948 0.00847637 -0.00881737 0.00136208 -0.00848439 0.999963 0.0130396 0.0 0.0 0.0 1.0
redkitchen/seq-07/color/frame-000680.color.png redkitchen/seq-07/color/frame-000683.color.png 0.999921 0.00422115 0.0118332 0.00131643 -0.00420944 0.999991 -0.00101232 -0.00784218 -0.0118373 0.000962547 0.999929 -0.010677 0.0 0.0 0.0 1.0
redkitchen/seq-07/color/frame-000683.color.png redkitchen/seq-07/color/frame-000686.color.png 0.999938 0.0048433 -0.010078 0.0411792 -0.00477849 0.999968 0.00645363 -0.0160091 0.0101089 -0.00640513 0.999928 0.0266116 0.0 0.0 0.0 1.0
redkitchen/seq-07/color/frame-000686.color.png redkitchen/seq-07/color/frame-000689.color.png 0.999972 0.00664577 -0.00358333 0.0270504 -0.00667459 0.999945 -0.00811333 0.0032807 0.00352924 0.0081371 0.999961 0.0151008 0.0 0.0 0.0 1.0
redkitchen/seq-07/color/frame-000689.color.png redkitchen/seq-07/color/frame-000692.color.png 0.999852 0.0132661 -0.0109419 0.0515425 -0.0132556 0.999912 0.00102554 -0.0175589 0.0109545 -0.000880481 0.99994 0.0100784 0.0 0.0 0.0 1.0
redkitchen/seq-07/color/frame-000692.color.png redkitchen/seq-07/color/frame-000695.color.png 0.999966 0.00800731 0.00179329 0.0195535 -0.00801255 0.999964 0.00288307 -0.0173852 -0.00177019 -0.00289734 0.999994 -0.00302684 0.0 0.0 0.0 1.0
redkitchen/seq-07/color/frame-000695.color.png redkitchen/seq-07/color/frame-000698.color.png 0.999856 0.0159615 0.00571183 0.02784 -0.0160047 0.999843 0.00761737 -0.0278587 -0.00558942 -0.00770759 0.999955 -0.00846589 0.0 0.0 0.0 1.0
redkitchen/seq-07/color/frame-000698.color.png redkitchen/seq-07/color/frame-000701.color.png 0.999841 0.00382833 0.0174075 -0.0079484 -0.00391265 0.999981 0.00481105 -0.0103415 -0.0173888 -0.00487838 0.999837 -0.022319 0.0 0.0 0.0 1.0
redkitchen/seq-07/color/frame-000701.color.png redkitchen/seq-07/color/frame-000704.color.png 0.999909 -0.00356396 0.0129987 0.00193465 0.00344565 0.999953 0.00911668 -0.0066871 -0.0130305 -0.00907109 0.999874 -0.0181479 0.0 0.0 0.0 1.0
redkitchen/seq-07/color/frame-000704.color.png redkitchen/seq-07/color/frame-000707.color.png 0.999836 0.00946008 0.0154369 0.00664711 -0.00958622 0.999921 0.00811397 -0.0325393 -0.0153589 -0.00826067 0.999848 -0.0222651 0.0 0.0 0.0 1.0
redkitchen/seq-07/color/frame-000707.color.png redkitchen/seq-07/color/frame-000710.color.png 0.999948 -0.00905945 0.00471324 0.0296357 0.00908203 0.999947 -0.00476773 0.0218197 -0.00466977 0.00481041 0.999977 0.010474 0.0 0.0 0.0 1.0
redkitchen/seq-07/color/frame-000710.color.png redkitchen/seq-07/color/frame-000713.color.png 0.999919 -0.0126265 0.00147346 0.0273327 0.0126313 0.999914 -0.00337363 0.0254865 -0.00143068 0.0033918 0.999993 0.00160491 0.0 0.0 0.0 1.0
redkitchen/seq-07/color/frame-000713.color.png redkitchen/seq-07/color/frame-000716.color.png 0.999949 -0.00467649 0.00895372 0.00979662 0.00462865 0.999975 0.00536064 -0.0123972 -0.00897862 -0.00531873 0.999945 -0.0138133 0.0 0.0 0.0 1.0
redkitchen/seq-07/color/frame-000716.color.png redkitchen/seq-07/color/frame-000719.color.png 0.99999 -0.00396268 0.00231839 0.0193177 0.00396815 0.999989 -0.00233343 0.00905734 -0.00230912 0.00234264 0.999995 -0.000436187 0.0 0.0 0.0 1.0
redkitchen/seq-07/color/frame-000719.color.png redkitchen/seq-07/color/frame-000722.color.png 0.999958 0.00453426 0.00802381 0.0158204 -0.00452474 0.999989 -0.00120701 -0.00821036 -0.00802911 0.0011705 0.999967 -0.00622332 0.0 0.0 0.0 1.0
redkitchen/seq-07/color/frame-000722.color.png redkitchen/seq-07/color/frame-000725.color.png 0.999998 0.00185633 0.000616887 0.0189434 -0.00185884 0.99999 0.00417815 -0.0124291 -0.000609067 -0.00417929 0.999991 -0.000442982 0.0 0.0 0.0 1.0
redkitchen/seq-07/color/frame-000725.color.png redkitchen/seq-07/color/frame-000728.color.png 0.999999 -0.00129698 -0.000984208 0.0289342 0.00128214 0.999888 -0.0149151 0.0272025 0.00100331 0.0149138 0.999888 0.0164561 0.0 0.0 0.0 1.0
redkitchen/seq-07/color/frame-000728.color.png redkitchen/seq-07/color/frame-000731.color.png 0.999977 -0.0010911 -0.00675673 0.0359023 0.00111635 0.999992 0.00373724 -0.00217575 0.00675263 -0.00374463 0.99997 0.0115893 0.0 0.0 0.0 1.0
redkitchen/seq-07/color/frame-000731.color.png redkitchen/seq-07/color/frame-000734.color.png 0.999964 0.00845545 0.000453025 0.024631 -0.00845756 0.999953 0.00479808 -0.0185581 -0.000412428 -0.00480172 0.999988 0.00297427 0.0 0.0 0.0 1.0
redkitchen/seq-07/color/frame-000734.color.png redkitchen/seq-07/color/frame-000737.color.png 0.999994 -0.00294477 0.00162882 0.0195051 0.00295695 0.999967 -0.00760636 0.0171035 -0.00160639 0.00761111 0.99997 0.00688267 0.0 0.0 0.0 1.0
redkitchen/seq-07/color/frame-000737.color.png redkitchen/seq-07/color/frame-000740.color.png 0.999999 0.000236123 -0.00117936 0.026816 -0.000236713 1.0 -0.000577022 0.00473988 0.00117915 0.000577312 0.999999 0.00514436 0.0 0.0 0.0 1.0
redkitchen/seq-07/color/frame-000740.color.png redkitchen/seq-07/color/frame-000743.color.png 0.99997 0.0029713 0.00709317 0.00724882 -0.00293333 0.999981 -0.00535769 0.00188571 -0.00710889 0.00533673 0.99996 0.00282073 0.0 0.0 0.0 1.0
redkitchen/seq-07/color/frame-000743.color.png redkitchen/seq-07/color/frame-000746.color.png 0.999972 0.00673924 -0.00328141 0.031071 -0.00676847 0.999937 -0.00897504 0.0116345 0.0032208 0.00899699 0.999954 0.0109646 0.0 0.0 0.0 1.0
redkitchen/seq-07/color/frame-000746.color.png redkitchen/seq-07/color/frame-000749.color.png 0.999927 0.0102493 0.0063525 0.0103916 -0.0102838 0.999932 0.0054181 -0.0238486 -0.00629657 -0.0054832 0.999965 -0.0160842 0.0 0.0 0.0 1.0
redkitchen/seq-07/color/frame-000749.color.png redkitchen/seq-07/color/frame-000752.color.png 0.999938 0.00183237 -0.0109575 0.0373447 -0.00172101 0.999947 0.0101701 -0.0131994 0.0109756 -0.0101506 0.999888 0.00249577 0.0 0.0 0.0 1.0
redkitchen/seq-07/color/frame-000752.color.png redkitchen/seq-07/color/frame-000755.color.png 0.999868 -0.00774713 -0.0142645 0.0427927 0.00788016 0.999926 0.00929444 -0.00722283 0.0141915 -0.00940557 0.999855 0.00404799 0.0 0.0 0.0 1.0
redkitchen/seq-07/color/frame-000755.color.png redkitchen/seq-07/color/frame-000758.color.png 0.99978 -0.0189549 -0.00899622 0.0317175 0.0189206 0.999813 -0.00390028 0.0264238 0.0090685 0.00372918 0.999952 0.000224352 0.0 0.0 0.0 1.0
redkitchen/seq-07/color/frame-000758.color.png redkitchen/seq-07/color/frame-000761.color.png 0.999888 -0.0126907 -0.00793602 0.0284129 0.0127208 0.999912 0.0037678 -0.00397456 0.0078876 -0.00386842 0.999961 0.00602841 0.0 0.0 0.0 1.0
redkitchen/seq-07/color/frame-000761.color.png redkitchen/seq-07/color/frame-000764.color.png 0.999672 -0.024752 0.00656387 0.000744641 0.0247318 0.999689 0.00313074 0.00595599 -0.00663938 -0.00296731 0.999973 -0.0118942 0.0 0.0 0.0 1.0
redkitchen/seq-07/color/frame-000764.color.png redkitchen/seq-07/color/frame-000767.color.png 0.999393 -0.0298188 0.0180119 -0.0165191 0.0295162 0.999422 0.0168398 -0.0174195 -0.0185035 -0.016298 0.999696 -0.0261924 0.0 0.0 0.0 1.0
redkitchen/seq-07/color/frame-000767.color.png redkitchen/seq-07/color/frame-000770.color.png 0.999209 -0.0215936 0.0333845 -0.0463509 0.0211292 0.999676 0.0142001 -0.0199073 -0.0336803 -0.0134834 0.999342 -0.046832 0.0 0.0 0.0 1.0
redkitchen/seq-07/color/frame-000770.color.png redkitchen/seq-07/color/frame-000773.color.png 0.99981 -0.0083683 0.0176267 -0.0120015 0.00815783 0.999895 0.0119762 -0.0104009 -0.0177251 -0.0118301 0.999773 -0.0277696 0.0 0.0 0.0 1.0
redkitchen/seq-07/color/frame-000773.color.png redkitchen/seq-07/color/frame-000776.color.png 0.999808 -0.00964152 0.0170794 -0.013652 0.00935662 0.999817 0.0166869 -0.0204061 -0.0172372 -0.0165238 0.999715 -0.0288101 0.0 0.0 0.0 1.0
redkitchen/seq-07/color/frame-000776.color.png redkitchen/seq-07/color/frame-000779.color.png 0.99969 -0.00919526 0.0231441 -0.0210778 0.00899596 0.999922 0.00870402 -0.00540644 -0.0232224 -0.00849318 0.999694 -0.0293946 0.0 0.0 0.0 1.0
redkitchen/seq-07/color/frame-000779.color.png redkitchen/seq-07/color/frame-000782.color.png 0.99982 -0.00890998 0.0167505 -0.00775832 0.0088731 0.999958 0.00226483 0.00828224 -0.01677 -0.0021157 0.999857 -0.0148587 0.0 0.0 0.0 1.0
redkitchen/seq-07/color/frame-000782.color.png redkitchen/seq-07/color/frame-000785.color.png 0.999594 -0.0121108 0.0257795 -0.0090763 0.0123037 0.999897 -0.00733798 0.00452083 -0.0256879 0.00765215 0.999641 -0.0311042 0.0 0.0 0.0 1.0
redkitchen/seq-07/color/frame-000785.color.png redkitchen/seq-07/color/frame-000788.color.png 0.999943 -0.0103829 0.00249072 0.0185868 0.0103998 0.999922 -0.00684642 0.0206494 -0.00241952 0.00687208 0.999973 -0.00502694 0.0 0.0 0.0 1.0
redkitchen/seq-07/color/frame-000788.color.png redkitchen/seq-07/color/frame-000791.color.png 0.999968 -0.00667035 0.00450734 0.0108219 0.00667046 0.999978 -4.2709e-05 -0.0107983 -0.00450695 7.26817e-05 0.99999 -0.00774932 0.0 0.0 0.0 1.0
redkitchen/seq-07/color/frame-000791.color.png redkitchen/seq-07/color/frame-000794.color.png 0.999947 -0.00218622 -0.0100194 0.0394745 0.00231775 0.999911 0.0131266 -0.0211998 0.00998977 -0.0131491 0.999864 -0.0104239 0.0 0.0 0.0 1.0
redkitchen/seq-07/color/frame-000794.color.png redkitchen/seq-07/color/frame-000797.color.png 0.999994 -0.00339617 -0.00103875 0.0274469 0.00340512 0.999955 0.00884061 -0.00828075 0.00100876 -0.00884419 0.99996 -0.0247517 0.0 0.0 0.0 1.0
redkitchen/seq-07/color/frame-000797.color.png redkitchen/seq-07/color/frame-000800.color.png 0.999996 0.00232929 -0.0018573 0.0280342 -0.00232781 0.999997 0.000739007 0.00277495 0.00185906 -0.000734663 0.999998 -0.00555933 0.0 0.0 0.0 1.0
redkitchen/seq-07/color/frame-000800.color.png redkitchen/seq-07/color/frame-000803.color.png 0.999997 -0.00101786 0.00220646 0.0217436 0.00102755 0.99999 -0.00442925 0.0123052 -0.00220192 0.00443158 0.999988 -0.00865364 0.0 0.0 0.0 1.0
redkitchen/seq-07/color/frame-000803.color.png redkitchen/seq-07/color/frame-000806.color.png 0.999937 -0.0105123 0.00386215 0.0110643 0.0104717 0.999891 0.0103555 -0.0223127 -0.00397057 -0.0103145 0.999939 -0.0145301 0.0 0.0 0.0 1.0
redkitchen/seq-07/color/frame-000806.color.png redkitchen/seq-07/color/frame-000809.color.png 0.999905 0.00621265 -0.0123131 0.0453259 -0.00603204 0.999875 0.0146392 -0.0148824 0.0124025 -0.0145635 0.999817 -0.0158248 0.0 0.0 0.0 1.0
redkitchen/seq-07/color/frame-000809.color.png redkitchen/seq-07/color/frame-000812.color.png 0.99996 -0.00541119 -0.00713924 0.0323039 0.00543977 0.999977 0.00397736 -0.00498801 0.00711755 -0.00401602 0.999967 -0.0138085 0.0 0.0 0.0 1.0
redkitchen/seq-07/color/frame-000812.color.png redkitchen/seq-07/color/frame-000815.color.png 0.999825 0.00673615 -0.0174676 0.0697251 -0.00663234 0.99996 0.0059983 -0.000605464 0.0175073 -0.00588148 0.99983 -0.0224493 0.0 0.0 0.0 1.0
redkitchen/seq-07/color/frame-000815.color.png redkitchen/seq-07/color/frame-000818.color.png 0.999831 0.0099752 -0.015458 0.0473542 -0.0101749 0.999865 -0.0128953 0.0366531 0.0153272 0.0130504 0.999797 -0.00236154 0.0 0.0 0.0 1.0
redkitchen/seq-07/color/frame-000818.color.png redkitchen/seq-07/color/frame-000821.color.png 0.999678 0.0130316 -0.0217659 0.0465716 -0.0128229 0.999871 0.00970017 -0.0256414 0.0218896 -0.00941796 0.999716 -0.00550604 0.0 0.0 0.0 1.0
redkitchen/seq-07/color/frame-000821.color.png redkitchen/seq-07/color/frame-000824.color.png 0.999648 0.0143186 -0.0223321 0.0526993 -0.0142461 0.999893 0.00339928 0.000390828 0.0223782 -0.00307984 0.999745 -0.0209624 0.0 0.0 0.0 1.0
redkitchen/seq-07/color/frame-000824.color.png redkitchen/seq-07/color/frame-000827.color.png 0.99947 0.00611269 -0.0319726 0.0590333 -0.006033 0.999978 0.00259015 0.00504297 0.0319878 -0.00239597 0.999485 -0.0124023 0.0 0.0 0.0 1.0
redkitchen/seq-07/color/frame-000827.color.png redkitchen/seq-07/color/frame-000830.color.png 0.999476 0.0130184 -0.0296454 0.0590762 -0.0127653 0.999881 0.00870725 -0.00986803 0.0297552 -0.00832417 0.999522 -0.0211284 0.0 0.0 0.0 1.0
redkitchen/seq-07/color/frame-000830.color.png redkitchen/seq-07/color/frame-000833.color.png 0.999706 0.00756758 -0.0230448 0.0446786 -0.00751666 0.999969 0.00229456 0.00813681 0.0230615 -0.0021207 0.999732 -0.0252459 0.0 0.0 0.0 1.0
redkitchen/seq-07/color/frame-000833.color.png redkitchen/seq-07/color/frame-000836.color.png 0.999701 0.0104747 -0.0221108 0.0535209 -0.010419 0.999942 0.00263335 0.00284815 0.0221372 -0.00240215 0.999752 -0.0184971 0.0 0.0 0.0 1.0
redkitchen/seq-07/color/frame-000836.color.png redkitchen/seq-07/color/frame-000839.color.png 0.999936 0.00155173 -0.011223 0.0224175 -0.00152611 0.999996 0.00229677 0.0046584 0.0112265 -0.00227947 0.999934 -0.0383184 0.0 0.0 0.0 1.0
redkitchen/seq-07/color/frame-000839.color.png redkitchen/seq-07/color/frame-000842.color.png 0.999908 0.00206943 -0.0133778 0.0349762 -0.00185557 0.999871 0.0159744 -0.00836021 0.0134092 -0.0159481 0.999783 -0.0333989 0.0 0.0 0.0 1.0
redkitchen/seq-07/color/frame-000842.color.png redkitchen/seq-07/color/frame-000845.color.png 0.999983 0.00584404 0.000176734 0.00972889 -0.00584586 0.9999 0.0128462 -0.00893849 -0.000101681 -0.0128471 0.999918 -0.0290309 0.0 0.0 0.0 1.0
redkitchen/seq-07/color/frame-000845.color.png redkitchen/seq-07/color/frame-000848.color.png 0.999966 0.00757925 -0.00331447 0.0150143 -0.00755097 0.999935 0.00849108 -0.00524461 0.00337861 -0.00846573 0.999958 -0.0248756 0.0 0.0 0.0 1.0
redkitchen/seq-07/color/frame-000848.color.png redkitchen/seq-07/color/frame-000851.color.png 0.999979 0.00649461 -0.000693582 0.0105251 -0.00649375 0.999978 0.00118199 0.00970614 0.000701333 -0.0011775 0.999999 -0.0220509 0.0 0.0 0.0 1.0
redkitchen/seq-07/color/frame-000851.color.png redkitchen/seq-07/color/frame-000854.color.png 0.999986 -0.00533925 -0.000473011 0.00902011 0.00533915 0.999986 -5.39994e-05 0.0156226 0.000473196 5.14679e-05 1.0 -0.0216646 0.0 0.0 0.0 1.0
redkitchen/seq-07/color/frame-000854.color.png redkitchen/seq-07/color/frame-000857.color.png 0.999995 -0.00309596 0.000764555 0.00571162 0.0030936 0.99999 0.00307431 0.025023 -0.000774096 -0.00307198 0.999995 -0.0319912 0.0 0.0 0.0 1.0
redkitchen/seq-07/color/frame-000857.color.png redkitchen/seq-07/color/frame-000860.color.png 0.999991 0.00250053 -0.00343058 0.0132172 -0.00250185 0.999997 -0.000398188 0.0161294 0.00342961 0.000406763 0.999994 -0.0272807 0.0 0.0 0.0 1.0
redkitchen/seq-07/color/frame-000860.color.png redkitchen/seq-07/color/frame-000863.color.png 0.999894 0.00617113 -0.0131378 0.0270785 -0.00605073 0.99994 0.00918732 0.00393927 0.0131937 -0.0091068 0.999871 -0.0274675 0.0 0.0 0.0 1.0
redkitchen/seq-07/color/frame-000863.color.png redkitchen/seq-07/color/frame-000866.color.png 0.999797 0.0027696 -0.0199365 0.0258487 -0.00246242 0.999878 0.0154155 -0.00375649 0.0199769 -0.0153634 0.999682 -0.0299187 0.0 0.0 0.0 1.0
redkitchen/seq-07/color/frame-000866.color.png redkitchen/seq-07/color/frame-000869.color.png 0.999652 0.0165902 -0.0205149 0.031912 -0.0165645 0.999862 0.00141518 0.00995815 0.0205355 -0.00107478 0.999788 -0.0252656 0.0 0.0 0.0 1.0
redkitchen/seq-07/color/frame-000869.color.png redkitchen/seq-07/color/frame-000872.color.png 0.999886 -0.000492411 -0.0151168 0.0160783 0.000411712 0.999986 -0.00533589 0.0257328 0.0151192 0.005329 0.999872 -0.0332196 0.0 0.0 0.0 1.0
redkitchen/seq-07/color/frame-000872.color.png redkitchen/seq-07/color/frame-000875.color.png 0.999601 0.0172475 -0.0223747 0.0205405 -0.0172203 0.999851 0.00140742 0.0101904 0.0223956 -0.00102152 0.999749 -0.0163778 0.0 0.0 0.0 1.0
redkitchen/seq-07/color/frame-000875.color.png redkitchen/seq-07/color/frame-000878.color.png 0.999799 0.00828481 -0.0182382 0.0136493 -0.00823191 0.999962 0.00297291 0.00855961 0.0182621 -0.00282219 0.999829 -0.0232519 0.0 0.0 0.0 1.0
redkitchen/seq-07/color/frame-000878.color.png redkitchen/seq-07/color/frame-000881.color.png 0.999761 0.0163101 -0.0145585 0.00913594 -0.0162194 0.999848 0.0063272 0.00164109 0.0146595 -0.00608964 0.999874 -0.0191882 0.0 0.0 0.0 1.0
redkitchen/seq-07/color/frame-000881.color.png redkitchen/seq-07/color/frame-000884.color.png 0.999936 0.00644963 -0.0093243 -0.000231862 -0.00646607 0.999978 -0.0017494 0.0143608 0.00931286 0.00180967 0.999955 -0.0213133 0.0 0.0 0.0 1.0
redkitchen/seq-07/color/frame-000884.color.png redkitchen/seq-07/color/frame-000887.color.png 0.999925 0.000910702 -0.0122063 -0.0131646 -0.000890051 0.999998 0.00170805 0.0164014 0.0122078 -0.001697 0.999924 -0.0237926 0.0 0.0 0.0 1.0
redkitchen/seq-07/color/frame-000887.color.png redkitchen/seq-07/color/frame-000890.color.png 0.999977 0.00579556 -0.00362003 -0.0003777 -0.00578652 0.99998 0.00251812 0.00927636 0.00363458 -0.00249711 0.99999 -0.0403464 0.0 0.0 0.0 1.0
redkitchen/seq-07/color/frame-000890.color.png redkitchen/seq-07/color/frame-000893.color.png 0.999767 0.00467539 -0.0210827 0.016995 -0.00452528 0.999964 0.00716151 -0.00101057 0.0211154 -0.0070644 0.999752 -0.0239953 0.0 0.0 0.0 1.0
redkitchen/seq-07/color/frame-000893.color.png redkitchen/seq-07/color/frame-000896.color.png 0.999483 0.0167194 -0.0274566 0.0241571 -0.0164114 0.9998 0.0114006 -0.00287563 0.0276418 -0.0109442 0.999558 -0.0123678 0.0 0.0 0.0 1.0
redkitchen/seq-07/color/frame-000896.color.png redkitchen/seq-07/color/frame-000899.color.png 0.999911 0.00661774 -0.0115662 0.00259656 -0.00665798 0.999972 -0.00344935 0.00278035 0.011543 0.00352607 0.999927 -0.0154101 0.0 0.0 0.0 1.0
redkitchen/seq-07/color/frame-000899.color.png redkitchen/seq-07/color/frame-000902.color.png 0.999784 0.00924157 -0.0186093 0.0201192 -0.00926727 0.999956 -0.0012994 0.00146711 0.0185965 0.00147157 0.999826 -0.0113365 0.0 0.0 0.0 1.0
redkitchen/seq-07/color/frame-000902.color.png redkitchen/seq-07/color/frame-000905.color.png 0.999818 0.013122 -0.0138593 0.0179816 -0.0132267 0.999884 -0.00749737 0.00704363 0.0137593 0.00767936 0.999876 -0.0110699 0.0 0.0 0.0 1.0
redkitchen/seq-07/color/frame-000905.color.png redkitchen/seq-07/color/frame-000908.color.png 0.999325 0.0347215 -0.0119695 0.026845 -0.0347538 0.999393 -0.00248358 -0.0142349 0.0118759 0.00289779 0.999925 -0.0242755 0.0 0.0 0.0 1.0
redkitchen/seq-07/color/frame-000908.color.png redkitchen/seq-07/color/frame-000911.color.png 0.999661 0.0176704 -0.0191464 0.0235385 -0.0176924 0.999843 -0.000978031 -0.0101241 0.0191261 0.00131639 0.999816 0.00878119 0.0 0.0 0.0 1.0
redkitchen/seq-07/color/frame-000911.color.png redkitchen/seq-07/color/frame-000914.color.png 0.999365 0.0291018 -0.0205671 0.0356356 -0.0292307 0.999555 -0.00598753 -0.0294909 0.0203838 0.00658494 0.99977 0.00588924 0.0 0.0 0.0 1.0
redkitchen/seq-07/color/frame-000914.color.png redkitchen/seq-07/color/frame-000917.color.png 0.999983 -0.00569991 0.000944025 0.0208429 0.00571953 0.999738 -0.0221843 0.0120481 -0.000817315 0.0221894 0.999753 -0.0117497 0.0 0.0 0.0 1.0
redkitchen/seq-07/color/frame-000917.color.png redkitchen/seq-07/color/frame-000920.color.png 0.999729 0.0228608 -0.00434781 0.0375816 -0.0229475 0.999514 -0.0210912 -0.00793865 0.00386347 0.0211852 0.999768 -0.00315994 0.0 0.0 0.0 1.0
redkitchen/seq-07/color/frame-000920.color.png redkitchen/seq-07/color/frame-000923.color.png 0.999992 0.00378822 0.000989115 0.0213187 -0.00377387 0.999892 -0.0142287 0.00738126 -0.00104292 0.0142248 0.999898 0.00343972 0.0 0.0 0.0 1.0
redkitchen/seq-07/color/frame-000923.color.png redkitchen/seq-07/color/frame-000926.color.png 0.999945 0.010264 0.00225862 0.0278405 -0.0102652 0.999947 0.000531759 -0.0194857 -0.00225301 -0.000554894 0.999997 0.000844657 0.0 0.0 0.0 1.0
redkitchen/seq-07/color/frame-000926.color.png redkitchen/seq-07/color/frame-000929.color.png 0.999874 0.0158334 0.00118941 0.0280153 -0.0158302 0.999871 -0.0025725 -0.0223993 -0.00122997 0.00255338 0.999996 0.00531453 0.0 0.0 0.0 1.0
redkitchen/seq-07/color/frame-000929.color.png redkitchen/seq-07/color/frame-000932.color.png 0.999856 -0.0109533 0.0129838 0.0184675 0.0112763 0.999622 -0.0250855 0.0257953 -0.0127041 0.0252283 0.999601 0.00887316 0.0 0.0 0.0 1.0
redkitchen/seq-07/color/frame-000932.color.png redkitchen/seq-07/color/frame-000935.color.png 0.999889 0.0148746 -0.000350307 0.031642 -0.0148719 0.99987 0.00616894 -0.0141096 0.000442072 -0.00616306 0.999981 0.00969934 0.0 0.0 0.0 1.0
redkitchen/seq-07/color/frame-000935.color.png redkitchen/seq-07/color/frame-000938.color.png 0.999405 0.00142205 0.034461 0.01411 -0.00106022 0.999944 -0.0105161 0.00568411 -0.034474 0.0104733 0.999351 0.00523609 0.0 0.0 0.0 1.0
redkitchen/seq-07/color/frame-000938.color.png redkitchen/seq-07/color/frame-000941.color.png 0.999879 0.0155713 0.000542224 0.0292853 -0.0155741 0.999862 0.00572282 -0.0265895 -0.000453033 -0.0057305 0.999983 0.0435407 0.0 0.0 0.0 1.0
redkitchen/seq-07/color/frame-000941.color.png redkitchen/seq-07/color/frame-000944.color.png 0.999496 0.00360209 0.0315461 -0.00352336 -0.00322978 0.999925 -0.0118456 -0.00165835 -0.0315864 0.0117377 0.999432 0.00983626 0.0 0.0 0.0 1.0
redkitchen/seq-07/color/frame-000944.color.png redkitchen/seq-07/color/frame-000947.color.png 0.999943 0.00754869 0.00753333 0.00946364 -0.00748323 0.999934 -0.008694 0.00454774 -0.00759859 0.00863711 0.999934 0.0141634 0.0 0.0 0.0 1.0
redkitchen/seq-07/color/frame-000947.color.png redkitchen/seq-07/color/frame-000950.color.png 0.999896 0.00256858 0.0141793 0.006811 -0.00261017 0.999992 0.00291638 -0.0172539 -0.0141717 -0.0029531 0.999895 0.00918502 0.0 0.0 0.0 1.0
redkitchen/seq-07/color/frame-000950.color.png redkitchen/seq-07/color/frame-000953.color.png 0.999918 -0.0123175 0.00345373 0.0152598 0.0123183 0.999924 -0.000190862 -0.0103484 -0.00345112 0.00023339 0.999994 0.0236668 0.0 0.0 0.0 1.0
redkitchen/seq-07/color/frame-000953.color.png redkitchen/seq-07/color/frame-000956.color.png 0.999922 -0.00320758 0.0120872 0.0034454 0.00334481 0.99993 -0.0113535 0.00390053 -0.0120499 0.011393 0.999863 0.0141615 0.0 0.0 0.0 1.0
redkitchen/seq-07/color/frame-000956.color.png redkitchen/seq-07/color/frame-000959.color.png 0.999994 -0.000107259 0.00336774 0.0102886 9.39903e-05 0.999992 0.00394944 -0.00834668 -0.00336812 -0.00394903 0.999986 0.0254403 0.0 0.0 0.0 1.0
redkitchen/seq-07/color/frame-000959.color.png redkitchen/seq-07/color/frame-000962.color.png 0.999941 -0.00482433 0.00975326 0.00622836 0.00490472 0.999954 -0.00823018 0.00360054 -0.00971315 0.00827754 0.999919 0.0181195 0.0 0.0 0.0 1.0
redkitchen/seq-07/color/frame-000962.color.png redkitchen/seq-07/color/frame-000965.color.png 0.999942 -0.000423973 -0.0107631 0.0243978 0.000384754 0.999993 -0.00364146 -0.00117934 0.0107645 0.00363714 0.999935 0.0261973 0.0 0.0 0.0 1.0
redkitchen/seq-07/color/frame-000965.color.png redkitchen/seq-07/color/frame-000968.color.png 0.999836 -0.0152737 0.00969539 0.00480317 0.0153947 0.999803 -0.0125412 0.0174587 -0.00950196 0.0126884 0.999874 0.020233 0.0 0.0 0.0 1.0
redkitchen/seq-07/color/frame-000968.color.png redkitchen/seq-07/color/frame-000971.color.png 0.999877 0.0132584 -0.00841365 0.026329 -0.0131183 0.999778 0.0164829 -0.0171321 0.00863035 -0.0163706 0.999829 0.0199448 0.0 0.0 0.0 1.0
redkitchen/seq-07/color/frame-000971.color.png redkitchen/seq-07/color/frame-000974.color.png 0.999964 0.00370751 0.0076142 0.00420311 -0.00376615 0.999963 0.00770195 -0.0200518 -0.00758537 -0.00773029 0.999941 0.0131517 0.0 0.0 0.0 1.0
redkitchen/seq-07/color/frame-000974.color.png redkitchen/seq-07/color/frame-000977.color.png 0.999629 -0.0257382 -0.00896488 0.0107465 0.0258389 0.999602 0.011293 -0.0128893 0.00867065 -0.0115205 0.999896 0.0104265 0.0 0.0 0.0 1.0
redkitchen/seq-07/color/frame-000977.color.png redkitchen/seq-07/color/frame-000980.color.png 0.999502 -0.030793 -0.00689609 0.0129517 0.0309666 0.999165 0.0266696 -0.0332376 0.00606906 -0.0268698 0.99962 0.0126601 0.0 0.0 0.0 1.0
redkitchen/seq-07/color/frame-000980.color.png redkitchen/seq-07/color/frame-000983.color.png 0.999954 -0.00943916 0.00149577 0.00951934 0.00942363 0.999906 0.00994485 -0.00807059 -0.00158949 -0.00993032 0.99995 0.0193206 0.0 0.0 0.0 1.0
redkitchen/seq-07/color/frame-000983.color.png redkitchen/seq-07/color/frame-000986.color.png 0.999472 -0.0322239 0.00424199 -0.0106935 0.0322018 0.999468 0.00522244 -0.0120521 -0.00440802 -0.00508311 0.999977 0.0265681 0.0 0.0 0.0 1.0
redkitchen/seq-07/color/frame-000986.color.png redkitchen/seq-07/color/frame-000989.color.png 0.999609 -0.0247858 -0.0129254 0.0152967 0.0248781 0.999666 0.0070258 -0.0126746 0.012747 -0.00734454 0.999892 0.00978494 0.0 0.0 0.0 1.0
redkitchen/seq-07/color/frame-000989.color.png redkitchen/seq-07/color/frame-000992.color.png 0.998885 -0.0413133 -0.0228427 0.028024 0.0413999 0.999137 0.00333447 0.00192142 0.0226852 -0.00427655 0.999734 0.010393 0.0 0.0 0.0 1.0
redkitchen/seq-07/color/frame-000992.color.png redkitchen/seq-07/color/frame-000995.color.png 0.999653 -0.0160854 -0.0208461 0.0290689 0.0159876 0.99986 -0.0048503 0.0139861 0.0209213 0.00451532 0.999771 0.00886166 0.0 0.0 0.0 1.0
redkitchen/seq-07/color/frame-000995.color.png redkitchen/seq-07/color/frame-000998.color.png 0.998715 -0.0390629 -0.0322721 0.0462965 0.0391567 0.999231 0.00227719 0.0163632 0.0321583 -0.0035379 0.999476 -0.00170541 0.0 0.0 0.0 1.0
