pumpkin/seq-06/color/frame-000000.color.png pumpkin/seq-06/color/frame-000003.color.png 0.999999 0.000217617 0.0016625 1.28567e-05 -0.000218951 1.0 0.000802212 0.00405119 -0.00166232 -0.000802575 0.999998 -0.000335485 0.0 0.0 0.0 1.0
pumpkin/seq-06/color/frame-000003.color.png pumpkin/seq-06/color/frame-000006.color.png 0.999992 -0.00372858 0.00156033 0.000426145 0.00372704 0.999993 0.000987902 -0.00561714 -0.001564 -0.000982078 0.999998 0.00541059 0.0 0.0 0.0 1.0
pumpkin/seq-06/color/frame-000006.color.png pumpkin/seq-06/color/frame-000009.color.png 0.999998 -0.00219907 0.000260253 -0.000630909 0.00220099 0.999969 -0.00761696 0.00293114 -0.000243494 0.00761752 0.999971 0.00364202 0.0 0.0 0.0 1.0
pumpkin/seq-06/color/frame-000009.color.png pumpkin/seq-06/color/frame-000012.color.png 0.999991 -0.00266045 0.00327308 0.000244961 0.0026811 0.999976 -0.00632057 -0.0110752 -0.00325619 0.00632929 0.999975 0.00870666 0.0 0.0 0.0 1.0
pumpkin/seq-06/color/frame-000012.color.png pumpkin/seq-06/color/frame-000015.color.png 0.999909 -0.0121595 -0.00580981 -0.000308233 0.0120335 0.999702 -0.0212485 0.0106435 0.00606645 0.0211766 0.999757 0.00637129 0.0 0.0 0.0 1.0
pumpkin/seq-06/color/frame-000015.color.png pumpkin/seq-06/color/frame-000018.color.png 0.999979 -0.00499249 -0.00419749 0.00227572 0.00497442 0.999978 -0.00430449 -0.00312902 0.00421889 0.00428352 0.999982 0.0145987 0.0 0.0 0.0 1.0
pumpkin/seq-06/color/frame-000018.color.png pumpkin/seq-06/color/frame-000021.color.png 0.999922 -0.012047 -0.00314955 -0.00187618 0.0119647 0.999617 -0.0249575 0.00488492 0.00344901 0.0249179 0.999683 0.0162322 0.0 0.0 0.0 1.0
pumpkin/seq-06/color/frame-000021.color.png pumpkin/seq-06/color/frame-000024.color.png 0.999923 -0.0122206 -0.00208589 -0.00171604 0.0122061 0.999902 -0.00683465 0.00241666 0.00216921 0.00680865 0.999975 0.0148557 0.0 0.0 0.0 1.0
pumpkin/seq-06/color/frame-000024.color.png pumpkin/seq-06/color/frame-000027.color.png 0.999984 -0.00486535 -0.00280633 -0.00289469 0.00487211 0.999985 0.00240286 -0.0023052 0.0027946 -0.0024165 0.999993 0.0139559 0.0 0.0 0.0 1.0
pumpkin/seq-06/color/frame-000027.color.png pumpkin/seq-06/color/frame-000030.color.png 0.999989 -0.00473899 0.000107411 -0.00361314 0.00473948 0.999975 -0.00531973 -0.00864661 -8.22003e-05 0.00532015 0.999986 0.0195642 0.0 0.0 0.0 1.0
pumpkin/seq-06/color/frame-000030.color.png pumpkin/seq-06/color/frame-000033.color.png 0.999804 -0.019306 0.00449701 -0.00459384 0.0193558 0.999749 -0.011305 -0.00790537 -0.00427763 0.0113898 0.999926 0.015592 0.0 0.0 0.0 1.0
pumpkin/seq-06/color/frame-000033.color.png pumpkin/seq-06/color/frame-000036.color.png 0.999996 -0.00272413 0.00109095 -0.00619228 0.00273943 0.999894 -0.0142784 -0.00571812 -0.00105194 0.0142814 0.999898 0.00971573 0.0 0.0 0.0 1.0
pumpkin/seq-06/color/frame-000036.color.png pumpkin/seq-06/color/frame-000039.color.png 0.999981 -0.00210914 0.00577378 -0.00600572 0.00217443 0.999933 -0.0113243 0.00039668 -0.00574951 0.0113367 0.999919 0.0116277 0.0 0.0 0.0 1.0
pumpkin/seq-06/color/frame-000039.color.png pumpkin/seq-06/color/frame-000042.color.png 0.999884 -0.00809144 0.0129104 -0.0167608 0.00836352 0.999741 -0.0211621 -0.00792559 -0.0127359 0.0212676 0.999693 0.0111001 0.0 0.0 0.0 1.0
pumpkin/seq-06/color/frame-000042.color.png pumpkin/seq-06/color/frame-000045.color.png 0.999933 -0.0100414 0.00575492 -0.00482801 0.0101277 0.999834 -0.0151724 0.00224034 -0.00560161 0.0152297 0.999868 0.00616711 0.0 0.0 0.0 1.0
pumpkin/seq-06/color/frame-000045.color.png pumpkin/seq-06/color/frame-000048.color.png 0.999943 -0.00870843 0.00621179 -0.0105787 0.00885777 0.999662 -0.0244331 0.00571403 -0.00599691 0.0244867 0.999682 0.0120462 0.0 0.0 0.0 1.0
pumpkin/seq-06/color/frame-000048.color.png pumpkin/seq-06/color/frame-000051.color.png 0.999967 0.00692557 0.00425761 -0.0110967 -0.00685346 0.999837 -0.0167265 -0.0183357 -0.00437275 0.0166967 0.999851 0.0127784 0.0 0.0 0.0 1.0
pumpkin/seq-06/color/frame-000051.color.png pumpkin/seq-06/color/frame-000054.color.png 0.999973 -0.00214344 0.00696164 -0.0112818 0.00222251 0.999933 -0.0113702 -0.00216235 -0.0069368 0.0113854 0.999911 0.00541535 0.0 0.0 0.0 1.0
pumpkin/seq-06/color/frame-000054.color.png pumpkin/seq-06/color/frame-000057.color.png 0.999952 -0.00270988 0.00944064 -0.0148387 0.00290066 0.999791 -0.0202547 -0.00856689 -0.00938378 0.0202812 0.99975 0.0119385 0.0 0.0 0.0 1.0
pumpkin/seq-06/color/frame-000057.color.png pumpkin/seq-06/color/frame-000060.color.png 0.999984 0.00169532 0.00533524 -0.00265469 -0.00154897 0.999626 -0.0273148 0.00256065 -0.00537956 0.0273061 0.999613 0.011249 0.0 0.0 0.0 1.0
pumpkin/seq-06/color/frame-000060.color.png pumpkin/seq-06/color/frame-000063.color.png 0.999853 -0.00898087 0.0146274 -0.0225324 0.00915955 0.999884 -0.0121936 -0.0198773 -0.0145162 0.0123257 0.999819 0.00633164 0.0 0.0 0.0 1.0
pumpkin/seq-06/color/frame-000063.color.png pumpkin/seq-06/color/frame-000066.color.png 0.999952 -0.000111918 0.00980441 -0.0144368 0.000338953 0.999732 -0.0231594 -0.00636284 -0.00979918 0.0231616 0.999684 0.00905982 0.0 0.0 0.0 1.0
pumpkin/seq-06/color/frame-000066.color.png pumpkin/seq-06/color/frame-000069.color.png 0.999993 -0.00158392 0.00349167 -1.96993e-05 0.00165581 0.999785 -0.0206771 -0.0190085 -0.00345819 0.0206828 0.99978 0.000865087 0.0 0.0 0.0 1.0
pumpkin/seq-06/color/frame-000069.color.png pumpkin/seq-06/color/frame-000072.color.png 0.999951 -0.00160025 0.00973353 -0.00801647 0.00178955 0.999809 -0.0194701 0.00269845 -0.00970052 0.0194866 0.999763 0.00851011 0.0 0.0 0.0 1.0
pumpkin/seq-06/color/frame-000072.color.png pumpkin/seq-06/color/frame-000075.color.png 0.99989 0.000942293 0.0148252 -0.0109236 -0.000654278 0.999811 -0.0194215 -0.0107122 -0.0148407 0.0194097 0.999701 -0.000896066 0.0 0.0 0.0 1.0
pumpkin/seq-06/color/frame-000075.color.png pumpkin/seq-06/color/frame-000078.color.png 0.999846 0.00226119 0.0173909 -0.0107624 -0.00183977 0.999705 -0.0242097 -0.00794312 -0.0174405 0.024174 0.999556 0.00344013 0.0 0.0 0.0 1.0
pumpkin/seq-06/color/frame-000078.color.png pumpkin/seq-06/color/frame-000081.color.png 0.999867 0.000686772 0.0163078 -0.00946271 -0.000429461 0.999875 -0.0157782 -0.0278312 -0.0163166 0.0157691 0.999743 -0.0109607 0.0 0.0 0.0 1.0
pumpkin/seq-06/color/frame-000081.color.png pumpkin/seq-06/color/frame-000084.color.png 0.999887 0.00251093 0.0148219 -0.00736095 -0.002286 0.999882 -0.015174 -0.0101062 -0.0148582 0.0151383 0.999775 -0.00242527 0.0 0.0 0.0 1.0
pumpkin/seq-06/color/frame-000084.color.png pumpkin/seq-06/color/frame-000087.color.png 0.999907 0.00275531 0.013371 -0.00598337 -0.00250585 0.999823 -0.0186365 -0.00729498 -0.01342 0.0186013 0.999737 -0.00161998 0.0 0.0 0.0 1.0
pumpkin/seq-06/color/frame-000087.color.png pumpkin/seq-06/color/frame-000090.color.png 0.999958 0.00337456 0.00846175 0.000113651 -0.00326605 0.999913 -0.0128057 -0.00880246 -0.00850423 0.0127775 0.999882 -0.00657307 0.0 0.0 0.0 1.0
pumpkin/seq-06/color/frame-000090.color.png pumpkin/seq-06/color/frame-000093.color.png 0.999945 0.00369433 0.00978044 -0.00360055 -0.00344599 0.999674 -0.0252855 0.00645131 -0.00987067 0.0252504 0.999632 0.00539213 0.0 0.0 0.0 1.0
pumpkin/seq-06/color/frame-000093.color.png pumpkin/seq-06/color/frame-000096.color.png 0.999943 0.00666057 0.00835177 0.00110327 -0.00655441 0.999898 -0.0126728 -0.012187 -0.00843534 0.0126174 0.999885 -0.00815572 0.0 0.0 0.0 1.0
pumpkin/seq-06/color/frame-000096.color.png pumpkin/seq-06/color/frame-000099.color.png 0.999878 0.00975253 0.01223 -0.00716053 -0.00946315 0.999679 -0.0235 0.000950843 -0.0124552 0.0233813 0.999649 0.00245638 0.0 0.0 0.0 1.0
pumpkin/seq-06/color/frame-000099.color.png pumpkin/seq-06/color/frame-000102.color.png 0.999899 0.0120653 0.00754713 -0.000877872 -0.011879 0.999635 -0.02426 -0.00318781 -0.0078371 0.0241679 0.999677 -0.00233079 0.0 0.0 0.0 1.0
pumpkin/seq-06/color/frame-000102.color.png pumpkin/seq-06/color/frame-000105.color.png 0.99992 0.0110159 0.00622489 0.00482315 -0.010881 0.999714 -0.0212949 -0.00870901 -0.00645768 0.0212256 0.999754 -0.006332 0.0 0.0 0.0 1.0
pumpkin/seq-06/color/frame-000105.color.png pumpkin/seq-06/color/frame-000108.color.png 0.999887 0.00763057 0.0129768 -0.00303368 -0.00743398 0.999858 -0.0151317 -0.00597146 -0.0130904 0.0150333 0.999801 -0.00924319 0.0 0.0 0.0 1.0
pumpkin/seq-06/color/frame-000108.color.png pumpkin/seq-06/color/frame-000111.color.png 0.999929 0.00844235 0.00836856 -0.00231598 -0.00827627 0.999772 -0.0196828 -0.0103968 -0.00853286 0.0196122 0.999771 -0.00961131 0.0 0.0 0.0 1.0
pumpkin/seq-06/color/frame-000111.color.png pumpkin/seq-06/color/frame-000114.color.png 0.999926 0.0051924 0.0109824 -0.00543524 -0.00507274 0.999928 -0.0108964 -0.0200809 -0.0110382 0.0108398 0.99988 -0.0140237 0.0 0.0 0.0 1.0
pumpkin/seq-06/color/frame-000114.color.png pumpkin/seq-06/color/frame-000117.color.png 0.999888 0.0100154 0.0110888 -0.000162825 -0.009884 0.999881 -0.0118413 -0.0126168 -0.011206 0.0117304 0.999868 -0.0151927 0.0 0.0 0.0 1.0
pumpkin/seq-06/color/frame-000117.color.png pumpkin/seq-06/color/frame-000120.color.png 0.999981 0.00362785 0.00506249 0.00215122 -0.00355693 0.999897 -0.0139449 0.00564936 -0.0051126 0.0139267 0.99989 -0.0106639 0.0 0.0 0.0 1.0
pumpkin/seq-06/color/frame-000120.color.png pumpkin/seq-06/color/frame-000123.color.png 0.999961 0.00349258 0.00804403 -0.00267239 -0.00341716 0.99995 -0.00936865 -0.00613567 -0.0080763 0.00934075 0.999924 -0.0107137 0.0 0.0 0.0 1.0
pumpkin/seq-06/color/frame-000123.color.png pumpkin/seq-06/color/frame-000126.color.png 0.999969 -0.000913079 0.00783526 -0.00594981 0.00101962 0.999907 -0.0136021 -0.00569692 -0.00782213 0.0136097 0.999877 -0.0136051 0.0 0.0 0.0 1.0
pumpkin/seq-06/color/frame-000126.color.png pumpkin/seq-06/color/frame-000129.color.png 0.999945 0.00743923 0.00745977 0.00319321 -0.00733942 0.999884 -0.0133204 -0.00203437 -0.00755803 0.013265 0.999883 -0.0151065 0.0 0.0 0.0 1.0
pumpkin/seq-06/color/frame-000129.color.png pumpkin/seq-06/color/frame-000132.color.png 0.999987 0.00439053 0.00266341 -0.0120013 -0.00438136 0.999985 -0.00344608 -0.0190698 -0.00267849 0.00343423 0.999991 -0.0152489 0.0 0.0 0.0 1.0
pumpkin/seq-06/color/frame-000132.color.png pumpkin/seq-06/color/frame-000135.color.png 0.999895 0.0140489 0.00353718 -0.00223176 -0.0139829 0.99974 -0.018034 -0.00268555 -0.00378962 0.0179827 0.999831 -0.000917602 0.0 0.0 0.0 1.0
pumpkin/seq-06/color/frame-000135.color.png pumpkin/seq-06/color/frame-000138.color.png 0.999972 0.00643128 -0.00394602 0.00357641 -0.00644686 0.999972 -0.00394904 -0.00614566 0.00392048 0.00397444 0.999984 -0.00309622 0.0 0.0 0.0 1.0
pumpkin/seq-06/color/frame-000138.color.png pumpkin/seq-06/color/frame-000141.color.png 0.999989 -0.00307537 -0.00358148 -0.00438543 0.00305256 0.999975 -0.0063499 -0.00980067 0.00360095 0.00633892 0.999973 0.00771373 0.0 0.0 0.0 1.0
pumpkin/seq-06/color/frame-000141.color.png pumpkin/seq-06/color/frame-000144.color.png 0.999967 0.00402001 -0.0070514 0.000949875 -0.00406749 0.999969 -0.00673516 -0.0106991 0.00702408 0.00676355 0.999952 0.0137215 0.0 0.0 0.0 1.0
pumpkin/seq-06/color/frame-000144.color.png pumpkin/seq-06/color/frame-000147.color.png 0.999894 0.00418484 -0.0139644 0.00457644 -0.00437079 0.999902 -0.0133118 -0.00457671 0.0139073 0.0133713 0.999814 0.0300659 0.0 0.0 0.0 1.0
pumpkin/seq-06/color/frame-000147.color.png pumpkin/seq-06/color/frame-000150.color.png 0.999945 -0.00187245 -0.0102699 0.0029216 0.00183906 0.999993 -0.00325704 -0.00814965 0.010276 0.00323799 0.999942 0.0231188 0.0 0.0 0.0 1.0
pumpkin/seq-06/color/frame-000150.color.png pumpkin/seq-06/color/frame-000153.color.png 0.999994 -0.000313764 -0.00350377 0.00322933 0.000291462 0.99998 -0.00637221 -0.00912052 0.00350568 0.00637123 0.999973 0.0203989 0.0 0.0 0.0 1.0
pumpkin/seq-06/color/frame-000153.color.png pumpkin/seq-06/color/frame-000156.color.png 0.999993 0.00239419 0.00271976 0.0041163 -0.00235825 0.999911 -0.0131479 -0.0054788 -0.00275098 0.0131413 0.99991 0.0192666 0.0 0.0 0.0 1.0
pumpkin/seq-06/color/frame-000156.color.png pumpkin/seq-06/color/frame-000159.color.png 0.999981 -0.00309125 -0.00530099 0.0125842 0.0030332 0.999936 -0.0109252 -0.00899625 0.00533439 0.010909 0.999926 0.0164885 0.0 0.0 0.0 1.0
pumpkin/seq-06/color/frame-000159.color.png pumpkin/seq-06/color/frame-000162.color.png 0.999963 -0.00780634 0.00355579 0.00680985 0.0078096 0.999969 -0.000902259 -0.0121293 -0.0035486 0.000930008 0.999993 0.0135946 0.0 0.0 0.0 1.0
pumpkin/seq-06/color/frame-000162.color.png pumpkin/seq-06/color/frame-000165.color.png 0.999975 -0.00693453 0.00116496 0.00950778 0.00693871 0.999969 -0.00360886 7.36713e-05 -0.00113992 0.00361688 0.999993 0.0222914 0.0 0.0 0.0 1.0
pumpkin/seq-06/color/frame-000165.color.png pumpkin/seq-06/color/frame-000168.color.png 0.999955 -0.00334866 -0.0089245 0.0150635 0.00333233 0.999993 -0.00184338 -0.00792348 0.00893061 0.00181354 0.999958 0.0158708 0.0 0.0 0.0 1.0
pumpkin/seq-06/color/frame-000168.color.png pumpkin/seq-06/color/frame-000171.color.png 0.999999 0.000848122 0.000720187 0.0145998 -0.000849722 0.999997 0.00222388 -0.0167558 -0.000718257 -0.00222454 0.999997 0.0170208 0.0 0.0 0.0 1.0
pumpkin/seq-06/color/frame-000171.color.png pumpkin/seq-06/color/frame-000174.color.png 0.999997 0.00245817 -0.000722152 0.014328 -0.00246213 0.999982 -0.00550952 -0.00177637 0.000708598 0.00551119 0.999985 0.0181048 0.0 0.0 0.0 1.0
pumpkin/seq-06/color/frame-000174.color.png pumpkin/seq-06/color/frame-000177.color.png 0.999943 0.00299655 0.0102271 0.00940875 -0.00291635 0.999965 -0.00784858 -0.00852755 -0.0102503 0.00781844 0.999917 0.0121637 0.0 0.0 0.0 1.0
pumpkin/seq-06/color/frame-000177.color.png pumpkin/seq-06/color/frame-000180.color.png 0.999954 0.00509259 0.00817067 0.00947424 -0.00507415 0.999984 -0.00227416 -0.00565359 -0.00818213 0.00223258 0.999964 0.0149968 0.0 0.0 0.0 1.0
pumpkin/seq-06/color/frame-000180.color.png pumpkin/seq-06/color/frame-000183.color.png 0.999991 -0.000642416 0.00421428 0.00311875 0.000640268 1.0 0.000512456 -0.0124327 -0.00421463 -0.000509799 0.999991 0.0184581 0.0 0.0 0.0 1.0
pumpkin/seq-06/color/frame-000183.color.png pumpkin/seq-06/color/frame-000186.color.png 0.999989 0.00132955 -0.0044751 0.0113487 -0.00134459 0.999993 -0.00336293 -0.0118916 0.00447063 0.00336893 0.999984 0.0205249 0.0 0.0 0.0 1.0
pumpkin/seq-06/color/frame-000186.color.png pumpkin/seq-06/color/frame-000189.color.png 0.999973 -0.00360211 -0.00634512 0.0109563 0.00357375 0.999984 -0.00447011 -0.00488108 0.00636114 0.00444716 0.99997 0.0257647 0.0 0.0 0.0 1.0
pumpkin/seq-06/color/frame-000189.color.png pumpkin/seq-06/color/frame-000192.color.png 0.999981 0.000706965 -0.00609695 0.0152998 -0.000688751 0.999995 0.00298504 -0.0105445 0.006099 -0.00298068 0.999977 0.0173198 0.0 0.0 0.0 1.0
pumpkin/seq-06/color/frame-000192.color.png pumpkin/seq-06/color/frame-000195.color.png 0.999997 0.00187657 -0.00176577 0.00789161 -0.00187365 0.999997 0.00165695 -0.00898069 0.00176886 -0.00165363 0.999997 0.0216085 0.0 0.0 0.0 1.0
pumpkin/seq-06/color/frame-000195.color.png pumpkin/seq-06/color/frame-000198.color.png 0.999979 -0.00291353 -0.0057013 0.00787487 0.00295062 0.999974 0.0065105 -0.0160415 0.00568224 -0.0065272 0.999963 0.0136731 0.0 0.0 0.0 1.0
pumpkin/seq-06/color/frame-000198.color.png pumpkin/seq-06/color/frame-000201.color.png 0.999998 -0.00116749 -0.0015443 0.00712251 0.00116571 0.999999 -0.00114933 -0.0105522 0.00154564 0.00114747 0.999998 0.0152195 0.0 0.0 0.0 1.0
pumpkin/seq-06/color/frame-000201.color.png pumpkin/seq-06/color/frame-000204.color.png 0.999993 -0.00186285 0.00309101 0.00333631 0.00187421 0.999991 -0.00366632 -0.00449193 -0.00308414 0.00367219 0.999989 0.0137048 0.0 0.0 0.0 1.0
pumpkin/seq-06/color/frame-000204.color.png pumpkin/seq-06/color/frame-000207.color.png 0.999986 -0.00428375 0.00298785 -0.000437127 0.0043001 0.999976 -0.00548162 -0.00570822 -0.00296434 0.00549443 0.99998 0.0115712 0.0 0.0 0.0 1.0
pumpkin/seq-06/color/frame-000207.color.png pumpkin/seq-06/color/frame-000210.color.png 0.999996 -0.00144465 -0.00230239 0.00794287 0.00143363 0.999988 -0.00476494 0.00141382 0.00230921 0.00476164 0.999986 0.00832435 0.0 0.0 0.0 1.0
pumpkin/seq-06/color/frame-000210.color.png pumpkin/seq-06/color/frame-000213.color.png 1.0 -0.000568447 0.000411771 -0.00172877 0.000567317 0.999996 0.00270709 -0.00648463 -0.00041331 -0.00270695 0.999996 0.00371775 0.0 0.0 0.0 1.0
pumpkin/seq-06/color/frame-000213.color.png pumpkin/seq-06/color/frame-000216.color.png 0.999976 0.00247475 -0.00654881 0.00924036 -0.00244291 0.999985 0.00485882 0.00697279 0.0065607 -0.00484264 0.999967 -0.00141498 0.0 0.0 0.0 1.0
pumpkin/seq-06/color/frame-000216.color.png pumpkin/seq-06/color/frame-000219.color.png 0.999988 -0.0024714 -0.00411344 -0.00385796 0.00255934 0.999765 0.0215151 -0.00495964 0.00405932 -0.0215254 0.99976 -0.0132363 0.0 0.0 0.0 1.0
pumpkin/seq-06/color/frame-000219.color.png pumpkin/seq-06/color/frame-000222.color.png 0.999987 -0.00464848 -0.00203642 -0.0110564 0.0046944 0.999721 0.0231455 -0.0072242 0.00192825 -0.0231547 0.99973 -0.0140593 0.0 0.0 0.0 1.0
pumpkin/seq-06/color/frame-000222.color.png pumpkin/seq-06/color/frame-000225.color.png 0.999924 -0.00216887 -0.0121478 -0.00705683 0.00235358 0.999881 0.0152115 -0.000488877 0.0121134 -0.0152391 0.999811 -0.00980094 0.0 0.0 0.0 1.0
pumpkin/seq-06/color/frame-000225.color.png pumpkin/seq-06/color/frame-000228.color.png 0.999829 -0.000100361 -0.0184938 -0.000920173 0.000208957 0.999983 0.00587099 0.0167371 0.0184928 -0.00587379 0.999812 -0.00479522 0.0 0.0 0.0 1.0
pumpkin/seq-06/color/frame-000228.color.png pumpkin/seq-06/color/frame-000231.color.png 0.999874 0.00103566 -0.0158326 -0.00243026 -0.000694151 0.999767 0.0215602 0.00595146 0.0158512 -0.0215464 0.999642 -0.0162581 0.0 0.0 0.0 1.0
pumpkin/seq-06/color/frame-000231.color.png pumpkin/seq-06/color/frame-000234.color.png 0.999959 -0.00113297 -0.00900457 -0.012645 0.00124087 0.999927 0.0119871 0.0121268 0.00899032 -0.0119979 0.999888 -0.00522369 0.0 0.0 0.0 1.0
pumpkin/seq-06/color/frame-000234.color.png pumpkin/seq-06/color/frame-000237.color.png 0.999928 -0.00136576 -0.011924 -0.0044281 0.00150157 0.999934 0.0113856 0.00728682 0.0119077 -0.0114026 0.999864 -0.0173472 0.0 0.0 0.0 1.0
pumpkin/seq-06/color/frame-000237.color.png pumpkin/seq-06/color/frame-000240.color.png 0.999933 -0.00194012 -0.0114399 -0.0135999 0.00220521 0.999728 0.0232073 0.0114319 0.0113917 -0.023231 0.999665 -0.024294 0.0 0.0 0.0 1.0
pumpkin/seq-06/color/frame-000240.color.png pumpkin/seq-06/color/frame-000243.color.png 0.999965 -0.00679064 -0.00483534 -0.0269014 0.00686717 0.999849 0.0159909 0.00344822 0.00472603 -0.0160237 0.999861 -0.0118321 0.0 0.0 0.0 1.0
pumpkin/seq-06/color/frame-000243.color.png pumpkin/seq-06/color/frame-000246.color.png 0.999996 -0.00196768 -0.00198326 -0.0122796 0.00198883 0.999941 0.0107218 0.00602925 0.00196201 -0.0107256 0.999941 -0.0200349 0.0 0.0 0.0 1.0
pumpkin/seq-06/color/frame-000246.color.png pumpkin/seq-06/color/frame-000249.color.png 0.999996 -0.00177977 0.00203393 -0.0157442 0.00176407 0.999969 0.00770469 0.0127897 -0.00204756 -0.00770112 0.999968 -0.020184 0.0 0.0 0.0 1.0
pumpkin/seq-06/color/frame-000249.color.png pumpkin/seq-06/color/frame-000252.color.png 0.999938 -0.0107019 0.00299084 -0.0217135 0.0106575 0.999838 0.0144902 0.0132359 -0.00314544 -0.0144574 0.999891 -0.0320017 0.0 0.0 0.0 1.0
pumpkin/seq-06/color/frame-000252.color.png pumpkin/seq-06/color/frame-000255.color.png 0.999939 -0.0109725 0.00119111 -0.0153567 0.0109514 0.999804 0.0164678 0.0107984 -0.00137158 -0.0164536 0.999864 -0.02378 0.0 0.0 0.0 1.0
pumpkin/seq-06/color/frame-000255.color.png pumpkin/seq-06/color/frame-000258.color.png 0.999944 -0.0105801 0.00057156 -0.0146082 0.0105714 0.999852 0.0135895 0.00510088 -0.000715262 -0.0135827 0.999907 -0.0158078 0.0 0.0 0.0 1.0
pumpkin/seq-06/color/frame-000258.color.png pumpkin/seq-06/color/frame-000261.color.png 0.999965 -0.00743947 0.00392649 -0.0129944 0.00738805 0.999889 0.0129473 0.00522137 -0.00402238 -0.0129179 0.999908 -0.0231866 0.0 0.0 0.0 1.0
pumpkin/seq-06/color/frame-000261.color.png pumpkin/seq-06/color/frame-000264.color.png 0.999978 -0.00451143 0.00475742 -0.00965501 0.00446457 0.999942 0.00980709 0.0228753 -0.00480134 -0.0097856 0.999941 -0.016068 0.0 0.0 0.0 1.0
pumpkin/seq-06/color/frame-000264.color.png pumpkin/seq-06/color/frame-000267.color.png 0.999914 -0.005827 0.0117267 -0.0163286 0.00559415 0.999789 0.0197924 0.00404966 -0.0118395 -0.0197252 0.999735 -0.0240763 0.0 0.0 0.0 1.0
pumpkin/seq-06/color/frame-000267.color.png pumpkin/seq-06/color/frame-000270.color.png 0.999981 -0.002751 0.00559839 -0.00573537 0.00274611 0.999996 0.000879524 0.0143792 -0.00560081 -0.000864073 0.999984 -0.0135212 0.0 0.0 0.0 1.0
pumpkin/seq-06/color/frame-000270.color.png pumpkin/seq-06/color/frame-000273.color.png 0.999985 -0.00103081 0.00545986 -0.00228749 0.00106789 0.999976 -0.00679351 0.0134854 -0.00545272 0.00679936 0.999962 -0.0159025 0.0 0.0 0.0 1.0
pumpkin/seq-06/color/frame-000273.color.png pumpkin/seq-06/color/frame-000276.color.png 0.999973 0.00502611 0.00530282 -0.00410689 -0.00503448 0.999986 0.00156442 0.00988901 -0.00529489 -0.00159115 0.999985 -0.020117 0.0 0.0 0.0 1.0
pumpkin/seq-06/color/frame-000276.color.png pumpkin/seq-06/color/frame-000279.color.png 0.99998 -0.00157126 -0.00618377 -0.000840902 0.00151883 0.999963 -0.00847485 0.0134414 0.00619689 0.00846525 0.999945 -0.00724033 0.0 0.0 0.0 1.0
pumpkin/seq-06/color/frame-000279.color.png pumpkin/seq-06/color/frame-000282.color.png 0.999985 0.00185322 -0.00517797 -0.0012747 -0.00187476 0.99999 -0.00416019 0.00811541 0.00517017 0.00416981 0.999978 -0.00292128 0.0 0.0 0.0 1.0
pumpkin/seq-06/color/frame-000282.color.png pumpkin/seq-06/color/frame-000285.color.png 0.999974 0.0064139 0.00337002 -0.00767481 -0.00633396 0.99971 -0.0232195 0.007516 -0.00351797 0.0231976 0.999725 0.00661892 0.0 0.0 0.0 1.0
pumpkin/seq-06/color/frame-000285.color.png pumpkin/seq-06/color/frame-000288.color.png 0.999989 0.00334004 0.0034248 -0.00805508 -0.00323548 0.999542 -0.0300999 0.00745061 -0.00352377 0.0300884 0.999541 0.0019581 0.0 0.0 0.0 1.0
pumpkin/seq-06/color/frame-000288.color.png pumpkin/seq-06/color/frame-000291.color.png 0.999965 0.00474285 0.00689117 0.000380352 -0.00457062 0.999682 -0.0247974 0.0125186 -0.00700659 0.0247651 0.999669 -0.00313804 0.0 0.0 0.0 1.0
pumpkin/seq-06/color/frame-000291.color.png pumpkin/seq-06/color/frame-000294.color.png 0.999987 0.00120597 0.00496118 -0.00652441 -0.00106783 0.999614 -0.027748 0.00339711 -0.00499276 0.0277424 0.999603 -0.000821814 0.0 0.0 0.0 1.0
pumpkin/seq-06/color/frame-000294.color.png pumpkin/seq-06/color/frame-000297.color.png 0.99998 -0.00629981 0.00026118 -0.00604871 0.00630343 0.999828 -0.0174613 0.00707835 -0.000151092 0.0174627 0.999847 -0.00528646 0.0 0.0 0.0 1.0
pumpkin/seq-06/color/frame-000297.color.png pumpkin/seq-06/color/frame-000300.color.png 0.999978 0.00184476 0.00637217 -0.00772423 -0.00178667 0.999957 -0.00911159 0.00574484 -0.00638873 0.00909993 0.999938 -0.00418869 0.0 0.0 0.0 1.0
pumpkin/seq-06/color/frame-000300.color.png pumpkin/seq-06/color/frame-000303.color.png 0.999998 -0.000822185 0.00176676 -0.000544071 0.000834789 0.999974 -0.00716217 0.0106381 -0.00176077 0.00716357 0.999973 -0.00315657 0.0 0.0 0.0 1.0
pumpkin/seq-06/color/frame-000303.color.png pumpkin/seq-06/color/frame-000306.color.png 0.999983 0.000569845 -0.00573436 0.00325361 -0.00053052 0.999976 0.00684981 0.00191104 0.00573807 -0.00684655 0.99996 -0.0142924 0.0 0.0 0.0 1.0
pumpkin/seq-06/color/frame-000306.color.png pumpkin/seq-06/color/frame-000309.color.png 0.999992 -0.00160556 0.00368648 -0.0136518 0.00158836 0.999988 0.00465471 0.00685884 -0.00369393 -0.00464882 0.999982 -0.00443792 0.0 0.0 0.0 1.0
pumpkin/seq-06/color/frame-000309.color.png pumpkin/seq-06/color/frame-000312.color.png 0.999981 -0.00507414 -0.00351635 -0.00496855 0.00510016 0.999959 0.00743391 0.0219478 0.0034785 -0.00745168 0.999966 -0.0077069 0.0 0.0 0.0 1.0
pumpkin/seq-06/color/frame-000312.color.png pumpkin/seq-06/color/frame-000315.color.png 0.999986 -0.00439384 -0.00288926 -0.00729623 0.0044261 0.999927 0.0112555 0.0150234 0.00283959 -0.0112682 0.999933 -0.00878202 0.0 0.0 0.0 1.0
pumpkin/seq-06/color/frame-000315.color.png pumpkin/seq-06/color/frame-000318.color.png 0.999997 -0.0010462 0.00220225 -0.00502992 0.00103368 0.999983 0.00568257 0.0127804 -0.00220816 -0.00568033 0.999982 -0.00873891 0.0 0.0 0.0 1.0
pumpkin/seq-06/color/frame-000318.color.png pumpkin/seq-06/color/frame-000321.color.png 0.999971 -0.00761129 -0.000752528 -0.0114044 0.00761353 0.999966 0.00301445 0.0187321 0.000729553 -0.00302019 0.999995 -0.0105 0.0 0.0 0.0 1.0
pumpkin/seq-06/color/frame-000321.color.png pumpkin/seq-06/color/frame-000324.color.png 0.999993 -0.00284425 0.00234406 -0.0153524 0.00283076 0.999979 0.00574736 0.0114224 -0.00236039 -0.00574053 0.999981 -0.00443391 0.0 0.0 0.0 1.0
pumpkin/seq-06/color/frame-000324.color.png pumpkin/seq-06/color/frame-000327.color.png 0.999985 -0.00173544 -0.00514382 -0.00576842 0.00178672 0.999949 0.00998389 0.0142909 0.00512631 -0.00999299 0.999937 -0.0033505 0.0 0.0 0.0 1.0
pumpkin/seq-06/color/frame-000327.color.png pumpkin/seq-06/color/frame-000330.color.png 0.999958 -0.00756869 -0.00522294 -0.00890103 0.00759816 0.999955 0.00564946 0.0108885 0.00517994 -0.00568895 0.99997 -0.0029127 0.0 0.0 0.0 1.0
pumpkin/seq-06/color/frame-000330.color.png pumpkin/seq-06/color/frame-000333.color.png 0.99997 -0.00621523 -0.00458842 -0.00487 0.00625784 0.999937 0.00932833 0.0155752 0.00453013 -0.00935665 0.999946 -0.0024463 0.0 0.0 0.0 1.0
pumpkin/seq-06/color/frame-000333.color.png pumpkin/seq-06/color/frame-000336.color.png 0.999952 -0.00555161 0.00808451 -0.0191154 0.0054096 0.999833 0.0174795 0.00529616 -0.00818012 -0.0174351 0.999815 -0.0108997 0.0 0.0 0.0 1.0
pumpkin/seq-06/color/frame-000336.color.png pumpkin/seq-06/color/frame-000339.color.png 0.999957 -0.0079825 0.00483076 -0.0124227 0.00792955 0.999909 0.0108884 0.0182623 -0.00491727 -0.0108496 0.999929 -0.000895128 0.0 0.0 0.0 1.0
pumpkin/seq-06/color/frame-000339.color.png pumpkin/seq-06/color/frame-000342.color.png 0.999972 -0.00727252 0.00164791 -0.0113496 0.00725499 0.99992 0.0103816 0.0199841 -0.00172325 -0.0103694 0.999945 -0.000981461 0.0 0.0 0.0 1.0
pumpkin/seq-06/color/frame-000342.color.png pumpkin/seq-06/color/frame-000345.color.png 0.999905 -0.0135766 0.00245758 -0.0218231 0.0135458 0.999834 0.012161 0.0246395 -0.0026223 -0.0121266 0.999923 0.00577297 0.0 0.0 0.0 1.0
pumpkin/seq-06/color/frame-000345.color.png pumpkin/seq-06/color/frame-000348.color.png 0.999747 -0.0224043 0.00179834 -0.0262449 0.022366 0.999569 0.019042 0.023062 -0.00222423 -0.0189968 0.999817 0.00475261 0.0 0.0 0.0 1.0
pumpkin/seq-06/color/frame-000348.color.png pumpkin/seq-06/color/frame-000351.color.png 0.999856 -0.0169341 -0.00127871 -0.0199331 0.0169417 0.999838 0.00613156 0.0209621 0.00117473 -0.00615248 0.999981 0.0074027 0.0 0.0 0.0 1.0
pumpkin/seq-06/color/frame-000351.color.png pumpkin/seq-06/color/frame-000354.color.png 0.99997 -0.00755908 -0.00144789 -0.0217546 0.0075833 0.999817 0.0175507 0.000985954 0.00131495 -0.0175611 0.999845 -0.00544777 0.0 0.0 0.0 1.0
pumpkin/seq-06/color/frame-000354.color.png pumpkin/seq-06/color/frame-000357.color.png 0.999903 -0.0134449 -0.00358816 -0.0200064 0.0134469 0.999909 0.000554878 0.0224548 0.00358044 -0.000603068 0.999993 0.00865065 0.0 0.0 0.0 1.0
pumpkin/seq-06/color/frame-000357.color.png pumpkin/seq-06/color/frame-000360.color.png 0.99993 -0.0115371 0.00250423 -0.0275115 0.0115125 0.999887 0.00962649 0.0109932 -0.00261508 -0.00959705 0.999951 -0.00244382 0.0 0.0 0.0 1.0
pumpkin/seq-06/color/frame-000360.color.png pumpkin/seq-06/color/frame-000363.color.png 0.999923 -0.00743458 0.00996068 -0.0408995 0.00723798 0.999781 0.0196331 0.0012841 -0.0101045 -0.0195594 0.999758 -0.00341273 0.0 0.0 0.0 1.0
pumpkin/seq-06/color/frame-000363.color.png pumpkin/seq-06/color/frame-000366.color.png 0.999936 -0.0110292 -0.002645 -0.0238143 0.0110394 0.999932 0.0038858 0.0220487 0.00260203 -0.00391475 0.999989 0.00152133 0.0 0.0 0.0 1.0
pumpkin/seq-06/color/frame-000366.color.png pumpkin/seq-06/color/frame-000369.color.png 0.999989 -0.00383902 -0.00251923 -0.0221376 0.00385893 0.999961 0.00795793 0.00878286 0.00248858 -0.00796754 0.999965 -0.00582184 0.0 0.0 0.0 1.0
pumpkin/seq-06/color/frame-000369.color.png pumpkin/seq-06/color/frame-000372.color.png 0.999989 -0.00366477 -0.00306397 -0.0199251 0.00369219 0.999953 0.00897645 0.0167977 0.00303089 -0.00898768 0.999955 -0.00134114 0.0 0.0 0.0 1.0
pumpkin/seq-06/color/frame-000372.color.png pumpkin/seq-06/color/frame-000375.color.png 0.999983 -0.00527858 -0.00253253 -0.027395 0.00531525 0.999878 0.0146904 -0.00277551 0.00245468 -0.0147036 0.999889 -0.00626912 0.0 0.0 0.0 1.0
pumpkin/seq-06/color/frame-000375.color.png pumpkin/seq-06/color/frame-000378.color.png 0.999982 0.0031377 -0.00513936 -0.0141979 -0.00307409 0.999919 0.0123277 0.0075728 0.00517765 -0.0123117 0.999911 -0.00503531 0.0 0.0 0.0 1.0
pumpkin/seq-06/color/frame-000378.color.png pumpkin/seq-06/color/frame-000381.color.png 0.99997 0.0026773 -0.00721683 -0.0152268 -0.00259219 0.999927 0.0117808 0.0167647 0.00724781 -0.0117618 0.999905 -0.00153803 0.0 0.0 0.0 1.0
pumpkin/seq-06/color/frame-000381.color.png pumpkin/seq-06/color/frame-000384.color.png 0.999964 -0.00706378 -0.00466988 -0.0201482 0.00713834 0.999844 0.0161503 0.0118509 0.00455505 -0.016183 0.999859 0.00040802 0.0 0.0 0.0 1.0
pumpkin/seq-06/color/frame-000384.color.png pumpkin/seq-06/color/frame-000387.color.png 0.999993 -0.00357765 0.0013485 -0.0347953 0.00355824 0.999893 0.014172 0.0132212 -0.00139901 -0.0141671 0.999899 0.00105445 0.0 0.0 0.0 1.0
pumpkin/seq-06/color/frame-000387.color.png pumpkin/seq-06/color/frame-000390.color.png 0.999986 0.000298448 -0.00524855 -0.0241259 -0.000228296 0.999911 0.0133696 0.0106605 0.0052521 -0.0133683 0.999897 -0.00612243 0.0 0.0 0.0 1.0
pumpkin/seq-06/color/frame-000390.color.png pumpkin/seq-06/color/frame-000393.color.png 0.999984 -0.00378441 -0.00421283 -0.0295916 0.00381112 0.999973 0.00635515 0.0195632 0.00418863 -0.00637107 0.999971 -0.000541724 0.0 0.0 0.0 1.0
pumpkin/seq-06/color/frame-000393.color.png pumpkin/seq-06/color/frame-000396.color.png 0.999948 0.00120791 -0.0101786 -0.0203341 -0.00112526 0.999966 0.00811629 0.0163144 0.010188 -0.00810444 0.999915 -0.00828523 0.0 0.0 0.0 1.0
pumpkin/seq-06/color/frame-000396.color.png pumpkin/seq-06/color/frame-000399.color.png 0.999969 -0.00421647 -0.00666299 -0.0243842 0.00427623 0.999951 0.00898354 0.0011328 0.00662476 -0.00901168 0.999937 -0.0109312 0.0 0.0 0.0 1.0
pumpkin/seq-06/color/frame-000399.color.png pumpkin/seq-06/color/frame-000402.color.png 0.999814 -0.0162116 0.0104902 -0.0639511 0.0161827 0.999865 0.00283836 0.0171851 -0.0105348 -0.00266806 0.999941 -0.0045109 0.0 0.0 0.0 1.0
pumpkin/seq-06/color/frame-000402.color.png pumpkin/seq-06/color/frame-000405.color.png 0.999956 -0.00423637 -0.00832708 -0.0225101 0.00430508 0.999957 0.00825485 0.0157364 0.00829179 -0.00829037 0.999931 -0.00561103 0.0 0.0 0.0 1.0
pumpkin/seq-06/color/frame-000405.color.png pumpkin/seq-06/color/frame-000408.color.png 0.999992 0.00388576 -0.000706185 -0.0282486 -0.00388194 0.999978 0.00536339 0.0144598 0.00072701 -0.00536059 0.999985 -0.00647754 0.0 0.0 0.0 1.0
pumpkin/seq-06/color/frame-000408.color.png pumpkin/seq-06/color/frame-000411.color.png 0.999991 -0.00180044 -0.00395504 -0.0306787 0.00183306 0.999964 0.00826204 0.00243568 0.00394001 -0.00826919 0.999958 -0.00633623 0.0 0.0 0.0 1.0
pumpkin/seq-06/color/frame-000411.color.png pumpkin/seq-06/color/frame-000414.color.png 0.999975 0.00361932 -0.00607237 -0.0209612 -0.0035801 0.999973 0.00645025 -0.00633806 0.00609558 -0.00642834 0.999961 -0.00436043 0.0 0.0 0.0 1.0
pumpkin/seq-06/color/frame-000414.color.png pumpkin/seq-06/color/frame-000417.color.png 0.999976 -0.00474588 0.00514158 -0.0520787 0.00475735 0.999986 -0.00222974 0.00888598 -0.00513094 0.0022541 0.999984 -0.0043292 0.0 0.0 0.0 1.0
pumpkin/seq-06/color/frame-000417.color.png pumpkin/seq-06/color/frame-000420.color.png 0.99999 0.00153101 0.00426884 -0.0338541 -0.00151938 0.999995 -0.0027089 0.00166525 -0.00427299 0.00270243 0.999987 -0.0136416 0.0 0.0 0.0 1.0
pumpkin/seq-06/color/frame-000420.color.png pumpkin/seq-06/color/frame-000423.color.png 0.999996 0.000250967 0.00290531 -0.0377933 -0.000241411 0.999995 -0.00328811 0.00506566 -0.0029061 0.00328738 0.99999 -0.00974391 0.0 0.0 0.0 1.0
pumpkin/seq-06/color/frame-000423.color.png pumpkin/seq-06/color/frame-000426.color.png 0.999999 -0.000941727 -0.00135154 -0.0452116 0.000934908 0.999987 -0.00506063 -0.00409931 0.00135628 0.00505939 0.999986 -0.00373514 0.0 0.0 0.0 1.0
pumpkin/seq-06/color/frame-000426.color.png pumpkin/seq-06/color/frame-000429.color.png 0.999996 0.0028536 0.000763917 -0.0497432 -0.00284969 0.999983 -0.00511977 -0.00430149 -0.000778483 0.0051175 0.999987 -0.0121285 0.0 0.0 0.0 1.0
pumpkin/seq-06/color/frame-000429.color.png pumpkin/seq-06/color/frame-000432.color.png 0.999916 0.0127873 -0.00227349 -0.0558505 -0.0128023 0.999896 -0.00671155 -0.0155178 0.00218738 0.00674013 0.999975 0.0205184 0.0 0.0 0.0 1.0
pumpkin/seq-06/color/frame-000432.color.png pumpkin/seq-06/color/frame-000435.color.png 0.999804 0.0175457 -0.00914637 -0.0567714 -0.017646 0.999784 -0.0110161 -0.0140852 0.00895111 0.0111754 0.999898 0.00533738 0.0 0.0 0.0 1.0
pumpkin/seq-06/color/frame-000435.color.png pumpkin/seq-06/color/frame-000438.color.png 0.999841 0.0123488 -0.0128575 -0.0366691 -0.0123474 0.999924 0.000186733 -0.0142481 0.0128589 -2.80089e-05 0.999917 0.0207767 0.0 0.0 0.0 1.0
pumpkin/seq-06/color/frame-000438.color.png pumpkin/seq-06/color/frame-000441.color.png 0.999834 0.0117497 -0.0139418 -0.0232576 -0.0117416 0.999931 0.000663519 -0.0160868 0.0139487 -0.000499685 0.999903 0.00940349 0.0 0.0 0.0 1.0
pumpkin/seq-06/color/frame-000441.color.png pumpkin/seq-06/color/frame-000444.color.png 0.999624 0.020775 -0.0178865 -0.0301683 -0.020818 0.999781 -0.00221793 -0.0290933 0.0178365 0.00258947 0.999838 0.0156879 0.0 0.0 0.0 1.0
pumpkin/seq-06/color/frame-000444.color.png pumpkin/seq-06/color/frame-000447.color.png 0.999682 0.0244953 -0.00593992 -0.06152 -0.0245324 0.999679 -0.00627542 -0.0478135 0.0057843 0.00641912 0.999963 0.0187693 0.0 0.0 0.0 1.0
pumpkin/seq-06/color/frame-000447.color.png pumpkin/seq-06/color/frame-000450.color.png 0.999881 0.0119222 -0.0097628 -0.0330725 -0.0120735 0.999806 -0.015593 -0.0119295 0.009575 0.015709 0.999831 0.00482177 0.0 0.0 0.0 1.0
pumpkin/seq-06/color/frame-000450.color.png pumpkin/seq-06/color/frame-000453.color.png 0.999352 0.0242206 -0.0266425 -0.02484 -0.0247408 0.999506 -0.0193727 -0.0191772 0.0261602 0.0200193 0.999457 0.0210846 0.0 0.0 0.0 1.0
pumpkin/seq-06/color/frame-000453.color.png pumpkin/seq-06/color/frame-000456.color.png 0.999031 0.0325713 -0.0296008 -0.0219431 -0.0327973 0.999436 -0.00718359 -0.0363807 0.0293502 0.00814741 0.999536 0.0180849 0.0 0.0 0.0 1.0
pumpkin/seq-06/color/frame-000456.color.png pumpkin/seq-06/color/frame-000459.color.png 0.998904 0.0328224 -0.0333571 -0.0205163 -0.032763 0.99946 0.00232582 -0.0403196 0.0334154 -0.00123031 0.999441 0.0340743 0.0 0.0 0.0 1.0
pumpkin/seq-06/color/frame-000459.color.png pumpkin/seq-06/color/frame-000462.color.png 0.998989 0.0330154 -0.0305052 -0.0252713 -0.033044 0.999454 -0.000431429 -0.0430748 0.0304743 0.00143901 0.999535 0.0233141 0.0 0.0 0.0 1.0
pumpkin/seq-06/color/frame-000462.color.png pumpkin/seq-06/color/frame-000465.color.png 0.999608 0.0182317 -0.0212339 -0.0539058 -0.0182079 0.999833 0.00131547 -0.0383164 0.0212544 -0.000928363 0.999774 0.0186592 0.0 0.0 0.0 1.0
pumpkin/seq-06/color/frame-000465.color.png pumpkin/seq-06/color/frame-000468.color.png 0.999159 0.0256862 -0.0319589 -0.0308701 -0.0256575 0.99967 0.00130643 -0.0300292 0.0319819 -0.000485339 0.999488 0.0202011 0.0 0.0 0.0 1.0
pumpkin/seq-06/color/frame-000468.color.png pumpkin/seq-06/color/frame-000471.color.png 0.999705 0.0109522 -0.0216727 -0.0277128 -0.0110039 0.999937 -0.00227131 -0.00932498 0.0216465 0.00250912 0.999763 0.0172731 0.0 0.0 0.0 1.0
pumpkin/seq-06/color/frame-000471.color.png pumpkin/seq-06/color/frame-000474.color.png 0.999538 0.0194914 -0.0233105 -0.0311962 -0.019519 0.999809 -0.000957419 -0.0180813 0.0232873 0.00141193 0.999728 0.0218924 0.0 0.0 0.0 1.0
pumpkin/seq-06/color/frame-000474.color.png pumpkin/seq-06/color/frame-000477.color.png 0.999477 0.0263812 -0.0186972 -0.0321099 -0.0263614 0.999652 0.00130241 -0.0271081 0.018725 -0.000808823 0.999824 0.0186544 0.0 0.0 0.0 1.0
pumpkin/seq-06/color/frame-000477.color.png pumpkin/seq-06/color/frame-000480.color.png 0.99978 0.0100696 -0.0184062 -0.043178 -0.00980875 0.999851 0.0142053 0.000951901 0.0185465 -0.0140217 0.99973 0.049989 0.0 0.0 0.0 1.0
pumpkin/seq-06/color/frame-000480.color.png pumpkin/seq-06/color/frame-000483.color.png 0.999746 0.0164842 -0.0153424 -0.0237938 -0.0159431 0.999269 0.0347486 -0.0146195 0.015904 -0.0344952 0.999278 0.0313639 0.0 0.0 0.0 1.0
pumpkin/seq-06/color/frame-000483.color.png pumpkin/seq-06/color/frame-000486.color.png 0.999991 0.00417308 0.000153805 -0.0303211 -0.00417496 0.999871 0.0155327 0.00211027 -8.89684e-05 -0.0155332 0.999879 0.00770864 0.0 0.0 0.0 1.0
pumpkin/seq-06/color/frame-000486.color.png pumpkin/seq-06/color/frame-000489.color.png 0.999958 0.00837021 0.00386649 -0.0240997 -0.00844193 0.999785 0.0189177 -0.0216508 -0.00370731 -0.0189495 0.999814 -0.00484553 0.0 0.0 0.0 1.0
pumpkin/seq-06/color/frame-000489.color.png pumpkin/seq-06/color/frame-000492.color.png 0.999991 0.0041124 3.06139e-05 0.0114225 -0.00411219 0.99998 -0.00473468 -0.028601 -5.01234e-05 0.00473446 0.999989 0.0159775 0.0 0.0 0.0 1.0
pumpkin/seq-06/color/frame-000492.color.png pumpkin/seq-06/color/frame-000495.color.png 0.999937 0.011245 0.000800207 0.030954 -0.0112194 0.999573 -0.0269649 -0.0514484 -0.00110307 0.0269542 0.999636 0.0201644 0.0 0.0 0.0 1.0
pumpkin/seq-06/color/frame-000495.color.png pumpkin/seq-06/color/frame-000498.color.png 0.9996 0.0273855 -0.00702333 0.0397817 -0.0274958 0.999492 -0.0161101 -0.0846786 0.00657856 0.0162968 0.999846 0.0478044 0.0 0.0 0.0 1.0
pumpkin/seq-06/color/frame-000498.color.png pumpkin/seq-06/color/frame-000501.color.png 0.999884 0.0148274 -0.0034451 0.0515423 -0.0148574 0.999851 -0.0088548 -0.0589458 0.0033133 0.00890492 0.999955 0.0342278 0.0 0.0 0.0 1.0
pumpkin/seq-06/color/frame-000501.color.png pumpkin/seq-06/color/frame-000504.color.png 0.999954 0.00590429 0.00751889 0.0391147 -0.00587268 0.999974 -0.00421896 -0.0415598 -0.0075436 0.00417462 0.999963 0.0135014 0.0 0.0 0.0 1.0
pumpkin/seq-06/color/frame-000504.color.png pumpkin/seq-06/color/frame-000507.color.png 0.999986 -0.00262153 0.00464487 0.0339811 0.00263434 0.999993 -0.00275168 -0.0188446 -0.00463764 0.00276388 0.999985 0.0413213 0.0 0.0 0.0 1.0
pumpkin/seq-06/color/frame-000507.color.png pumpkin/seq-06/color/frame-000510.color.png 0.999997 -0.00130765 0.00204012 0.0273234 0.00128169 0.999919 0.0126734 -0.042625 -0.00205655 -0.0126708 0.999918 0.0409336 0.0 0.0 0.0 1.0
pumpkin/seq-06/color/frame-000510.color.png pumpkin/seq-06/color/frame-000513.color.png 1.0 -5.53304e-05 0.000805446 0.0137947 5.9465e-05 0.999987 -0.00515441 -0.0300249 -0.00080515 0.00515452 0.999986 0.062667 0.0 0.0 0.0 1.0
pumpkin/seq-06/color/frame-000513.color.png pumpkin/seq-06/color/frame-000516.color.png 0.999992 -0.00265674 0.00280518 0.023864 0.00267778 0.999968 -0.00751587 -0.0385826 -0.00278512 0.00752333 0.999968 0.0559811 0.0 0.0 0.0 1.0
pumpkin/seq-06/color/frame-000516.color.png pumpkin/seq-06/color/frame-000519.color.png 0.999995 0.00292306 -0.000756441 0.0392977 -0.00293058 0.999944 -0.0101493 -0.0520002 0.000726731 0.0101515 0.999948 0.0771854 0.0 0.0 0.0 1.0
pumpkin/seq-06/color/frame-000519.color.png pumpkin/seq-06/color/frame-000522.color.png 0.999899 -0.0140818 0.00189953 0.012641 0.0140865 0.999898 -0.00248001 -0.0272929 -0.0018644 0.00250661 0.999995 0.055124 0.0 0.0 0.0 1.0
pumpkin/seq-06/color/frame-000522.color.png pumpkin/seq-06/color/frame-000525.color.png 0.999839 -0.0178232 0.00191734 0.0143677 0.0178357 0.999818 -0.00671168 0.00639823 -0.00179741 0.00674468 0.999976 0.0450748 0.0 0.0 0.0 1.0
pumpkin/seq-06/color/frame-000525.color.png pumpkin/seq-06/color/frame-000528.color.png 0.999856 -0.0155523 0.00676548 -0.000242591 0.0154759 0.999818 0.0111964 -0.0237748 -0.00693837 -0.01109 0.999914 0.0367764 0.0 0.0 0.0 1.0
pumpkin/seq-06/color/frame-000528.color.png pumpkin/seq-06/color/frame-000531.color.png 0.99999 0.00396314 0.00211849 0.0147052 -0.00396526 0.999992 0.000999938 -0.0302064 -0.00211456 -0.00100833 0.999997 0.0395583 0.0 0.0 0.0 1.0
pumpkin/seq-06/color/frame-000531.color.png pumpkin/seq-06/color/frame-000534.color.png 0.999983 0.00303496 0.00503879 0.0148937 -0.00299901 0.99997 -0.00712682 -0.0397739 -0.00506022 0.00711159 0.999962 0.0477938 0.0 0.0 0.0 1.0
pumpkin/seq-06/color/frame-000534.color.png pumpkin/seq-06/color/frame-000537.color.png 0.999996 -0.00276338 -0.00115541 0.0344808 0.00275269 0.999954 -0.00915236 -0.0221112 0.00118064 0.00914915 0.999957 0.0454573 0.0 0.0 0.0 1.0
pumpkin/seq-06/color/frame-000537.color.png pumpkin/seq-06/color/frame-000540.color.png 0.999765 -0.0180614 0.0119587 0.0150694 0.0180758 0.999836 -0.00109565 -0.00857416 -0.0119369 0.00131156 0.999928 0.0263105 0.0 0.0 0.0 1.0
pumpkin/seq-06/color/frame-000540.color.png pumpkin/seq-06/color/frame-000543.color.png 0.999801 -0.0184615 0.00749302 0.00717366 0.0183902 0.999786 0.00947355 -0.00899479 -0.00766632 -0.00933384 0.999927 0.0213268 0.0 0.0 0.0 1.0
pumpkin/seq-06/color/frame-000543.color.png pumpkin/seq-06/color/frame-000546.color.png 0.999863 -0.00209651 0.0164235 -0.00196338 0.00215967 0.99999 -0.00382889 -0.00658703 -0.0164153 0.00386378 0.999858 0.0031364 0.0 0.0 0.0 1.0
pumpkin/seq-06/color/frame-000546.color.png pumpkin/seq-06/color/frame-000549.color.png 0.999726 -0.0139126 0.0188106 -0.00123096 0.0137652 0.999874 0.00794189 -0.0108244 -0.0189187 -0.00768077 0.999792 -0.00071007 0.0 0.0 0.0 1.0
pumpkin/seq-06/color/frame-000549.color.png pumpkin/seq-06/color/frame-000552.color.png 0.999916 -0.00669926 0.0110762 0.00314248 0.00671274 0.999977 -0.00117914 -0.000649691 -0.011068 0.0012534 0.999938 0.00959265 0.0 0.0 0.0 1.0
pumpkin/seq-06/color/frame-000552.color.png pumpkin/seq-06/color/frame-000555.color.png 0.999691 -0.0151185 0.0197566 -0.0138316 0.0151243 0.999885 -0.000142612 0.00545305 -0.0197522 0.000441332 0.999805 -0.0025937 0.0 0.0 0.0 1.0
pumpkin/seq-06/color/frame-000555.color.png pumpkin/seq-06/color/frame-000558.color.png 0.999771 -0.0153465 0.0149477 -0.00314701 0.0152427 0.999859 0.00703208 -0.0054394 -0.0150535 -0.00680256 0.999864 -0.000213742 0.0 0.0 0.0 1.0
pumpkin/seq-06/color/frame-000558.color.png pumpkin/seq-06/color/frame-000561.color.png 0.999577 -0.0159464 0.0243255 -0.0161955 0.0158625 0.999868 0.00363651 0.00309047 -0.0243802 -0.00324908 0.999698 -0.00948262 0.0 0.0 0.0 1.0
pumpkin/seq-06/color/frame-000561.color.png pumpkin/seq-06/color/frame-000564.color.png 0.999357 -0.0232849 0.0272492 -0.0268538 0.0231809 0.999723 0.00412858 0.0127483 -0.0273378 -0.0034943 0.99962 -0.0121771 0.0 0.0 0.0 1.0
pumpkin/seq-06/color/frame-000564.color.png pumpkin/seq-06/color/frame-000567.color.png 0.99911 -0.0295177 0.0301471 -0.0381279 0.02936 0.999553 0.0056613 0.0119894 -0.0303007 -0.00477117 0.99953 -0.0153766 0.0 0.0 0.0 1.0
pumpkin/seq-06/color/frame-000567.color.png pumpkin/seq-06/color/frame-000570.color.png 0.99946 -0.0227244 0.0237421 -0.022642 0.0226965 0.999741 0.00144538 0.00953549 -0.0237688 -0.000905722 0.999717 -0.007209 0.0 0.0 0.0 1.0
pumpkin/seq-06/color/frame-000570.color.png pumpkin/seq-06/color/frame-000573.color.png 0.999423 -0.0211185 0.0266022 -0.0304309 0.0211813 0.999774 -0.00208254 0.0156627 -0.0265522 0.00264481 0.999644 -0.00773948 0.0 0.0 0.0 1.0
pumpkin/seq-06/color/frame-000573.color.png pumpkin/seq-06/color/frame-000576.color.png 0.999524 -0.0214798 0.0221451 -0.025795 0.0213575 0.999755 0.00574523 0.00549328 -0.0222631 -0.00526956 0.999738 -0.00347674 0.0 0.0 0.0 1.0
pumpkin/seq-06/color/frame-000576.color.png pumpkin/seq-06/color/frame-000579.color.png 0.999553 -0.0209103 0.0213461 -0.0298122 0.0207496 0.999755 0.00771971 0.00206226 -0.0215023 -0.00727341 0.999742 -0.0137905 0.0 0.0 0.0 1.0
pumpkin/seq-06/color/frame-000579.color.png pumpkin/seq-06/color/frame-000582.color.png 0.99951 -0.0222705 0.0220057 -0.0269018 0.0223206 0.999749 -0.0020362 0.0220406 -0.0219548 0.00252647 0.999756 -0.000813305 0.0 0.0 0.0 1.0
pumpkin/seq-06/color/frame-000582.color.png pumpkin/seq-06/color/frame-000585.color.png 0.999516 -0.0198653 0.023943 -0.0288962 0.0196793 0.999775 0.00797963 0.00340837 -0.0240962 -0.00750455 0.999681 -0.0191674 0.0 0.0 0.0 1.0
pumpkin/seq-06/color/frame-000585.color.png pumpkin/seq-06/color/frame-000588.color.png 0.999581 -0.0206962 0.0202501 -0.0225589 0.0206911 0.999786 0.000460114 0.0197437 -0.0202553 -4.087e-05 0.999795 -0.0143492 0.0 0.0 0.0 1.0
pumpkin/seq-06/color/frame-000588.color.png pumpkin/seq-06/color/frame-000591.color.png 0.999617 -0.0199411 0.0191901 -0.0228435 0.0198914 0.999798 0.00278164 0.0143258 -0.0192417 -0.00239892 0.999812 -0.012916 0.0 0.0 0.0 1.0
pumpkin/seq-06/color/frame-000591.color.png pumpkin/seq-06/color/frame-000594.color.png 0.999857 -0.0119541 0.0119785 -0.0141855 0.0119292 0.999927 0.0021502 0.00702232 -0.0120033 -0.00200695 0.999926 -0.0156949 0.0 0.0 0.0 1.0
pumpkin/seq-06/color/frame-000594.color.png pumpkin/seq-06/color/frame-000597.color.png 0.999715 -0.0157296 0.0179689 -0.0266794 0.0156245 0.99986 0.00597572 0.011166 -0.0180604 -0.00569328 0.999821 -0.0219092 0.0 0.0 0.0 1.0
pumpkin/seq-06/color/frame-000597.color.png pumpkin/seq-06/color/frame-000600.color.png 0.999845 -0.00236174 0.0174542 -0.0216005 0.00230909 0.999993 0.00303674 0.00201792 -0.0174612 -0.00299597 0.999843 -0.0174646 0.0 0.0 0.0 1.0
pumpkin/seq-06/color/frame-000600.color.png pumpkin/seq-06/color/frame-000603.color.png 0.999965 0.00118378 0.00826234 -0.00897527 -0.00121121 0.999994 0.00331281 -0.00214636 -0.00825834 -0.00332273 0.99996 -0.0151233 0.0 0.0 0.0 1.0
pumpkin/seq-06/color/frame-000603.color.png pumpkin/seq-06/color/frame-000606.color.png 0.99996 -0.00856679 0.00250216 -0.00881732 0.00854723 0.999934 0.00773632 0.00933063 -0.0025683 -0.00771457 0.999967 -0.0151029 0.0 0.0 0.0 1.0
pumpkin/seq-06/color/frame-000606.color.png pumpkin/seq-06/color/frame-000609.color.png 0.999974 -0.00525315 0.00489463 -0.00845492 0.00524371 0.999984 0.00194477 0.00975162 -0.00490477 -0.001919 0.999986 -0.0142879 0.0 0.0 0.0 1.0
pumpkin/seq-06/color/frame-000609.color.png pumpkin/seq-06/color/frame-000612.color.png 0.999928 -0.00589387 0.0104392 -0.0168611 0.00583175 0.999965 0.00596384 0.00755811 -0.010474 -0.00590263 0.999928 -0.0325032 0.0 0.0 0.0 1.0
pumpkin/seq-06/color/frame-000612.color.png pumpkin/seq-06/color/frame-000615.color.png 0.999979 -0.00443117 0.00479541 -0.00662315 0.00442021 0.999988 0.00229053 0.0167911 -0.00480549 -0.00226921 0.999986 -0.0257218 0.0 0.0 0.0 1.0
pumpkin/seq-06/color/frame-000615.color.png pumpkin/seq-06/color/frame-000618.color.png 0.999924 -0.00738395 0.00989958 -0.0214231 0.00732433 0.999955 0.00605027 0.0162309 -0.00994376 -0.00597729 0.999933 -0.035185 0.0 0.0 0.0 1.0
pumpkin/seq-06/color/frame-000618.color.png pumpkin/seq-06/color/frame-000621.color.png 0.999866 -0.0129352 0.0100739 -0.0283486 0.0128413 0.999874 0.00932659 0.0215442 -0.0101934 -0.00919598 0.999906 -0.0346575 0.0 0.0 0.0 1.0
pumpkin/seq-06/color/frame-000621.color.png pumpkin/seq-06/color/frame-000624.color.png 0.999991 0.00136854 0.00414826 0.00209081 -0.00140327 0.999964 0.00838275 0.00260949 -0.00413649 -0.00838852 0.999956 -0.0236235 0.0 0.0 0.0 1.0
pumpkin/seq-06/color/frame-000624.color.png pumpkin/seq-06/color/frame-000627.color.png 0.999801 -0.0131785 0.0149764 -0.0342963 0.0129003 0.999745 0.0185218 0.00630587 -0.0152168 -0.0183249 0.999716 -0.0468059 0.0 0.0 0.0 1.0
pumpkin/seq-06/color/frame-000627.color.png pumpkin/seq-06/color/frame-000630.color.png 0.999866 -0.0139057 0.00861122 -0.0187019 0.0137171 0.999673 0.0215913 0.00210944 -0.0089086 -0.0214704 0.99973 -0.0458698 0.0 0.0 0.0 1.0
pumpkin/seq-06/color/frame-000630.color.png pumpkin/seq-06/color/frame-000633.color.png 0.999783 -0.0174975 0.0113048 -0.0228119 0.0173222 0.999731 0.0154186 0.0151882 -0.0115715 -0.0152194 0.999817 -0.030362 0.0 0.0 0.0 1.0
pumpkin/seq-06/color/frame-000633.color.png pumpkin/seq-06/color/frame-000636.color.png 0.999765 -0.0135532 0.0169265 -0.026287 0.0132087 0.999707 0.0203034 0.000827998 -0.0171966 -0.020075 0.999651 -0.0435956 0.0 0.0 0.0 1.0
pumpkin/seq-06/color/frame-000636.color.png pumpkin/seq-06/color/frame-000639.color.png 0.999792 -0.0168614 0.0114748 -0.0153747 0.0167364 0.999801 0.0108947 0.0154914 -0.0116563 -0.0107003 0.999875 -0.0335695 0.0 0.0 0.0 1.0
pumpkin/seq-06/color/frame-000639.color.png pumpkin/seq-06/color/frame-000642.color.png 0.999614 -0.02356 0.0147601 -0.0317786 0.0234355 0.999689 0.00856147 0.0204675 -0.0149573 -0.00821227 0.999854 -0.0282265 0.0 0.0 0.0 1.0
pumpkin/seq-06/color/frame-000642.color.png pumpkin/seq-06/color/frame-000645.color.png 0.999611 -0.022273 0.0167953 -0.0339383 0.0221756 0.999736 0.00596272 0.0205745 -0.0169238 -0.00558793 0.999841 -0.0236118 0.0 0.0 0.0 1.0
pumpkin/seq-06/color/frame-000645.color.png pumpkin/seq-06/color/frame-000648.color.png 0.999404 -0.0326343 0.0112682 -0.0285234 0.0326415 0.999467 -0.000467196 0.040452 -0.0112469 0.000834701 0.999936 -0.00750768 0.0 0.0 0.0 1.0
pumpkin/seq-06/color/frame-000648.color.png pumpkin/seq-06/color/frame-000651.color.png 0.999529 -0.0249062 0.017952 -0.0269473 0.0248914 0.99969 0.00105293 0.029134 -0.0179727 -0.000605554 0.999838 -0.0200738 0.0 0.0 0.0 1.0
pumpkin/seq-06/color/frame-000651.color.png pumpkin/seq-06/color/frame-000654.color.png 0.999549 -0.0245866 0.0172658 -0.0328724 0.0245834 0.999698 0.000395155 0.0289088 -0.0172702 2.947e-05 0.999851 -0.0142476 0.0 0.0 0.0 1.0
pumpkin/seq-06/color/frame-000654.color.png pumpkin/seq-06/color/frame-000657.color.png 0.99973 -0.0167052 0.0161809 -0.0255758 0.0166906 0.99986 0.00103174 0.0164781 -0.0161959 -0.00076139 0.999868 -0.0152196 0.0 0.0 0.0 1.0
pumpkin/seq-06/color/frame-000657.color.png pumpkin/seq-06/color/frame-000660.color.png 0.999764 -0.0146238 0.0160836 -0.0240914 0.014591 0.999891 0.00215151 0.0124176 -0.0161133 -0.00191629 0.999868 -0.0131083 0.0 0.0 0.0 1.0
pumpkin/seq-06/color/frame-000660.color.png pumpkin/seq-06/color/frame-000663.color.png 0.999823 -0.0162521 0.00947825 -0.0209199 0.01624 0.999867 0.00138048 0.0157178 -0.00949955 -0.0012264 0.999954 -0.0127273 0.0 0.0 0.0 1.0
pumpkin/seq-06/color/frame-000663.color.png pumpkin/seq-06/color/frame-000666.color.png 0.999704 -0.0225827 0.00904957 -0.0319453 0.0225218 0.999723 0.00677115 0.0242052 -0.00919991 -0.00656536 0.999936 -0.0187069 0.0 0.0 0.0 1.0
pumpkin/seq-06/color/frame-000666.color.png pumpkin/seq-06/color/frame-000669.color.png 0.999854 -0.0166506 0.00388118 -0.0175252 0.0166094 0.999808 0.0103905 0.0123545 -0.00405349 -0.0103245 0.999938 -0.00451648 0.0 0.0 0.0 1.0
pumpkin/seq-06/color/frame-000669.color.png pumpkin/seq-06/color/frame-000672.color.png 0.999832 -0.0183203 -0.000945767 -0.0110431 0.0183248 0.99982 0.00486818 0.022156 0.000856307 -0.00488464 0.999988 -0.00316542 0.0 0.0 0.0 1.0
pumpkin/seq-06/color/frame-000672.color.png pumpkin/seq-06/color/frame-000675.color.png 0.999906 -0.0127723 -0.00494136 -0.000467658 0.0128374 0.999828 0.01341 0.00320923 0.00476935 -0.0134722 0.999898 -0.00699985 0.0 0.0 0.0 1.0
pumpkin/seq-06/color/frame-000675.color.png pumpkin/seq-06/color/frame-000678.color.png 0.999907 -0.0135838 -0.00105772 -0.0115522 0.0135946 0.999848 0.0109362 0.0174808 0.000908981 -0.0109495 0.99994 -0.0134932 0.0 0.0 0.0 1.0
pumpkin/seq-06/color/frame-000678.color.png pumpkin/seq-06/color/frame-000681.color.png 0.999679 -0.023325 -0.00987798 -0.00457919 0.023397 0.9997 0.00723617 0.0323836 0.00970631 -0.00746506 0.999925 0.00546515 0.0 0.0 0.0 1.0
pumpkin/seq-06/color/frame-000681.color.png pumpkin/seq-06/color/frame-000684.color.png 0.999835 -0.01692 -0.00669487 -0.00592637 0.0169991 0.999784 0.0119561 0.0110812 0.00649117 -0.012068 0.999906 -0.00277215 0.0 0.0 0.0 1.0
pumpkin/seq-06/color/frame-000684.color.png pumpkin/seq-06/color/frame-000687.color.png 0.999736 -0.0179014 -0.0144018 0.00494707 0.0180148 0.999807 0.00777599 0.0179101 0.0142596 -0.00803338 0.999866 2.45571e-05 0.0 0.0 0.0 1.0
pumpkin/seq-06/color/frame-000687.color.png pumpkin/seq-06/color/frame-000690.color.png 0.999839 -0.0179414 -0.000607153 -0.0117003 0.0179479 0.999747 0.0136009 0.0090431 0.000363161 -0.0136096 0.999907 -0.0164647 0.0 0.0 0.0 1.0
pumpkin/seq-06/color/frame-000690.color.png pumpkin/seq-06/color/frame-000693.color.png 0.999776 -0.0201187 -0.00660982 -0.00635874 0.020145 0.999789 0.00390367 0.0261366 0.00652967 -0.00403591 0.99997 -0.00777709 0.0 0.0 0.0 1.0
pumpkin/seq-06/color/frame-000693.color.png pumpkin/seq-06/color/frame-000696.color.png 0.999606 -0.0257178 -0.0112634 -0.019017 0.0257522 0.999664 0.00292534 0.0428943 0.0111847 -0.0032142 0.999932 -0.00204009 0.0 0.0 0.0 1.0
pumpkin/seq-06/color/frame-000696.color.png pumpkin/seq-06/color/frame-000699.color.png 0.999722 -0.0213338 -0.0100838 -0.0143164 0.0214404 0.999714 0.010586 0.0205755 0.00985494 -0.0107992 0.999893 0.00177073 0.0 0.0 0.0 1.0
pumpkin/seq-06/color/frame-000699.color.png pumpkin/seq-06/color/frame-000702.color.png 0.999868 -0.0126466 -0.0102055 4.37498e-05 0.0126967 0.999908 0.00486819 0.0140821 0.0101431 -0.00499712 0.999936 -0.00297755 0.0 0.0 0.0 1.0
pumpkin/seq-06/color/frame-000702.color.png pumpkin/seq-06/color/frame-000705.color.png 0.999956 -0.00857256 0.0037724 -0.0189023 0.00852243 0.999878 0.0131029 0.0128171 -0.00388418 -0.0130702 0.999907 -0.0288593 0.0 0.0 0.0 1.0
pumpkin/seq-06/color/frame-000705.color.png pumpkin/seq-06/color/frame-000708.color.png 0.999636 -0.0212119 -0.0166504 -0.00401735 0.021529 0.999586 0.0190984 0.00681567 0.0162384 -0.0194499 0.999679 0.0072695 0.0 0.0 0.0 1.0
pumpkin/seq-06/color/frame-000708.color.png pumpkin/seq-06/color/frame-000711.color.png 0.999962 -0.00781089 -0.00391113 0.00599349 0.00786512 0.99987 0.0140378 0.000422537 0.00380099 -0.0140681 0.999894 -0.0152081 0.0 0.0 0.0 1.0
pumpkin/seq-06/color/frame-000711.color.png pumpkin/seq-06/color/frame-000714.color.png 0.999996 -0.00265892 0.000367175 -0.00969577 0.00265341 0.999893 0.0143657 -0.00378382 -0.000405338 -0.0143647 0.999897 -0.0192897 0.0 0.0 0.0 1.0
pumpkin/seq-06/color/frame-000714.color.png pumpkin/seq-06/color/frame-000717.color.png 0.999941 -0.00684462 -0.0083997 -0.00455844 0.00700046 0.999801 0.0186715 -0.00587422 0.00827036 -0.0187291 0.99979 -0.00719333 0.0 0.0 0.0 1.0
pumpkin/seq-06/color/frame-000717.color.png pumpkin/seq-06/color/frame-000720.color.png 0.999912 -0.0120589 -0.00549961 -0.0226965 0.0121754 0.999691 0.0216517 0.00739968 0.00523663 -0.0217168 0.99975 -0.0155172 0.0 0.0 0.0 1.0
pumpkin/seq-06/color/frame-000720.color.png pumpkin/seq-06/color/frame-000723.color.png 0.999919 -0.010183 -0.00756872 -0.0126518 0.0103016 0.999822 0.0158122 0.00240761 0.00740656 -0.0158889 0.999846 -0.00230819 0.0 0.0 0.0 1.0
pumpkin/seq-06/color/frame-000723.color.png pumpkin/seq-06/color/frame-000726.color.png 0.999877 -0.0134144 -0.0081729 0.0126808 0.0135271 0.999812 0.0138685 -0.00877893 0.00798522 -0.0139774 0.999871 -0.00173789 0.0 0.0 0.0 1.0
pumpkin/seq-06/color/frame-000726.color.png pumpkin/seq-06/color/frame-000729.color.png 0.999999 -0.00110548 3.78048e-05 0.00195837 0.00110556 0.999994 -0.00315016 0.00194967 -3.44558e-05 0.00315025 0.999995 -0.00588226 0.0 0.0 0.0 1.0
pumpkin/seq-06/color/frame-000729.color.png pumpkin/seq-06/color/frame-000732.color.png 0.999939 0.00761351 0.00803101 -0.00426435 -0.00749692 0.999868 -0.0144363 0.00120151 -0.00813979 0.0143753 0.999864 -0.00598586 0.0 0.0 0.0 1.0
pumpkin/seq-06/color/frame-000732.color.png pumpkin/seq-06/color/frame-000735.color.png 0.999981 -0.0012489 0.00611814 -0.00697613 0.00131514 0.99994 -0.0108406 0.00817108 -0.00610436 0.0108485 0.999922 -0.00279844 0.0 0.0 0.0 1.0
pumpkin/seq-06/color/frame-000735.color.png pumpkin/seq-06/color/frame-000738.color.png 0.999998 -0.000596162 0.0020283 0.0177711 0.000617067 0.999947 -0.010307 -0.00199252 -0.00202198 0.0103082 0.999945 0.00164247 0.0 0.0 0.0 1.0
pumpkin/seq-06/color/frame-000738.color.png pumpkin/seq-06/color/frame-000741.color.png 0.999723 0.012448 0.0199965 0.00511599 -0.0121614 0.999822 -0.0143921 -0.0153555 -0.0201721 0.0141449 0.999696 -0.0143412 0.0 0.0 0.0 1.0
pumpkin/seq-06/color/frame-000741.color.png pumpkin/seq-06/color/frame-000744.color.png 0.999575 0.00939438 0.0276026 -0.00930738 -0.00881529 0.99974 -0.0210266 0.00575143 -0.0277931 0.0207743 0.999398 -0.019876 0.0 0.0 0.0 1.0
pumpkin/seq-06/color/frame-000744.color.png pumpkin/seq-06/color/frame-000747.color.png 0.99987 -0.00741823 0.0143439 0.0143946 0.00766524 0.999822 -0.0172566 0.00877506 -0.0142133 0.0173645 0.999748 -0.00206113 0.0 0.0 0.0 1.0
pumpkin/seq-06/color/frame-000747.color.png pumpkin/seq-06/color/frame-000750.color.png 0.999764 -0.00320884 0.0214703 0.00388253 0.00371769 0.999712 -0.0237001 0.0212103 -0.0213881 0.0237743 0.999489 -0.00612652 0.0 0.0 0.0 1.0
pumpkin/seq-06/color/frame-000750.color.png pumpkin/seq-06/color/frame-000753.color.png 0.999466 0.00545398 0.0322288 -0.00636733 -0.0048038 0.999784 -0.020217 0.00931317 -0.0323322 0.0200513 0.999276 -0.0169821 0.0 0.0 0.0 1.0
pumpkin/seq-06/color/frame-000753.color.png pumpkin/seq-06/color/frame-000756.color.png 0.99978 0.0010972 0.0209519 -9.77516e-06 -0.000617869 0.999738 -0.0228712 0.0305126 -0.0209715 0.0228532 0.999519 -0.0101656 0.0 0.0 0.0 1.0
pumpkin/seq-06/color/frame-000756.color.png pumpkin/seq-06/color/frame-000759.color.png 0.999822 -0.0158178 0.0102758 0.0140879 0.015877 0.999858 -0.00571213 0.0146875 -0.010184 0.00587425 0.999931 -0.00503325 0.0 0.0 0.0 1.0
pumpkin/seq-06/color/frame-000759.color.png pumpkin/seq-06/color/frame-000762.color.png 0.999929 0.00600167 0.0102451 0.0294257 -0.00601992 0.99998 0.00174588 -0.00515109 -0.0102344 -0.00180734 0.999946 -0.00783652 0.0 0.0 0.0 1.0
pumpkin/seq-06/color/frame-000762.color.png pumpkin/seq-06/color/frame-000765.color.png 0.999981 0.00271325 0.00564218 0.0281947 -0.00269912 0.999993 -0.00251068 0.0074324 -0.005649 0.00249522 0.999981 -0.00582922 0.0 0.0 0.0 1.0
pumpkin/seq-06/color/frame-000765.color.png pumpkin/seq-06/color/frame-000768.color.png 0.999998 -0.000593468 0.00210504 0.0280931 0.00056879 0.999932 0.0116571 -0.000436932 -0.0021118 -0.0116557 0.99993 -0.0121635 0.0 0.0 0.0 1.0
pumpkin/seq-06/color/frame-000768.color.png pumpkin/seq-06/color/frame-000771.color.png 0.999919 0.0127111 0.00106943 0.0539538 -0.0127215 0.999864 0.0105215 -0.0121823 -0.000935554 -0.0105343 0.999944 -0.0171635 0.0 0.0 0.0 1.0
pumpkin/seq-06/color/frame-000771.color.png pumpkin/seq-06/color/frame-000774.color.png 0.999654 0.0259969 0.00397358 0.0451856 -0.0260243 0.999637 0.00701561 -0.0250168 -0.00378982 -0.00711668 0.999967 -0.0212275 0.0 0.0 0.0 1.0
pumpkin/seq-06/color/frame-000774.color.png pumpkin/seq-06/color/frame-000777.color.png 0.999449 0.0331642 -0.000816471 0.06217 -0.0331598 0.999437 0.00504496 -0.0325531 0.000983268 -0.00501516 0.999987 -0.019563 0.0 0.0 0.0 1.0
pumpkin/seq-06/color/frame-000777.color.png pumpkin/seq-06/color/frame-000780.color.png 0.999078 0.0429126 0.00103253 0.0661925 -0.0429095 0.999075 -0.00280747 -0.0313343 -0.00115211 0.00276058 0.999995 -0.022604 0.0 0.0 0.0 1.0
pumpkin/seq-06/color/frame-000780.color.png pumpkin/seq-06/color/frame-000783.color.png 0.999605 0.0271606 -0.00719503 0.0495906 -0.027186 0.999625 -0.00343809 -0.0224309 0.00709909 0.00363239 0.999968 -0.0075289 0.0 0.0 0.0 1.0
pumpkin/seq-06/color/frame-000783.color.png pumpkin/seq-06/color/frame-000786.color.png 0.999667 0.023326 -0.0110196 0.0549108 -0.0234012 0.999703 -0.00673632 -0.00150055 0.0108591 0.00699188 0.999916 -0.00440484 0.0 0.0 0.0 1.0
pumpkin/seq-06/color/frame-000786.color.png pumpkin/seq-06/color/frame-000789.color.png 0.999877 0.0103001 -0.0117807 0.0370989 -0.0104018 0.999909 -0.00860963 0.00682428 0.011691 0.00873111 0.999894 0.0111624 0.0 0.0 0.0 1.0
pumpkin/seq-06/color/frame-000789.color.png pumpkin/seq-06/color/frame-000792.color.png 0.999824 0.0141512 -0.012342 0.0437564 -0.0142269 0.99988 -0.00607611 -0.00620773 0.0122545 0.00625062 0.999905 0.00721645 0.0 0.0 0.0 1.0
pumpkin/seq-06/color/frame-000792.color.png pumpkin/seq-06/color/frame-000795.color.png 0.999723 0.0225693 -0.00666938 0.0429049 -0.0226751 0.999611 -0.0162309 -0.000468791 0.00630044 0.0163777 0.999846 0.00550836 0.0 0.0 0.0 1.0
pumpkin/seq-06/color/frame-000795.color.png pumpkin/seq-06/color/frame-000798.color.png 0.999727 0.0212221 0.00977138 0.0149048 -0.0210916 0.999689 -0.0132727 0.0122206 -0.0100501 0.013063 0.999864 0.000858843 0.0 0.0 0.0 1.0
pumpkin/seq-06/color/frame-000798.color.png pumpkin/seq-06/color/frame-000801.color.png 0.999982 0.00562755 0.00195006 0.0326988 -0.00563512 0.999976 0.00390935 -0.0258308 -0.00192788 -0.00392026 0.999991 2.65837e-05 0.0 0.0 0.0 1.0
pumpkin/seq-06/color/frame-000801.color.png pumpkin/seq-06/color/frame-000804.color.png 0.999556 0.0242599 0.0173059 0.0153259 -0.0239736 0.999575 -0.0165595 0.0087325 -0.0177005 0.0161372 0.999713 -0.00355101 0.0 0.0 0.0 1.0
pumpkin/seq-06/color/frame-000804.color.png pumpkin/seq-06/color/frame-000807.color.png 0.999721 0.0179299 0.0153705 0.0142646 -0.0177654 0.999784 -0.0107731 -0.0142626 -0.0155603 0.0104971 0.999824 -0.00101459 0.0 0.0 0.0 1.0
pumpkin/seq-06/color/frame-000807.color.png pumpkin/seq-06/color/frame-000810.color.png 0.999647 0.0178984 0.0196238 0.0209157 -0.0175531 0.999691 -0.0176267 0.00272024 -0.019933 0.017276 0.999652 -0.0111445 0.0 0.0 0.0 1.0
pumpkin/seq-06/color/frame-000810.color.png pumpkin/seq-06/color/frame-000813.color.png 0.999679 0.0177901 0.0180609 0.0135658 -0.0173907 0.999606 -0.022033 0.0155303 -0.0184459 0.0217118 0.999594 -0.00605863 0.0 0.0 0.0 1.0
pumpkin/seq-06/color/frame-000813.color.png pumpkin/seq-06/color/frame-000816.color.png 0.999656 0.0216316 0.0148061 0.0279875 -0.021297 0.999522 -0.0223965 0.0048486 -0.0152835 0.0220735 0.99964 -0.00844038 0.0 0.0 0.0 1.0
pumpkin/seq-06/color/frame-000816.color.png pumpkin/seq-06/color/frame-000819.color.png 0.999701 0.0179028 0.0166514 0.0126405 -0.017615 0.999696 -0.017273 -0.0153039 -0.0169555 0.0169745 0.999712 0.00532174 0.0 0.0 0.0 1.0
pumpkin/seq-06/color/frame-000819.color.png pumpkin/seq-06/color/frame-000822.color.png 0.999509 0.0312882 -0.00132601 0.0489362 -0.0313072 0.999343 -0.018265 -0.028168 0.000753591 0.0182976 0.999832 -0.00267744 0.0 0.0 0.0 1.0
pumpkin/seq-06/color/frame-000822.color.png pumpkin/seq-06/color/frame-000825.color.png 0.99914 0.0414186 0.00177407 0.0381331 -0.0414122 0.999136 -0.00354763 -0.0596497 -0.00191942 0.00347099 0.999992 -0.0321105 0.0 0.0 0.0 1.0
pumpkin/seq-06/color/frame-000825.color.png pumpkin/seq-06/color/frame-000828.color.png 0.999425 0.0338244 -0.00220981 0.0365471 -0.0338582 0.99927 -0.0176845 -0.0157147 0.00161007 0.0177492 0.999841 0.000602245 0.0 0.0 0.0 1.0
pumpkin/seq-06/color/frame-000828.color.png pumpkin/seq-06/color/frame-000831.color.png 0.999606 0.0276302 0.00483921 0.0161564 -0.0276292 0.999618 -0.000263457 -0.0363854 -0.00484475 0.000129702 0.999988 -0.0236649 0.0 0.0 0.0 1.0
pumpkin/seq-06/color/frame-000831.color.png pumpkin/seq-06/color/frame-000834.color.png 0.999515 0.0283044 0.01301 0.00546491 -0.0279638 0.99928 -0.0256536 -0.0102889 -0.0137266 0.0252772 0.999586 0.0180695 0.0 0.0 0.0 1.0
pumpkin/seq-06/color/frame-000834.color.png pumpkin/seq-06/color/frame-000837.color.png 0.999278 0.0379802 0.00123857 0.0258127 -0.0379408 0.999005 -0.0234431 -0.0151391 -0.00212765 0.0233792 0.999724 -0.00216272 0.0 0.0 0.0 1.0
pumpkin/seq-06/color/frame-000837.color.png pumpkin/seq-06/color/frame-000840.color.png 0.998977 0.0431122 0.0136841 0.0136635 -0.0428367 0.998885 -0.019827 -0.0267946 -0.0145237 0.0192205 0.99971 -0.00421655 0.0 0.0 0.0 1.0
pumpkin/seq-06/color/frame-000840.color.png pumpkin/seq-06/color/frame-000843.color.png 0.999639 0.0265628 0.00393356 0.0146745 -0.0265076 0.999558 -0.013484 -0.0186122 -0.00429007 0.0133749 0.999901 -0.0064458 0.0 0.0 0.0 1.0
pumpkin/seq-06/color/frame-000843.color.png pumpkin/seq-06/color/frame-000846.color.png 0.999498 0.0316242 0.00194313 0.0165482 -0.0315755 0.999273 -0.0213676 -0.0145912 -0.00261739 0.0212955 0.99977 0.00193387 0.0 0.0 0.0 1.0
pumpkin/seq-06/color/frame-000846.color.png pumpkin/seq-06/color/frame-000849.color.png 0.999647 0.0251746 0.00852169 0.0056209 -0.0251043 0.999651 -0.00825796 -0.0236108 -0.00872655 0.00804107 0.99993 -0.00333142 0.0 0.0 0.0 1.0
pumpkin/seq-06/color/frame-000849.color.png pumpkin/seq-06/color/frame-000852.color.png 0.99936 0.0343083 -0.010135 0.0240905 -0.0344273 0.999337 -0.011814 -0.0240874 0.00972299 0.0121553 0.999879 -4.5836e-05 0.0 0.0 0.0 1.0
pumpkin/seq-06/color/frame-000852.color.png pumpkin/seq-06/color/frame-000855.color.png 0.999087 0.0411177 -0.0115754 0.0239378 -0.0412072 0.999122 -0.0076061 -0.0276423 0.0112524 0.00807626 0.999904 0.00945798 0.0 0.0 0.0 1.0
pumpkin/seq-06/color/frame-000855.color.png pumpkin/seq-06/color/frame-000858.color.png 0.999243 0.0288033 -0.0261561 0.0177129 -0.0289232 0.999573 -0.00421825 -0.0298325 0.0260235 0.00497154 0.999649 0.0113553 0.0 0.0 0.0 1.0
pumpkin/seq-06/color/frame-000858.color.png pumpkin/seq-06/color/frame-000861.color.png 0.998207 0.0360792 -0.0477613 0.0571186 -0.0362274 0.999341 -0.00224125 -0.0253878 0.047649 0.00396748 0.998856 0.0264157 0.0 0.0 0.0 1.0
pumpkin/seq-06/color/frame-000861.color.png pumpkin/seq-06/color/frame-000864.color.png 0.999044 0.0246631 -0.0360838 0.030572 -0.0247812 0.999689 -0.0028298 -0.0138445 0.0360027 0.00372131 0.999345 0.0210949 0.0 0.0 0.0 1.0
pumpkin/seq-06/color/frame-000864.color.png pumpkin/seq-06/color/frame-000867.color.png 0.998513 0.030038 -0.0454842 0.0311929 -0.0301667 0.999543 -0.00214843 -0.0125079 0.0453989 0.00351743 0.998963 0.0264739 0.0 0.0 0.0 1.0
pumpkin/seq-06/color/frame-000867.color.png pumpkin/seq-06/color/frame-000870.color.png 0.998897 0.0243145 -0.0401673 0.0377909 -0.0237043 0.999597 0.0155982 -0.0146445 0.0405304 -0.0146289 0.999071 0.00172105 0.0 0.0 0.0 1.0
pumpkin/seq-06/color/frame-000870.color.png pumpkin/seq-06/color/frame-000873.color.png 0.998244 0.0268431 -0.0528055 0.0315127 -0.0258576 0.99948 0.0192596 -0.0103455 0.0532949 -0.0178603 0.998419 0.0165129 0.0 0.0 0.0 1.0
pumpkin/seq-06/color/frame-000873.color.png pumpkin/seq-06/color/frame-000876.color.png 0.998967 0.0228595 -0.0392795 0.0198687 -0.0224985 0.999701 0.00960829 -0.0100496 0.0394875 -0.00871459 0.999182 0.0234585 0.0 0.0 0.0 1.0
pumpkin/seq-06/color/frame-000876.color.png pumpkin/seq-06/color/frame-000879.color.png 0.998889 0.0281435 -0.0377961 0.0262869 -0.027945 0.999593 0.00576912 -0.0157411 0.037943 -0.00470661 0.999269 0.0167696 0.0 0.0 0.0 1.0
pumpkin/seq-06/color/frame-000879.color.png pumpkin/seq-06/color/frame-000882.color.png 0.998779 0.0294095 -0.039689 0.0217661 -0.0290508 0.999532 0.00958471 -0.0197057 0.0399523 -0.00841997 0.999166 0.0112459 0.0 0.0 0.0 1.0
pumpkin/seq-06/color/frame-000882.color.png pumpkin/seq-06/color/frame-000885.color.png 0.999518 0.0174799 -0.0256422 0.00781095 -0.0172325 0.999803 0.00983929 -0.0127459 0.0258091 -0.00939274 0.999623 -0.00136656 0.0 0.0 0.0 1.0
pumpkin/seq-06/color/frame-000885.color.png pumpkin/seq-06/color/frame-000888.color.png 0.99948 0.0124915 -0.0297107 0.0138603 -0.012531 0.999921 -0.00114454 0.00332966 0.0296941 0.00151625 0.999558 0.015261 0.0 0.0 0.0 1.0
pumpkin/seq-06/color/frame-000888.color.png pumpkin/seq-06/color/frame-000891.color.png 0.999614 0.01281 -0.0246574 0.0040468 -0.0128598 0.999916 -0.00186198 0.000804156 0.0246314 0.00217838 0.999694 0.0161622 0.0 0.0 0.0 1.0
pumpkin/seq-06/color/frame-000891.color.png pumpkin/seq-06/color/frame-000894.color.png 0.999395 0.0150652 -0.0313483 0.0215989 -0.0149066 0.999875 0.0052845 -0.0162714 0.031424 -0.00481406 0.999495 0.0143121 0.0 0.0 0.0 1.0
pumpkin/seq-06/color/frame-000894.color.png pumpkin/seq-06/color/frame-000897.color.png 0.999616 0.00959362 -0.0260009 0.00405681 -0.00942337 0.999933 0.00666205 -0.0136186 0.0260631 -0.00641452 0.99964 0.00771767 0.0 0.0 0.0 1.0
pumpkin/seq-06/color/frame-000897.color.png pumpkin/seq-06/color/frame-000900.color.png 0.999537 0.0103686 -0.0286059 0.00897646 -0.0101838 0.999926 0.00660026 -0.0123015 0.0286723 -0.00630581 0.999569 0.0125068 0.0 0.0 0.0 1.0
pumpkin/seq-06/color/frame-000900.color.png pumpkin/seq-06/color/frame-000903.color.png 0.999505 0.0172804 -0.026285 0.0102796 -0.0172832 0.999851 0.00012245 0.00116441 0.0262832 0.000331975 0.999654 0.0213421 0.0 0.0 0.0 1.0
pumpkin/seq-06/color/frame-000903.color.png pumpkin/seq-06/color/frame-000906.color.png 0.999549 0.0150657 -0.0259566 0.00638413 -0.015076 0.999886 -0.00020296 -0.00154248 0.0259506 0.000594144 0.999663 0.0220878 0.0 0.0 0.0 1.0
pumpkin/seq-06/color/frame-000906.color.png pumpkin/seq-06/color/frame-000909.color.png 0.999621 0.0121005 -0.0247162 0.000311434 -0.0121768 0.999922 -0.00294123 -0.00402462 0.0246787 0.003241 0.99969 0.0221365 0.0 0.0 0.0 1.0
pumpkin/seq-06/color/frame-000909.color.png pumpkin/seq-06/color/frame-000912.color.png 0.999495 0.013265 -0.0288786 0.00759912 -0.0131148 0.9999 0.00538401 -0.0170227 0.0289471 -0.0050026 0.999569 0.0168665 0.0 0.0 0.0 1.0
pumpkin/seq-06/color/frame-000912.color.png pumpkin/seq-06/color/frame-000915.color.png 0.999684 0.0156153 -0.0196823 -0.00384104 -0.0156703 0.999874 -0.00264536 -0.00718623 0.0196385 0.00295303 0.999803 0.022698 0.0 0.0 0.0 1.0
pumpkin/seq-06/color/frame-000915.color.png pumpkin/seq-06/color/frame-000918.color.png 0.999676 0.0130833 -0.02183 -0.000253379 -0.0130311 0.999912 0.00253355 -0.0148956 0.0218612 -0.00224832 0.999758 0.0189687 0.0 0.0 0.0 1.0
pumpkin/seq-06/color/frame-000918.color.png pumpkin/seq-06/color/frame-000921.color.png 0.999541 0.0182495 -0.0241798 0.0143058 -0.018115 0.999819 0.00577153 -0.0276905 0.0242808 -0.0053309 0.999691 0.0209009 0.0 0.0 0.0 1.0
pumpkin/seq-06/color/frame-000921.color.png pumpkin/seq-06/color/frame-000924.color.png 0.999727 0.0142463 -0.0185075 0.0063082 -0.0142406 0.999899 0.000440158 -0.0109467 0.0185119 -0.000176433 0.999829 0.0195384 0.0 0.0 0.0 1.0
pumpkin/seq-06/color/frame-000924.color.png pumpkin/seq-06/color/frame-000927.color.png 0.999667 0.0173113 -0.0191402 -0.00156987 -0.0173282 0.99985 -0.000720735 -0.0122245 0.0191248 0.00105222 0.999817 0.0206005 0.0 0.0 0.0 1.0
pumpkin/seq-06/color/frame-000927.color.png pumpkin/seq-06/color/frame-000930.color.png 0.999854 0.0094701 -0.0142286 -0.00105244 -0.00941582 0.999948 0.00387507 -0.011877 0.0142646 -0.00374067 0.999891 0.0137665 0.0 0.0 0.0 1.0
pumpkin/seq-06/color/frame-000930.color.png pumpkin/seq-06/color/frame-000933.color.png 0.999643 0.0210205 -0.0165155 0.00466102 -0.0211472 0.999748 -0.00753389 -0.00874215 0.016353 0.00788058 0.999835 0.0349832 0.0 0.0 0.0 1.0
pumpkin/seq-06/color/frame-000933.color.png pumpkin/seq-06/color/frame-000936.color.png 0.999721 0.0177365 -0.0156324 -0.00665528 -0.0176225 0.999817 0.00739979 -0.0442401 0.0157608 -0.00712226 0.99985 0.0105846 0.0 0.0 0.0 1.0
pumpkin/seq-06/color/frame-000936.color.png pumpkin/seq-06/color/frame-000939.color.png 0.999745 0.0132816 -0.0182764 -0.0146042 -0.0133086 0.99991 -0.001352 -0.00641876 0.0182568 0.00159488 0.999832 0.0249444 0.0 0.0 0.0 1.0
pumpkin/seq-06/color/frame-000939.color.png pumpkin/seq-06/color/frame-000942.color.png 0.999675 0.0116449 -0.0226688 0.00756621 -0.0115637 0.999926 0.00370543 -0.0170479 0.0227103 -0.00344207 0.999736 0.0228719 0.0 0.0 0.0 1.0
pumpkin/seq-06/color/frame-000942.color.png pumpkin/seq-06/color/frame-000945.color.png 0.999635 0.0183479 -0.0198342 -0.0020752 -0.0183157 0.999831 0.00180408 -0.0213893 0.0198639 -0.00144003 0.999802 0.0256924 0.0 0.0 0.0 1.0
pumpkin/seq-06/color/frame-000945.color.png pumpkin/seq-06/color/frame-000948.color.png 0.99928 0.0220554 -0.0308695 0.00772107 -0.0219701 0.999754 0.00309974 -0.0318747 0.0309304 -0.00241932 0.999519 0.0407137 0.0 0.0 0.0 1.0
pumpkin/seq-06/color/frame-000948.color.png pumpkin/seq-06/color/frame-000951.color.png 0.999757 0.0157772 -0.0153874 -0.00364655 -0.0157522 0.999874 0.00173971 -0.0123235 0.0154129 -0.0014968 0.99988 0.0162805 0.0 0.0 0.0 1.0
pumpkin/seq-06/color/frame-000951.color.png pumpkin/seq-06/color/frame-000954.color.png 0.999702 0.0167005 -0.0178201 -0.000252128 -0.0166211 0.999851 0.00459546 -0.0236676 0.0178942 -0.00429788 0.999831 0.0184187 0.0 0.0 0.0 1.0
pumpkin/seq-06/color/frame-000954.color.png pumpkin/seq-06/color/frame-000957.color.png 0.999511 0.0190609 -0.0247864 0.003649 -0.019135 0.999813 -0.00275025 -0.0146189 0.0247293 0.00322318 0.999689 0.0346086 0.0 0.0 0.0 1.0
pumpkin/seq-06/color/frame-000957.color.png pumpkin/seq-06/color/frame-000960.color.png 0.999667 0.0218084 -0.0137966 -0.00174379 -0.0217513 0.999754 0.00426882 -0.0191714 0.0138861 -0.00396741 0.999896 0.00862747 0.0 0.0 0.0 1.0
pumpkin/seq-06/color/frame-000960.color.png pumpkin/seq-06/color/frame-000963.color.png 0.999789 0.0135993 -0.0153887 0.00300139 -0.013517 0.999894 0.00544968 -0.0184539 0.0154613 -0.0052405 0.999867 0.0158741 0.0 0.0 0.0 1.0
pumpkin/seq-06/color/frame-000963.color.png pumpkin/seq-06/color/frame-000966.color.png 0.999616 0.0155084 -0.0229613 0.0179114 -0.0154342 0.999875 0.00340564 -0.0186493 0.0230113 -0.00304997 0.99973 0.0285856 0.0 0.0 0.0 1.0
pumpkin/seq-06/color/frame-000966.color.png pumpkin/seq-06/color/frame-000969.color.png 0.999911 0.0115551 -0.0066857 -0.0154011 -0.0115535 0.999933 0.000266097 -0.0110893 0.00668823 -0.000188986 0.999978 0.0042972 0.0 0.0 0.0 1.0
pumpkin/seq-06/color/frame-000969.color.png pumpkin/seq-06/color/frame-000972.color.png 0.999946 0.00681061 -0.00791091 -0.0159211 -0.00680082 0.999976 0.00127282 -0.00203443 0.00791941 -0.00121888 0.999968 0.0069747 0.0 0.0 0.0 1.0
pumpkin/seq-06/color/frame-000972.color.png pumpkin/seq-06/color/frame-000975.color.png 0.999825 0.0101655 -0.0156905 -0.00537574 -0.0100441 0.999919 0.00779441 -0.00971413 0.0157684 -0.00763544 0.999846 0.0117376 0.0 0.0 0.0 1.0
pumpkin/seq-06/color/frame-000975.color.png pumpkin/seq-06/color/frame-000978.color.png 0.999724 0.00887919 -0.021754 -0.00303185 -0.00865265 0.999908 0.0104858 -0.00914901 0.021845 -0.0102946 0.999708 0.0192205 0.0 0.0 0.0 1.0
pumpkin/seq-06/color/frame-000978.color.png pumpkin/seq-06/color/frame-000981.color.png 0.999944 0.00603641 -0.00866468 -0.0253522 -0.00599268 0.999969 0.00506568 0.00132811 0.00869494 -0.00501352 0.99995 -0.000498891 0.0 0.0 0.0 1.0
pumpkin/seq-06/color/frame-000981.color.png pumpkin/seq-06/color/frame-000984.color.png 0.999931 0.00771826 -0.00882357 0.00157309 -0.00760378 0.999887 0.0129365 -0.00709999 0.00892237 -0.0128685 0.999877 0.00538188 0.0 0.0 0.0 1.0
pumpkin/seq-06/color/frame-000984.color.png pumpkin/seq-06/color/frame-000987.color.png 0.999935 0.00976565 0.00585055 -0.0146565 -0.00982569 0.999898 0.0103304 -0.00305319 -0.00574909 -0.0103873 0.999929 -0.0245489 0.0 0.0 0.0 1.0
pumpkin/seq-06/color/frame-000987.color.png pumpkin/seq-06/color/frame-000990.color.png 0.999912 0.0112763 -0.00705247 0.00408208 -0.0111829 0.999851 0.0131525 -0.00606522 0.00719979 -0.0130724 0.999889 -0.00864014 0.0 0.0 0.0 1.0
pumpkin/seq-06/color/frame-000990.color.png pumpkin/seq-06/color/frame-000993.color.png 0.999813 0.00502311 -0.0186519 -0.0140164 -0.00446862 0.99955 0.0296526 0.0142609 0.0187925 -0.0295637 0.999386 -0.00521967 0.0 0.0 0.0 1.0
pumpkin/seq-06/color/frame-000993.color.png pumpkin/seq-06/color/frame-000996.color.png 0.999825 0.01564 -0.0102381 0.00948644 -0.0152552 0.999212 0.0366459 -0.0175156 0.0108032 -0.0364834 0.999276 -0.0341117 0.0 0.0 0.0 1.0
pumpkin/seq-06/color/frame-000996.color.png pumpkin/seq-06/color/frame-000999.color.png 0.999966 0.00349933 -0.00740262 0.000312448 -0.00323498 0.999367 0.0354177 0.0198996 0.00752178 -0.0353926 0.999345 -0.0275837 0.0 0.0 0.0 1.0
