stairs/seq-03/color/frame-000000.color.png stairs/seq-03/color/frame-000002.color.png 0.999985 -0.0032788 -0.00434969 0.00400379 0.00326108 0.999986 -0.00407593 -0.00144056 0.00436299 0.00406168 0.999982 -0.000846145 0.0 0.0 0.0 1.0
stairs/seq-03/color/frame-000002.color.png stairs/seq-03/color/frame-000004.color.png 0.999994 -0.00122025 0.00327775 -0.00293883 0.00122161 0.999999 -0.000412516 -0.00126761 -0.00327725 0.000416518 0.999995 0.0025477 0.0 0.0 0.0 1.0
stairs/seq-03/color/frame-000004.color.png stairs/seq-03/color/frame-000006.color.png 0.999995 -0.00216635 -0.00240575 0.00489658 0.00216123 0.999995 -0.00212526 9.38757e-05 0.00241035 0.00212005 0.999995 0.000185731 0.0 0.0 0.0 1.0
stairs/seq-03/color/frame-000006.color.png stairs/seq-03/color/frame-000008.color.png 1.0 0.000100401 0.00091705 -0.00371164 -9.91145e-05 0.999999 -0.00140253 0.00102979 -0.00091719 0.00140243 0.999999 0.00471353 0.0 0.0 0.0 1.0
stairs/seq-03/color/frame-000008.color.png stairs/seq-03/color/frame-000010.color.png 0.999993 0.00126482 -0.00342184 0.00490694 -0.00127195 0.999997 -0.00208067 -0.001993 0.0034192 0.00208501 0.999992 0.000566524 0.0 0.0 0.0 1.0
stairs/seq-03/color/frame-000010.color.png stairs/seq-03/color/frame-000012.color.png 0.999989 0.00289639 -0.00365884 0.0012244 -0.00291301 0.999985 -0.00454614 -0.00339094 0.00364562 0.00455675 0.999983 0.00241878 0.0 0.0 0.0 1.0
stairs/seq-03/color/frame-000012.color.png stairs/seq-03/color/frame-000014.color.png 0.999913 -0.00218328 -0.0130015 0.0162354 0.00210738 0.999981 -0.00584837 0.00228245 0.013014 0.00582046 0.999898 0.00071942 0.0 0.0 0.0 1.0
stairs/seq-03/color/frame-000014.color.png stairs/seq-03/color/frame-000016.color.png 0.999902 -0.00387923 -0.0134527 0.0134449 0.0037814 0.999966 -0.00728955 0.00261035 0.0134806 0.00723796 0.999883 0.00684789 0.0 0.0 0.0 1.0
stairs/seq-03/color/frame-000016.color.png stairs/seq-03/color/frame-000018.color.png 0.999904 -0.00196393 -0.0136964 0.0181842 0.00200761 0.999993 0.00317581 -0.000537254 0.0136901 -0.00320301 0.999901 0.00347096 0.0 0.0 0.0 1.0
stairs/seq-03/color/frame-000018.color.png stairs/seq-03/color/frame-000020.color.png 0.999946 0.000453038 -0.0104251 0.0136772 -0.000403783 0.999989 0.00472633 -0.00235401 0.0104271 -0.00472187 0.999934 0.00748698 0.0 0.0 0.0 1.0
stairs/seq-03/color/frame-000020.color.png stairs/seq-03/color/frame-000022.color.png 0.999991 -0.00249041 -0.00326972 0.0159094 0.0024778 0.99999 -0.00385338 -0.00319794 0.00327927 0.00384525 0.999987 0.00316278 0.0 0.0 0.0 1.0
stairs/seq-03/color/frame-000022.color.png stairs/seq-03/color/frame-000024.color.png 0.999962 -0.00555352 -0.00672433 0.0136022 0.00557191 0.999981 0.00271923 -0.00752732 0.00670912 -0.0027566 0.999974 0.00520597 0.0 0.0 0.0 1.0
stairs/seq-03/color/frame-000024.color.png stairs/seq-03/color/frame-000026.color.png 0.999988 0.00468455 0.0015971 -0.000367425 -0.00467619 0.999976 -0.00519604 -0.00194252 -0.00162144 0.0051885 0.999985 0.0182881 0.0 0.0 0.0 1.0
stairs/seq-03/color/frame-000026.color.png stairs/seq-03/color/frame-000028.color.png 0.99994 0.00914809 0.00609141 0.000282474 -0.00914451 0.999958 -0.000615286 -0.00889985 -0.00609678 0.00055955 0.999981 0.0305431 0.0 0.0 0.0 1.0
stairs/seq-03/color/frame-000028.color.png stairs/seq-03/color/frame-000030.color.png 0.999999 -0.00137776 -0.00078073 0.00712378 0.00137624 0.999997 -0.00194067 -0.00616725 0.000783405 0.0019396 0.999998 0.0218432 0.0 0.0 0.0 1.0
stairs/seq-03/color/frame-000030.color.png stairs/seq-03/color/frame-000032.color.png 0.999937 0.00295434 0.0108186 -0.00243758 -0.00287653 0.99997 -0.00720037 -0.00824885 -0.0108396 0.0071688 0.999916 0.0341305 0.0 0.0 0.0 1.0
stairs/seq-03/color/frame-000032.color.png stairs/seq-03/color/frame-000034.color.png 0.999993 -0.00155583 0.00326032 0.00168397 0.00155202 0.999998 0.00116902 -0.0278872 -0.00326213 -0.00116394 0.999994 0.0147453 0.0 0.0 0.0 1.0
stairs/seq-03/color/frame-000034.color.png stairs/seq-03/color/frame-000036.color.png 0.99998 -0.00413065 0.00470214 -0.00313511 0.00415165 0.999981 -0.00446639 -0.00655274 -0.00468361 0.00448583 0.999979 0.026329 0.0 0.0 0.0 1.0
stairs/seq-03/color/frame-000036.color.png stairs/seq-03/color/frame-000038.color.png 0.999997 0.00249837 0.000156515 -0.00215124 -0.00249787 0.999992 -0.0030893 -0.00945206 -0.00016424 0.00308889 0.999995 0.0163365 0.0 0.0 0.0 1.0
stairs/seq-03/color/frame-000038.color.png stairs/seq-03/color/frame-000040.color.png 0.999981 -0.000414001 0.00621719 -0.0079333 0.000421304 0.999999 -0.00117338 -0.0156467 -0.00621669 0.00117599 0.99998 0.0191701 0.0 0.0 0.0 1.0
stairs/seq-03/color/frame-000040.color.png stairs/seq-03/color/frame-000042.color.png 0.999944 -0.00605639 0.00863049 -0.00658631 0.00602881 0.999977 0.00321823 -0.00723107 -0.00864979 -0.00316603 0.999958 0.0251386 0.0 0.0 0.0 1.0
stairs/seq-03/color/frame-000042.color.png stairs/seq-03/color/frame-000044.color.png 0.99997 0.00562406 0.00529797 -0.000615582 -0.00565037 0.999972 0.00496272 -0.0113652 -0.00526991 -0.0049925 0.999974 0.0155021 0.0 0.0 0.0 1.0
stairs/seq-03/color/frame-000044.color.png stairs/seq-03/color/frame-000046.color.png 0.999998 0.00197272 -0.00045506 0.00751723 -0.00197286 0.999998 -0.000320096 -0.00543667 0.000454421 0.000320985 1.0 0.0252709 0.0 0.0 0.0 1.0
stairs/seq-03/color/frame-000046.color.png stairs/seq-03/color/frame-000048.color.png 0.999955 -0.00238946 -0.00916829 0.0165199 0.00236978 0.999995 -0.00215752 -0.00506601 0.00917341 0.0021357 0.999956 0.0204116 0.0 0.0 0.0 1.0
stairs/seq-03/color/frame-000048.color.png stairs/seq-03/color/frame-000050.color.png 0.999951 0.000554549 -0.00984224 0.0254846 -0.000572818 0.999998 -0.00185365 -0.00642578 0.00984119 0.00185919 0.99995 0.0204463 0.0 0.0 0.0 1.0
stairs/seq-03/color/frame-000050.color.png stairs/seq-03/color/frame-000052.color.png 0.999931 0.00396191 -0.011108 0.0308669 -0.00390787 0.99998 0.00488254 -0.003839 0.0111272 -0.0048388 0.999926 0.0234556 0.0 0.0 0.0 1.0
stairs/seq-03/color/frame-000052.color.png stairs/seq-03/color/frame-000054.color.png 0.999967 -0.00057846 -0.00813799 0.0326027 0.000612014 0.999991 0.0041213 -0.00137833 0.00813554 -0.00412614 0.999958 0.0289528 0.0 0.0 0.0 1.0
stairs/seq-03/color/frame-000054.color.png stairs/seq-03/color/frame-000056.color.png 0.999747 0.00611426 -0.0216645 0.0488436 -0.00617703 0.999977 -0.00283195 -0.0104683 0.0216466 0.00296505 0.999761 0.026669 0.0 0.0 0.0 1.0
stairs/seq-03/color/frame-000056.color.png stairs/seq-03/color/frame-000058.color.png 0.99987 -0.00473756 -0.0154045 0.0394685 0.00474202 0.999989 0.000253246 -0.00411668 0.0154032 -0.000326263 0.999881 0.017084 0.0 0.0 0.0 1.0
stairs/seq-03/color/frame-000058.color.png stairs/seq-03/color/frame-000060.color.png 0.999812 -0.00915109 -0.0171187 0.0377532 0.0091319 0.999958 -0.00119902 -0.00696205 0.0171289 0.00104247 0.999853 0.0168009 0.0 0.0 0.0 1.0
stairs/seq-03/color/frame-000060.color.png stairs/seq-03/color/frame-000062.color.png 0.99981 0.000292301 -0.0194823 0.0406772 -0.000396224 0.999986 -0.00533054 0.00801401 0.0194805 0.00533724 0.999796 0.0128785 0.0 0.0 0.0 1.0
stairs/seq-03/color/frame-000062.color.png stairs/seq-03/color/frame-000064.color.png 0.999862 0.0043076 -0.0160125 0.0338013 -0.0043705 0.999983 -0.00389504 0.00207722 0.0159954 0.0039645 0.999864 0.0104609 0.0 0.0 0.0 1.0
stairs/seq-03/color/frame-000064.color.png stairs/seq-03/color/frame-000066.color.png 0.999957 -0.00109908 -0.00923762 0.0266138 0.00107635 0.999996 -0.0024649 0.00193542 0.00924029 0.00245484 0.999954 0.00306809 0.0 0.0 0.0 1.0
stairs/seq-03/color/frame-000066.color.png stairs/seq-03/color/frame-000068.color.png 0.999946 0.00259491 -0.0100389 0.0210854 -0.00266956 0.999969 -0.00743009 0.0098183 0.0100193 0.00745651 0.999922 0.0114525 0.0 0.0 0.0 1.0
stairs/seq-03/color/frame-000068.color.png stairs/seq-03/color/frame-000070.color.png 0.999909 -0.00203014 -0.0133235 0.0306582 0.00206146 0.999995 0.00233677 -0.00429267 0.0133187 -0.00236403 0.999909 0.000822067 0.0 0.0 0.0 1.0
stairs/seq-03/color/frame-000070.color.png stairs/seq-03/color/frame-000072.color.png 0.999933 -0.00962794 0.00638018 0.0042505 0.00962284 0.999953 0.000828527 -0.00195083 -0.0063879 -0.000767077 0.999979 0.0155704 0.0 0.0 0.0 1.0
stairs/seq-03/color/frame-000072.color.png stairs/seq-03/color/frame-000074.color.png 0.999995 0.00320304 -0.000102287 0.00791997 -0.00320229 0.999973 0.00659273 -0.00968128 0.000123438 -0.00659237 0.999978 0.0123564 0.0 0.0 0.0 1.0
stairs/seq-03/color/frame-000074.color.png stairs/seq-03/color/frame-000076.color.png 0.999893 0.00386202 0.0141067 -0.00223863 -0.00382848 0.99999 -0.0024044 -0.00174509 -0.0141159 0.00235015 0.999898 0.0217462 0.0 0.0 0.0 1.0
stairs/seq-03/color/frame-000076.color.png stairs/seq-03/color/frame-000078.color.png 0.999779 0.0126332 0.016785 0.00365639 -0.0129636 0.999721 0.0197245 -0.0241295 -0.0165312 -0.0199377 0.999665 0.0183497 0.0 0.0 0.0 1.0
stairs/seq-03/color/frame-000078.color.png stairs/seq-03/color/frame-000080.color.png 0.99975 0.0180019 0.0132831 -0.00291392 -0.0181385 0.999783 0.0102385 -0.00190344 -0.0130959 -0.0104768 0.999859 0.0361255 0.0 0.0 0.0 1.0
stairs/seq-03/color/frame-000080.color.png stairs/seq-03/color/frame-000082.color.png 0.999992 0.0032436 0.00207777 0.000996113 -0.00323301 0.999982 -0.00507797 -0.00657801 -0.00209417 0.00507122 0.999985 0.0239596 0.0 0.0 0.0 1.0
stairs/seq-03/color/frame-000082.color.png stairs/seq-03/color/frame-000084.color.png 0.999841 0.0154574 0.00889984 -0.00490111 -0.0154634 0.99988 0.000607825 -0.00756337 -0.0088894 -0.000745355 0.99996 0.0269921 0.0 0.0 0.0 1.0
stairs/seq-03/color/frame-000084.color.png stairs/seq-03/color/frame-000086.color.png 0.999864 0.0164509 -0.000644841 0.0044367 -0.0164396 0.999756 0.0147455 -0.0238493 0.000887274 -0.0147329 0.999891 0.0159327 0.0 0.0 0.0 1.0
stairs/seq-03/color/frame-000086.color.png stairs/seq-03/color/frame-000088.color.png 0.999819 0.0183849 0.00486942 -0.00309241 -0.0184386 0.999767 0.011228 -0.00605744 -0.00466185 -0.0113157 0.999925 0.0230448 0.0 0.0 0.0 1.0
stairs/seq-03/color/frame-000088.color.png stairs/seq-03/color/frame-000090.color.png 0.999677 0.00528564 0.0248691 -0.0153667 -0.00570024 0.999845 0.0166289 -0.0283992 -0.0247773 -0.0167653 0.999552 0.0306055 0.0 0.0 0.0 1.0
stairs/seq-03/color/frame-000090.color.png stairs/seq-03/color/frame-000092.color.png 0.999927 0.00621682 0.0103816 -0.00583887 -0.00632473 0.999926 0.0103941 -0.0161774 -0.0103162 -0.010459 0.999892 0.0172084 0.0 0.0 0.0 1.0
stairs/seq-03/color/frame-000092.color.png stairs/seq-03/color/frame-000094.color.png 0.999833 0.0173579 0.00568617 0.00161192 -0.0174571 0.999688 0.0178902 -0.0184641 -0.00537383 -0.0179865 0.999824 0.00196636 0.0 0.0 0.0 1.0
stairs/seq-03/color/frame-000094.color.png stairs/seq-03/color/frame-000096.color.png 0.999878 0.015436 -0.00241175 0.00151178 -0.0153769 0.999621 0.0228486 -0.0109783 0.00276352 -0.0228087 0.999736 0.00901169 0.0 0.0 0.0 1.0
stairs/seq-03/color/frame-000096.color.png stairs/seq-03/color/frame-000098.color.png 0.999999 0.000956977 0.000749102 -0.00337797 -0.000963102 0.999966 0.00824519 -0.00939223 -0.000741207 -0.00824591 0.999966 0.0112161 0.0 0.0 0.0 1.0
stairs/seq-03/color/frame-000098.color.png stairs/seq-03/color/frame-000100.color.png 0.999971 -0.00664368 -0.00372551 0.00629666 0.00669279 0.999889 0.0133359 -0.021045 0.00363651 -0.0133605 0.999904 6.181e-05 0.0 0.0 0.0 1.0
stairs/seq-03/color/frame-000100.color.png stairs/seq-03/color/frame-000102.color.png 0.999983 -0.00189514 -0.00543584 0.00964484 0.0019624 0.999921 0.0123968 -0.0168297 0.00541191 -0.0124072 0.999908 0.00714487 0.0 0.0 0.0 1.0
stairs/seq-03/color/frame-000102.color.png stairs/seq-03/color/frame-000104.color.png 0.999983 0.00579656 -0.000963931 0.00724688 -0.00578757 0.999942 0.00910299 -0.0136613 0.00101666 -0.00909724 0.999958 0.00664359 0.0 0.0 0.0 1.0
stairs/seq-03/color/frame-000104.color.png stairs/seq-03/color/frame-000106.color.png 0.999915 0.00995107 -0.00840784 0.0212537 -0.00976481 0.999712 0.0219083 -0.0328224 0.00862342 -0.0218243 0.999725 -0.00359303 0.0 0.0 0.0 1.0
stairs/seq-03/color/frame-000106.color.png stairs/seq-03/color/frame-000108.color.png 0.999961 -0.00766575 0.00428013 0.00304413 0.00766762 0.999971 -0.000417507 -0.0135934 -0.00427678 0.000450307 0.999991 0.0157478 0.0 0.0 0.0 1.0
stairs/seq-03/color/frame-000108.color.png stairs/seq-03/color/frame-000110.color.png 0.999947 0.00854343 -0.00569875 0.020232 -0.00855437 0.999962 -0.00190149 -0.00494668 0.00568227 0.0019501 0.999982 0.00714988 0.0 0.0 0.0 1.0
stairs/seq-03/color/frame-000110.color.png stairs/seq-03/color/frame-000112.color.png 0.999673 0.0200352 -0.0158624 0.0414355 -0.0200798 0.999795 -0.00265342 -0.00104687 0.015806 0.00297109 0.999871 0.00241625 0.0 0.0 0.0 1.0
stairs/seq-03/color/frame-000112.color.png stairs/seq-03/color/frame-000114.color.png 0.999276 0.0296132 -0.0238664 0.0443781 -0.0293787 0.999517 0.0101129 -0.0153504 0.0241543 -0.00940442 0.999664 -0.00406086 0.0 0.0 0.0 1.0
stairs/seq-03/color/frame-000114.color.png stairs/seq-03/color/frame-000116.color.png 0.999831 0.00596277 0.017376 -0.0060944 -0.00593391 0.999981 -0.00171688 -0.00824425 -0.0173859 0.0016135 0.999848 0.0299056 0.0 0.0 0.0 1.0
stairs/seq-03/color/frame-000116.color.png stairs/seq-03/color/frame-000118.color.png 0.999692 -0.0242338 -0.00528438 0.0217449 0.024149 0.999587 -0.0155593 -0.00893152 0.00565926 0.0154268 0.999865 0.00435024 0.0 0.0 0.0 1.0
stairs/seq-03/color/frame-000118.color.png stairs/seq-03/color/frame-000120.color.png 0.999747 -0.0191283 -0.0118722 0.0305921 0.0190126 0.999771 -0.00978439 -0.0155731 0.0120567 0.00955622 0.999882 0.000928521 0.0 0.0 0.0 1.0
stairs/seq-03/color/frame-000120.color.png stairs/seq-03/color/frame-000122.color.png 0.999938 -0.00658171 0.00899972 0.00508589 0.00658374 0.999978 -0.000193501 -0.0177952 -0.00899828 0.000252754 0.99996 0.0050748 0.0 0.0 0.0 1.0
stairs/seq-03/color/frame-000122.color.png stairs/seq-03/color/frame-000124.color.png 0.999805 0.0147676 -0.0130936 0.0269698 -0.0145681 0.999778 0.0152088 -0.0168288 0.0133153 -0.0150151 0.999799 -0.00501728 0.0 0.0 0.0 1.0
stairs/seq-03/color/frame-000124.color.png stairs/seq-03/color/frame-000126.color.png 0.999549 0.0209605 -0.021518 0.0285718 -0.020515 0.999575 0.0207216 -0.0190399 0.0219431 -0.0202708 0.999554 -0.0128892 0.0 0.0 0.0 1.0
stairs/seq-03/color/frame-000126.color.png stairs/seq-03/color/frame-000128.color.png 0.99995 0.00698283 0.00720042 -0.000969708 -0.00704605 0.999937 0.00879173 -0.0085322 -0.00713853 -0.00884204 0.999935 0.00792205 0.0 0.0 0.0 1.0
stairs/seq-03/color/frame-000128.color.png stairs/seq-03/color/frame-000130.color.png 0.999939 0.0106695 0.00289354 -0.00111723 -0.0107001 0.999885 0.0107688 -0.0161633 -0.00277833 -0.0107991 0.999938 0.00857031 0.0 0.0 0.0 1.0
stairs/seq-03/color/frame-000130.color.png stairs/seq-03/color/frame-000132.color.png 0.999989 -0.00190416 0.00418931 -0.00590205 0.00190604 0.999998 -0.000429535 -0.00460473 -0.0041885 0.000437498 0.999991 0.014935 0.0 0.0 0.0 1.0
stairs/seq-03/color/frame-000132.color.png stairs/seq-03/color/frame-000134.color.png 0.999967 0.00434047 -0.00682278 0.0029133 -0.00428604 0.999959 0.00797876 -0.0163967 0.00685718 -0.00794925 0.999945 0.00330472 0.0 0.0 0.0 1.0
stairs/seq-03/color/frame-000134.color.png stairs/seq-03/color/frame-000136.color.png 0.999953 0.0052813 -0.00819575 0.00177294 -0.0052472 0.999977 0.00418333 -0.0187649 0.00821762 -0.00414011 0.999958 0.00700432 0.0 0.0 0.0 1.0
stairs/seq-03/color/frame-000136.color.png stairs/seq-03/color/frame-000138.color.png 0.999943 0.00420548 -0.00984581 0.0129782 -0.00409328 0.999927 0.0113845 -0.0363129 0.009893 -0.0113436 0.999887 0.000585318 0.0 0.0 0.0 1.0
stairs/seq-03/color/frame-000138.color.png stairs/seq-03/color/frame-000140.color.png 0.99951 -0.000746695 0.0312941 -0.044876 0.000741182 1.0 0.000188449 -0.0208124 -0.0312943 -0.000165174 0.99951 0.0326594 0.0 0.0 0.0 1.0
stairs/seq-03/color/frame-000140.color.png stairs/seq-03/color/frame-000142.color.png 0.999317 -0.0158547 0.0333787 -0.053847 0.0157259 0.999868 0.00411744 -0.0273672 -0.0334396 -0.00358971 0.999434 0.0353841 0.0 0.0 0.0 1.0
stairs/seq-03/color/frame-000142.color.png stairs/seq-03/color/frame-000144.color.png 0.999806 -0.015482 0.0122103 -0.0228606 0.0153727 0.999841 0.00899775 -0.0325236 -0.0123478 -0.00880827 0.999885 0.0147508 0.0 0.0 0.0 1.0
stairs/seq-03/color/frame-000144.color.png stairs/seq-03/color/frame-000146.color.png 0.999937 -0.00692817 0.00883485 -0.0126002 0.00684302 0.99993 0.00963244 -0.0301247 -0.00890099 -0.0095714 0.999915 0.00982422 0.0 0.0 0.0 1.0
stairs/seq-03/color/frame-000146.color.png stairs/seq-03/color/frame-000148.color.png 0.999865 -0.00998429 0.0130633 -0.0303157 0.00983769 0.999888 0.0112348 -0.0330206 -0.013174 -0.0111048 0.999852 0.0132318 0.0 0.0 0.0 1.0
stairs/seq-03/color/frame-000148.color.png stairs/seq-03/color/frame-000150.color.png 0.999982 -0.00329236 -0.00507743 0.00369579 0.00334083 0.999949 0.00956055 -0.021768 0.00504567 -0.00957734 0.999942 -0.00392365 0.0 0.0 0.0 1.0
stairs/seq-03/color/frame-000150.color.png stairs/seq-03/color/frame-000152.color.png 0.999792 0.00465318 -0.0198484 0.0316842 -0.00438611 0.9999 0.0134783 -0.0159603 0.0199091 -0.0133885 0.999712 -0.0238119 0.0 0.0 0.0 1.0
stairs/seq-03/color/frame-000152.color.png stairs/seq-03/color/frame-000154.color.png 0.999798 0.016944 -0.010779 0.0287821 -0.0167027 0.999616 0.0220954 -0.0248899 0.0111492 -0.0219109 0.999698 -0.0180148 0.0 0.0 0.0 1.0
stairs/seq-03/color/frame-000154.color.png stairs/seq-03/color/frame-000156.color.png 0.999619 0.0228056 -0.0155402 0.034001 -0.0223787 0.999382 0.0271084 -0.0252253 0.0161489 -0.0267503 0.999512 -0.0164 0.0 0.0 0.0 1.0
stairs/seq-03/color/frame-000156.color.png stairs/seq-03/color/frame-000158.color.png 0.997948 0.0369812 -0.0522783 0.0818055 -0.0344413 0.998221 0.0486768 -0.0384603 0.0539854 -0.0467764 0.997445 -0.0465308 0.0 0.0 0.0 1.0
stairs/seq-03/color/frame-000158.color.png stairs/seq-03/color/frame-000160.color.png 0.998889 0.0294809 -0.0367607 0.0566916 -0.0279565 0.998755 0.0413127 -0.0351121 0.0379329 -0.0402391 0.99847 -0.0258409 0.0 0.0 0.0 1.0
stairs/seq-03/color/frame-000160.color.png stairs/seq-03/color/frame-000162.color.png 0.999965 0.00721516 0.00431531 -0.00604731 -0.00725361 0.999934 0.00895644 -0.00761342 -0.00425041 -0.00898742 0.999951 0.0110605 0.0 0.0 0.0 1.0
stairs/seq-03/color/frame-000162.color.png stairs/seq-03/color/frame-000164.color.png 0.999847 0.00187499 -0.0173653 0.0297678 -0.00184199 0.999996 0.00191921 -0.00771385 0.0173689 -0.00188689 0.999847 0.00147831 0.0 0.0 0.0 1.0
stairs/seq-03/color/frame-000164.color.png stairs/seq-03/color/frame-000166.color.png 0.999858 0.0163955 -0.00380733 0.0208713 -0.0163996 0.999865 -0.00106409 -0.00698113 0.00378937 0.00112631 0.999992 0.011727 0.0 0.0 0.0 1.0
stairs/seq-03/color/frame-000166.color.png stairs/seq-03/color/frame-000168.color.png 0.999851 -0.00668869 0.0158994 -0.00488985 0.00697004 0.999819 -0.0177073 0.00529742 -0.015778 0.0178156 0.999717 0.0354719 0.0 0.0 0.0 1.0
stairs/seq-03/color/frame-000168.color.png stairs/seq-03/color/frame-000170.color.png 0.999966 0.000714453 -0.00819006 0.0185879 -0.000740856 0.999995 -0.00321666 0.00261861 0.00818772 0.00322261 0.999961 0.00974178 0.0 0.0 0.0 1.0
stairs/seq-03/color/frame-000170.color.png stairs/seq-03/color/frame-000172.color.png 0.999993 -0.00208631 0.00319466 0.0125359 0.00208261 0.999997 0.00117923 -0.0057866 -0.0031971 -0.00117255 0.999994 0.0126743 0.0 0.0 0.0 1.0
stairs/seq-03/color/frame-000172.color.png stairs/seq-03/color/frame-000174.color.png 0.99995 -0.00354713 -0.00939699 0.020782 0.00361293 0.999969 0.00699101 -0.0229443 0.00937181 -0.00702462 0.999931 0.00445724 0.0 0.0 0.0 1.0
stairs/seq-03/color/frame-000174.color.png stairs/seq-03/color/frame-000176.color.png 0.999953 -0.00859398 0.00453701 0.00775993 0.008619 0.999948 -0.00552627 -0.00594497 -0.00448919 0.0055651 0.999974 0.0189861 0.0 0.0 0.0 1.0
stairs/seq-03/color/frame-000176.color.png stairs/seq-03/color/frame-000178.color.png 0.999995 0.00263199 0.00198097 -0.00340313 -0.00262017 0.999979 -0.00593647 0.0149391 -0.00199662 0.0059312 0.99998 0.0268679 0.0 0.0 0.0 1.0
stairs/seq-03/color/frame-000178.color.png stairs/seq-03/color/frame-000180.color.png 0.999828 0.0102857 -0.0154338 0.0377073 -0.0101969 0.999931 0.00582884 -0.00933778 0.0154927 -0.00567038 0.999864 -0.00985873 0.0 0.0 0.0 1.0
stairs/seq-03/color/frame-000180.color.png stairs/seq-03/color/frame-000182.color.png 0.998877 0.00347103 0.0472545 -0.0594345 -0.00203719 0.999537 -0.0303568 0.0499337 -0.0473379 0.0302265 0.998421 0.0460112 0.0 0.0 0.0 1.0
stairs/seq-03/color/frame-000182.color.png stairs/seq-03/color/frame-000184.color.png 0.999932 0.0074299 -0.00898515 0.0269488 -0.00724982 0.999775 0.0199144 -0.0245856 0.0091311 -0.0198479 0.999761 0.00394356 0.0 0.0 0.0 1.0
stairs/seq-03/color/frame-000184.color.png stairs/seq-03/color/frame-000186.color.png 0.999938 -0.00745523 -0.00823034 0.00440758 0.00747099 0.99997 0.00188401 -0.00459152 0.00821599 -0.00194534 0.999964 0.0044409 0.0 0.0 0.0 1.0
stairs/seq-03/color/frame-000186.color.png stairs/seq-03/color/frame-000188.color.png 0.99999 0.00225421 0.00395255 0.00226706 -0.00225095 0.999997 -0.000820299 -0.00591987 -0.00395433 0.000811406 0.999992 0.00395715 0.0 0.0 0.0 1.0
stairs/seq-03/color/frame-000188.color.png stairs/seq-03/color/frame-000190.color.png 0.999983 0.000567014 -0.00579776 0.0108699 -0.0005676 1.0 -9.7576e-05 -0.00365341 0.00579768 0.00010083 0.999983 0.000266671 0.0 0.0 0.0 1.0
stairs/seq-03/color/frame-000190.color.png stairs/seq-03/color/frame-000192.color.png 0.99999 -0.000682351 -0.00440386 0.00481558 0.000701645 0.99999 0.00437978 -0.0104803 0.00440082 -0.00438281 0.999981 -0.00110209 0.0 0.0 0.0 1.0
stairs/seq-03/color/frame-000192.color.png stairs/seq-03/color/frame-000194.color.png 0.999957 -0.00813795 0.00447746 -0.0100429 0.00817097 0.999939 -0.00740502 0.00314271 -0.00441687 0.00744119 0.999962 0.0148144 0.0 0.0 0.0 1.0
stairs/seq-03/color/frame-000194.color.png stairs/seq-03/color/frame-000196.color.png 0.999932 0.00644946 0.00973675 -0.00837362 -0.00648907 0.999971 0.00404102 -0.00141364 -0.00971038 -0.00410386 0.999944 0.00867629 0.0 0.0 0.0 1.0
stairs/seq-03/color/frame-000196.color.png stairs/seq-03/color/frame-000198.color.png 0.999959 0.00882619 0.00210094 0.00295901 -0.00884345 0.999926 0.00836212 -0.0120155 -0.00202694 -0.00838039 0.999963 0.00135052 0.0 0.0 0.0 1.0
stairs/seq-03/color/frame-000198.color.png stairs/seq-03/color/frame-000200.color.png 0.99999 0.00259022 0.00355998 -0.00340796 -0.00259169 0.999997 0.000390032 4.88758e-06 -0.00355889 -0.000399285 0.999994 0.010048 0.0 0.0 0.0 1.0
stairs/seq-03/color/frame-000200.color.png stairs/seq-03/color/frame-000202.color.png 0.999998 0.00134296 -0.00114869 -0.00126725 -0.00133538 0.999978 0.00656234 -0.0122569 0.00115747 -0.00656088 0.999978 0.00485682 0.0 0.0 0.0 1.0
stairs/seq-03/color/frame-000202.color.png stairs/seq-03/color/frame-000204.color.png 0.999949 -0.00838236 0.00566301 0.00382751 0.00833526 0.999931 0.00831007 -0.0325688 -0.00573228 -0.00826247 0.999949 -0.00109041 0.0 0.0 0.0 1.0
stairs/seq-03/color/frame-000204.color.png stairs/seq-03/color/frame-000206.color.png 0.999715 -0.00846863 0.0223413 -0.0378501 0.00824097 0.999913 0.0102594 -0.0198144 -0.0224262 -0.0100723 0.999698 0.0250076 0.0 0.0 0.0 1.0
stairs/seq-03/color/frame-000206.color.png stairs/seq-03/color/frame-000208.color.png 0.999966 -0.00786946 -0.00235561 0.0065912 0.00788702 0.999941 0.00752466 -0.024312 0.00229626 -0.00754298 0.999969 -0.00140738 0.0 0.0 0.0 1.0
stairs/seq-03/color/frame-000208.color.png stairs/seq-03/color/frame-000210.color.png 0.999987 -0.00247322 0.00450719 -0.0082503 0.00244455 0.999977 0.00635457 -0.0146961 -0.00452276 -0.00634347 0.99997 0.00907767 0.0 0.0 0.0 1.0
stairs/seq-03/color/frame-000210.color.png stairs/seq-03/color/frame-000212.color.png 0.999997 -0.00179879 0.00150644 -0.00514644 0.00179591 0.999997 0.00192839 -0.00882155 -0.00150994 -0.00192569 0.999997 0.00890458 0.0 0.0 0.0 1.0
stairs/seq-03/color/frame-000212.color.png stairs/seq-03/color/frame-000214.color.png 0.999898 -0.0055261 -0.0131796 0.0189653 0.00552863 0.999985 0.000157631 -0.00906616 0.0131785 -0.000230491 0.999913 -0.00582087 0.0 0.0 0.0 1.0
stairs/seq-03/color/frame-000214.color.png stairs/seq-03/color/frame-000216.color.png 0.999974 -0.00525916 0.00489277 -0.00717258 0.00526631 0.999985 -0.001443 -0.0151054 -0.00488515 0.00146877 0.999987 0.0109301 0.0 0.0 0.0 1.0
stairs/seq-03/color/frame-000216.color.png stairs/seq-03/color/frame-000218.color.png 0.999988 -0.00299357 -0.0039153 0.00451088 0.00298187 0.999991 -0.00298636 -0.00632209 0.00392423 0.00297462 0.999988 -0.00251722 0.0 0.0 0.0 1.0
stairs/seq-03/color/frame-000218.color.png stairs/seq-03/color/frame-000220.color.png 0.99992 -0.0100362 0.00775357 -0.0112222 0.0100492 0.999948 -0.00163685 -0.0169873 -0.00773671 0.00171464 0.999969 0.0114965 0.0 0.0 0.0 1.0
stairs/seq-03/color/frame-000220.color.png stairs/seq-03/color/frame-000222.color.png 0.999966 -0.00138789 0.00809652 -0.0120133 0.00142298 0.99999 -0.00433447 -0.000600815 -0.00809049 0.00434592 0.999958 0.0110375 0.0 0.0 0.0 1.0
stairs/seq-03/color/frame-000222.color.png stairs/seq-03/color/frame-000224.color.png 0.999928 -0.00143121 0.0119067 -0.0164943 0.00140789 0.999997 0.00196432 -0.00519037 -0.0119095 -0.00194742 0.999927 0.00750661 0.0 0.0 0.0 1.0
stairs/seq-03/color/frame-000224.color.png stairs/seq-03/color/frame-000226.color.png 0.999994 -0.00329861 0.00143968 -0.00857896 0.00330352 0.999989 -0.00344969 -0.00427955 -0.00142827 0.00345441 0.999993 0.00646079 0.0 0.0 0.0 1.0
stairs/seq-03/color/frame-000226.color.png stairs/seq-03/color/frame-000228.color.png 0.999997 -0.00163797 0.0020687 -0.00392264 0.00163808 0.999999 -2.33237e-05 -0.00279725 -0.00206867 2.66657e-05 0.999998 0.00505269 0.0 0.0 0.0 1.0
stairs/seq-03/color/frame-000228.color.png stairs/seq-03/color/frame-000230.color.png 0.999991 0.00352012 -0.00242816 0.00371307 -0.0035125 0.999989 0.00314443 0.00438219 0.00243921 -0.00313581 0.999992 0.00470114 0.0 0.0 0.0 1.0
stairs/seq-03/color/frame-000230.color.png stairs/seq-03/color/frame-000232.color.png 0.999813 0.0116633 -0.0154604 0.0360744 -0.0116275 0.999929 0.00240627 0.00196064 0.0154874 -0.0022261 0.999878 -0.00109971 0.0 0.0 0.0 1.0
stairs/seq-03/color/frame-000232.color.png stairs/seq-03/color/frame-000234.color.png 0.999899 0.00598398 -0.0129173 0.0354115 -0.00600955 0.99998 -0.00194123 0.00650942 0.0129054 0.00201874 0.999915 -0.00056529 0.0 0.0 0.0 1.0
stairs/seq-03/color/frame-000234.color.png stairs/seq-03/color/frame-000236.color.png 0.999845 0.0108502 -0.0138544 0.0525519 -0.0109409 0.999919 -0.00648871 0.00609112 0.0137828 0.00663927 0.999883 0.00357616 0.0 0.0 0.0 1.0
stairs/seq-03/color/frame-000236.color.png stairs/seq-03/color/frame-000238.color.png 0.999973 0.00237668 -0.00689947 0.02634 -0.00243882 0.999956 -0.00900719 0.0183571 0.0068778 0.00902374 0.999936 0.00332999 0.0 0.0 0.0 1.0
stairs/seq-03/color/frame-000238.color.png stairs/seq-03/color/frame-000240.color.png 0.999815 -0.00244255 -0.0191008 0.0544653 0.00234543 0.999984 -0.00510496 -0.000991702 0.019113 0.00505919 0.999805 -0.00298464 0.0 0.0 0.0 1.0
stairs/seq-03/color/frame-000240.color.png stairs/seq-03/color/frame-000242.color.png 0.999944 0.000454887 -0.0105745 0.0266237 -0.000510249 0.999986 -0.0052327 0.0103989 0.010572 0.00523785 0.99993 0.00023973 0.0 0.0 0.0 1.0
stairs/seq-03/color/frame-000242.color.png stairs/seq-03/color/frame-000244.color.png 0.999944 0.00267919 -0.010262 0.030449 -0.0027281 0.999985 -0.00476182 0.00803345 0.0102491 0.00478951 0.999936 0.00129879 0.0 0.0 0.0 1.0
stairs/seq-03/color/frame-000244.color.png stairs/seq-03/color/frame-000246.color.png 0.99987 0.00405952 -0.0156049 0.035182 -0.00416948 0.999967 -0.00701943 0.0161532 0.0155758 0.00708353 0.999854 -0.0033201 0.0 0.0 0.0 1.0
stairs/seq-03/color/frame-000246.color.png stairs/seq-03/color/frame-000248.color.png 0.999884 0.00910908 -0.0122036 0.0391937 -0.0091312 0.999957 -0.00175617 0.0109389 0.0121871 0.00186748 0.999924 -0.00899816 0.0 0.0 0.0 1.0
stairs/seq-03/color/frame-000248.color.png stairs/seq-03/color/frame-000250.color.png 0.999956 0.00465679 -0.00809874 0.0281144 -0.00459768 0.999963 0.00730167 -0.00856984 0.00813243 -0.0072642 0.99994 -0.000992775 0.0 0.0 0.0 1.0
stairs/seq-03/color/frame-000250.color.png stairs/seq-03/color/frame-000252.color.png 0.999933 0.0115707 -0.00057745 0.0139823 -0.011572 0.99993 -0.0024425 0.0170051 0.000549142 0.00244906 0.999997 -0.00241053 0.0 0.0 0.0 1.0
stairs/seq-03/color/frame-000252.color.png stairs/seq-03/color/frame-000254.color.png 0.999931 0.00951019 0.0068538 -0.00253969 -0.00954504 0.999942 0.00507029 0.00167274 -0.00680519 -0.00513543 0.999964 0.0141081 0.0 0.0 0.0 1.0
stairs/seq-03/color/frame-000254.color.png stairs/seq-03/color/frame-000256.color.png 0.999963 0.00829418 -0.00227593 0.00953484 -0.00830316 0.999958 -0.00396752 0.0130604 0.00224293 0.00398623 0.999989 0.00709498 0.0 0.0 0.0 1.0
stairs/seq-03/color/frame-000256.color.png stairs/seq-03/color/frame-000258.color.png 0.999947 0.00281836 0.00994936 -0.0159533 -0.00291922 0.999944 0.0101364 -0.0166106 -0.00992029 -0.0101649 0.999899 0.00756824 0.0 0.0 0.0 1.0
stairs/seq-03/color/frame-000258.color.png stairs/seq-03/color/frame-000260.color.png 0.999852 -0.00518965 0.016425 -0.028704 0.00513989 0.999982 0.00307255 -0.00887603 -0.0164407 -0.00298767 0.99986 0.0178399 0.0 0.0 0.0 1.0
stairs/seq-03/color/frame-000260.color.png stairs/seq-03/color/frame-000262.color.png 0.999897 6.56394e-06 0.0143175 -0.0253887 -2.86231e-06 1.0 -0.000263708 -0.00592202 -0.0143174 0.000263627 0.999897 0.0197505 0.0 0.0 0.0 1.0
stairs/seq-03/color/frame-000262.color.png stairs/seq-03/color/frame-000264.color.png 0.999972 0.00289304 0.00691069 -0.014918 -0.00294189 0.999971 0.00706937 -0.0181211 -0.00689009 -0.00708952 0.999951 0.00933909 0.0 0.0 0.0 1.0
stairs/seq-03/color/frame-000264.color.png stairs/seq-03/color/frame-000266.color.png 0.999964 -0.00300004 -0.00796024 0.00589973 0.00304441 0.99998 0.00556011 -0.0187501 0.00794343 -0.00558421 0.999953 0.00549233 0.0 0.0 0.0 1.0
stairs/seq-03/color/frame-000266.color.png stairs/seq-03/color/frame-000268.color.png 0.999999 -0.000173536 -0.00110078 -0.00176919 0.000174308 1.0 0.00069825 -0.000877976 0.00110063 -0.000698456 0.999999 -0.001917 0.0 0.0 0.0 1.0
stairs/seq-03/color/frame-000268.color.png stairs/seq-03/color/frame-000270.color.png 0.999996 -0.0028718 -0.000687871 -0.0011459 0.0028686 0.999986 -0.00452965 0.000423014 0.000700871 0.00452776 0.99999 0.00970852 0.0 0.0 0.0 1.0
stairs/seq-03/color/frame-000270.color.png stairs/seq-03/color/frame-000272.color.png 0.999974 -0.00506531 -0.00520672 0.00614208 0.0050623 0.999987 -0.000602333 -0.013851 0.00520972 0.000575894 0.999986 0.00954556 0.0 0.0 0.0 1.0
stairs/seq-03/color/frame-000272.color.png stairs/seq-03/color/frame-000274.color.png 0.999938 0.00121182 -0.0110921 0.0158433 -0.00132137 0.99995 -0.00987518 0.0150614 0.0110796 0.00988922 0.99989 -0.00208998 0.0 0.0 0.0 1.0
stairs/seq-03/color/frame-000274.color.png stairs/seq-03/color/frame-000276.color.png 0.999989 1.43156e-05 -0.00462193 0.00902843 -6.67393e-06 0.999998 0.0016691 -0.00844163 0.00462198 -0.00166898 0.999988 -4.06504e-05 0.0 0.0 0.0 1.0
stairs/seq-03/color/frame-000276.color.png stairs/seq-03/color/frame-000278.color.png 0.999993 0.000866696 0.00361102 -0.0069086 -0.000871667 0.999999 0.00138555 -0.00235969 -0.00360983 -0.00138878 0.999992 0.00323009 0.0 0.0 0.0 1.0
stairs/seq-03/color/frame-000278.color.png stairs/seq-03/color/frame-000280.color.png 0.999985 -0.00136186 0.0053847 -0.0124143 0.00137109 0.999998 -0.00171401 0.00107294 -0.00538231 0.00172139 0.999984 0.00918269 0.0 0.0 0.0 1.0
stairs/seq-03/color/frame-000280.color.png stairs/seq-03/color/frame-000282.color.png 0.999975 0.00311364 0.00636627 -0.0103046 -0.00315735 0.999971 0.00687012 -0.010054 -0.00634476 -0.00689005 0.999956 0.00551116 0.0 0.0 0.0 1.0
stairs/seq-03/color/frame-000282.color.png stairs/seq-03/color/frame-000284.color.png 0.999984 -0.00426636 0.00377565 -0.00699413 0.0042325 0.999951 0.00894482 -0.0182011 -0.00381357 -0.00892872 0.999953 0.000227332 0.0 0.0 0.0 1.0
stairs/seq-03/color/frame-000284.color.png stairs/seq-03/color/frame-000286.color.png 0.999837 0.00396557 -0.0175953 0.0287841 -0.00364087 0.999823 0.01845 -0.0180171 0.0176653 -0.0183829 0.999675 -0.0301908 0.0 0.0 0.0 1.0
stairs/seq-03/color/frame-000286.color.png stairs/seq-03/color/frame-000288.color.png 0.999998 0.00139416 -0.00147919 0.00715399 -0.00138247 0.999968 0.00785129 -0.00248396 0.00149008 -0.00784918 0.999968 -0.00721478 0.0 0.0 0.0 1.0
stairs/seq-03/color/frame-000288.color.png stairs/seq-03/color/frame-000290.color.png 0.999963 0.00811256 0.00269899 0.000317514 -0.00812672 0.999953 0.00528565 0.00237614 -0.00265599 -0.00530745 0.999982 5.98431e-05 0.0 0.0 0.0 1.0
stairs/seq-03/color/frame-000290.color.png stairs/seq-03/color/frame-000292.color.png 0.999875 0.00747081 -0.0139631 0.0241428 -0.00735997 0.999941 0.00797536 0.00309581 0.0140219 -0.00787158 0.999871 -0.0222071 0.0 0.0 0.0 1.0
stairs/seq-03/color/frame-000292.color.png stairs/seq-03/color/frame-000294.color.png 0.999864 0.00161977 -0.0164418 0.024826 -0.00150092 0.999973 0.00724017 -0.00196272 0.0164531 -0.0072145 0.999839 -0.0213925 0.0 0.0 0.0 1.0
stairs/seq-03/color/frame-000294.color.png stairs/seq-03/color/frame-000296.color.png 0.999921 0.00719746 -0.0102889 0.0219017 -0.00715375 0.999965 0.00427362 0.0197212 0.0103193 -0.0041997 0.999938 -0.0267501 0.0 0.0 0.0 1.0
stairs/seq-03/color/frame-000296.color.png stairs/seq-03/color/frame-000298.color.png 0.999959 -0.00698738 0.00574019 -0.0209391 0.00692409 0.999916 0.0109676 -0.0151099 -0.0058163 -0.0109275 0.999923 -0.0118804 0.0 0.0 0.0 1.0
stairs/seq-03/color/frame-000298.color.png stairs/seq-03/color/frame-000300.color.png 0.999782 -0.00273492 0.0206759 -0.0380738 0.00282279 0.999987 -0.00421911 0.00908107 -0.0206642 0.00427668 0.999777 0.00686014 0.0 0.0 0.0 1.0
stairs/seq-03/color/frame-000300.color.png stairs/seq-03/color/frame-000302.color.png 0.999747 0.000337778 0.0224772 -0.0518588 -0.000348578 1.0 0.000476745 0.00219691 -0.022477 -0.000484562 0.999747 0.00129473 0.0 0.0 0.0 1.0
stairs/seq-03/color/frame-000302.color.png stairs/seq-03/color/frame-000304.color.png 0.999854 -0.0105843 0.0134404 -0.0563849 0.010623 0.99994 -0.00281713 0.00474364 -0.0134097 0.00295952 0.999906 -0.0107495 0.0 0.0 0.0 1.0
stairs/seq-03/color/frame-000304.color.png stairs/seq-03/color/frame-000306.color.png 0.999875 -0.0107703 0.0115637 -0.0548763 0.0107093 0.999929 0.00533122 -0.0101328 -0.0116202 -0.00520672 0.999919 -0.00777709 0.0 0.0 0.0 1.0
stairs/seq-03/color/frame-000306.color.png stairs/seq-03/color/frame-000308.color.png 0.999948 -0.0061287 0.00817811 -0.0415906 0.00615608 0.999976 -0.00333028 0.00152862 -0.00815759 0.00338054 0.999961 -0.0106037 0.0 0.0 0.0 1.0
stairs/seq-03/color/frame-000308.color.png stairs/seq-03/color/frame-000310.color.png 0.999875 -0.00831742 0.0134787 -0.0493679 0.00830483 0.999965 0.000987427 -0.000461102 -0.0134864 -0.000875459 0.999909 -0.0165035 0.0 0.0 0.0 1.0
stairs/seq-03/color/frame-000310.color.png stairs/seq-03/color/frame-000312.color.png 0.999849 -0.0013508 0.0173416 -0.0394008 0.00117309 0.999947 0.0102557 -0.00836676 -0.0173545 -0.0102337 0.999797 -0.0130701 0.0 0.0 0.0 1.0
stairs/seq-03/color/frame-000312.color.png stairs/seq-03/color/frame-000314.color.png 0.999932 -0.000636206 0.011646 -0.0318637 0.000590349 0.999992 0.00393668 0.00554216 -0.0116484 -0.00392958 0.999924 -0.00434494 0.0 0.0 0.0 1.0
stairs/seq-03/color/frame-000314.color.png stairs/seq-03/color/frame-000316.color.png 0.999968 -0.00557961 0.00570007 -0.0258325 0.00556581 0.999982 0.00244197 -0.0066579 -0.00571359 -0.00241027 0.999981 -0.0120475 0.0 0.0 0.0 1.0
stairs/seq-03/color/frame-000316.color.png stairs/seq-03/color/frame-000318.color.png 0.99998 -0.00522887 0.00352353 -0.0237675 0.00524333 0.999978 -0.00410153 0.0087257 -0.00350203 0.00412001 0.999985 -0.00104094 0.0 0.0 0.0 1.0
stairs/seq-03/color/frame-000318.color.png stairs/seq-03/color/frame-000320.color.png 0.999985 0.00210643 -0.00505273 0.00552791 -0.00207858 0.999983 0.00551323 -0.00492036 0.00506428 -0.00550258 0.999972 -0.0248727 0.0 0.0 0.0 1.0
stairs/seq-03/color/frame-000320.color.png stairs/seq-03/color/frame-000322.color.png 0.999929 0.0090898 0.00771172 -0.00890958 -0.00912562 0.999948 0.00461924 0.0118471 -0.00766932 -0.0046893 0.99996 -0.00792456 0.0 0.0 0.0 1.0
stairs/seq-03/color/frame-000322.color.png stairs/seq-03/color/frame-000324.color.png 0.999985 0.00431212 -0.00340985 0.00744063 -0.00432816 0.999979 -0.00472049 0.00687236 0.00338941 0.00473512 0.999983 -0.0109416 0.0 0.0 0.0 1.0
stairs/seq-03/color/frame-000324.color.png stairs/seq-03/color/frame-000326.color.png 0.999981 0.00513135 -0.00334581 0.00303739 -0.00519159 0.99982 -0.0182469 0.0363055 0.00325158 0.0182638 0.999828 -0.00246596 0.0 0.0 0.0 1.0
stairs/seq-03/color/frame-000326.color.png stairs/seq-03/color/frame-000328.color.png 0.999966 0.000927112 -0.00819035 0.0147371 -0.00107184 0.999843 -0.0176877 0.0320164 0.00817266 0.017696 0.99981 -0.010276 0.0 0.0 0.0 1.0
stairs/seq-03/color/frame-000328.color.png stairs/seq-03/color/frame-000330.color.png 0.999951 -0.00618696 -0.00778464 0.0139883 0.00618929 0.999981 0.000281255 0.0054673 0.00778275 -0.000329391 0.99997 -0.0265899 0.0 0.0 0.0 1.0
stairs/seq-03/color/frame-000330.color.png stairs/seq-03/color/frame-000332.color.png 0.999992 -0.00400163 -0.000610934 0.000658035 0.00400457 0.99998 0.00488724 0.00416172 0.000591386 -0.00488966 0.999988 -0.0144849 0.0 0.0 0.0 1.0
stairs/seq-03/color/frame-000332.color.png stairs/seq-03/color/frame-000334.color.png 0.999884 -0.00445211 -0.0145865 0.0161628 0.00455067 0.999967 0.00673131 0.00666064 0.0145561 -0.00679689 0.999871 -0.0246873 0.0 0.0 0.0 1.0
stairs/seq-03/color/frame-000334.color.png stairs/seq-03/color/frame-000336.color.png 0.999933 0.00392457 -0.0108801 0.0213143 -0.00377641 0.9999 0.0136025 -0.00890738 0.0109323 -0.0135605 0.999848 -0.0346934 0.0 0.0 0.0 1.0
stairs/seq-03/color/frame-000336.color.png stairs/seq-03/color/frame-000338.color.png 0.999842 -0.00944999 0.0150313 -0.0200033 0.00938794 0.999947 0.00419214 -0.00234759 -0.0150701 -0.00405037 0.999878 -0.0122825 0.0 0.0 0.0 1.0
stairs/seq-03/color/frame-000338.color.png stairs/seq-03/color/frame-000340.color.png 0.999932 -0.00804767 0.00844192 -0.016209 0.00807417 0.999963 -0.00310998 0.00597888 -0.00841656 0.00317784 0.999959 -0.00987208 0.0 0.0 0.0 1.0
stairs/seq-03/color/frame-000340.color.png stairs/seq-03/color/frame-000342.color.png 0.999976 -0.00671123 0.00167951 -0.00252885 0.00673092 0.999905 -0.011994 0.00891572 -0.00159885 0.0120052 0.999927 -0.0169638 0.0 0.0 0.0 1.0
stairs/seq-03/color/frame-000342.color.png stairs/seq-03/color/frame-000344.color.png 0.999987 -0.000236943 0.00506775 0.00119764 0.000274237 0.999973 -0.00734376 0.00278014 -0.0050659 0.007345 0.99996 -0.0209255 0.0 0.0 0.0 1.0
stairs/seq-03/color/frame-000344.color.png stairs/seq-03/color/frame-000346.color.png 0.99995 0.00983734 0.00181517 -0.00132471 -0.00982833 0.99994 -0.00492955 0.0123959 -0.00186356 0.00491153 0.999986 -0.00521708 0.0 0.0 0.0 1.0
stairs/seq-03/color/frame-000346.color.png stairs/seq-03/color/frame-000348.color.png 0.999875 0.0111829 -0.0111474 0.0192332 -0.0113401 0.999836 -0.0141376 0.0249373 0.0109874 0.0142623 0.999838 -0.0131652 0.0 0.0 0.0 1.0
stairs/seq-03/color/frame-000348.color.png stairs/seq-03/color/frame-000350.color.png 0.999499 0.0173422 -0.0264577 0.0513902 -0.0167878 0.999638 0.0210331 -0.025687 0.0268129 -0.0205784 0.999429 -0.0502132 0.0 0.0 0.0 1.0
stairs/seq-03/color/frame-000350.color.png stairs/seq-03/color/frame-000352.color.png 0.999898 0.00377638 0.0137946 -0.0111319 -0.00402241 0.999833 0.0178543 -0.00423235 -0.0137249 -0.017908 0.999745 -0.00451458 0.0 0.0 0.0 1.0
stairs/seq-03/color/frame-000352.color.png stairs/seq-03/color/frame-000354.color.png 0.999444 -0.00829175 -0.0322939 0.0279436 0.00856629 0.999928 0.00837344 -0.0122302 0.0322221 -0.00864531 0.999443 -0.0253938 0.0 0.0 0.0 1.0
stairs/seq-03/color/frame-000354.color.png stairs/seq-03/color/frame-000356.color.png 0.998577 0.00890478 -0.0525887 0.0550044 -0.00876784 0.999958 0.00283402 -0.00151414 0.0526118 -0.00236896 0.998612 -0.0284357 0.0 0.0 0.0 1.0
stairs/seq-03/color/frame-000356.color.png stairs/seq-03/color/frame-000358.color.png 0.999284 0.00453253 -0.0375742 0.0522904 -0.00543251 0.9997 -0.0238853 0.021995 0.0374545 0.0240723 0.999008 -0.0145597 0.0 0.0 0.0 1.0
stairs/seq-03/color/frame-000358.color.png stairs/seq-03/color/frame-000360.color.png 0.999967 0.00144937 -0.0079638 0.0318858 -0.00165145 0.999675 -0.0254268 0.0312369 0.00792449 0.0254391 0.999645 0.00223577 0.0 0.0 0.0 1.0
stairs/seq-03/color/frame-000360.color.png stairs/seq-03/color/frame-000362.color.png 0.999664 -0.00194433 -0.0258528 0.0433458 0.00146153 0.999824 -0.0186804 0.00660306 0.0258844 0.0186365 0.999491 -0.0148605 0.0 0.0 0.0 1.0
stairs/seq-03/color/frame-000362.color.png stairs/seq-03/color/frame-000364.color.png 0.999974 0.00374964 -0.00622203 0.0259441 -0.00375687 0.999992 -0.00115043 0.00451207 0.00621767 0.00117378 0.99998 -0.0058558 0.0 0.0 0.0 1.0
stairs/seq-03/color/frame-000364.color.png stairs/seq-03/color/frame-000366.color.png 0.999583 0.0187473 -0.0219844 0.04922 -0.0189611 0.999775 -0.00955847 0.020999 0.0218003 0.00997125 0.999713 0.000816107 0.0 0.0 0.0 1.0
stairs/seq-03/color/frame-000366.color.png stairs/seq-03/color/frame-000368.color.png 0.999537 0.0180915 -0.0244706 0.0488058 -0.017944 0.99982 0.00623489 0.00631011 0.024579 -0.00579281 0.999681 -0.00730777 0.0 0.0 0.0 1.0
stairs/seq-03/color/frame-000368.color.png stairs/seq-03/color/frame-000370.color.png 0.999184 0.0312473 -0.025611 0.0626702 -0.0311803 0.999509 0.00301124 0.0148472 0.0256924 -0.00221019 0.999668 -8.10623e-06 0.0 0.0 0.0 1.0
stairs/seq-03/color/frame-000370.color.png stairs/seq-03/color/frame-000372.color.png 0.9982 0.0353946 -0.0484116 0.0968886 -0.0363667 0.999151 -0.0193472 0.0478849 0.0476858 0.0210729 0.99864 -0.00441217 0.0 0.0 0.0 1.0
stairs/seq-03/color/frame-000372.color.png stairs/seq-03/color/frame-000374.color.png 0.998978 0.0181985 -0.0413617 0.081061 -0.0187931 0.999725 -0.0140326 0.0256083 0.0410949 0.0147956 0.999046 -0.00977159 0.0 0.0 0.0 1.0
stairs/seq-03/color/frame-000374.color.png stairs/seq-03/color/frame-000376.color.png 0.999623 0.0068406 -0.026596 0.0495763 -0.00699506 0.999959 -0.00572341 0.02121 0.0265558 0.00590731 0.99963 0.00525713 0.0 0.0 0.0 1.0
stairs/seq-03/color/frame-000376.color.png stairs/seq-03/color/frame-000378.color.png 0.998473 0.023763 -0.0498692 0.102097 -0.024215 0.999671 -0.00847979 0.0265962 0.0496513 0.00967443 0.99872 -0.0230917 0.0 0.0 0.0 1.0
stairs/seq-03/color/frame-000378.color.png stairs/seq-03/color/frame-000380.color.png 0.999496 0.0247745 -0.0198626 0.0486704 -0.0247887 0.999693 -0.000470211 0.0279747 0.0198448 0.000962276 0.999803 0.00777578 0.0 0.0 0.0 1.0
stairs/seq-03/color/frame-000380.color.png stairs/seq-03/color/frame-000382.color.png 0.999277 0.005496 -0.0376236 0.0590892 -0.0059654 0.999906 -0.0123752 0.0210258 0.037552 0.0125907 0.999215 -0.0163419 0.0 0.0 0.0 1.0
stairs/seq-03/color/frame-000382.color.png stairs/seq-03/color/frame-000384.color.png 0.999264 6.20499e-05 -0.0383553 0.0521984 -0.000548236 0.99992 -0.0126669 0.0110139 0.0383515 0.0126786 0.999184 -0.0205065 0.0 0.0 0.0 1.0
stairs/seq-03/color/frame-000384.color.png stairs/seq-03/color/frame-000386.color.png 0.999545 0.00972564 -0.0285394 0.0601147 -0.00994156 0.999923 -0.0074367 0.00236797 0.0284649 0.00771701 0.999565 -0.0245187 0.0 0.0 0.0 1.0
stairs/seq-03/color/frame-000386.color.png stairs/seq-03/color/frame-000388.color.png 0.999884 0.0121889 0.00915864 -0.00108206 -0.0122144 0.999922 0.00272441 0.00579137 -0.00912469 -0.00283594 0.999954 0.0106156 0.0 0.0 0.0 1.0
stairs/seq-03/color/frame-000388.color.png stairs/seq-03/color/frame-000390.color.png 0.99973 0.0232504 -5.33264e-05 0.0142465 -0.0232504 0.999727 -0.00245084 0.0232359 -3.7602e-06 0.00245138 0.999997 0.010849 0.0 0.0 0.0 1.0
stairs/seq-03/color/frame-000390.color.png stairs/seq-03/color/frame-000392.color.png 0.999976 0.00213299 -0.00656831 0.00643957 -0.00220929 0.99993 -0.0116153 0.00685227 0.006543 0.0116296 0.999911 0.0065937 0.0 0.0 0.0 1.0
stairs/seq-03/color/frame-000392.color.png stairs/seq-03/color/frame-000394.color.png 0.999924 -0.00728917 0.00996686 -0.0190067 0.00727029 0.999972 0.00192174 -0.0177426 -0.00998056 -0.00184915 0.999948 0.0177459 0.0 0.0 0.0 1.0
stairs/seq-03/color/frame-000394.color.png stairs/seq-03/color/frame-000396.color.png 0.999807 -0.00944871 0.0171983 -0.023416 0.00929214 0.999915 0.00916298 -0.0314077 -0.0172834 -0.00900152 0.99981 0.0094409 0.0 0.0 0.0 1.0
stairs/seq-03/color/frame-000396.color.png stairs/seq-03/color/frame-000398.color.png 0.99973 -0.00411556 0.0228676 -0.0383106 0.0038468 0.999923 0.0117857 -0.0331215 -0.0229143 -0.0116945 0.999669 0.0275242 0.0 0.0 0.0 1.0
stairs/seq-03/color/frame-000398.color.png stairs/seq-03/color/frame-000400.color.png 0.999819 -0.015136 0.0115746 -0.0269353 0.0150335 0.999847 0.00889536 -0.0330042 -0.0117076 -0.0087197 0.999894 0.0116048 0.0 0.0 0.0 1.0
stairs/seq-03/color/frame-000400.color.png stairs/seq-03/color/frame-000402.color.png 0.999941 0.00385771 0.0101554 -0.0171526 -0.00396768 0.999934 0.0108275 -0.0173012 -0.0101129 -0.0108671 0.99989 0.0142918 0.0 0.0 0.0 1.0
stairs/seq-03/color/frame-000402.color.png stairs/seq-03/color/frame-000404.color.png 0.99999 0.00264309 0.00371844 -0.00344521 -0.00267421 0.999961 0.00839195 -0.0170451 -0.00369605 -0.00840184 0.999958 0.00648057 0.0 0.0 0.0 1.0
stairs/seq-03/color/frame-000404.color.png stairs/seq-03/color/frame-000406.color.png 0.999969 0.00705735 -0.00360619 -0.00762337 -0.00706298 0.999974 -0.0015672 0.0112356 0.00359492 0.0015926 0.999992 0.0225811 0.0 0.0 0.0 1.0
stairs/seq-03/color/frame-000406.color.png stairs/seq-03/color/frame-000408.color.png 0.999928 0.00693923 -0.00980752 0.0260323 -0.00699233 0.999961 -0.00538504 0.000353932 0.00976987 0.00545313 0.999937 0.000346899 0.0 0.0 0.0 1.0
stairs/seq-03/color/frame-000408.color.png stairs/seq-03/color/frame-000410.color.png 0.999649 0.0235585 -0.0121005 0.0513533 -0.0236849 0.999665 -0.0104154 0.0152084 0.0118511 0.0106984 0.999873 0.00905859 0.0 0.0 0.0 1.0
stairs/seq-03/color/frame-000410.color.png stairs/seq-03/color/frame-000412.color.png 0.99973 0.0217262 0.00818668 0.0244554 -0.0217365 0.999763 0.00115872 0.0100696 -0.00815958 -0.00133628 0.999966 0.0189269 0.0 0.0 0.0 1.0
stairs/seq-03/color/frame-000412.color.png stairs/seq-03/color/frame-000414.color.png 0.999959 0.0064702 0.00641098 0.0192038 -0.00647185 0.999979 0.000235631 0.00136638 -0.0064093 -0.0002772 0.999979 0.0213119 0.0 0.0 0.0 1.0
stairs/seq-03/color/frame-000414.color.png stairs/seq-03/color/frame-000416.color.png 0.999983 0.00312625 -0.00488271 0.0097127 -0.00312871 0.999995 -0.000506412 0.0104773 0.00488114 0.000521796 0.999988 0.0226603 0.0 0.0 0.0 1.0
stairs/seq-03/color/frame-000416.color.png stairs/seq-03/color/frame-000418.color.png 0.999986 0.000245939 -0.00531618 0.0209394 -0.000235661 0.999998 0.001927 -0.00508898 0.00531664 -0.00192566 0.999984 0.00244868 0.0 0.0 0.0 1.0
stairs/seq-03/color/frame-000418.color.png stairs/seq-03/color/frame-000420.color.png 0.999969 0.000841046 -0.00783057 0.0336651 -0.000823791 0.999997 0.00221629 -0.00248408 0.00783234 -0.00220983 0.999967 0.0061059 0.0 0.0 0.0 1.0
stairs/seq-03/color/frame-000420.color.png stairs/seq-03/color/frame-000422.color.png 0.999949 -0.00348894 0.00944195 -0.00726759 0.00344213 0.999982 0.00497451 -0.0130692 -0.00945913 -0.00494179 0.999943 0.0148201 0.0 0.0 0.0 1.0
stairs/seq-03/color/frame-000422.color.png stairs/seq-03/color/frame-000424.color.png 0.999995 -0.00212153 0.00243288 0.00953275 0.00211175 0.99999 0.0040558 -0.00875825 -0.00244144 -0.00405061 0.999989 0.0090102 0.0 0.0 0.0 1.0
stairs/seq-03/color/frame-000424.color.png stairs/seq-03/color/frame-000426.color.png 1.0 2.90209e-06 0.000277105 0.0168356 -4.30648e-06 0.999989 0.00478312 -0.0128146 -0.000277028 -0.00478309 0.999988 0.00301695 0.0 0.0 0.0 1.0
stairs/seq-03/color/frame-000426.color.png stairs/seq-03/color/frame-000428.color.png 1.0 -1.76465e-05 0.000506503 0.00687194 1.70994e-05 1.0 0.00086193 0.000732064 -0.000506532 -0.000861867 1.0 0.00969088 0.0 0.0 0.0 1.0
stairs/seq-03/color/frame-000428.color.png stairs/seq-03/color/frame-000430.color.png 0.999916 0.0129519 9.38564e-05 0.00331736 -0.0129519 0.999916 -0.000437897 0.0100189 -9.96111e-05 0.000436649 1.0 0.0173897 0.0 0.0 0.0 1.0
stairs/seq-03/color/frame-000430.color.png stairs/seq-03/color/frame-000432.color.png 0.999933 0.0105749 -0.0046092 0.024214 -0.0105781 0.999944 -0.000687575 0.00148761 0.00460177 0.000736209 0.999989 -1.0848e-05 0.0 0.0 0.0 1.0
stairs/seq-03/color/frame-000432.color.png stairs/seq-03/color/frame-000434.color.png 0.999921 -0.000552692 -0.0125689 0.0264281 0.000513746 0.999995 -0.00309109 0.00584114 0.0125706 0.00308447 0.999916 0.00813127 0.0 0.0 0.0 1.0
stairs/seq-03/color/frame-000434.color.png stairs/seq-03/color/frame-000436.color.png 0.999988 0.00369628 -0.00322134 0.013927 -0.00368641 0.999989 0.00304854 -0.00479138 0.00323254 -0.00303659 0.99999 0.00331223 0.0 0.0 0.0 1.0
stairs/seq-03/color/frame-000436.color.png stairs/seq-03/color/frame-000438.color.png 0.999954 0.0061129 -0.0073219 0.0275983 -0.00610508 0.999981 0.00108492 -0.00140887 0.00732829 -0.00104014 0.999973 0.00364685 0.0 0.0 0.0 1.0
stairs/seq-03/color/frame-000438.color.png stairs/seq-03/color/frame-000440.color.png 0.999956 0.0074397 -0.00579135 0.0189965 -0.00744582 0.999972 -0.00103228 0.0104098 0.00578344 0.00107545 0.999983 0.00656223 0.0 0.0 0.0 1.0
stairs/seq-03/color/frame-000440.color.png stairs/seq-03/color/frame-000442.color.png 0.999919 0.011353 -0.00567591 0.025443 -0.0113292 0.999927 0.00422023 -0.00247318 0.00572346 -0.00415561 0.999975 0.00445354 0.0 0.0 0.0 1.0
stairs/seq-03/color/frame-000442.color.png stairs/seq-03/color/frame-000444.color.png 0.999973 -0.000510702 -0.0073629 0.0115891 0.000526985 0.999997 0.00219951 -0.001243 0.00736179 -0.00220328 0.999971 0.00217855 0.0 0.0 0.0 1.0
stairs/seq-03/color/frame-000444.color.png stairs/seq-03/color/frame-000446.color.png 0.999941 0.00575088 0.00924725 0.00202382 -0.0058152 0.999959 0.00694129 -0.00801569 -0.00920688 -0.00699472 0.999933 0.0119033 0.0 0.0 0.0 1.0
stairs/seq-03/color/frame-000446.color.png stairs/seq-03/color/frame-000448.color.png 0.999998 0.000785561 0.00153983 -0.00392342 -0.000794072 0.999984 0.00554642 -0.0080905 -0.00153542 -0.0055476 0.999984 0.00249708 0.0 0.0 0.0 1.0
stairs/seq-03/color/frame-000448.color.png stairs/seq-03/color/frame-000450.color.png 0.99991 -0.0130446 0.00312786 -0.019448 0.0130398 0.999914 0.00156213 -0.0136375 -0.00314807 -0.00152118 0.999994 0.0106814 0.0 0.0 0.0 1.0
stairs/seq-03/color/frame-000450.color.png stairs/seq-03/color/frame-000452.color.png 0.999961 -0.00116477 0.00874309 -0.0162916 0.00111269 0.999982 0.00595031 -0.0153973 -0.00874983 -0.00594052 0.999944 0.0080471 0.0 0.0 0.0 1.0
stairs/seq-03/color/frame-000452.color.png stairs/seq-03/color/frame-000454.color.png 0.9999 0.00362193 0.0136911 -0.0221277 -0.00362694 0.999993 0.000334022 0.00165123 -0.0136899 -0.000383459 0.999906 0.02461 0.0 0.0 0.0 1.0
stairs/seq-03/color/frame-000454.color.png stairs/seq-03/color/frame-000456.color.png 0.999903 -0.0124312 0.00630011 -0.0262862 0.0124243 0.999922 0.00117525 -0.0206657 -0.00631421 -0.00109699 0.999979 0.0106403 0.0 0.0 0.0 1.0
stairs/seq-03/color/frame-000456.color.png stairs/seq-03/color/frame-000458.color.png 0.99995 -0.000183742 0.00995745 -0.019364 0.000185723 1.0 -0.00021028 -0.00678062 -0.00995755 0.000212152 0.99995 0.0181801 0.0 0.0 0.0 1.0
stairs/seq-03/color/frame-000458.color.png stairs/seq-03/color/frame-000460.color.png 0.999998 -0.00171184 0.000266483 -0.0157713 0.00171241 0.999996 -0.00218875 -0.00444686 -0.000262562 0.00218923 0.999998 0.00381899 0.0 0.0 0.0 1.0
stairs/seq-03/color/frame-000460.color.png stairs/seq-03/color/frame-000462.color.png 0.999954 -0.000946098 0.00959777 -0.0222462 0.000930897 0.999998 0.0015981 -0.00829881 -0.00959944 -0.00158915 0.999953 0.018541 0.0 0.0 0.0 1.0
stairs/seq-03/color/frame-000462.color.png stairs/seq-03/color/frame-000464.color.png 0.999967 -0.0075704 0.00276981 -0.0145161 0.00756774 0.999971 0.000924196 -0.0115254 -0.00277671 -0.000903116 0.999996 0.00299633 0.0 0.0 0.0 1.0
stairs/seq-03/color/frame-000464.color.png stairs/seq-03/color/frame-000466.color.png 0.999954 0.00097888 0.0095727 -0.0185057 -0.000981547 0.999999 0.000296526 -0.000985026 -0.00957235 -0.000305943 0.999954 0.0129913 0.0 0.0 0.0 1.0
stairs/seq-03/color/frame-000466.color.png stairs/seq-03/color/frame-000468.color.png 0.999992 -0.00150247 0.00373052 -0.0122865 0.00155309 0.999906 -0.0136053 0.0127223 -0.00370973 0.013611 0.999901 0.0167065 0.0 0.0 0.0 1.0
stairs/seq-03/color/frame-000468.color.png stairs/seq-03/color/frame-000470.color.png 0.99991 -0.00471047 -0.0125305 0.0181057 0.00456116 0.999919 -0.0119202 0.0119998 0.0125857 0.011862 0.99985 -0.00242317 0.0 0.0 0.0 1.0
stairs/seq-03/color/frame-000470.color.png stairs/seq-03/color/frame-000472.color.png 0.999983 0.00435979 -0.00393293 0.00929177 -0.00435841 0.99999 0.000369511 -0.0133916 0.00393446 -0.000352374 0.999992 0.00768566 0.0 0.0 0.0 1.0
stairs/seq-03/color/frame-000472.color.png stairs/seq-03/color/frame-000474.color.png 0.999901 0.0115883 -0.00791946 0.0233071 -0.0116208 0.999924 -0.00407633 0.0162231 0.00787155 0.00416808 0.99996 0.00434828 0.0 0.0 0.0 1.0
stairs/seq-03/color/frame-000474.color.png stairs/seq-03/color/frame-000476.color.png 0.999828 0.0139233 -0.0122862 0.0508286 -0.0138689 0.999894 0.0045146 -0.00487512 0.0123477 -0.0043435 0.999914 0.0114516 0.0 0.0 0.0 1.0
stairs/seq-03/color/frame-000476.color.png stairs/seq-03/color/frame-000478.color.png 0.999907 0.00631188 -0.0120772 0.034595 -0.0063428 0.999977 -0.00252874 0.00516444 0.012061 0.00260507 0.999924 0.011843 0.0 0.0 0.0 1.0
stairs/seq-03/color/frame-000478.color.png stairs/seq-03/color/frame-000480.color.png 0.999949 0.00264026 -0.00973511 0.024826 -0.00269116 0.999983 -0.00523268 0.0102975 0.00972112 0.00525866 0.999939 0.000354409 0.0 0.0 0.0 1.0
stairs/seq-03/color/frame-000480.color.png stairs/seq-03/color/frame-000482.color.png 0.999925 0.00743954 -0.00975536 0.0318811 -0.00745331 0.999971 -0.00138326 0.00324148 0.0097448 0.00145582 0.999951 -0.00098145 0.0 0.0 0.0 1.0
stairs/seq-03/color/frame-000482.color.png stairs/seq-03/color/frame-000484.color.png 0.999977 0.00500593 -0.00451661 0.0158757 -0.00501818 0.999984 -0.00268165 0.010762 0.00450306 0.00270438 0.999986 0.00640702 0.0 0.0 0.0 1.0
stairs/seq-03/color/frame-000484.color.png stairs/seq-03/color/frame-000486.color.png 0.999968 0.00485651 -0.00627509 0.0208113 -0.00487793 0.999982 -0.00340719 0.00785828 0.00625848 0.0034376 0.999974 0.00310028 0.0 0.0 0.0 1.0
stairs/seq-03/color/frame-000486.color.png stairs/seq-03/color/frame-000488.color.png 0.999992 -0.00259678 -0.00304695 0.0134203 0.00258963 0.999994 -0.00232881 -0.000929415 0.00305283 0.00232096 0.999993 0.00868332 0.0 0.0 0.0 1.0
stairs/seq-03/color/frame-000488.color.png stairs/seq-03/color/frame-000490.color.png 0.999993 0.00332031 0.0018866 0.00563216 -0.00330405 0.999958 -0.00853251 0.0120514 -0.00191469 0.00852598 0.999962 0.0115477 0.0 0.0 0.0 1.0
stairs/seq-03/color/frame-000490.color.png stairs/seq-03/color/frame-000492.color.png 0.999962 -0.0040331 -0.00780137 0.0176795 0.00401573 0.999989 -0.00223687 -0.0040859 0.00781029 0.00220558 0.999967 -0.00025475 0.0 0.0 0.0 1.0
stairs/seq-03/color/frame-000492.color.png stairs/seq-03/color/frame-000494.color.png 0.999992 -0.00361465 -0.00137754 0.00807238 0.00360666 0.999977 -0.00575302 0.000910461 0.0013983 0.00574798 0.999982 0.00679231 0.0 0.0 0.0 1.0
stairs/seq-03/color/frame-000494.color.png stairs/seq-03/color/frame-000496.color.png 0.999997 0.00242354 0.000306569 0.00691414 -0.00242257 0.999992 -0.0030856 0.00215232 -0.000314071 0.0030849 0.999995 0.00778627 0.0 0.0 0.0 1.0
stairs/seq-03/color/frame-000496.color.png stairs/seq-03/color/frame-000498.color.png 0.999999 -0.00102756 -0.000834679 0.00673258 0.00102553 0.999997 -0.0024041 0.00231028 0.000837088 0.00240322 0.999997 0.00630498 0.0 0.0 0.0 1.0
