redkitchen/seq-08/color/frame-000000.color.png redkitchen/seq-08/color/frame-000003.color.png 0.999734 0.00033702 -0.0230453 0.00825638 -0.000567515 0.99995 -0.00999603 0.00409036 0.0230408 0.0100065 0.999684 -0.000389958 0.0 0.0 0.0 1.0
redkitchen/seq-08/color/frame-000003.color.png redkitchen/seq-08/color/frame-000006.color.png 0.999975 0.00059881 0.00705345 0.00132593 -0.000603929 1.0 0.000723552 0.00803928 -0.00705301 -0.000727792 0.999975 -0.00331349 0.0 0.0 0.0 1.0
redkitchen/seq-08/color/frame-000006.color.png redkitchen/seq-08/color/frame-000009.color.png 0.999967 0.00160271 0.00797562 0.00159968 -0.00166841 0.999965 0.0082382 0.00211666 -0.00796213 -0.00825124 0.999934 -0.000414278 0.0 0.0 0.0 1.0
redkitchen/seq-08/color/frame-000009.color.png redkitchen/seq-08/color/frame-000012.color.png 0.999969 0.005834 0.00531745 -0.00841904 -0.00588706 0.999933 0.0100179 -0.000401992 -0.00525864 -0.0100489 0.999936 0.00217399 0.0 0.0 0.0 1.0
redkitchen/seq-08/color/frame-000012.color.png redkitchen/seq-08/color/frame-000015.color.png 0.999971 0.0074066 -0.00202813 -0.00640764 -0.00737805 0.999878 0.0137404 -0.00214092 0.00212965 -0.013725 0.999904 0.00932728 0.0 0.0 0.0 1.0
redkitchen/seq-08/color/frame-000015.color.png redkitchen/seq-08/color/frame-000018.color.png 0.999915 0.00963168 -0.00880304 -0.0198299 -0.00950809 0.999857 0.0139751 -0.00575724 0.00893638 -0.0138902 0.999864 0.0127635 0.0 0.0 0.0 1.0
redkitchen/seq-08/color/frame-000018.color.png redkitchen/seq-08/color/frame-000021.color.png 0.999472 0.0220477 -0.0238776 -0.0188569 -0.0218383 0.999721 0.00899383 -0.00890804 0.0240692 -0.00846764 0.999674 0.0167155 0.0 0.0 0.0 1.0
redkitchen/seq-08/color/frame-000021.color.png redkitchen/seq-08/color/frame-000024.color.png 0.999484 0.021676 -0.0236845 -0.0221533 -0.0215071 0.999742 0.0073635 -0.0127603 0.023838 -0.00685032 0.999692 0.0214081 0.0 0.0 0.0 1.0
redkitchen/seq-08/color/frame-000024.color.png redkitchen/seq-08/color/frame-000027.color.png 0.999297 0.0271981 -0.0258081 -0.0360905 -0.0271338 0.999628 0.00284066 -0.0168068 0.0258758 -0.00213838 0.999663 0.014958 0.0 0.0 0.0 1.0
redkitchen/seq-08/color/frame-000027.color.png redkitchen/seq-08/color/frame-000030.color.png 0.998585 0.0363853 -0.038782 -0.0205844 -0.0362717 0.999335 0.00362893 -0.0152526 0.0388883 -0.0022171 0.999241 0.0338457 0.0 0.0 0.0 1.0
redkitchen/seq-08/color/frame-000030.color.png redkitchen/seq-08/color/frame-000033.color.png 0.999594 0.0271686 -0.00863011 -0.0662231 -0.0271478 0.999628 0.00252021 -0.0357115 0.00869538 -0.0022849 0.99996 0.0270828 0.0 0.0 0.0 1.0
redkitchen/seq-08/color/frame-000033.color.png redkitchen/seq-08/color/frame-000036.color.png 0.999495 0.0220162 -0.0229018 -0.0360754 -0.0220068 0.999758 0.000667491 -0.0300689 0.0229109 -0.000163158 0.999738 0.0312791 0.0 0.0 0.0 1.0
redkitchen/seq-08/color/frame-000036.color.png redkitchen/seq-08/color/frame-000039.color.png 0.999832 0.0150547 -0.0104917 -0.0226964 -0.0151838 0.999809 -0.0123392 -0.0231538 0.0103039 0.0124964 0.999869 0.0299394 0.0 0.0 0.0 1.0
redkitchen/seq-08/color/frame-000039.color.png redkitchen/seq-08/color/frame-000042.color.png 0.999783 0.0206863 0.00254626 -0.0448613 -0.0206573 0.999727 -0.0109278 -0.0362938 -0.00277162 0.0108728 0.999937 0.0352293 0.0 0.0 0.0 1.0
redkitchen/seq-08/color/frame-000042.color.png redkitchen/seq-08/color/frame-000045.color.png 0.999934 0.00930815 -0.00679948 -0.0103448 -0.00944792 0.999739 -0.0208167 -0.0380649 0.00660392 0.0208796 0.99976 0.0233246 0.0 0.0 0.0 1.0
redkitchen/seq-08/color/frame-000045.color.png redkitchen/seq-08/color/frame-000048.color.png 0.999983 -0.000325089 0.00587293 -0.0444667 0.00049334 0.999589 -0.0286629 -0.0159742 -0.00586121 0.0286653 0.999572 0.0384059 0.0 0.0 0.0 1.0
redkitchen/seq-08/color/frame-000048.color.png redkitchen/seq-08/color/frame-000051.color.png 0.999961 0.00761414 -0.00442362 -0.0288387 -0.00764912 0.999939 -0.0079498 -0.0504048 0.00436286 0.00798333 0.999958 0.0340893 0.0 0.0 0.0 1.0
redkitchen/seq-08/color/frame-000051.color.png redkitchen/seq-08/color/frame-000054.color.png 0.999989 0.00144885 -0.0045656 -0.0128013 -0.00148843 0.999961 -0.00867405 -0.0296264 0.00455287 0.00868073 0.999952 0.0240285 0.0 0.0 0.0 1.0
redkitchen/seq-08/color/frame-000054.color.png redkitchen/seq-08/color/frame-000057.color.png 0.999727 -0.00127184 -0.0233462 0.00637951 0.00139358 0.999985 0.00520079 -0.0505641 0.0233393 -0.0052319 0.999714 0.0215784 0.0 0.0 0.0 1.0
redkitchen/seq-08/color/frame-000057.color.png redkitchen/seq-08/color/frame-000060.color.png 0.999997 -0.000420327 0.00224429 0.000398308 0.000447812 0.999925 -0.0122403 -0.0351033 -0.00223896 0.0122413 0.999922 0.0211422 0.0 0.0 0.0 1.0
redkitchen/seq-08/color/frame-000060.color.png redkitchen/seq-08/color/frame-000063.color.png 0.999976 0.00430718 -0.00540831 0.0150161 -0.00432157 0.999987 -0.00264247 -0.0517211 0.00539684 0.00266577 0.999982 0.0153723 0.0 0.0 0.0 1.0
redkitchen/seq-08/color/frame-000063.color.png redkitchen/seq-08/color/frame-000066.color.png 0.999903 -0.0105602 0.00904794 -0.003131 0.0107095 0.999805 -0.0166044 -0.0108731 -0.00887089 0.0166997 0.999821 0.0225796 0.0 0.0 0.0 1.0
redkitchen/seq-08/color/frame-000066.color.png redkitchen/seq-08/color/frame-000069.color.png 0.999938 0.00931884 0.00608028 0.0227099 -0.00926738 0.999921 -0.00844578 -0.0316135 -0.0061585 0.00838892 0.999946 0.0155399 0.0 0.0 0.0 1.0
redkitchen/seq-08/color/frame-000069.color.png redkitchen/seq-08/color/frame-000072.color.png 0.999994 0.00203139 0.00267946 0.0180354 -0.00200167 0.999937 -0.0110218 -0.0289377 -0.00270168 0.0110164 0.999936 0.0230865 0.0 0.0 0.0 1.0
redkitchen/seq-08/color/frame-000072.color.png redkitchen/seq-08/color/frame-000075.color.png 0.999998 -0.0005497 -0.00189096 0.0313232 0.000553959 0.999997 0.00225856 -0.0340082 0.0018897 -0.0022596 0.999996 0.0221198 0.0 0.0 0.0 1.0
redkitchen/seq-08/color/frame-000075.color.png redkitchen/seq-08/color/frame-000078.color.png 0.999687 -0.0120656 0.0219377 0.0288304 0.011981 0.99992 0.00398506 -0.0341355 -0.021984 -0.00372099 0.999752 0.000195622 0.0 0.0 0.0 1.0
redkitchen/seq-08/color/frame-000078.color.png redkitchen/seq-08/color/frame-000081.color.png 0.999909 -0.0134516 -0.000176794 0.0245586 0.0134526 0.999878 0.00796072 -0.0180514 6.9673e-05 -0.00796239 0.999968 0.00141388 0.0 0.0 0.0 1.0
redkitchen/seq-08/color/frame-000081.color.png redkitchen/seq-08/color/frame-000084.color.png 0.999409 -0.0182657 0.0291132 0.0124852 0.0181198 0.999822 0.00526611 -0.0325922 -0.0292042 -0.00473546 0.999562 0.00209877 0.0 0.0 0.0 1.0
redkitchen/seq-08/color/frame-000084.color.png redkitchen/seq-08/color/frame-000087.color.png 0.998503 -0.0411192 0.0360785 -0.00655358 0.0413641 0.999126 -0.00606659 0.00238401 -0.0357975 0.00754986 0.999331 0.012406 0.0 0.0 0.0 1.0
redkitchen/seq-08/color/frame-000087.color.png redkitchen/seq-08/color/frame-000090.color.png 0.997585 -0.0477591 0.0504362 -0.0113386 0.0479217 0.998849 -0.00201758 -0.0111598 -0.0502818 0.00442968 0.998725 -0.00036487 0.0 0.0 0.0 1.0
redkitchen/seq-08/color/frame-000090.color.png redkitchen/seq-08/color/frame-000093.color.png 0.998063 -0.0438894 0.0440866 -0.0049683 0.0439914 0.999031 -0.0013437 0.00133699 -0.0439849 0.00328054 0.999027 0.00409618 0.0 0.0 0.0 1.0
redkitchen/seq-08/color/frame-000093.color.png redkitchen/seq-08/color/frame-000096.color.png 0.999102 -0.0309929 0.0289043 -0.00382139 0.0308019 0.999501 0.00703051 -0.00796354 -0.0291077 -0.00613389 0.999557 -0.00686681 0.0 0.0 0.0 1.0
redkitchen/seq-08/color/frame-000096.color.png redkitchen/seq-08/color/frame-000099.color.png 0.995368 -0.0406949 0.0870977 -0.122407 0.0396379 0.999119 0.0138327 -0.0182621 -0.0875838 -0.0103162 0.996104 -0.0104882 0.0 0.0 0.0 1.0
redkitchen/seq-08/color/frame-000099.color.png redkitchen/seq-08/color/frame-000102.color.png 0.999327 -0.0210151 0.0300443 -0.000744596 0.0207936 0.999754 0.00766499 -0.00610769 -0.030198 -0.00703511 0.999519 0.00162062 0.0 0.0 0.0 1.0
redkitchen/seq-08/color/frame-000102.color.png redkitchen/seq-08/color/frame-000105.color.png 0.997908 -0.0268928 0.0587905 -0.0217615 0.0262964 0.999595 0.0108952 0.00495803 -0.0590597 -0.00932641 0.998211 0.0105848 0.0 0.0 0.0 1.0
redkitchen/seq-08/color/frame-000105.color.png redkitchen/seq-08/color/frame-000108.color.png 0.999151 -0.022686 0.0343997 -0.00548416 0.0225221 0.999733 0.00514306 0.00446755 -0.0345072 -0.00436393 0.999395 0.00452238 0.0 0.0 0.0 1.0
redkitchen/seq-08/color/frame-000108.color.png redkitchen/seq-08/color/frame-000111.color.png 0.997572 -0.0319656 0.0618798 -0.0412396 0.0304729 0.999225 0.0249181 -0.0284421 -0.0626284 -0.022972 0.997772 -0.00392652 0.0 0.0 0.0 1.0
redkitchen/seq-08/color/frame-000111.color.png redkitchen/seq-08/color/frame-000114.color.png 0.999365 -0.00806653 -0.0346985 0.178667 0.00805762 0.999967 -0.000396549 0.0209024 0.0347006 0.000116716 0.999398 0.0318092 0.0 0.0 0.0 1.0
redkitchen/seq-08/color/frame-000114.color.png redkitchen/seq-08/color/frame-000117.color.png 0.999773 -0.0175663 0.012076 0.015962 0.0174136 0.999768 0.0126352 -0.0166429 -0.0122951 -0.0124221 0.999847 0.00373077 0.0 0.0 0.0 1.0
redkitchen/seq-08/color/frame-000117.color.png redkitchen/seq-08/color/frame-000120.color.png 0.999378 -0.0319902 0.0148233 0.00744984 0.032034 0.999483 -0.00273349 0.0252727 -0.0147281 0.00320664 0.999886 0.024537 0.0 0.0 0.0 1.0
redkitchen/seq-08/color/frame-000120.color.png redkitchen/seq-08/color/frame-000123.color.png 0.999822 -0.0181557 -0.00518711 0.0211705 0.0182241 0.999743 0.0134555 -0.0280318 0.00494145 -0.0135476 0.999896 -0.0115972 0.0 0.0 0.0 1.0
redkitchen/seq-08/color/frame-000123.color.png redkitchen/seq-08/color/frame-000126.color.png 0.999739 -0.0213858 -0.00806999 0.0613765 0.0214047 0.999768 0.00225627 0.0468577 0.00801992 -0.0024284 0.999965 0.00827527 0.0 0.0 0.0 1.0
redkitchen/seq-08/color/frame-000126.color.png redkitchen/seq-08/color/frame-000129.color.png 0.999803 -0.012339 -0.0155341 0.0344058 0.0126034 0.999775 0.017036 0.00270116 0.0153204 -0.0172284 0.999734 -0.0104303 0.0 0.0 0.0 1.0
redkitchen/seq-08/color/frame-000129.color.png redkitchen/seq-08/color/frame-000132.color.png 0.999929 -0.0103082 -0.00601124 0.0404847 0.010396 0.999837 0.0147656 0.00699306 0.00585809 -0.0148271 0.999873 -0.00964391 0.0 0.0 0.0 1.0
redkitchen/seq-08/color/frame-000132.color.png redkitchen/seq-08/color/frame-000135.color.png 0.99936 -0.0178235 0.031011 -0.013611 0.016843 0.999359 0.0315968 -0.010365 -0.0315543 -0.0310543 0.999019 -0.010309 0.0 0.0 0.0 1.0
redkitchen/seq-08/color/frame-000135.color.png redkitchen/seq-08/color/frame-000138.color.png 0.999816 -0.0106733 0.0159308 0.0118665 0.0104085 0.999808 0.0166161 0.0145331 -0.0161051 -0.0164472 0.999735 -0.012561 0.0 0.0 0.0 1.0
redkitchen/seq-08/color/frame-000138.color.png redkitchen/seq-08/color/frame-000141.color.png 0.999805 -0.00790098 0.0181044 -0.000978231 0.00757912 0.999813 0.0177734 0.0163624 -0.0182415 -0.0176327 0.999678 -0.0129613 0.0 0.0 0.0 1.0
redkitchen/seq-08/color/frame-000141.color.png redkitchen/seq-08/color/frame-000144.color.png 0.999914 -0.0119619 0.00530694 0.0150107 0.0117402 0.999131 0.0400012 0.00943977 -0.00578086 -0.0399355 0.999186 -0.046658 0.0 0.0 0.0 1.0
redkitchen/seq-08/color/frame-000144.color.png redkitchen/seq-08/color/frame-000147.color.png 0.999874 -0.0122945 0.010039 0.00157866 0.0119912 0.999486 0.0297363 -0.0026502 -0.0103994 -0.0296121 0.999507 -0.0274231 0.0 0.0 0.0 1.0
redkitchen/seq-08/color/frame-000147.color.png redkitchen/seq-08/color/frame-000150.color.png 0.999816 -0.0161636 0.0102871 -0.000372767 0.0159675 0.999695 0.0188658 0.00646171 -0.010589 -0.0186981 0.999769 -0.0286614 0.0 0.0 0.0 1.0
redkitchen/seq-08/color/frame-000150.color.png redkitchen/seq-08/color/frame-000153.color.png 0.999812 -0.0159648 0.0109895 0.00733721 0.0157693 0.99972 0.0176541 0.00229961 -0.0112682 -0.0174775 0.999784 -0.0307528 0.0 0.0 0.0 1.0
redkitchen/seq-08/color/frame-000153.color.png redkitchen/seq-08/color/frame-000156.color.png 0.999746 -0.00802638 0.0210694 -0.0120474 0.0077992 0.999911 0.0108425 0.0290864 -0.0211545 -0.0106754 0.999719 -0.0212165 0.0 0.0 0.0 1.0
redkitchen/seq-08/color/frame-000156.color.png redkitchen/seq-08/color/frame-000159.color.png 0.999804 -0.0136244 -0.0143786 0.0350583 0.0135614 0.999898 -0.00446951 0.0438736 0.014438 0.00427363 0.999887 -0.0385675 0.0 0.0 0.0 1.0
redkitchen/seq-08/color/frame-000159.color.png redkitchen/seq-08/color/frame-000162.color.png 0.99996 -0.00774162 -0.00453889 0.0111504 0.00777649 0.99994 0.00769109 0.00854778 0.00447913 -0.00772602 0.99996 -0.0249364 0.0 0.0 0.0 1.0
redkitchen/seq-08/color/frame-000162.color.png redkitchen/seq-08/color/frame-000165.color.png 0.99969 -0.00891039 0.0232331 -0.0195847 0.00884659 0.999957 0.00284714 0.00474885 -0.0232574 -0.00264072 0.999726 -0.00100705 0.0 0.0 0.0 1.0
redkitchen/seq-08/color/frame-000165.color.png redkitchen/seq-08/color/frame-000168.color.png 0.999787 -0.0203435 0.00350768 -0.00688034 0.0204218 0.999505 -0.0239331 0.0597391 -0.00301911 0.0239997 0.999707 -0.00510383 0.0 0.0 0.0 1.0
redkitchen/seq-08/color/frame-000168.color.png redkitchen/seq-08/color/frame-000171.color.png 0.999944 -0.00772157 0.00720914 -0.00639439 0.00774538 0.999965 -0.00328866 0.00616167 -0.00718351 0.00334433 0.999969 -0.0115832 0.0 0.0 0.0 1.0
redkitchen/seq-08/color/frame-000171.color.png redkitchen/seq-08/color/frame-000174.color.png 0.999842 -0.0100272 0.0146746 -0.0248703 0.0100186 0.99995 0.000658931 0.00213809 -0.0146806 -0.000511868 0.999892 -0.00314295 0.0 0.0 0.0 1.0
redkitchen/seq-08/color/frame-000174.color.png redkitchen/seq-08/color/frame-000177.color.png 0.999796 -0.014662 0.0139158 -0.0229075 0.0147245 0.999882 -0.00440266 0.014868 -0.0138496 0.00460669 0.999894 -0.0141387 0.0 0.0 0.0 1.0
redkitchen/seq-08/color/frame-000177.color.png redkitchen/seq-08/color/frame-000180.color.png 0.999869 0.000890316 0.0161816 -0.0293136 -0.000844711 0.999996 -0.00282137 0.0132642 -0.0161841 0.00280732 0.999865 -0.00337526 0.0 0.0 0.0 1.0
redkitchen/seq-08/color/frame-000180.color.png redkitchen/seq-08/color/frame-000183.color.png 0.99998 -0.00171887 0.00608103 -0.00536555 0.00171563 0.999998 0.000541355 0.0186007 -0.00608195 -0.00053089 0.999981 -0.014554 0.0 0.0 0.0 1.0
redkitchen/seq-08/color/frame-000183.color.png redkitchen/seq-08/color/frame-000186.color.png 0.99985 -0.00145611 0.0172474 -0.0247191 0.00117705 0.999869 0.0161768 0.0139175 -0.0172686 -0.016154 0.99972 -0.011445 0.0 0.0 0.0 1.0
redkitchen/seq-08/color/frame-000186.color.png redkitchen/seq-08/color/frame-000189.color.png 0.999904 0.0138558 -0.000539466 0.00269705 -0.0138508 0.999868 0.00851174 0.0170346 0.000657268 -0.00850351 0.999964 -0.0141526 0.0 0.0 0.0 1.0
redkitchen/seq-08/color/frame-000189.color.png redkitchen/seq-08/color/frame-000192.color.png 0.999997 -0.00231522 -0.000539462 -0.00545865 0.00231718 0.99999 0.00376599 0.0225194 0.000530811 -0.00376718 0.999993 -0.0146421 0.0 0.0 0.0 1.0
redkitchen/seq-08/color/frame-000192.color.png redkitchen/seq-08/color/frame-000195.color.png 0.999933 0.00410067 -0.0108127 0.0087626 -0.004078 0.999989 0.00210876 0.0196581 0.0108212 -0.00206458 0.999939 -0.0163758 0.0 0.0 0.0 1.0
redkitchen/seq-08/color/frame-000195.color.png redkitchen/seq-08/color/frame-000198.color.png 0.999909 -0.00280093 -0.0132186 0.0132691 0.00281369 0.999996 0.000953049 0.0103439 0.0132159 -0.000990171 0.999912 -0.0149219 0.0 0.0 0.0 1.0
redkitchen/seq-08/color/frame-000198.color.png redkitchen/seq-08/color/frame-000201.color.png 0.999745 -0.00271688 -0.0224281 0.0378635 0.00260133 0.999983 -0.0051844 0.02079 0.0224418 0.00512479 0.999735 -0.0252853 0.0 0.0 0.0 1.0
redkitchen/seq-08/color/frame-000201.color.png redkitchen/seq-08/color/frame-000204.color.png 0.999914 -0.00317618 -0.0126926 0.0198721 0.00306292 0.999956 -0.00892627 0.0186572 0.0127204 0.00888657 0.99988 -0.0140128 0.0 0.0 0.0 1.0
redkitchen/seq-08/color/frame-000204.color.png redkitchen/seq-08/color/frame-000207.color.png 0.999892 -0.0065826 -0.0131565 0.027518 0.00662193 0.999974 0.0029461 0.00643408 0.0131368 -0.00303294 0.999909 -0.00730957 0.0 0.0 0.0 1.0
redkitchen/seq-08/color/frame-000207.color.png redkitchen/seq-08/color/frame-000210.color.png 0.999942 0.0093128 0.00547532 0.0215227 -0.0092919 0.99995 -0.00382217 0.0540551 -0.00551057 0.00377115 0.999978 0.0231759 0.0 0.0 0.0 1.0
redkitchen/seq-08/color/frame-000210.color.png redkitchen/seq-08/color/frame-000213.color.png 0.999915 -0.0124188 0.00398627 0.0312422 0.0124787 0.999804 -0.0153565 0.0275782 -0.00379488 0.0154049 0.999874 -0.00173639 0.0 0.0 0.0 1.0
redkitchen/seq-08/color/frame-000213.color.png redkitchen/seq-08/color/frame-000216.color.png 0.999916 0.0101178 -0.00814513 0.0417981 -0.010037 0.999901 0.00991564 0.0122899 0.00824475 -0.00983309 0.999918 -0.00772579 0.0 0.0 0.0 1.0
redkitchen/seq-08/color/frame-000216.color.png redkitchen/seq-08/color/frame-000219.color.png 0.999914 0.0081849 0.0102362 0.0308859 -0.00814659 0.99996 -0.0037756 0.0297056 -0.0102668 0.0036919 0.999941 0.0077827 0.0 0.0 0.0 1.0
redkitchen/seq-08/color/frame-000219.color.png redkitchen/seq-08/color/frame-000222.color.png 0.999967 0.00701264 -0.00408423 0.0345067 -0.00699133 0.999962 0.00519616 0.0128548 0.00412054 -0.0051674 0.999978 -0.00700703 0.0 0.0 0.0 1.0
redkitchen/seq-08/color/frame-000222.color.png redkitchen/seq-08/color/frame-000225.color.png 0.999996 -0.000468613 -0.00289686 0.0556964 0.000473499 0.999998 0.00171571 0.0121622 0.00289604 -0.00171703 0.999994 -0.020918 0.0 0.0 0.0 1.0
redkitchen/seq-08/color/frame-000225.color.png redkitchen/seq-08/color/frame-000228.color.png 0.999878 0.0141217 0.00661779 0.0430938 -0.0141204 0.9999 -0.000242119 0.0294199 -0.00662069 0.000148559 0.999978 -0.000475183 0.0 0.0 0.0 1.0
redkitchen/seq-08/color/frame-000228.color.png redkitchen/seq-08/color/frame-000231.color.png 0.999973 0.00531378 0.00503015 0.0299792 -0.0053423 0.99997 0.00565942 0.00509824 -0.00499986 -0.00568618 0.999971 -0.000938237 0.0 0.0 0.0 1.0
redkitchen/seq-08/color/frame-000231.color.png redkitchen/seq-08/color/frame-000234.color.png 0.999908 0.0103964 -0.00867901 0.0403978 -0.0105238 0.999836 -0.014764 0.0255961 0.00852409 0.014854 0.999853 -0.0226338 0.0 0.0 0.0 1.0
redkitchen/seq-08/color/frame-000234.color.png redkitchen/seq-08/color/frame-000237.color.png 0.999932 0.00875489 -0.00767328 0.0344775 -0.00871078 0.999945 0.00576857 0.00821005 0.00772333 -0.00570144 0.999954 -0.00582828 0.0 0.0 0.0 1.0
redkitchen/seq-08/color/frame-000237.color.png redkitchen/seq-08/color/frame-000240.color.png 0.999818 0.00941741 -0.0166055 0.0493609 -0.00935366 0.999949 0.00391206 0.00943041 0.0166415 -0.00375597 0.999855 -0.0290272 0.0 0.0 0.0 1.0
redkitchen/seq-08/color/frame-000240.color.png redkitchen/seq-08/color/frame-000243.color.png 0.999792 0.0189876 -0.00747616 0.0477248 -0.018906 0.999763 0.0108356 0.0249326 0.00768009 -0.010692 0.999913 -0.00456937 0.0 0.0 0.0 1.0
redkitchen/seq-08/color/frame-000243.color.png redkitchen/seq-08/color/frame-000246.color.png 0.99992 0.00691617 -0.0105985 0.034659 -0.00691105 0.999976 0.000515204 0.0119319 0.0106018 -0.000441953 0.999944 -0.00541279 0.0 0.0 0.0 1.0
redkitchen/seq-08/color/frame-000246.color.png redkitchen/seq-08/color/frame-000249.color.png 0.999433 0.0238448 -0.0237929 0.0598561 -0.0235196 0.999627 0.0138577 0.0200238 0.0241145 -0.0132902 0.999621 -0.0328912 0.0 0.0 0.0 1.0
redkitchen/seq-08/color/frame-000249.color.png redkitchen/seq-08/color/frame-000252.color.png 0.999917 0.00530129 -0.0117723 0.0342644 -0.00540112 0.99995 -0.00846494 0.0161515 0.011727 0.00852784 0.999895 -0.00992467 0.0 0.0 0.0 1.0
redkitchen/seq-08/color/frame-000252.color.png redkitchen/seq-08/color/frame-000255.color.png 0.999878 0.01131 -0.0107498 0.0373729 -0.0112277 0.999907 0.00767929 0.00702211 0.0108356 -0.00755768 0.999913 -0.015223 0.0 0.0 0.0 1.0
redkitchen/seq-08/color/frame-000255.color.png redkitchen/seq-08/color/frame-000258.color.png 0.999314 0.00929142 -0.0358409 0.0652556 -0.00942507 0.999949 -0.0035603 0.020384 0.0358061 0.00389566 0.999351 -0.054753 0.0 0.0 0.0 1.0
redkitchen/seq-08/color/frame-000258.color.png redkitchen/seq-08/color/frame-000261.color.png 0.999798 0.020081 2.11182e-05 0.0312558 -0.0200775 0.999602 0.0198219 0.0162823 0.000376963 -0.0198183 0.999803 -0.00496565 0.0 0.0 0.0 1.0
redkitchen/seq-08/color/frame-000261.color.png redkitchen/seq-08/color/frame-000264.color.png 0.999958 0.00893621 -0.00174214 0.0219388 -0.00895361 0.999908 -0.0102277 0.0239178 0.00165057 0.0102429 0.999946 -0.00525996 0.0 0.0 0.0 1.0
redkitchen/seq-08/color/frame-000264.color.png redkitchen/seq-08/color/frame-000267.color.png 0.999706 0.0134885 -0.0201642 0.0354383 -0.0134293 0.999905 0.00306917 0.00748782 0.0202037 -0.00279755 0.999792 -0.0421985 0.0 0.0 0.0 1.0
redkitchen/seq-08/color/frame-000267.color.png redkitchen/seq-08/color/frame-000270.color.png 0.999583 0.0254624 -0.0136377 0.0400375 -0.0252392 0.999549 0.0162914 0.0247241 0.0140462 -0.0159403 0.999774 -0.0180178 0.0 0.0 0.0 1.0
redkitchen/seq-08/color/frame-000270.color.png redkitchen/seq-08/color/frame-000273.color.png 0.999833 0.0158002 -0.00918045 0.0223587 -0.0158998 0.999814 -0.0108795 0.0329998 0.00900685 0.0110236 0.999899 -0.0174906 0.0 0.0 0.0 1.0
redkitchen/seq-08/color/frame-000273.color.png redkitchen/seq-08/color/frame-000276.color.png 0.999533 0.0197395 -0.0233282 0.0324013 -0.0196641 0.999801 0.00345358 0.0130594 0.0233917 -0.00299312 0.999722 -0.0378717 0.0 0.0 0.0 1.0
redkitchen/seq-08/color/frame-000276.color.png redkitchen/seq-08/color/frame-000279.color.png 0.999283 0.0353091 -0.0136547 0.0410646 -0.0352235 0.999359 0.00645961 0.0462161 0.013874 -0.00597403 0.999886 -0.0294094 0.0 0.0 0.0 1.0
redkitchen/seq-08/color/frame-000279.color.png redkitchen/seq-08/color/frame-000282.color.png 0.999116 0.0355898 -0.0223951 0.0280876 -0.0354878 0.999358 0.00493649 0.0458732 0.0225564 -0.0041374 0.999737 -0.0364531 0.0 0.0 0.0 1.0
redkitchen/seq-08/color/frame-000282.color.png redkitchen/seq-08/color/frame-000285.color.png 0.999414 0.0311892 -0.0140974 0.0257616 -0.0310075 0.999436 0.012926 0.037137 0.0144926 -0.0124813 0.999817 -0.0241321 0.0 0.0 0.0 1.0
redkitchen/seq-08/color/frame-000285.color.png redkitchen/seq-08/color/frame-000288.color.png 0.999145 0.0361279 -0.0201159 0.0422202 -0.0360437 0.99934 0.00452961 0.0587941 0.0202663 -0.00380072 0.999787 -0.0453826 0.0 0.0 0.0 1.0
redkitchen/seq-08/color/frame-000288.color.png redkitchen/seq-08/color/frame-000291.color.png 0.99946 0.0309781 -0.01097 0.0229839 -0.0307613 0.999338 0.0194118 0.0360842 0.011564 -0.019064 0.999751 -0.0195208 0.0 0.0 0.0 1.0
redkitchen/seq-08/color/frame-000291.color.png redkitchen/seq-08/color/frame-000294.color.png 0.999689 0.0198535 -0.0150965 0.026383 -0.0199213 0.999792 -0.00434788 0.0432839 0.015007 0.00464726 0.999877 -0.0315736 0.0 0.0 0.0 1.0
redkitchen/seq-08/color/frame-000294.color.png redkitchen/seq-08/color/frame-000297.color.png 0.99896 0.0430493 -0.0150629 0.0210958 -0.0429247 0.999042 0.00850599 0.0440996 0.0154146 -0.00785051 0.99985 -0.02329 0.0 0.0 0.0 1.0
redkitchen/seq-08/color/frame-000297.color.png redkitchen/seq-08/color/frame-000300.color.png 0.999186 0.0318387 -0.0247833 0.0406423 -0.031954 0.99948 -0.0042716 0.0491403 0.0246344 0.00506009 0.999684 -0.0605197 0.0 0.0 0.0 1.0
redkitchen/seq-08/color/frame-000300.color.png redkitchen/seq-08/color/frame-000303.color.png 0.999471 0.0276117 -0.0171604 0.0103753 -0.027655 0.999615 -0.00229433 0.0352697 0.0170905 0.00276757 0.99985 -0.0303889 0.0 0.0 0.0 1.0
redkitchen/seq-08/color/frame-000303.color.png redkitchen/seq-08/color/frame-000306.color.png 0.99913 0.0389501 -0.014927 0.0106359 -0.0392496 0.999023 -0.0203321 0.0611862 0.0141205 0.0209003 0.999682 -0.0306465 0.0 0.0 0.0 1.0
redkitchen/seq-08/color/frame-000306.color.png redkitchen/seq-08/color/frame-000309.color.png 0.999306 0.0220443 -0.030044 0.021991 -0.0231419 0.999059 -0.0366822 0.021851 0.0292071 0.037352 0.998875 -0.0606342 0.0 0.0 0.0 1.0
redkitchen/seq-08/color/frame-000309.color.png redkitchen/seq-08/color/frame-000312.color.png 0.998999 0.0409589 -0.0179827 0.00192666 -0.0412271 0.99904 -0.0148081 0.03127 0.0173589 0.0155346 0.999729 -0.027284 0.0 0.0 0.0 1.0
redkitchen/seq-08/color/frame-000312.color.png redkitchen/seq-08/color/frame-000315.color.png 0.999056 0.0303486 -0.0310984 0.00214672 -0.0310882 0.999238 -0.0235762 0.0351967 0.0303592 0.0245207 0.999238 -0.0504702 0.0 0.0 0.0 1.0
redkitchen/seq-08/color/frame-000315.color.png redkitchen/seq-08/color/frame-000318.color.png 0.999228 0.0319215 -0.0229084 0.00760138 -0.0325454 0.999095 -0.0274001 0.0389163 0.022013 0.0281245 0.999362 -0.0429683 0.0 0.0 0.0 1.0
redkitchen/seq-08/color/frame-000318.color.png redkitchen/seq-08/color/frame-000321.color.png 0.998731 0.0349247 -0.0362877 0.00711668 -0.0352356 0.999347 -0.00796458 0.019265 0.0359859 0.00923311 0.99931 -0.0711512 0.0 0.0 0.0 1.0
redkitchen/seq-08/color/frame-000321.color.png redkitchen/seq-08/color/frame-000324.color.png 0.999074 0.0268991 -0.0335724 -0.00224352 -0.0276773 0.999354 -0.0229377 0.0251235 0.0329336 0.0238456 0.999173 -0.0508633 0.0 0.0 0.0 1.0
redkitchen/seq-08/color/frame-000324.color.png redkitchen/seq-08/color/frame-000327.color.png 0.999339 0.0316724 -0.0178308 -0.0132667 -0.0322309 0.99897 -0.0319515 0.0380643 0.0168004 0.0325051 0.99933 -0.0375232 0.0 0.0 0.0 1.0
redkitchen/seq-08/color/frame-000327.color.png redkitchen/seq-08/color/frame-000330.color.png 0.999644 0.0226021 -0.0141544 0.0013814 -0.0227246 0.999705 -0.00854729 -0.0047545 0.013957 0.00886592 0.999863 -0.0279301 0.0 0.0 0.0 1.0
redkitchen/seq-08/color/frame-000330.color.png redkitchen/seq-08/color/frame-000333.color.png 0.999849 0.0143027 -0.00985378 -0.0187799 -0.0145962 0.999431 -0.0304139 0.00231788 0.00941317 0.0305531 0.999489 -0.00656826 0.0 0.0 0.0 1.0
redkitchen/seq-08/color/frame-000333.color.png redkitchen/seq-08/color/frame-000336.color.png 0.999745 0.0169205 -0.0149326 -0.002092 -0.0171756 0.999706 -0.0171123 -0.0166351 0.0146387 0.0173645 0.999742 -0.0386037 0.0 0.0 0.0 1.0
redkitchen/seq-08/color/frame-000336.color.png redkitchen/seq-08/color/frame-000339.color.png 0.998753 0.0444343 -0.0227351 -0.0282929 -0.0451742 0.998429 -0.0331383 0.0606056 0.0212269 0.0341241 0.999192 -0.0233465 0.0 0.0 0.0 1.0
redkitchen/seq-08/color/frame-000339.color.png redkitchen/seq-08/color/frame-000342.color.png 0.99882 0.0363755 -0.0321627 -0.0335046 -0.0365611 0.999318 -0.00519414 0.0360845 0.0319519 0.00636391 0.999469 -0.0380291 0.0 0.0 0.0 1.0
redkitchen/seq-08/color/frame-000342.color.png redkitchen/seq-08/color/frame-000345.color.png 0.997973 0.049577 -0.0398928 -0.0203716 -0.0499119 0.998726 -0.00744545 0.062423 0.0394729 0.00942151 0.999176 -0.051168 0.0 0.0 0.0 1.0
redkitchen/seq-08/color/frame-000345.color.png redkitchen/seq-08/color/frame-000348.color.png 0.998242 0.0301708 -0.0510194 -0.0336717 -0.0297171 0.999512 0.00962845 0.0157445 0.051285 -0.0080954 0.998651 -0.0734617 0.0 0.0 0.0 1.0
redkitchen/seq-08/color/frame-000348.color.png redkitchen/seq-08/color/frame-000351.color.png 0.99793 0.00249391 -0.0642597 -0.0332909 -0.0030143 0.999963 -0.00800177 -0.0100667 0.0642374 0.00817892 0.997901 -0.0910788 0.0 0.0 0.0 1.0
redkitchen/seq-08/color/frame-000351.color.png redkitchen/seq-08/color/frame-000354.color.png 0.998937 -0.00558544 -0.0457623 -0.0407676 0.00468637 0.999794 -0.0197297 0.0161811 0.0458631 0.0194943 0.998757 -0.04359 0.0 0.0 0.0 1.0
redkitchen/seq-08/color/frame-000354.color.png redkitchen/seq-08/color/frame-000357.color.png 0.998876 0.0135464 -0.0454236 -0.0247507 -0.0123076 0.999547 0.0274437 0.00147471 0.0457748 -0.0268538 0.998591 -0.0825835 0.0 0.0 0.0 1.0
redkitchen/seq-08/color/frame-000357.color.png redkitchen/seq-08/color/frame-000360.color.png 0.999292 0.0321161 -0.0196099 -0.0394299 -0.0310041 0.998027 0.0545916 0.0502456 0.0213246 -0.0539449 0.998316 -0.0354735 0.0 0.0 0.0 1.0
redkitchen/seq-08/color/frame-000360.color.png redkitchen/seq-08/color/frame-000363.color.png 0.999608 0.0195927 -0.020019 -0.0426074 -0.0189169 0.999263 0.0334018 0.0241419 0.0206587 -0.03301 0.999242 -0.0334738 0.0 0.0 0.0 1.0
redkitchen/seq-08/color/frame-000363.color.png redkitchen/seq-08/color/frame-000366.color.png 0.999291 -0.0143843 -0.0347875 -0.0376356 0.0153549 0.999496 0.0277955 -0.024416 0.0343701 -0.02831 0.999008 -0.0671721 0.0 0.0 0.0 1.0
redkitchen/seq-08/color/frame-000366.color.png redkitchen/seq-08/color/frame-000369.color.png 0.999994 -0.0020572 -0.00257674 -0.055693 0.00212758 0.999615 0.0276717 -0.00135231 0.00251889 -0.0276771 0.999614 -0.00876103 0.0 0.0 0.0 1.0
redkitchen/seq-08/color/frame-000369.color.png redkitchen/seq-08/color/frame-000372.color.png 0.99993 -0.0117796 -0.00132057 -0.0507233 0.0118063 0.999676 0.0225349 -0.012985 0.00105469 -0.0225489 0.999745 -0.00682289 0.0 0.0 0.0 1.0
redkitchen/seq-08/color/frame-000372.color.png redkitchen/seq-08/color/frame-000375.color.png 0.999741 -0.0222835 -0.00464087 -0.0391455 0.0223261 0.999707 0.00933135 -0.00539392 0.0044316 -0.00943253 0.999946 0.00306576 0.0 0.0 0.0 1.0
redkitchen/seq-08/color/frame-000375.color.png redkitchen/seq-08/color/frame-000378.color.png 0.999343 -0.0357167 -0.00624011 -0.0580641 0.0358624 0.999043 0.0250458 -0.00935037 0.0053396 -0.0252531 0.999667 -0.0084227 0.0 0.0 0.0 1.0
redkitchen/seq-08/color/frame-000378.color.png redkitchen/seq-08/color/frame-000381.color.png 0.999922 -0.0101269 -0.00732383 -0.0347291 0.0103307 0.999546 0.0283061 -0.00641201 0.00703388 -0.0283796 0.999572 -0.00968437 0.0 0.0 0.0 1.0
redkitchen/seq-08/color/frame-000381.color.png redkitchen/seq-08/color/frame-000384.color.png 0.999903 -0.0117557 0.00751719 -0.0293968 0.0115277 0.999493 0.0296791 -0.0216452 -0.00786231 -0.0295895 0.999531 0.0163203 0.0 0.0 0.0 1.0
redkitchen/seq-08/color/frame-000384.color.png redkitchen/seq-08/color/frame-000387.color.png 0.999254 -0.0378823 0.00756689 -0.0344641 0.037866 0.99928 0.00226281 -0.0246526 -0.00764715 -0.00197456 0.999969 0.0287469 0.0 0.0 0.0 1.0
redkitchen/seq-08/color/frame-000387.color.png redkitchen/seq-08/color/frame-000390.color.png 0.999126 -0.0407102 0.00948685 -0.0344604 0.0406654 0.999161 0.00488307 -0.0185715 -0.0096777 -0.00449307 0.999943 0.0294911 0.0 0.0 0.0 1.0
redkitchen/seq-08/color/frame-000390.color.png redkitchen/seq-08/color/frame-000393.color.png 0.998375 -0.056575 0.00676441 -0.0345867 0.0563974 0.998119 0.0240525 -0.0359948 -0.00811245 -0.0236319 0.999688 0.0309379 0.0 0.0 0.0 1.0
redkitchen/seq-08/color/frame-000393.color.png redkitchen/seq-08/color/frame-000396.color.png 0.998015 -0.051128 0.0367578 -0.0485474 0.0509537 0.998685 0.00566182 -0.0305471 -0.0369989 -0.00377759 0.999308 0.0580084 0.0 0.0 0.0 1.0
redkitchen/seq-08/color/frame-000396.color.png redkitchen/seq-08/color/frame-000399.color.png 0.997349 -0.0662174 0.030171 -0.0630988 0.065701 0.99768 0.0177944 -0.0435186 -0.0312793 -0.015765 0.999386 0.0444077 0.0 0.0 0.0 1.0
redkitchen/seq-08/color/frame-000399.color.png redkitchen/seq-08/color/frame-000402.color.png 0.991545 -0.126945 0.026899 -0.0203678 0.126631 0.991863 0.0130988 -0.0878103 -0.0283429 -0.00958183 0.999552 0.0585481 0.0 0.0 0.0 1.0
redkitchen/seq-08/color/frame-000402.color.png redkitchen/seq-08/color/frame-000405.color.png 0.993703 -0.104669 0.0399932 -0.0501862 0.103828 0.994339 0.0225653 -0.0781374 -0.0421288 -0.0182708 0.998945 0.0483476 0.0 0.0 0.0 1.0
redkitchen/seq-08/color/frame-000405.color.png redkitchen/seq-08/color/frame-000408.color.png 0.997217 -0.0669464 0.0328049 -0.0407877 0.0666923 0.997735 0.0087815 -0.0339946 -0.0333186 -0.00656922 0.999423 0.0385729 0.0 0.0 0.0 1.0
redkitchen/seq-08/color/frame-000408.color.png redkitchen/seq-08/color/frame-000411.color.png 0.997477 -0.0649911 0.0285634 -0.0508077 0.0646036 0.997809 0.014286 -0.0430157 -0.0294292 -0.0124046 0.99949 0.0300017 0.0 0.0 0.0 1.0
redkitchen/seq-08/color/frame-000411.color.png redkitchen/seq-08/color/frame-000414.color.png 0.996855 -0.0734749 0.0296735 -0.0499239 0.0728502 0.997109 0.0216101 -0.0461719 -0.0311755 -0.0193805 0.999326 0.0268951 0.0 0.0 0.0 1.0
redkitchen/seq-08/color/frame-000414.color.png redkitchen/seq-08/color/frame-000417.color.png 0.996087 -0.082976 0.0304365 -0.0411256 0.0822884 0.996339 0.0231895 -0.0545922 -0.0322492 -0.0205942 0.999268 0.0303683 0.0 0.0 0.0 1.0
redkitchen/seq-08/color/frame-000417.color.png redkitchen/seq-08/color/frame-000420.color.png 0.99294 -0.0920378 0.0748278 -0.0803095 0.09117 0.995723 0.0149392 -0.0427475 -0.0758827 -0.00801164 0.997085 0.0472537 0.0 0.0 0.0 1.0
redkitchen/seq-08/color/frame-000420.color.png redkitchen/seq-08/color/frame-000423.color.png 0.997306 -0.0672025 0.0294054 -0.0390217 0.0667664 0.997647 0.0155731 -0.0336623 -0.0303828 -0.0135679 0.999446 0.0206955 0.0 0.0 0.0 1.0
redkitchen/seq-08/color/frame-000423.color.png redkitchen/seq-08/color/frame-000426.color.png 0.99652 -0.0761756 0.0338353 -0.0532943 0.0754755 0.996916 0.0215096 -0.0420008 -0.0353695 -0.018881 0.999196 0.0216566 0.0 0.0 0.0 1.0
redkitchen/seq-08/color/frame-000426.color.png redkitchen/seq-08/color/frame-000429.color.png 0.998714 -0.0404258 0.0305912 -0.0404965 0.0398189 0.999003 0.020197 -0.02408 -0.0313772 -0.0189529 0.999328 -0.00131106 0.0 0.0 0.0 1.0
redkitchen/seq-08/color/frame-000429.color.png redkitchen/seq-08/color/frame-000432.color.png 0.999191 -0.037972 0.0132314 -0.0540332 0.037584 0.998889 0.0284333 -0.0185497 -0.0142963 -0.027913 0.999508 0.00960955 0.0 0.0 0.0 1.0
redkitchen/seq-08/color/frame-000432.color.png redkitchen/seq-08/color/frame-000435.color.png 0.999082 -0.0277126 0.0326649 -0.0367172 0.0268846 0.999313 0.0255181 -0.0200426 -0.0333496 -0.0246165 0.999141 0.018397 0.0 0.0 0.0 1.0
redkitchen/seq-08/color/frame-000435.color.png redkitchen/seq-08/color/frame-000438.color.png 0.999413 -0.0225165 0.02581 -0.0418244 0.0218713 0.999448 0.0250165 -0.019886 -0.026359 -0.0244373 0.999354 0.00839385 0.0 0.0 0.0 1.0
redkitchen/seq-08/color/frame-000438.color.png redkitchen/seq-08/color/frame-000441.color.png 0.998948 -0.0174385 0.042422 -0.0632807 0.0163606 0.999538 0.0256252 -0.00036291 -0.0428492 -0.0249041 0.998771 0.0160527 0.0 0.0 0.0 1.0
redkitchen/seq-08/color/frame-000441.color.png redkitchen/seq-08/color/frame-000444.color.png 0.999658 -0.0183995 0.0185559 -0.0157834 0.0180355 0.999646 0.0195886 -0.0193894 -0.0189097 -0.0192473 0.999636 0.00628713 0.0 0.0 0.0 1.0
redkitchen/seq-08/color/frame-000444.color.png redkitchen/seq-08/color/frame-000447.color.png 0.998992 -0.017146 0.0414738 -0.0596306 0.0168235 0.999825 0.00811654 -0.00878391 -0.0416058 -0.00741063 0.999107 0.0114374 0.0 0.0 0.0 1.0
redkitchen/seq-08/color/frame-000447.color.png redkitchen/seq-08/color/frame-000450.color.png 0.999508 -0.0198617 0.0242875 -0.0358791 0.0196684 0.999773 0.00817217 -0.00777417 -0.0244442 -0.00769047 0.999672 0.00572991 0.0 0.0 0.0 1.0
redkitchen/seq-08/color/frame-000450.color.png redkitchen/seq-08/color/frame-000453.color.png 0.999472 -0.0207038 0.0250369 -0.037579 0.0206132 0.99978 0.00387096 -0.00938209 -0.0251115 -0.00335282 0.999679 0.00413236 0.0 0.0 0.0 1.0
redkitchen/seq-08/color/frame-000453.color.png redkitchen/seq-08/color/frame-000456.color.png 0.999126 -0.0321349 0.0267146 -0.0530205 0.0320385 0.999478 0.00402643 -0.0153688 -0.0268301 -0.00316701 0.999635 0.0114177 0.0 0.0 0.0 1.0
redkitchen/seq-08/color/frame-000456.color.png redkitchen/seq-08/color/frame-000459.color.png 0.999982 -0.0059962 0.000308672 -0.0233095 0.00599516 0.999976 0.00342304 -0.0172369 -0.000329217 -0.00342116 0.999994 -0.00246024 0.0 0.0 0.0 1.0
redkitchen/seq-08/color/frame-000459.color.png redkitchen/seq-08/color/frame-000462.color.png 0.999947 -0.00893651 0.00502167 -0.0491558 0.00903216 0.999772 -0.0193775 0.0038841 -0.00484737 0.0194218 0.9998 0.00272217 0.0 0.0 0.0 1.0
redkitchen/seq-08/color/frame-000462.color.png redkitchen/seq-08/color/frame-000465.color.png 0.999851 -0.000566671 0.0172819 -0.0434314 0.000562423 1.0 0.00026093 0.00823362 -0.0172821 -0.000251173 0.999851 0.0123427 0.0 0.0 0.0 1.0
redkitchen/seq-08/color/frame-000465.color.png redkitchen/seq-08/color/frame-000468.color.png 0.999762 -0.00133921 0.0217933 -0.0364437 0.00116885 0.999969 0.00782692 -0.0120071 -0.0218031 -0.00779955 0.999732 0.00610462 0.0 0.0 0.0 1.0
redkitchen/seq-08/color/frame-000468.color.png redkitchen/seq-08/color/frame-000471.color.png 0.999602 0.0142831 0.0243404 -0.047281 -0.0145833 0.999819 0.0121955 -0.0124538 -0.0241618 -0.0125457 0.999629 0.00346893 0.0 0.0 0.0 1.0
redkitchen/seq-08/color/frame-000471.color.png redkitchen/seq-08/color/frame-000474.color.png 0.999942 0.00559897 0.00925422 -0.023421 -0.00566847 0.999956 0.00750173 -0.0175617 -0.00921181 -0.00755374 0.999929 -0.0129024 0.0 0.0 0.0 1.0
redkitchen/seq-08/color/frame-000474.color.png redkitchen/seq-08/color/frame-000477.color.png 0.99963 0.0254702 0.00954612 -0.0417442 -0.0254501 0.999674 -0.00222772 -0.00638327 -0.00959975 0.0019839 0.999952 -0.0111089 0.0 0.0 0.0 1.0
redkitchen/seq-08/color/frame-000477.color.png redkitchen/seq-08/color/frame-000480.color.png 0.999822 0.0149347 0.0115059 -0.0253869 -0.0149287 0.999888 -0.000600861 -0.00540747 -0.0115136 0.000429012 0.999934 -0.00718334 0.0 0.0 0.0 1.0
redkitchen/seq-08/color/frame-000480.color.png redkitchen/seq-08/color/frame-000483.color.png 0.999612 0.0270742 0.00654119 -0.0409094 -0.0271011 0.999625 0.00404945 -0.00707524 -0.00642906 -0.00422516 0.99997 -0.0146079 0.0 0.0 0.0 1.0
redkitchen/seq-08/color/frame-000483.color.png redkitchen/seq-08/color/frame-000486.color.png 0.999924 0.0122387 0.0017494 -0.0170152 -0.0122541 0.999883 0.00910561 -0.0113668 -0.0016378 -0.00912632 0.999957 -0.00632317 0.0 0.0 0.0 1.0
redkitchen/seq-08/color/frame-000486.color.png redkitchen/seq-08/color/frame-000489.color.png 0.999836 0.0125836 -0.0129869 -0.0291817 -0.0125574 0.999919 0.002098 -0.0132266 0.0130123 -0.00193458 0.999913 -0.0147405 0.0 0.0 0.0 1.0
redkitchen/seq-08/color/frame-000489.color.png redkitchen/seq-08/color/frame-000492.color.png 0.997677 0.0680243 0.00364429 -0.0362665 -0.0679716 0.997602 -0.0130264 -0.00608897 -0.00452171 0.0127485 0.999908 2.80738e-05 0.0 0.0 0.0 1.0
redkitchen/seq-08/color/frame-000492.color.png redkitchen/seq-08/color/frame-000495.color.png 0.997929 0.0591399 0.0253016 -0.0442403 -0.0585797 0.998033 -0.0223375 0.000730611 -0.0265728 0.020809 0.99943 -0.0174912 0.0 0.0 0.0 1.0
redkitchen/seq-08/color/frame-000495.color.png redkitchen/seq-08/color/frame-000498.color.png 0.997991 0.0612179 0.0163201 -0.0318829 -0.061307 0.998106 0.00502071 -0.0322316 -0.0159818 -0.00601117 0.999854 -0.00780493 0.0 0.0 0.0 1.0
redkitchen/seq-08/color/frame-000498.color.png redkitchen/seq-08/color/frame-000501.color.png 0.994939 0.100296 0.00605823 -0.0454312 -0.100311 0.994954 0.00221209 -0.0236757 -0.00580571 -0.00280857 0.999979 -0.0200882 0.0 0.0 0.0 1.0
redkitchen/seq-08/color/frame-000501.color.png redkitchen/seq-08/color/frame-000504.color.png 0.994193 0.106381 -0.0162201 -0.0472333 -0.106517 0.99428 -0.00779684 -0.0350551 0.0152978 0.00947928 0.999838 -0.00905336 0.0 0.0 0.0 1.0
redkitchen/seq-08/color/frame-000504.color.png redkitchen/seq-08/color/frame-000507.color.png 0.997317 0.0723207 -0.0113564 -0.0258752 -0.0724083 0.997347 -0.00750153 -0.0219444 0.0107838 0.00830372 0.999907 -0.00196102 0.0 0.0 0.0 1.0
redkitchen/seq-08/color/frame-000507.color.png redkitchen/seq-08/color/frame-000510.color.png 0.996823 0.0795859 -0.0031341 -0.0430029 -0.0795787 0.996826 0.0023429 -0.0301464 0.00331063 -0.00208605 0.999992 -0.0162927 0.0 0.0 0.0 1.0
redkitchen/seq-08/color/frame-000510.color.png redkitchen/seq-08/color/frame-000513.color.png 0.9985 0.0546246 -0.00381949 -0.0214857 -0.0545903 0.998472 0.00857559 -0.030621 0.00428202 -0.00835422 0.999956 -0.00133082 0.0 0.0 0.0 1.0
redkitchen/seq-08/color/frame-000513.color.png redkitchen/seq-08/color/frame-000516.color.png 0.995568 0.0940438 -0.000555285 -0.0260574 -0.0940405 0.995559 0.00433492 -0.0542291 0.000960464 -0.00426349 0.99999 -0.0164042 0.0 0.0 0.0 1.0
redkitchen/seq-08/color/frame-000516.color.png redkitchen/seq-08/color/frame-000519.color.png 0.995576 0.0937579 -0.00615053 -0.0222679 -0.0937749 0.99559 -0.00254881 -0.037355 0.00588456 0.00311431 0.999978 -0.00353249 0.0 0.0 0.0 1.0
redkitchen/seq-08/color/frame-000519.color.png redkitchen/seq-08/color/frame-000522.color.png 0.996459 0.0838082 -0.00681689 -0.0387974 -0.0838051 0.996482 0.000740131 -0.034595 0.00685484 -0.000166228 0.999976 -0.00591125 0.0 0.0 0.0 1.0
redkitchen/seq-08/color/frame-000522.color.png redkitchen/seq-08/color/frame-000525.color.png 0.99762 0.0624312 -0.0292712 -0.00740379 -0.0623199 0.998045 0.00470226 -0.0237719 0.0295075 -0.00286688 0.99956 0.00413749 0.0 0.0 0.0 1.0
redkitchen/seq-08/color/frame-000525.color.png redkitchen/seq-08/color/frame-000528.color.png 0.997361 0.0689125 -0.0228491 0.000830531 -0.0687697 0.997608 0.00697494 -0.0351508 0.0232751 -0.00538519 0.999715 -0.000772282 0.0 0.0 0.0 1.0
redkitchen/seq-08/color/frame-000528.color.png redkitchen/seq-08/color/frame-000531.color.png 0.997595 0.0652157 -0.0234931 0.00538933 -0.0652363 0.99787 -0.000106807 -0.0220193 0.0234361 0.00163912 0.999724 -0.00783767 0.0 0.0 0.0 1.0
redkitchen/seq-08/color/frame-000531.color.png redkitchen/seq-08/color/frame-000534.color.png 0.997919 0.0585192 -0.0270929 -0.00927502 -0.0582283 0.998238 0.0114026 -0.0358904 0.0277124 -0.00980123 0.999568 0.00916362 0.0 0.0 0.0 1.0
redkitchen/seq-08/color/frame-000534.color.png redkitchen/seq-08/color/frame-000537.color.png 0.997991 0.0576983 -0.0261535 0.0107002 -0.0578263 0.998318 -0.00416661 -0.0209084 0.0258691 0.00567063 0.999649 -0.00620546 0.0 0.0 0.0 1.0
redkitchen/seq-08/color/frame-000537.color.png redkitchen/seq-08/color/frame-000540.color.png 0.997477 0.0643828 -0.0299154 -0.00531644 -0.0643745 0.997925 0.00124207 -0.0330914 0.0299333 0.000686834 0.999552 0.00750801 0.0 0.0 0.0 1.0
redkitchen/seq-08/color/frame-000540.color.png redkitchen/seq-08/color/frame-000543.color.png 0.99584 0.0772383 -0.048346 0.0322555 -0.0771663 0.997013 0.00335831 -0.0250175 0.048461 0.000386355 0.998825 -0.00536618 0.0 0.0 0.0 1.0
redkitchen/seq-08/color/frame-000543.color.png redkitchen/seq-08/color/frame-000546.color.png 0.998692 0.0365521 -0.0357419 0.00675547 -0.0362707 0.999306 0.00849299 -0.00034054 0.0360275 -0.00718552 0.999325 0.0069722 0.0 0.0 0.0 1.0
redkitchen/seq-08/color/frame-000546.color.png redkitchen/seq-08/color/frame-000549.color.png 0.998015 -0.025844 -0.0574256 -0.00190234 0.0273427 0.999302 0.0254672 0.0262954 0.0567273 -0.0269868 0.998025 0.029955 0.0 0.0 0.0 1.0
redkitchen/seq-08/color/frame-000549.color.png redkitchen/seq-08/color/frame-000552.color.png 0.990925 -0.084894 -0.104217 0.00428557 0.0907311 0.994485 0.0525997 0.0504851 0.0991764 -0.061578 0.993163 0.0470949 0.0 0.0 0.0 1.0
redkitchen/seq-08/color/frame-000552.color.png redkitchen/seq-08/color/frame-000555.color.png 0.995926 -0.0661844 -0.0612489 0.00159681 0.0681205 0.997223 0.0300793 0.0304779 0.0590881 -0.0341291 0.997669 0.0438928 0.0 0.0 0.0 1.0
redkitchen/seq-08/color/frame-000555.color.png redkitchen/seq-08/color/frame-000558.color.png 0.995832 -0.0697569 -0.0587501 0.00542319 0.0721228 0.996627 0.0391601 0.0262108 0.0558202 -0.0432342 0.997504 0.0469193 0.0 0.0 0.0 1.0
redkitchen/seq-08/color/frame-000558.color.png redkitchen/seq-08/color/frame-000561.color.png 0.998592 -0.0436431 -0.0301561 0.00260204 0.0443845 0.998717 0.0243673 0.0168867 0.0290539 -0.0256715 0.999248 0.0245791 0.0 0.0 0.0 1.0
redkitchen/seq-08/color/frame-000561.color.png redkitchen/seq-08/color/frame-000564.color.png 0.998676 -0.0407425 -0.0314224 0.0126224 0.0419264 0.998398 0.0379866 0.00615466 0.0298244 -0.0392537 0.998784 0.0505475 0.0 0.0 0.0 1.0
redkitchen/seq-08/color/frame-000564.color.png redkitchen/seq-08/color/frame-000567.color.png 0.999864 -0.0087718 -0.0139406 -0.00557029 0.00915162 0.999582 0.0274248 -0.017726 0.0136941 -0.0275487 0.999527 0.0421231 0.0 0.0 0.0 1.0
redkitchen/seq-08/color/frame-000567.color.png redkitchen/seq-08/color/frame-000570.color.png 0.999602 -0.0215794 -0.0181656 -0.0048334 0.0219 0.999605 0.0176375 -0.00507687 0.0177778 -0.0180282 0.999679 0.0613858 0.0 0.0 0.0 1.0
redkitchen/seq-08/color/frame-000570.color.png redkitchen/seq-08/color/frame-000573.color.png 0.999922 -0.0114955 -0.00484953 -0.016156 0.0115165 0.999924 0.00434291 -0.0150165 0.00479923 -0.00439843 0.999979 0.0519585 0.0 0.0 0.0 1.0
redkitchen/seq-08/color/frame-000573.color.png redkitchen/seq-08/color/frame-000576.color.png 0.999834 -0.0158461 -0.00893961 -0.00132746 0.0158291 0.999873 -0.00197176 -0.0128524 0.00896968 0.00182992 0.999958 0.0426725 0.0 0.0 0.0 1.0
redkitchen/seq-08/color/frame-000576.color.png redkitchen/seq-08/color/frame-000579.color.png 0.999943 -0.0102818 -0.00280434 0.000583708 0.0102899 0.999943 0.00286377 -0.0151787 0.00277483 -0.00289245 0.999992 0.0388139 0.0 0.0 0.0 1.0
redkitchen/seq-08/color/frame-000579.color.png redkitchen/seq-08/color/frame-000582.color.png 0.99994 -0.0102385 0.00381542 -0.00195289 0.0102158 0.99993 0.00594021 -0.015081 -0.00387603 -0.00590087 0.999975 0.0324936 0.0 0.0 0.0 1.0
redkitchen/seq-08/color/frame-000582.color.png redkitchen/seq-08/color/frame-000585.color.png 0.999956 -0.00813455 -0.00464854 -0.00242615 0.00816648 0.999943 0.0068864 -0.0168929 0.00459222 -0.00692407 0.999966 0.0419057 0.0 0.0 0.0 1.0
redkitchen/seq-08/color/frame-000585.color.png redkitchen/seq-08/color/frame-000588.color.png 0.999989 -0.00437491 0.00180872 -0.0052622 0.00436269 0.999968 0.00673487 -0.0270711 -0.00183809 -0.00672689 0.999976 0.044045 0.0 0.0 0.0 1.0
redkitchen/seq-08/color/frame-000588.color.png redkitchen/seq-08/color/frame-000591.color.png 0.999981 0.00476471 0.00392158 -0.00170225 -0.0047786 0.999982 0.00352346 -0.0298546 -0.00390476 -0.00354212 0.999986 0.028677 0.0 0.0 0.0 1.0
redkitchen/seq-08/color/frame-000591.color.png redkitchen/seq-08/color/frame-000594.color.png 0.999973 -0.00328738 0.0066364 -0.00490969 0.00329948 0.999993 -0.00181559 -0.0177286 -0.00663046 0.00183743 0.999976 0.0359724 0.0 0.0 0.0 1.0
redkitchen/seq-08/color/frame-000594.color.png redkitchen/seq-08/color/frame-000597.color.png 0.999987 -0.00513048 8.72284e-06 0.00725836 0.00513048 0.999986 0.00135838 -0.0191798 -1.55944e-05 -0.00135831 0.999999 0.0351921 0.0 0.0 0.0 1.0
redkitchen/seq-08/color/frame-000597.color.png redkitchen/seq-08/color/frame-000600.color.png 0.999999 -0.00108555 -0.00103632 0.00600564 0.00108482 0.999999 -0.000664695 -0.0241104 0.00103706 0.000663557 0.999999 0.0384428 0.0 0.0 0.0 1.0
redkitchen/seq-08/color/frame-000600.color.png redkitchen/seq-08/color/frame-000603.color.png 0.999999 0.000578814 0.00161486 0.00467283 -0.000575185 0.999997 -0.00219549 -0.0191151 -0.00161617 0.00219457 0.999996 0.0353326 0.0 0.0 0.0 1.0
redkitchen/seq-08/color/frame-000603.color.png redkitchen/seq-08/color/frame-000606.color.png 0.99996 -0.00877582 0.00143193 0.00588322 0.00877515 0.999961 0.000468439 -0.0239764 -0.00143598 -0.000455869 0.999999 0.0352244 0.0 0.0 0.0 1.0
redkitchen/seq-08/color/frame-000606.color.png redkitchen/seq-08/color/frame-000609.color.png 0.999941 -0.00700002 0.00834558 0.0032292 0.00709783 0.999906 -0.0117558 -0.0128337 -0.00826246 0.0118143 0.999896 0.0307445 0.0 0.0 0.0 1.0
redkitchen/seq-08/color/frame-000609.color.png redkitchen/seq-08/color/frame-000612.color.png 0.999887 -0.0104503 0.0107751 -0.00236362 0.010615 0.999826 -0.0153411 -0.00495282 -0.0106129 0.0154538 0.999824 0.0299221 0.0 0.0 0.0 1.0
redkitchen/seq-08/color/frame-000612.color.png redkitchen/seq-08/color/frame-000615.color.png 0.999946 -0.00732308 0.00742066 0.00292191 0.00736591 0.999956 -0.00576765 -0.0158476 -0.00737808 0.00582198 0.999956 0.0250915 0.0 0.0 0.0 1.0
redkitchen/seq-08/color/frame-000615.color.png redkitchen/seq-08/color/frame-000618.color.png 0.999898 -0.0125523 0.00682692 -0.00489202 0.0125629 0.99992 -0.00152586 -0.0040116 -0.00680725 0.00161148 0.999976 0.0225316 0.0 0.0 0.0 1.0
redkitchen/seq-08/color/frame-000618.color.png redkitchen/seq-08/color/frame-000621.color.png 0.99995 0.00566979 0.00828977 0.000665098 -0.00566761 0.999984 -0.000284758 -0.0239681 -0.00829126 0.000237755 0.999966 0.0246631 0.0 0.0 0.0 1.0
redkitchen/seq-08/color/frame-000621.color.png redkitchen/seq-08/color/frame-000624.color.png 0.999992 -0.0030938 0.00234762 0.00699937 0.00308042 0.999979 0.00569259 -0.0219775 -0.0023652 -0.00568529 0.999981 0.0236015 0.0 0.0 0.0 1.0
redkitchen/seq-08/color/frame-000624.color.png redkitchen/seq-08/color/frame-000627.color.png 0.999959 -0.00730336 0.0053355 -0.00452578 0.00730249 0.999973 0.000181094 -0.0153947 -0.00533662 -0.000142131 0.999986 0.0317602 0.0 0.0 0.0 1.0
redkitchen/seq-08/color/frame-000627.color.png redkitchen/seq-08/color/frame-000630.color.png 0.999906 0.00114569 0.0136792 -0.010082 -0.00108143 0.999988 -0.00470487 -0.0163089 -0.0136844 0.00468964 0.999895 0.0266001 0.0 0.0 0.0 1.0
redkitchen/seq-08/color/frame-000630.color.png redkitchen/seq-08/color/frame-000633.color.png 0.99979 -0.012581 0.0161574 -0.0186478 0.0126156 0.999918 -0.00203778 -0.00655243 -0.0161305 0.00224119 0.999867 0.0263702 0.0 0.0 0.0 1.0
redkitchen/seq-08/color/frame-000633.color.png redkitchen/seq-08/color/frame-000636.color.png 0.99977 0.000838267 0.0214171 -0.00695267 -0.000896367 0.999996 0.00270183 -0.0315329 -0.0214147 -0.00272041 0.999767 0.0141953 0.0 0.0 0.0 1.0
redkitchen/seq-08/color/frame-000636.color.png redkitchen/seq-08/color/frame-000639.color.png 0.999606 -0.019929 0.0197635 -0.0233943 0.0199186 0.999801 0.000719564 -0.0104875 -0.019774 -0.000325622 0.999804 0.02947 0.0 0.0 0.0 1.0
redkitchen/seq-08/color/frame-000639.color.png redkitchen/seq-08/color/frame-000642.color.png 0.999427 -0.018577 0.0283071 -0.0279235 0.0188297 0.999785 -0.00868524 0.00462133 -0.0281397 0.00921328 0.999562 0.0137144 0.0 0.0 0.0 1.0
redkitchen/seq-08/color/frame-000642.color.png redkitchen/seq-08/color/frame-000645.color.png 0.999601 -0.0144815 0.0242386 -0.0206006 0.0145168 0.999894 -0.00128018 -0.0133806 -0.0242174 0.00163154 0.999705 0.0198668 0.0 0.0 0.0 1.0
redkitchen/seq-08/color/frame-000645.color.png redkitchen/seq-08/color/frame-000648.color.png 0.999564 -0.014656 0.025644 -0.0269636 0.0147238 0.999888 -0.00245771 -0.00462067 -0.0256052 0.00283421 0.999668 0.0207205 0.0 0.0 0.0 1.0
redkitchen/seq-08/color/frame-000648.color.png redkitchen/seq-08/color/frame-000651.color.png 0.999469 -0.0215152 0.024491 -0.0331108 0.02168 0.999744 -0.00648066 0.00895947 -0.0243453 0.00700819 0.999679 0.0254817 0.0 0.0 0.0 1.0
redkitchen/seq-08/color/frame-000651.color.png redkitchen/seq-08/color/frame-000654.color.png 0.999901 -0.00639307 0.012506 -0.0164175 0.0063984 0.999979 -0.000386207 -0.00592554 -0.0125032 0.000466182 0.999922 0.0145069 0.0 0.0 0.0 1.0
redkitchen/seq-08/color/frame-000654.color.png redkitchen/seq-08/color/frame-000657.color.png 0.999868 -0.00647247 0.0149305 -0.0156475 0.00649009 0.999978 -0.00113164 -0.011618 -0.0149229 0.0012284 0.999888 0.0193541 0.0 0.0 0.0 1.0
redkitchen/seq-08/color/frame-000657.color.png redkitchen/seq-08/color/frame-000660.color.png 0.999785 0.000178219 0.0207559 -0.0258402 -0.000111163 0.999995 -0.00323165 -0.00656015 -0.0207564 0.00322865 0.999779 0.0217595 0.0 0.0 0.0 1.0
redkitchen/seq-08/color/frame-000660.color.png redkitchen/seq-08/color/frame-000663.color.png 0.999942 -0.00809766 0.0070965 -0.00341901 0.0080853 0.999966 0.00176857 -0.0140467 -0.00711058 -0.00171109 0.999973 0.014575 0.0 0.0 0.0 1.0
redkitchen/seq-08/color/frame-000663.color.png redkitchen/seq-08/color/frame-000666.color.png 0.999732 -0.0158157 0.0168968 -0.0219956 0.0158492 0.999873 -0.0018541 -0.00156021 -0.0168653 0.0021214 0.999855 0.01766 0.0 0.0 0.0 1.0
redkitchen/seq-08/color/frame-000666.color.png redkitchen/seq-08/color/frame-000669.color.png 0.99997 -0.00495971 0.005922 0.00529778 0.00496142 0.999988 -0.000272232 -0.00343984 -0.00592058 0.000301608 0.999982 0.0183091 0.0 0.0 0.0 1.0
redkitchen/seq-08/color/frame-000669.color.png redkitchen/seq-08/color/frame-000672.color.png 0.999581 -0.011032 0.0267722 -0.0298001 0.0111582 0.999927 -0.00457058 -8.04663e-06 -0.0267198 0.0048674 0.999631 0.0204229 0.0 0.0 0.0 1.0
redkitchen/seq-08/color/frame-000672.color.png redkitchen/seq-08/color/frame-000675.color.png 0.999867 -0.00135768 0.0162353 -0.0118896 0.00137391 0.999999 -0.000988463 -0.000947356 -0.0162339 0.00101063 0.999868 0.0147101 0.0 0.0 0.0 1.0
redkitchen/seq-08/color/frame-000675.color.png redkitchen/seq-08/color/frame-000678.color.png 0.999408 -0.012541 0.0320455 -0.0316851 0.0124716 0.999919 0.0023626 -0.0137444 -0.0320726 -0.00196153 0.999484 0.0115601 0.0 0.0 0.0 1.0
redkitchen/seq-08/color/frame-000678.color.png redkitchen/seq-08/color/frame-000681.color.png 0.999663 -0.0170845 0.019533 -0.0342386 0.0169746 0.999839 0.00578092 -0.0127974 -0.0196286 -0.0054474 0.999792 0.00771618 0.0 0.0 0.0 1.0
redkitchen/seq-08/color/frame-000681.color.png redkitchen/seq-08/color/frame-000684.color.png 0.999876 -0.0103295 0.0119092 -0.00397354 0.0104011 0.999928 -0.00596952 0.00604892 -0.0118466 0.00609265 0.999911 0.0137888 0.0 0.0 0.0 1.0
redkitchen/seq-08/color/frame-000684.color.png redkitchen/seq-08/color/frame-000687.color.png 0.999818 -0.0136711 0.0133116 -0.0197873 0.0136701 0.999907 0.00016688 -0.0026601 -0.0133126 1.51204e-05 0.999911 0.0094862 0.0 0.0 0.0 1.0
redkitchen/seq-08/color/frame-000687.color.png redkitchen/seq-08/color/frame-000690.color.png 0.999883 -0.0044354 0.0146543 -0.0132533 0.00434638 0.999972 0.00610078 -0.0125291 -0.014681 -0.00603638 0.999874 0.0101417 0.0 0.0 0.0 1.0
redkitchen/seq-08/color/frame-000690.color.png redkitchen/seq-08/color/frame-000693.color.png 0.999748 -0.0133337 0.0180768 -0.0107547 0.0134025 0.999903 -0.0036951 0.00154334 -0.0180258 0.00393644 0.99983 0.01836 0.0 0.0 0.0 1.0
redkitchen/seq-08/color/frame-000693.color.png redkitchen/seq-08/color/frame-000696.color.png 0.999796 -0.00741453 0.0187786 -0.0226739 0.00743469 0.999972 -0.00100443 -0.00260121 -0.0187706 0.00114384 0.999823 0.00595987 0.0 0.0 0.0 1.0
redkitchen/seq-08/color/frame-000696.color.png redkitchen/seq-08/color/frame-000699.color.png 0.999788 -0.0132001 0.0158095 -0.0150764 0.0132662 0.999904 -0.0040843 0.0100006 -0.0157541 0.00429317 0.999867 0.0111489 0.0 0.0 0.0 1.0
redkitchen/seq-08/color/frame-000699.color.png redkitchen/seq-08/color/frame-000702.color.png 0.999613 -0.0165046 0.0223779 -0.0404276 0.0162273 0.99979 0.0125167 -0.0192053 -0.0225797 -0.0121487 0.999671 0.00119948 0.0 0.0 0.0 1.0
redkitchen/seq-08/color/frame-000702.color.png redkitchen/seq-08/color/frame-000705.color.png 0.999891 -0.0113471 0.00948891 -0.00636429 0.0112466 0.999881 0.0105722 -0.0218303 -0.00960774 -0.0104643 0.999899 -0.00655222 0.0 0.0 0.0 1.0
redkitchen/seq-08/color/frame-000705.color.png redkitchen/seq-08/color/frame-000708.color.png 0.999875 -0.0046364 0.015106 -0.00542302 0.00467862 0.999985 -0.0027598 0.0101698 -0.0150931 0.00283012 0.999882 0.00887299 0.0 0.0 0.0 1.0
redkitchen/seq-08/color/frame-000708.color.png redkitchen/seq-08/color/frame-000711.color.png 0.999818 -0.00899628 0.0168342 -0.0233306 0.00901164 0.999959 -0.000838169 0.00237912 -0.0168259 0.000989725 0.999858 0.00860083 0.0 0.0 0.0 1.0
redkitchen/seq-08/color/frame-000711.color.png redkitchen/seq-08/color/frame-000714.color.png 0.999814 -0.0116058 0.0154294 -0.0196016 0.0115536 0.999927 0.00346452 -0.0102364 -0.0154685 -0.00328561 0.999875 0.00910914 0.0 0.0 0.0 1.0
redkitchen/seq-08/color/frame-000714.color.png redkitchen/seq-08/color/frame-000717.color.png 0.99979 -0.0104469 0.0176002 -0.0195736 0.010405 0.999943 0.00246998 -0.00454473 -0.017625 -0.00228633 0.999842 0.00655293 0.0 0.0 0.0 1.0
redkitchen/seq-08/color/frame-000717.color.png redkitchen/seq-08/color/frame-000720.color.png 0.99981 -0.00865326 0.0174511 -0.0228404 0.00861929 0.999961 0.00202006 -0.00417531 -0.0174679 -0.00186926 0.999846 0.00787389 0.0 0.0 0.0 1.0
redkitchen/seq-08/color/frame-000720.color.png redkitchen/seq-08/color/frame-000723.color.png 0.999791 -0.0104495 0.017585 -0.0179769 0.0104526 0.999945 -8.34774e-05 -0.00124508 -0.0175831 0.000267266 0.999845 0.00559938 0.0 0.0 0.0 1.0
redkitchen/seq-08/color/frame-000723.color.png redkitchen/seq-08/color/frame-000726.color.png 0.999275 -0.016624 0.0342425 -0.0498413 0.016738 0.999855 -0.00304449 0.00172979 -0.0341869 0.00361543 0.999409 0.0196658 0.0 0.0 0.0 1.0
redkitchen/seq-08/color/frame-000726.color.png redkitchen/seq-08/color/frame-000729.color.png 0.999705 -0.0152161 0.0189542 -0.0265309 0.0152129 0.999884 0.000308972 -0.00292349 -0.0189568 -2.05176e-05 0.99982 0.00227416 0.0 0.0 0.0 1.0
redkitchen/seq-08/color/frame-000729.color.png redkitchen/seq-08/color/frame-000732.color.png 0.999792 -0.0164434 0.0120726 -0.0247656 0.0164408 0.999865 0.000311256 -0.000857234 -0.0120761 -0.000112711 0.999927 0.0127999 0.0 0.0 0.0 1.0
redkitchen/seq-08/color/frame-000732.color.png redkitchen/seq-08/color/frame-000735.color.png 0.999871 -0.0102487 0.0124154 -0.0118169 0.0101957 0.999939 0.00432465 -0.0136425 -0.012459 -0.00419751 0.999914 0.00123441 0.0 0.0 0.0 1.0
redkitchen/seq-08/color/frame-000735.color.png redkitchen/seq-08/color/frame-000738.color.png 0.999769 -0.0141829 0.0161251 -0.0236079 0.0142917 0.999876 -0.00664808 0.00961608 -0.0160288 0.00687701 0.999848 0.0135064 0.0 0.0 0.0 1.0
redkitchen/seq-08/color/frame-000738.color.png redkitchen/seq-08/color/frame-000741.color.png 0.999797 -0.0168768 0.0110208 -0.0109827 0.0169302 0.999845 -0.00476515 0.000636816 -0.0109386 0.00495076 0.999928 0.0155767 0.0 0.0 0.0 1.0
redkitchen/seq-08/color/frame-000741.color.png redkitchen/seq-08/color/frame-000744.color.png 0.999884 -0.00419452 0.0146789 -0.0139882 0.0041838 0.999991 0.000759476 -0.00530684 -0.014682 -0.000697972 0.999892 0.00267172 0.0 0.0 0.0 1.0
redkitchen/seq-08/color/frame-000744.color.png redkitchen/seq-08/color/frame-000747.color.png 0.999868 -0.0103681 0.0125396 -0.0200951 0.0104554 0.999921 -0.00691543 0.0109711 -0.0124669 0.00704563 0.999897 0.0143741 0.0 0.0 0.0 1.0
redkitchen/seq-08/color/frame-000747.color.png redkitchen/seq-08/color/frame-000750.color.png 0.999689 -0.0133866 0.0210541 -0.0335327 0.0132073 0.999876 0.00862744 -0.0292171 -0.0211669 -0.00834667 0.999741 -0.00505531 0.0 0.0 0.0 1.0
redkitchen/seq-08/color/frame-000750.color.png redkitchen/seq-08/color/frame-000753.color.png 0.999849 -0.0135355 0.0108746 -0.0137526 0.0136295 0.99987 -0.00861911 0.0125486 -0.0107566 0.00876602 0.999904 0.00637245 0.0 0.0 0.0 1.0
redkitchen/seq-08/color/frame-000753.color.png redkitchen/seq-08/color/frame-000756.color.png 0.999625 -0.0149782 0.0229173 -0.0302261 0.0151245 0.999866 -0.00622947 0.00852311 -0.0228209 0.00657375 0.999718 0.0104959 0.0 0.0 0.0 1.0
redkitchen/seq-08/color/frame-000756.color.png redkitchen/seq-08/color/frame-000759.color.png 0.999889 -0.00805666 0.0125345 -0.0157823 0.00806506 0.999967 -0.000619231 -0.00151926 -0.0125292 0.000720222 0.999921 0.0080657 0.0 0.0 0.0 1.0
redkitchen/seq-08/color/frame-000759.color.png redkitchen/seq-08/color/frame-000762.color.png 0.9996 -0.0125577 0.0253363 -0.0338033 0.0126944 0.999906 -0.00523868 0.00885081 -0.0252681 0.00555822 0.999665 0.0147667 0.0 0.0 0.0 1.0
redkitchen/seq-08/color/frame-000762.color.png redkitchen/seq-08/color/frame-000765.color.png 0.99982 -0.012346 0.014435 -0.0123015 0.0124139 0.999912 -0.00462597 0.00365251 -0.0143766 0.00480432 0.999885 0.0137194 0.0 0.0 0.0 1.0
redkitchen/seq-08/color/frame-000765.color.png redkitchen/seq-08/color/frame-000768.color.png 0.999897 -0.00374724 0.0138752 -0.00865768 0.00373231 0.999992 0.00110077 -0.00715601 -0.0138793 -0.00104887 0.999903 0.010509 0.0 0.0 0.0 1.0
redkitchen/seq-08/color/frame-000768.color.png redkitchen/seq-08/color/frame-000771.color.png 0.999945 -0.00443845 0.00950155 -0.0067788 0.00441835 0.999988 0.00213871 -0.00847101 -0.0095109 -0.00209663 0.999953 0.00424409 0.0 0.0 0.0 1.0
redkitchen/seq-08/color/frame-000771.color.png redkitchen/seq-08/color/frame-000774.color.png 0.999914 -0.00373961 0.0125484 -0.00530489 0.00375718 0.999992 -0.00137765 0.00129384 -0.0125431 0.00142471 0.99992 0.0121766 0.0 0.0 0.0 1.0
redkitchen/seq-08/color/frame-000774.color.png redkitchen/seq-08/color/frame-000777.color.png 0.999933 0.0013603 0.011523 0.00531492 -0.00143032 0.999981 0.00606135 -0.0146122 -0.0115147 -0.00607743 0.999915 0.00580621 0.0 0.0 0.0 1.0
redkitchen/seq-08/color/frame-000777.color.png redkitchen/seq-08/color/frame-000780.color.png 0.999829 -0.0119281 0.0141056 -0.00976197 0.0119003 0.999927 0.00206585 -0.0108007 -0.0141291 -0.00189766 0.999898 0.0123063 0.0 0.0 0.0 1.0
redkitchen/seq-08/color/frame-000780.color.png redkitchen/seq-08/color/frame-000783.color.png 0.999754 -0.00922199 0.0201572 -0.0168919 0.00919969 0.999957 0.00119671 -0.00694275 -0.0201674 -0.00101097 0.999796 0.0127429 0.0 0.0 0.0 1.0
redkitchen/seq-08/color/frame-000783.color.png redkitchen/seq-08/color/frame-000786.color.png 0.999839 -0.00936751 0.0152963 -0.00395168 0.00933919 0.999954 0.00192234 -0.0139967 -0.0153136 -0.00177917 0.999881 0.00700665 0.0 0.0 0.0 1.0
redkitchen/seq-08/color/frame-000786.color.png redkitchen/seq-08/color/frame-000789.color.png 0.999797 -0.00168402 0.0200794 -0.00865425 0.00161878 0.999993 0.00326357 -0.0150222 -0.0200848 -0.00323046 0.999793 0.0147157 0.0 0.0 0.0 1.0
redkitchen/seq-08/color/frame-000789.color.png redkitchen/seq-08/color/frame-000792.color.png 0.99992 -0.00332837 0.0121908 0.000488743 0.00347776 0.999919 -0.0122563 0.0221207 -0.0121491 0.0122977 0.999851 0.0281169 0.0 0.0 0.0 1.0
redkitchen/seq-08/color/frame-000792.color.png redkitchen/seq-08/color/frame-000795.color.png 0.999947 -0.00267613 0.00989134 0.00598583 0.0027187 0.999987 -0.00429745 0.00603646 -0.00987972 0.0043241 0.999942 0.0207065 0.0 0.0 0.0 1.0
redkitchen/seq-08/color/frame-000795.color.png redkitchen/seq-08/color/frame-000798.color.png 0.999989 0.0038228 0.00258269 0.0227108 -0.00385665 0.999905 0.0132712 -0.032876 -0.00253169 -0.013281 0.999909 -0.00772989 0.0 0.0 0.0 1.0
redkitchen/seq-08/color/frame-000798.color.png redkitchen/seq-08/color/frame-000801.color.png 0.999978 -0.003222 0.00572842 0.00679506 0.00319154 0.999981 0.00531068 -0.0110456 -0.0057453 -0.0052923 0.999969 0.00714123 0.0 0.0 0.0 1.0
redkitchen/seq-08/color/frame-000801.color.png redkitchen/seq-08/color/frame-000804.color.png 0.999952 -0.00478063 0.00850003 0.00343946 0.00474636 0.999981 0.00404425 -0.00994158 -0.00851929 -0.00400371 0.999956 0.00530922 0.0 0.0 0.0 1.0
redkitchen/seq-08/color/frame-000804.color.png redkitchen/seq-08/color/frame-000807.color.png 0.999957 -0.00514698 0.00764298 0.00499448 0.0051454 0.999987 0.000231416 -0.00301903 -0.00764408 -0.000192098 0.999971 0.00680935 0.0 0.0 0.0 1.0
redkitchen/seq-08/color/frame-000807.color.png redkitchen/seq-08/color/frame-000810.color.png 0.999891 -0.00847376 0.0121148 -0.003144 0.00842361 0.999956 0.00418157 -0.0114648 -0.0121497 -0.00407906 0.999918 0.00568414 0.0 0.0 0.0 1.0
redkitchen/seq-08/color/frame-000810.color.png redkitchen/seq-08/color/frame-000813.color.png 0.999954 -0.00591518 0.00758159 0.00891975 0.00585426 0.999951 0.00803339 -0.0223753 -0.00762884 -0.00798861 0.999939 -0.00156248 0.0 0.0 0.0 1.0
redkitchen/seq-08/color/frame-000813.color.png redkitchen/seq-08/color/frame-000816.color.png 0.999702 -0.00980552 0.022351 -0.0226169 0.00993026 0.999936 -0.0054772 0.00907284 -0.0222958 0.00569751 0.999735 0.0231613 0.0 0.0 0.0 1.0
redkitchen/seq-08/color/frame-000816.color.png redkitchen/seq-08/color/frame-000819.color.png 0.999672 -0.00264232 0.0254671 -0.0137078 0.00251924 0.999985 0.00486105 -0.00761425 -0.0254795 -0.00479524 0.999664 0.0213368 0.0 0.0 0.0 1.0
redkitchen/seq-08/color/frame-000819.color.png redkitchen/seq-08/color/frame-000822.color.png 0.999926 -0.00938604 0.00773414 0.00692198 0.00937606 0.999955 0.0013342 -0.0104341 -0.00774647 -0.00126167 0.999969 0.00700498 0.0 0.0 0.0 1.0
redkitchen/seq-08/color/frame-000822.color.png redkitchen/seq-08/color/frame-000825.color.png 0.999898 -0.0124686 0.00694902 0.0174655 0.0125279 0.999885 -0.00855008 0.00656992 -0.00684147 0.00863634 0.999939 0.0240427 0.0 0.0 0.0 1.0
redkitchen/seq-08/color/frame-000825.color.png redkitchen/seq-08/color/frame-000828.color.png 0.999717 -0.00648785 0.0228733 -0.0085144 0.0065391 0.999976 -0.0021672 -0.000634134 -0.0228587 0.0023161 0.999736 0.0245882 0.0 0.0 0.0 1.0
redkitchen/seq-08/color/frame-000828.color.png redkitchen/seq-08/color/frame-000831.color.png 0.999967 -0.0036291 0.00733131 0.00541496 0.00361676 0.999992 0.00170065 -0.00669897 -0.0073374 -0.00167408 0.999972 0.00639045 0.0 0.0 0.0 1.0
redkitchen/seq-08/color/frame-000831.color.png redkitchen/seq-08/color/frame-000834.color.png 0.999968 -0.00721368 -0.00347052 0.0302995 0.00716807 0.99989 -0.0129747 0.026629 0.00356365 0.0129494 0.99991 0.0245672 0.0 0.0 0.0 1.0
redkitchen/seq-08/color/frame-000834.color.png redkitchen/seq-08/color/frame-000837.color.png 0.999522 -0.0136078 -0.0277534 0.0726323 0.0134123 0.999884 -0.00721674 0.00673938 0.0278485 0.00684107 0.999589 3.63588e-05 0.0 0.0 0.0 1.0
redkitchen/seq-08/color/frame-000837.color.png redkitchen/seq-08/color/frame-000840.color.png 0.999889 0.0006107 -0.0148801 0.0505394 -0.000622473 1.0 -0.000787777 5.46575e-05 0.0148797 0.000797008 0.999889 -0.00370491 0.0 0.0 0.0 1.0
redkitchen/seq-08/color/frame-000840.color.png redkitchen/seq-08/color/frame-000843.color.png 0.999962 -0.00857418 0.00155298 0.0160555 0.00857177 0.999962 0.00154218 -0.00501269 -0.00156621 -0.0015288 0.999998 0.00569308 0.0 0.0 0.0 1.0
redkitchen/seq-08/color/frame-000843.color.png redkitchen/seq-08/color/frame-000846.color.png 0.999906 -0.000375623 -0.0136776 0.0507472 0.000460114 0.999981 0.00617181 -0.0115117 0.0136751 -0.00617752 0.999887 -0.0178128 0.0 0.0 0.0 1.0
redkitchen/seq-08/color/frame-000846.color.png redkitchen/seq-08/color/frame-000849.color.png 0.99979 0.00573276 -0.0196651 0.0610796 -0.00596698 0.999912 -0.0118701 0.0311044 0.0195953 0.011985 0.999736 0.00108266 0.0 0.0 0.0 1.0
redkitchen/seq-08/color/frame-000849.color.png redkitchen/seq-08/color/frame-000852.color.png 0.999993 -0.00112013 -0.00349898 0.0369177 0.00109437 0.999972 -0.0073429 0.0168558 0.00350708 0.00733901 0.999967 -0.00102782 0.0 0.0 0.0 1.0
redkitchen/seq-08/color/frame-000852.color.png redkitchen/seq-08/color/frame-000855.color.png 0.99995 -0.0075894 0.00652814 0.0104417 0.00761465 0.999964 -0.00383892 0.00161904 -0.00649876 0.00388846 0.999971 0.00539541 0.0 0.0 0.0 1.0
redkitchen/seq-08/color/frame-000855.color.png redkitchen/seq-08/color/frame-000858.color.png 0.9999 -0.00958479 0.0104017 0.00751668 0.00957965 0.999954 0.000545638 0.00160861 -0.0104065 -0.000445957 0.999946 -0.00298595 0.0 0.0 0.0 1.0
redkitchen/seq-08/color/frame-000858.color.png redkitchen/seq-08/color/frame-000861.color.png 0.999952 -0.00772938 0.00599544 0.0218949 0.00768743 0.999946 0.00698625 -0.0127472 -0.00604901 -0.00693989 0.999958 -0.00523639 0.0 0.0 0.0 1.0
redkitchen/seq-08/color/frame-000861.color.png redkitchen/seq-08/color/frame-000864.color.png 0.999991 -0.00239227 -0.0033755 0.0301817 0.0024143 0.999976 0.00653601 -0.0107745 0.00335965 -0.00654408 0.999973 -0.00957358 0.0 0.0 0.0 1.0
redkitchen/seq-08/color/frame-000864.color.png redkitchen/seq-08/color/frame-000867.color.png 0.999962 -0.00778843 -0.00390052 0.0384702 0.00778739 0.99997 -0.000266 0.00203955 0.00390251 0.000235602 0.999992 -0.00286794 0.0 0.0 0.0 1.0
redkitchen/seq-08/color/frame-000867.color.png redkitchen/seq-08/color/frame-000870.color.png 0.999998 -0.00150474 -0.00160197 0.0279561 0.00151185 0.999989 0.00439142 -0.00441009 0.00159539 -0.00439381 0.999989 -0.00798237 0.0 0.0 0.0 1.0
redkitchen/seq-08/color/frame-000870.color.png redkitchen/seq-08/color/frame-000873.color.png 0.999982 -0.00590828 0.000480622 0.0252608 0.00590609 0.999972 0.00448787 -0.0108904 -0.000507244 -0.00448494 0.99999 -0.013504 0.0 0.0 0.0 1.0
redkitchen/seq-08/color/frame-000873.color.png redkitchen/seq-08/color/frame-000876.color.png 0.999937 -0.0108667 0.00283104 0.0117261 0.010864 0.999941 0.000919105 -0.00381762 -0.00284078 -0.000888339 0.999996 -0.00152528 0.0 0.0 0.0 1.0
redkitchen/seq-08/color/frame-000876.color.png redkitchen/seq-08/color/frame-000879.color.png 0.999755 -0.0219824 -0.0026585 0.0207211 0.0220012 0.999732 0.00719948 -0.0253017 0.00249946 -0.0072562 0.99997 -0.00342226 0.0 0.0 0.0 1.0
redkitchen/seq-08/color/frame-000879.color.png redkitchen/seq-08/color/frame-000882.color.png 0.999919 -0.0122504 0.00340293 0.0101979 0.0122216 0.999891 0.0083187 -0.0193664 -0.00350445 -0.00827643 0.99996 -0.000346661 0.0 0.0 0.0 1.0
redkitchen/seq-08/color/frame-000882.color.png redkitchen/seq-08/color/frame-000885.color.png 0.999779 -0.0174759 0.0116814 -0.00265229 0.0173843 0.999818 0.00789625 -0.0237103 -0.0118173 -0.00769144 0.999901 0.0183392 0.0 0.0 0.0 1.0
redkitchen/seq-08/color/frame-000885.color.png redkitchen/seq-08/color/frame-000888.color.png 0.999908 -0.011117 0.00781352 0.00432026 0.0111201 0.999938 -0.000343848 -0.00629669 -0.00780924 0.000430686 0.999969 0.0138518 0.0 0.0 0.0 1.0
redkitchen/seq-08/color/frame-000888.color.png redkitchen/seq-08/color/frame-000891.color.png 0.999943 -0.00724464 0.00782348 0.00765276 0.00723269 0.999973 0.00155445 -0.0041824 -0.00783466 -0.00149785 0.999968 0.00675094 0.0 0.0 0.0 1.0
redkitchen/seq-08/color/frame-000891.color.png redkitchen/seq-08/color/frame-000894.color.png 0.999936 -0.00587139 0.00962233 0.00676966 0.00597622 0.999923 -0.0108942 0.0241393 -0.00955747 0.010951 0.999894 0.0131419 0.0 0.0 0.0 1.0
redkitchen/seq-08/color/frame-000894.color.png redkitchen/seq-08/color/frame-000897.color.png 0.999916 -0.0102452 -0.00790464 0.03598 0.0102579 0.999946 0.00157765 -0.0127246 0.00788796 -0.00165867 0.999968 -0.00206649 0.0 0.0 0.0 1.0
redkitchen/seq-08/color/frame-000897.color.png redkitchen/seq-08/color/frame-000900.color.png 0.999901 -0.0139553 0.00190355 0.0240688 0.01396 0.999899 -0.00248659 -0.00259328 -0.00186849 0.00251302 0.999995 0.00321615 0.0 0.0 0.0 1.0
redkitchen/seq-08/color/frame-000900.color.png redkitchen/seq-08/color/frame-000903.color.png 0.999888 -0.0133879 0.00671696 0.00203741 0.0133425 0.999888 0.00676059 -0.0212464 -0.00680673 -0.00667019 0.999955 -0.00347257 0.0 0.0 0.0 1.0
redkitchen/seq-08/color/frame-000903.color.png redkitchen/seq-08/color/frame-000906.color.png 0.999936 -0.00569745 0.00977183 0.00212812 0.00570518 0.999983 -0.000772433 0.00767666 -0.00976735 0.000827986 0.999952 0.00599623 0.0 0.0 0.0 1.0
redkitchen/seq-08/color/frame-000906.color.png redkitchen/seq-08/color/frame-000909.color.png 0.999693 -0.0242754 0.00490921 0.00362301 0.0242918 0.999699 -0.00329708 -0.0118089 -0.00482765 0.00341548 0.999982 -0.00387359 0.0 0.0 0.0 1.0
redkitchen/seq-08/color/frame-000909.color.png redkitchen/seq-08/color/frame-000912.color.png 0.999954 0.00280716 -0.00917965 0.0337247 -0.00292389 0.999915 -0.0127377 0.0450185 0.00914311 0.0127639 0.999877 -0.0107535 0.0 0.0 0.0 1.0
redkitchen/seq-08/color/frame-000912.color.png redkitchen/seq-08/color/frame-000915.color.png 0.999937 0.00858859 -0.00727647 0.0391252 -0.0085365 0.999938 0.00718001 -0.0021981 0.00733755 -0.0071175 0.999948 -0.0226439 0.0 0.0 0.0 1.0
redkitchen/seq-08/color/frame-000915.color.png redkitchen/seq-08/color/frame-000918.color.png 0.999838 0.0147907 -0.0102211 0.0525128 -0.0147836 0.99989 0.000755584 0.0254171 0.0102313 -0.000604255 0.999947 -0.030443 0.0 0.0 0.0 1.0
redkitchen/seq-08/color/frame-000918.color.png redkitchen/seq-08/color/frame-000921.color.png 0.999774 0.0170617 -0.012655 0.0502923 -0.0170319 0.999852 0.00246535 0.0309219 0.0126951 -0.00224925 0.999917 -0.0423565 0.0 0.0 0.0 1.0
redkitchen/seq-08/color/frame-000921.color.png redkitchen/seq-08/color/frame-000924.color.png 0.999517 0.0189868 -0.0246151 0.0651987 -0.0188395 0.999803 0.00620182 0.0173833 0.0247281 -0.00573509 0.999678 -0.0653366 0.0 0.0 0.0 1.0
redkitchen/seq-08/color/frame-000924.color.png redkitchen/seq-08/color/frame-000927.color.png 0.999742 0.0148073 -0.0172489 0.0574249 -0.0147488 0.999885 0.00350855 0.0307435 0.0172989 -0.00325341 0.999845 -0.0616491 0.0 0.0 0.0 1.0
redkitchen/seq-08/color/frame-000927.color.png redkitchen/seq-08/color/frame-000930.color.png 0.999747 0.0116354 -0.0192653 0.0507023 -0.0116051 0.999931 0.00168057 0.0124946 0.0192835 -0.00145639 0.999813 -0.0478574 0.0 0.0 0.0 1.0
redkitchen/seq-08/color/frame-000930.color.png redkitchen/seq-08/color/frame-000933.color.png 0.999283 0.0112586 -0.0361571 0.0748469 -0.0118781 0.999785 -0.0169655 0.0613942 0.0359584 0.0173828 0.999202 -0.0665313 0.0 0.0 0.0 1.0
redkitchen/seq-08/color/frame-000933.color.png redkitchen/seq-08/color/frame-000936.color.png 0.999657 -0.00573305 -0.025569 0.0540174 0.00602036 0.999919 0.0111736 -0.0410091 0.0255027 -0.0113237 0.999611 -0.052008 0.0 0.0 0.0 1.0
redkitchen/seq-08/color/frame-000936.color.png redkitchen/seq-08/color/frame-000939.color.png 0.99983 0.000568784 -0.0184249 0.0336468 -0.000758473 0.999947 -0.0102868 0.0381618 0.0184182 0.010299 0.999777 -0.0371064 0.0 0.0 0.0 1.0
redkitchen/seq-08/color/frame-000939.color.png redkitchen/seq-08/color/frame-000942.color.png 0.999177 0.0114592 -0.0389074 0.0856925 -0.0119983 0.999835 -0.0136495 0.0312728 0.0387446 0.0141051 0.99915 -0.0579102 0.0 0.0 0.0 1.0
redkitchen/seq-08/color/frame-000942.color.png redkitchen/seq-08/color/frame-000945.color.png 0.999545 0.0166894 -0.0251382 0.0659385 -0.0169852 0.999788 -0.0115999 0.0471421 0.0249393 0.0120216 0.999617 -0.05529 0.0 0.0 0.0 1.0
redkitchen/seq-08/color/frame-000945.color.png redkitchen/seq-08/color/frame-000948.color.png 0.999243 0.0213305 -0.0325225 0.0749129 -0.0210031 0.999726 0.0103724 -0.00638098 0.0327348 -0.00968147 0.999417 -0.0640088 0.0 0.0 0.0 1.0
redkitchen/seq-08/color/frame-000948.color.png redkitchen/seq-08/color/frame-000951.color.png 0.999613 0.0178994 -0.0213061 0.0472524 -0.0179812 0.999832 -0.00365119 0.0321801 0.0212371 0.00403288 0.999766 -0.0359195 0.0 0.0 0.0 1.0
redkitchen/seq-08/color/frame-000951.color.png redkitchen/seq-08/color/frame-000954.color.png 0.99915 0.0212248 -0.0353526 0.0747941 -0.0214541 0.999751 -0.00611899 0.0240833 0.035214 0.00687225 0.999356 -0.0544339 0.0 0.0 0.0 1.0
redkitchen/seq-08/color/frame-000954.color.png redkitchen/seq-08/color/frame-000957.color.png 0.999493 0.0256722 -0.0188319 0.0502375 -0.0255652 0.999656 0.00590171 0.00555295 0.0189769 -0.00541729 0.999805 -0.0397526 0.0 0.0 0.0 1.0
redkitchen/seq-08/color/frame-000957.color.png redkitchen/seq-08/color/frame-000960.color.png 0.999657 0.0229598 -0.0125595 0.0335261 -0.0229 0.999726 0.00488549 -0.000898957 0.0126682 -0.00459622 0.999909 -0.0273156 0.0 0.0 0.0 1.0
redkitchen/seq-08/color/frame-000960.color.png redkitchen/seq-08/color/frame-000963.color.png 0.999186 0.0373333 -0.0152951 0.0571741 -0.0375596 0.999185 -0.0147857 0.0681146 0.0147307 0.0153481 0.999774 -0.0349264 0.0 0.0 0.0 1.0
redkitchen/seq-08/color/frame-000963.color.png redkitchen/seq-08/color/frame-000966.color.png 0.998525 0.0503689 -0.020256 0.0718479 -0.0505114 0.998702 -0.00658805 0.0695047 0.0198979 0.00760149 0.999773 -0.0415956 0.0 0.0 0.0 1.0
redkitchen/seq-08/color/frame-000966.color.png redkitchen/seq-08/color/frame-000969.color.png 0.998383 0.0566699 -0.0043549 0.0517756 -0.0567026 0.998361 -0.00777402 0.0919608 0.00390723 0.0080084 0.99996 -0.0122951 0.0 0.0 0.0 1.0
redkitchen/seq-08/color/frame-000969.color.png redkitchen/seq-08/color/frame-000972.color.png 0.998826 0.0437388 -0.0208428 0.0687392 -0.0438682 0.99902 -0.00579223 0.0575621 0.0205689 0.00669977 0.999766 -0.0383874 0.0 0.0 0.0 1.0
redkitchen/seq-08/color/frame-000972.color.png redkitchen/seq-08/color/frame-000975.color.png 0.999232 0.0391619 -0.00143541 0.0368211 -0.0391448 0.999178 0.0105086 0.0258316 0.00184581 -0.0104443 0.999944 -0.0220486 0.0 0.0 0.0 1.0
redkitchen/seq-08/color/frame-000975.color.png redkitchen/seq-08/color/frame-000978.color.png 0.999231 0.0370532 -0.0128084 0.0453078 -0.0371006 0.999305 -0.00347963 0.0469224 0.0126706 0.00395215 0.999912 -0.0250109 0.0 0.0 0.0 1.0
redkitchen/seq-08/color/frame-000978.color.png redkitchen/seq-08/color/frame-000981.color.png 0.999197 0.0392798 -0.00789099 0.0366549 -0.0394115 0.999073 -0.0172945 0.08448 0.00720436 0.0175916 0.999819 -0.0060209 0.0 0.0 0.0 1.0
redkitchen/seq-08/color/frame-000981.color.png redkitchen/seq-08/color/frame-000984.color.png 0.998622 0.0457826 -0.0256516 0.073903 -0.0462488 0.99877 -0.0178865 0.0773818 0.0248011 0.0190482 0.999511 -0.0285901 0.0 0.0 0.0 1.0
redkitchen/seq-08/color/frame-000984.color.png redkitchen/seq-08/color/frame-000987.color.png 0.99936 0.0355646 -0.00385342 0.0306189 -0.0356099 0.999289 -0.0123885 0.0614663 0.00341012 0.0125178 0.999916 0.00226688 0.0 0.0 0.0 1.0
redkitchen/seq-08/color/frame-000987.color.png redkitchen/seq-08/color/frame-000990.color.png 0.999075 0.0331429 -0.0274109 0.0711955 -0.0337201 0.999213 -0.020869 0.079609 0.0266976 0.021774 0.999406 -0.0330968 0.0 0.0 0.0 1.0
redkitchen/seq-08/color/frame-000990.color.png redkitchen/seq-08/color/frame-000993.color.png 0.997523 0.0646573 -0.0277004 0.0894041 -0.0650753 0.997776 -0.014463 0.101532 0.0267036 0.0162298 0.999512 -0.0289053 0.0 0.0 0.0 1.0
redkitchen/seq-08/color/frame-000993.color.png redkitchen/seq-08/color/frame-000996.color.png 0.998804 0.0464646 -0.0151983 0.0500762 -0.046686 0.998804 -0.0145562 0.0874049 0.0145039 0.0152483 0.999779 -0.0155364 0.0 0.0 0.0 1.0
redkitchen/seq-08/color/frame-000996.color.png redkitchen/seq-08/color/frame-000999.color.png 0.999506 0.0300011 -0.00941552 0.0309585 -0.0299005 0.999496 0.0106567 -0.00587022 0.00973047 -0.0103699 0.999899 -0.032745 0.0 0.0 0.0 1.0
