chess/seq-01/color/frame-000002.color.png chess/seq-01/color/frame-000005.color.png 0.999996 -0.00265838 -0.00127197 0.00145002 0.00265468 0.999992 -0.0028966 -0.00261037 0.00127966 0.00289321 0.999995 0.00239034 0.0 0.0 0.0 1.0
chess/seq-01/color/frame-000005.color.png chess/seq-01/color/frame-000008.color.png 0.999996 0.00258968 -0.000920228 -0.00158285 -0.00258938 0.999997 0.000323555 0.00129157 0.000921063 -0.000321171 1.0 -0.00267967 0.0 0.0 0.0 1.0
chess/seq-01/color/frame-000008.color.png chess/seq-01/color/frame-000011.color.png 0.999989 0.00450645 -0.00108713 -0.00225167 -0.00450457 0.999988 0.00172578 0.00143878 0.0010949 -0.00172086 0.999998 0.00204846 0.0 0.0 0.0 1.0
chess/seq-01/color/frame-000011.color.png chess/seq-01/color/frame-000014.color.png 1.0 0.000135155 -0.000173467 -0.00167989 -0.000134782 0.999998 0.00215629 -0.00180185 0.000173758 -0.00215627 0.999998 0.00232258 0.0 0.0 0.0 1.0
chess/seq-01/color/frame-000014.color.png chess/seq-01/color/frame-000017.color.png 0.999972 -0.00332105 -0.00671853 -0.00302829 0.0033145 0.999994 -0.000986245 0.00399947 0.00672177 0.000963948 0.999977 0.00886169 0.0 0.0 0.0 1.0
chess/seq-01/color/frame-000017.color.png chess/seq-01/color/frame-000020.color.png 0.999963 -0.00791811 -0.00335125 0.00257354 0.00796789 0.999854 0.0151119 -0.00323187 0.0032311 -0.0151381 0.99988 0.0193644 0.0 0.0 0.0 1.0
chess/seq-01/color/frame-000020.color.png chess/seq-01/color/frame-000023.color.png 0.999947 -0.00631295 -0.00808797 0.00450094 0.00641513 0.999899 0.0126704 -0.00457938 0.00800716 -0.0127216 0.999887 0.0238896 0.0 0.0 0.0 1.0
chess/seq-01/color/frame-000023.color.png chess/seq-01/color/frame-000026.color.png 0.999976 -0.00524894 -0.00452304 0.00549131 0.00528416 0.999956 0.00781087 0.00108413 0.00448185 -0.00783459 0.999959 0.01732 0.0 0.0 0.0 1.0
chess/seq-01/color/frame-000026.color.png chess/seq-01/color/frame-000029.color.png 0.999992 -0.00386273 -0.00112236 -0.0002763 0.00387504 0.99993 0.0111856 -0.00641242 0.00107908 -0.0111899 0.999937 0.0203979 0.0 0.0 0.0 1.0
chess/seq-01/color/frame-000029.color.png chess/seq-01/color/frame-000032.color.png 0.999934 -0.0112011 0.00256602 0.00340044 0.0111752 0.999888 0.00991588 0.00741425 -0.00267681 -0.00988654 0.999948 0.0213035 0.0 0.0 0.0 1.0
chess/seq-01/color/frame-000032.color.png chess/seq-01/color/frame-000035.color.png 0.99983 -0.0168122 0.00756058 -0.0127548 0.0166893 0.999732 0.0160405 -0.0156265 -0.00782822 -0.0159116 0.999843 0.0262358 0.0 0.0 0.0 1.0
chess/seq-01/color/frame-000035.color.png chess/seq-01/color/frame-000038.color.png 0.999974 -0.00273766 0.00667059 0.00380084 0.00266901 0.999944 0.0102774 -0.00105297 -0.00669836 -0.0102593 0.999925 0.0259297 0.0 0.0 0.0 1.0
chess/seq-01/color/frame-000038.color.png chess/seq-01/color/frame-000041.color.png 0.999998 0.00055127 -0.00214461 -0.00287656 -0.000536552 0.999976 0.00685577 0.00118515 0.00214834 -0.00685461 0.999974 0.0269166 0.0 0.0 0.0 1.0
chess/seq-01/color/frame-000041.color.png chess/seq-01/color/frame-000044.color.png 0.999994 -0.00256659 -0.00234552 -0.00858167 0.0025763 0.999988 0.00414634 -0.00866053 0.00233485 -0.00415234 0.999989 0.025791 0.0 0.0 0.0 1.0
chess/seq-01/color/frame-000044.color.png chess/seq-01/color/frame-000047.color.png 0.999932 -0.00667108 -0.00953027 0.00293932 0.00672963 0.999959 0.00612416 -0.000426652 0.00948902 -0.00618788 0.999936 0.0329177 0.0 0.0 0.0 1.0
chess/seq-01/color/frame-000047.color.png chess/seq-01/color/frame-000050.color.png 0.999778 -0.018394 -0.0102677 0.0152476 0.0184485 0.999816 0.00523816 0.00336932 0.0101695 -0.00542643 0.999934 0.0377373 0.0 0.0 0.0 1.0
chess/seq-01/color/frame-000050.color.png chess/seq-01/color/frame-000053.color.png 0.999757 -0.012964 -0.0178255 0.0153595 0.0130869 0.999891 0.00679568 -0.00372195 0.0177354 -0.00702731 0.999818 0.0328955 0.0 0.0 0.0 1.0
chess/seq-01/color/frame-000053.color.png chess/seq-01/color/frame-000056.color.png 0.999905 -0.0134385 -0.0029911 0.0113662 0.0134857 0.999775 0.0163637 -0.00369116 0.00277054 -0.0164026 0.999862 0.0380167 0.0 0.0 0.0 1.0
chess/seq-01/color/frame-000056.color.png chess/seq-01/color/frame-000059.color.png 0.999926 -0.00994449 -0.00694724 0.0243951 0.0100704 0.999781 0.0183249 -0.000215957 0.00676347 -0.0183935 0.999808 0.0364612 0.0 0.0 0.0 1.0
chess/seq-01/color/frame-000059.color.png chess/seq-01/color/frame-000062.color.png 0.999985 -0.00134528 0.00525109 0.00811727 0.00130826 0.999974 0.00704759 -0.0051011 -0.00526043 -0.00704059 0.999961 0.0263449 0.0 0.0 0.0 1.0
chess/seq-01/color/frame-000062.color.png chess/seq-01/color/frame-000065.color.png 0.999952 0.00500922 0.00842906 0.0130322 -0.00511038 0.999915 0.0120245 -0.00192472 -0.00836811 -0.012067 0.999892 0.0255522 0.0 0.0 0.0 1.0
chess/seq-01/color/frame-000065.color.png chess/seq-01/color/frame-000068.color.png 0.999816 -0.0146503 0.0123643 0.00670288 0.0144809 0.999802 0.0136783 -0.0145364 -0.0125622 -0.0134968 0.99983 0.0316688 0.0 0.0 0.0 1.0
chess/seq-01/color/frame-000068.color.png chess/seq-01/color/frame-000071.color.png 0.999995 -0.000735055 0.0029932 0.0170566 0.000720082 0.999987 0.00499505 0.00329306 -0.00299683 -0.00499285 0.999983 0.0286545 0.0 0.0 0.0 1.0
chess/seq-01/color/frame-000071.color.png chess/seq-01/color/frame-000074.color.png 0.999957 -0.00915249 0.00160513 0.0108969 0.00914182 0.999937 0.00656219 -0.00770045 -0.00166508 -0.00654728 0.999977 0.0373182 0.0 0.0 0.0 1.0
chess/seq-01/color/frame-000074.color.png chess/seq-01/color/frame-000077.color.png 0.999948 -0.00955032 -0.00361154 0.0174965 0.00956405 0.999947 0.00379964 -0.00227863 0.00357506 -0.00383395 0.999986 0.0213519 0.0 0.0 0.0 1.0
chess/seq-01/color/frame-000077.color.png chess/seq-01/color/frame-000080.color.png 0.999851 -0.00396344 0.0168134 0.00494 0.00372312 0.999891 0.0142987 -0.0149813 -0.0168682 -0.014234 0.999756 0.0359702 0.0 0.0 0.0 1.0
chess/seq-01/color/frame-000080.color.png chess/seq-01/color/frame-000083.color.png 0.999966 -0.00737361 -0.00366687 0.0136081 0.0073933 0.999958 0.00537622 -0.00442927 0.00362706 -0.00540311 0.999979 0.0380734 0.0 0.0 0.0 1.0
chess/seq-01/color/frame-000083.color.png chess/seq-01/color/frame-000086.color.png 0.999929 -0.00598189 -0.0103263 0.0112197 0.0059452 0.999976 -0.00357872 -0.000368461 0.0103475 0.00351706 0.99994 0.0319372 0.0 0.0 0.0 1.0
chess/seq-01/color/frame-000086.color.png chess/seq-01/color/frame-000089.color.png 0.999983 -0.000645343 0.00580379 -0.00492799 0.000689037 0.999971 -0.007531 0.0126459 -0.00579876 0.00753483 0.999955 0.0286679 0.0 0.0 0.0 1.0
chess/seq-01/color/frame-000089.color.png chess/seq-01/color/frame-000092.color.png 0.999993 0.000449234 -0.00380581 0.0165619 -0.000371753 0.999793 0.0203304 -0.00810855 0.00381416 -0.0203288 0.999786 0.0552564 0.0 0.0 0.0 1.0
chess/seq-01/color/frame-000092.color.png chess/seq-01/color/frame-000095.color.png 0.999972 -0.00532522 -0.00527819 0.0127649 0.0053778 0.999936 0.0100005 -0.00323978 0.00522458 -0.0100286 0.999936 0.0314928 0.0 0.0 0.0 1.0
chess/seq-01/color/frame-000095.color.png chess/seq-01/color/frame-000098.color.png 0.999998 -0.00108483 -0.00147894 0.00819147 0.00109848 0.999957 0.0092386 -0.00405659 0.00146885 -0.00924018 0.999956 0.0293828 0.0 0.0 0.0 1.0
chess/seq-01/color/frame-000098.color.png chess/seq-01/color/frame-000101.color.png 0.99997 0.00671216 -0.00373051 -0.00179893 -0.0066414 0.999804 0.0186726 -0.0150466 0.00385511 -0.0186473 0.999819 0.0334845 0.0 0.0 0.0 1.0
chess/seq-01/color/frame-000101.color.png chess/seq-01/color/frame-000104.color.png 0.999935 0.00208969 -0.0112419 0.00542879 -0.00186306 0.999796 0.0201318 -0.0196341 0.0112817 -0.0201095 0.999734 0.0368786 0.0 0.0 0.0 1.0
chess/seq-01/color/frame-000104.color.png chess/seq-01/color/frame-000107.color.png 0.999969 -0.00474031 -0.00621661 0.00186798 0.00481545 0.999915 0.0121339 -0.0215319 0.00615857 -0.0121635 0.999907 0.033864 0.0 0.0 0.0 1.0
chess/seq-01/color/frame-000107.color.png chess/seq-01/color/frame-000110.color.png 0.999956 -0.0083808 -0.0042797 -0.00944525 0.00840168 0.999953 0.00488092 0.000437709 0.00423859 -0.00491659 0.999979 0.0323774 0.0 0.0 0.0 1.0
chess/seq-01/color/frame-000110.color.png chess/seq-01/color/frame-000113.color.png 0.99994 -0.0107926 0.00185195 -0.00813194 0.0107594 0.999796 0.0170964 -0.0207323 -0.00203609 -0.0170755 0.999852 0.0340304 0.0 0.0 0.0 1.0
chess/seq-01/color/frame-000113.color.png chess/seq-01/color/frame-000116.color.png 0.999995 -0.00299895 -0.00123049 -0.00574605 0.00301571 0.999899 0.0138632 -0.0165738 0.00118877 -0.0138668 0.999903 0.0282373 0.0 0.0 0.0 1.0
chess/seq-01/color/frame-000116.color.png chess/seq-01/color/frame-000119.color.png 0.999994 0.00158109 0.00306112 -0.0185202 -0.00162751 0.999883 0.0152283 -0.0154488 -0.00303666 -0.0152332 0.999879 0.0378822 0.0 0.0 0.0 1.0
chess/seq-01/color/frame-000119.color.png chess/seq-01/color/frame-000122.color.png 0.999996 0.00195795 0.00225521 -0.0145052 -0.00198056 0.999947 0.0100774 -0.0140689 -0.00223538 -0.0100818 0.999947 0.0349638 0.0 0.0 0.0 1.0
chess/seq-01/color/frame-000122.color.png chess/seq-01/color/frame-000125.color.png 0.99999 -0.00442208 -0.000957832 -0.0126085 0.00442812 0.99997 0.00640818 -0.0098152 0.000929481 -0.00641245 0.999979 0.0295004 0.0 0.0 0.0 1.0
chess/seq-01/color/frame-000125.color.png chess/seq-01/color/frame-000128.color.png 0.999948 -0.00436016 0.00918864 -0.0189893 0.00435581 0.99999 0.000497603 -0.00520911 -0.00919074 -0.000457491 0.999958 0.0292602 0.0 0.0 0.0 1.0
chess/seq-01/color/frame-000128.color.png chess/seq-01/color/frame-000131.color.png 0.999861 -0.0164177 -0.0030376 -0.000397101 0.0163897 0.999825 -0.00899687 0.0112585 0.00318477 0.00894583 0.999955 0.0236551 0.0 0.0 0.0 1.0
chess/seq-01/color/frame-000131.color.png chess/seq-01/color/frame-000134.color.png 0.999952 0.00742178 0.0064369 -0.0091797 -0.00755452 0.999754 0.0208475 -0.01692 -0.00628058 -0.0208952 0.999762 0.026142 0.0 0.0 0.0 1.0
chess/seq-01/color/frame-000134.color.png chess/seq-01/color/frame-000137.color.png 0.999926 0.00891088 -0.00822829 0.0159867 -0.00871735 0.999691 0.0232657 -0.0199568 0.00843306 -0.0231922 0.999695 0.0289296 0.0 0.0 0.0 1.0
chess/seq-01/color/frame-000137.color.png chess/seq-01/color/frame-000140.color.png 0.999665 0.0256324 -0.00350395 0.0113267 -0.0255085 0.999171 0.0317218 -0.0324062 0.00431415 -0.0316218 0.999491 0.0297216 0.0 0.0 0.0 1.0
chess/seq-01/color/frame-000140.color.png chess/seq-01/color/frame-000143.color.png 0.999623 0.0255452 -0.0100742 0.0183858 -0.0252436 0.99926 0.0290054 -0.018498 0.0108077 -0.0287401 0.999528 0.0265839 0.0 0.0 0.0 1.0
chess/seq-01/color/frame-000143.color.png chess/seq-01/color/frame-000146.color.png 0.999843 0.0172317 -0.0040509 0.0135388 -0.0171188 0.999504 0.026429 -0.0238675 0.0045043 -0.0263555 0.999642 0.024137 0.0 0.0 0.0 1.0
chess/seq-01/color/frame-000146.color.png chess/seq-01/color/frame-000149.color.png 0.999895 0.00511829 -0.0135435 0.0308817 -0.00489896 0.999857 0.0161757 -0.00934217 0.0136244 -0.0161076 0.999777 0.0250454 0.0 0.0 0.0 1.0
chess/seq-01/color/frame-000149.color.png chess/seq-01/color/frame-000152.color.png 0.999974 0.00546745 -0.0046191 0.0198029 -0.00543112 0.999955 0.00784529 -0.00117056 0.00466178 -0.00781999 0.999959 0.0170679 0.0 0.0 0.0 1.0
chess/seq-01/color/frame-000152.color.png chess/seq-01/color/frame-000155.color.png 0.999993 0.00366543 0.000304808 0.013779 -0.00366964 0.999877 0.0152621 -0.0141625 -0.000248828 -0.0152631 0.999883 0.0159332 0.0 0.0 0.0 1.0
chess/seq-01/color/frame-000155.color.png chess/seq-01/color/frame-000158.color.png 0.999989 0.0042989 -0.00172593 0.0120292 -0.00428666 0.999966 0.0070258 -0.00711761 0.00175609 -0.00701844 0.999974 0.014387 0.0 0.0 0.0 1.0
chess/seq-01/color/frame-000158.color.png chess/seq-01/color/frame-000161.color.png 0.999891 0.0139281 0.00478085 -0.00435093 -0.0139363 0.999902 0.00167215 -0.000626512 -0.0047571 -0.00173857 0.999987 0.0100433 0.0 0.0 0.0 1.0
chess/seq-01/color/frame-000161.color.png chess/seq-01/color/frame-000164.color.png 0.999943 0.00399716 -0.00990628 0.0165751 -0.0039836 0.999991 0.00138855 -0.00138135 0.00991172 -0.00134895 0.99995 0.00803804 0.0 0.0 0.0 1.0
chess/seq-01/color/frame-000164.color.png chess/seq-01/color/frame-000167.color.png 0.999885 0.0146781 -0.00370205 0.00876035 -0.0146695 0.99989 0.0023571 0.00174507 0.00373625 -0.00230249 0.99999 0.00865138 0.0 0.0 0.0 1.0
chess/seq-01/color/frame-000167.color.png chess/seq-01/color/frame-000170.color.png 0.999886 0.0110861 -0.0102812 0.0212661 -0.0109997 0.999904 0.00842695 -0.00899368 0.0103737 -0.0083128 0.999912 0.0170387 0.0 0.0 0.0 1.0
chess/seq-01/color/frame-000170.color.png chess/seq-01/color/frame-000173.color.png 0.99997 0.0068195 0.00367366 -0.000739709 -0.00682831 0.999974 0.0023931 -0.00195736 -0.00365725 -0.00241827 0.99999 0.0175643 0.0 0.0 0.0 1.0
chess/seq-01/color/frame-000173.color.png chess/seq-01/color/frame-000176.color.png 0.99994 0.00905718 -0.00617777 0.0257042 -0.00902736 0.999947 0.0048399 -0.00533861 0.00622127 -0.00478372 0.999969 0.0191693 0.0 0.0 0.0 1.0
chess/seq-01/color/frame-000176.color.png chess/seq-01/color/frame-000179.color.png 0.999789 0.0164988 -0.012272 0.0228239 -0.0165023 0.999864 -0.000179702 0.00244145 0.0122673 0.000382162 0.999925 0.0154496 0.0 0.0 0.0 1.0
chess/seq-01/color/frame-000179.color.png chess/seq-01/color/frame-000182.color.png 0.999363 0.0331377 -0.0132425 0.0240385 -0.0331014 0.999448 0.00295126 0.0044213 0.013333 -0.00251111 0.999908 0.0152571 0.0 0.0 0.0 1.0
chess/seq-01/color/frame-000182.color.png chess/seq-01/color/frame-000185.color.png 0.999751 0.0149386 -0.0165535 0.0223002 -0.0148859 0.999884 0.00330115 -0.000797953 0.0166009 -0.00305386 0.999857 0.0163445 0.0 0.0 0.0 1.0
chess/seq-01/color/frame-000185.color.png chess/seq-01/color/frame-000188.color.png 0.999577 0.00466484 -0.0287186 0.0494095 -0.00440289 0.999948 0.00917769 -0.00876009 0.0287599 -0.00904742 0.999545 0.010938 0.0 0.0 0.0 1.0
chess/seq-01/color/frame-000188.color.png chess/seq-01/color/frame-000191.color.png 0.99985 0.010095 -0.0140887 0.0218109 -0.0100363 0.999941 0.00422603 -0.00797526 0.0141306 -0.00408402 0.999892 0.0121695 0.0 0.0 0.0 1.0
chess/seq-01/color/frame-000191.color.png chess/seq-01/color/frame-000194.color.png 0.999983 0.00577747 -0.000889631 0.00285406 -0.0057765 0.999983 0.00109445 -0.0105104 0.000895933 -0.00108918 0.999999 0.0110227 0.0 0.0 0.0 1.0
chess/seq-01/color/frame-000194.color.png chess/seq-01/color/frame-000197.color.png 0.999855 0.012986 -0.0110432 0.0248927 -0.0130447 0.999901 -0.0052644 0.00511796 0.0109737 0.00540769 0.999925 -0.00351763 0.0 0.0 0.0 1.0
chess/seq-01/color/frame-000197.color.png chess/seq-01/color/frame-000200.color.png 0.999369 0.0237464 -0.0263992 0.0487081 -0.0237831 0.999717 -0.0010766 -0.00214469 0.0263661 0.00170366 0.999651 -0.00895023 0.0 0.0 0.0 1.0
chess/seq-01/color/frame-000200.color.png chess/seq-01/color/frame-000203.color.png 0.999178 0.0404955 -0.001965 0.00244667 -0.0405291 0.998934 -0.0221117 0.0383717 0.00106747 0.0221731 0.999754 -0.0130785 0.0 0.0 0.0 1.0
chess/seq-01/color/frame-000203.color.png chess/seq-01/color/frame-000206.color.png 0.999039 0.0273467 -0.0342594 0.0650479 -0.0273947 0.999624 -0.000930679 0.000842722 0.0342211 0.00186844 0.999413 -0.0173062 0.0 0.0 0.0 1.0
chess/seq-01/color/frame-000206.color.png chess/seq-01/color/frame-000209.color.png 0.999398 0.0264257 -0.0224773 0.0436426 -0.0264651 0.999649 -0.00145973 0.0171413 0.0224307 0.00205367 0.999746 -0.0126462 0.0 0.0 0.0 1.0
chess/seq-01/color/frame-000209.color.png chess/seq-01/color/frame-000212.color.png 0.999397 0.0205751 -0.0279714 0.049868 -0.0203801 0.999766 0.00723754 -0.0094539 0.0281138 -0.00666322 0.999582 -0.00598395 0.0 0.0 0.0 1.0
chess/seq-01/color/frame-000212.color.png chess/seq-01/color/frame-000215.color.png 0.999317 0.0175166 -0.0325336 0.0660867 -0.0175878 0.999844 -0.00190442 0.0138971 0.0324952 0.00247541 0.999469 -0.0107548 0.0 0.0 0.0 1.0
chess/seq-01/color/frame-000215.color.png chess/seq-01/color/frame-000218.color.png 0.999166 0.00662699 -0.0402874 0.0799822 -0.00663365 0.999978 -3.31263e-05 0.00401598 0.0402862 0.000300262 0.999188 -0.0139214 0.0 0.0 0.0 1.0
chess/seq-01/color/frame-000218.color.png chess/seq-01/color/frame-000221.color.png 0.999316 0.0131634 -0.0345561 0.0730603 -0.0131866 0.999913 -0.000441583 0.00519076 0.0345473 0.000896952 0.999403 -0.00994992 0.0 0.0 0.0 1.0
chess/seq-01/color/frame-000221.color.png chess/seq-01/color/frame-000224.color.png 0.999727 0.00685832 -0.0223207 0.0478329 -0.00683941 0.999976 0.000921239 -0.00258232 0.0223265 -0.000768335 0.99975 -0.0101535 0.0 0.0 0.0 1.0
chess/seq-01/color/frame-000224.color.png chess/seq-01/color/frame-000227.color.png 0.999762 0.00886412 -0.0199179 0.0455688 -0.00892438 0.999956 -0.00293923 0.00484828 0.019891 0.00311629 0.999797 -0.00768971 0.0 0.0 0.0 1.0
chess/seq-01/color/frame-000227.color.png chess/seq-01/color/frame-000230.color.png 0.999757 0.00722301 -0.0208461 0.049328 -0.00727064 0.999971 -0.00220955 0.00425736 0.0208296 0.00236055 0.99978 -0.00722277 0.0 0.0 0.0 1.0
chess/seq-01/color/frame-000230.color.png chess/seq-01/color/frame-000233.color.png 0.999811 0.012646 -0.0147908 0.0349922 -0.0126314 0.99992 0.00107843 0.000223292 0.0148032 -0.000891455 0.99989 -0.00329602 0.0 0.0 0.0 1.0
chess/seq-01/color/frame-000233.color.png chess/seq-01/color/frame-000236.color.png 0.999867 -0.0028467 -0.0160543 0.0385107 0.00281669 0.999994 -0.00189072 0.000911899 0.0160595 0.0018453 0.999869 -0.00519264 0.0 0.0 0.0 1.0
chess/seq-01/color/frame-000236.color.png chess/seq-01/color/frame-000239.color.png 0.999772 0.0117219 -0.0178423 0.0381024 -0.0118124 0.999918 -0.00497171 0.00744541 0.0177826 0.00518131 0.999828 -0.00266767 0.0 0.0 0.0 1.0
chess/seq-01/color/frame-000239.color.png chess/seq-01/color/frame-000242.color.png 0.999789 -0.0019917 -0.0204242 0.044998 0.00194626 0.999996 -0.00224914 0.00433037 0.0204287 0.00220883 0.999789 -0.00129902 0.0 0.0 0.0 1.0
chess/seq-01/color/frame-000242.color.png chess/seq-01/color/frame-000245.color.png 0.999611 0.0114272 -0.0254276 0.0499473 -0.0114801 0.999932 -0.00193446 0.00411459 0.0254037 0.00222561 0.999675 -0.00164485 0.0 0.0 0.0 1.0
chess/seq-01/color/frame-000245.color.png chess/seq-01/color/frame-000248.color.png 0.999645 0.0162705 -0.0210725 0.0377267 -0.0163942 0.999849 -0.00570955 0.0157529 0.0209766 0.00605309 0.999762 -0.00171649 0.0 0.0 0.0 1.0
chess/seq-01/color/frame-000248.color.png chess/seq-01/color/frame-000251.color.png 0.999435 0.0133727 -0.0308416 0.0621514 -0.0132435 0.999903 0.00438733 -0.00360291 0.0308973 -0.00397638 0.999515 -0.000922561 0.0 0.0 0.0 1.0
chess/seq-01/color/frame-000251.color.png chess/seq-01/color/frame-000254.color.png 0.999554 0.0209214 -0.0212954 0.0398587 -0.0210117 0.999771 -0.00402385 0.0150432 0.0212063 0.00446939 0.999765 -0.00394857 0.0 0.0 0.0 1.0
chess/seq-01/color/frame-000254.color.png chess/seq-01/color/frame-000257.color.png 0.999581 0.0142904 -0.0251564 0.0539947 -0.0140098 0.999838 0.0112965 -0.0174998 0.0253137 -0.0109392 0.99962 -0.00146186 0.0 0.0 0.0 1.0
chess/seq-01/color/frame-000257.color.png chess/seq-01/color/frame-000260.color.png 0.999529 0.0208146 -0.0225321 0.0431198 -0.0208472 0.999782 -0.00121211 0.00212041 0.022502 0.00168116 0.999745 -0.00590265 0.0 0.0 0.0 1.0
chess/seq-01/color/frame-000260.color.png chess/seq-01/color/frame-000263.color.png 0.999469 -0.011522 -0.0304721 0.0686176 0.0116453 0.999925 0.00386711 -0.00655785 0.0304252 -0.00421994 0.999528 -0.00651276 0.0 0.0 0.0 1.0
chess/seq-01/color/frame-000263.color.png chess/seq-01/color/frame-000266.color.png 0.999706 0.016014 -0.0181792 0.0386294 -0.0158924 0.99985 0.00681621 -0.0164373 0.0182856 -0.00652521 0.999811 -0.00124681 0.0 0.0 0.0 1.0
chess/seq-01/color/frame-000266.color.png chess/seq-01/color/frame-000269.color.png 0.999827 0.00414186 -0.0181437 0.0392565 -0.00426008 0.99997 -0.00648437 0.00117835 0.0181163 0.00656039 0.999814 -0.011645 0.0 0.0 0.0 1.0
chess/seq-01/color/frame-000269.color.png chess/seq-01/color/frame-000272.color.png 0.999578 -0.00301351 -0.0288759 0.0638666 0.00321745 0.99997 0.00702049 -0.0234665 0.0288538 -0.0071103 0.999558 -0.0151695 0.0 0.0 0.0 1.0
chess/seq-01/color/frame-000272.color.png chess/seq-01/color/frame-000275.color.png 0.999545 0.00774639 -0.0291367 0.0736443 -0.00816438 0.999865 -0.0142579 0.016509 0.0290223 0.0144893 0.999474 -0.0208718 0.0 0.0 0.0 1.0
chess/seq-01/color/frame-000275.color.png chess/seq-01/color/frame-000278.color.png 0.999568 0.00145886 -0.0293706 0.0764625 -0.00154917 0.999994 -0.00304587 0.00946174 0.0293661 0.00309001 0.999564 -0.0216026 0.0 0.0 0.0 1.0
chess/seq-01/color/frame-000278.color.png chess/seq-01/color/frame-000281.color.png 0.998933 0.0302887 -0.0348522 0.0902046 -0.030219 0.99954 0.00252001 0.00885386 0.0349125 -0.00146405 0.999389 -0.0241044 0.0 0.0 0.0 1.0
chess/seq-01/color/frame-000281.color.png chess/seq-01/color/frame-000284.color.png 0.998866 0.0267312 -0.0394041 0.100011 -0.0268712 0.999634 -0.00302483 0.0207655 0.0393089 0.00408023 0.999219 -0.0248688 0.0 0.0 0.0 1.0
chess/seq-01/color/frame-000284.color.png chess/seq-01/color/frame-000287.color.png 0.999407 0.0107434 -0.0327073 0.0761498 -0.0106645 0.99994 0.00258444 0.00684187 0.0327331 -0.00223415 0.999462 -0.0231378 0.0 0.0 0.0 1.0
chess/seq-01/color/frame-000287.color.png chess/seq-01/color/frame-000290.color.png 0.999084 0.0129388 -0.0407924 0.0981315 -0.0123802 0.999827 0.013918 -0.0165284 0.0409654 -0.0134002 0.999071 -0.026881 0.0 0.0 0.0 1.0
chess/seq-01/color/frame-000290.color.png chess/seq-01/color/frame-000293.color.png 0.999356 0.0229773 -0.0275614 0.07478 -0.0231739 0.999708 -0.00683236 0.0336117 0.0273963 0.00746668 0.999597 -0.0169953 0.0 0.0 0.0 1.0
chess/seq-01/color/frame-000293.color.png chess/seq-01/color/frame-000296.color.png 0.999357 0.0162972 -0.0319334 0.0767886 -0.0164915 0.999847 -0.00583216 0.00960605 0.0318334 0.00635495 0.999473 -0.0243442 0.0 0.0 0.0 1.0
chess/seq-01/color/frame-000296.color.png chess/seq-01/color/frame-000299.color.png 0.999905 0.00661185 -0.0121049 0.0397376 -0.00682705 0.999818 -0.0178185 0.0242933 0.011985 0.0178995 0.999768 -0.016508 0.0 0.0 0.0 1.0
chess/seq-01/color/frame-000299.color.png chess/seq-01/color/frame-000302.color.png 0.999965 -0.00399536 0.00736908 0.00826651 0.00409426 0.999901 -0.0134693 0.000499234 -0.00731459 0.0134991 0.999882 0.00670028 0.0 0.0 0.0 1.0
chess/seq-01/color/frame-000302.color.png chess/seq-01/color/frame-000305.color.png 0.999616 -0.0277118 -0.000856367 0.022155 0.0276979 0.999527 -0.0133827 -0.0146237 0.0012268 0.0133537 0.99991 -0.00514579 0.0 0.0 0.0 1.0
chess/seq-01/color/frame-000305.color.png chess/seq-01/color/frame-000308.color.png 0.999656 -0.0259866 0.00354949 0.0209039 0.0260594 0.999412 -0.0222869 -0.00147254 -0.0029682 0.0223717 0.999745 -0.0109614 0.0 0.0 0.0 1.0
chess/seq-01/color/frame-000308.color.png chess/seq-01/color/frame-000311.color.png 0.999953 0.00178246 0.00957183 0.00974548 -0.00148873 0.999531 -0.0305914 0.0331638 -0.0096219 0.0305759 0.999486 -0.0112169 0.0 0.0 0.0 1.0
chess/seq-01/color/frame-000311.color.png chess/seq-01/color/frame-000314.color.png 0.999842 -0.0131133 0.0120326 0.022117 0.0132908 0.999802 -0.0148058 -0.00110334 -0.0118359 0.0149633 0.999818 -0.0209221 0.0 0.0 0.0 1.0
chess/seq-01/color/frame-000314.color.png chess/seq-01/color/frame-000317.color.png 0.99964 -0.026839 -2.92211e-05 0.0420383 0.0268391 0.999638 -0.00169176 -0.0101292 7.45545e-05 0.00169041 0.999998 -0.0239654 0.0 0.0 0.0 1.0
chess/seq-01/color/frame-000317.color.png chess/seq-01/color/frame-000320.color.png 0.999931 -0.00380195 -0.0111542 0.0381063 0.00369532 0.999947 -0.00956151 0.00621238 0.0111899 0.00951963 0.999892 -0.0406263 0.0 0.0 0.0 1.0
chess/seq-01/color/frame-000320.color.png chess/seq-01/color/frame-000323.color.png 0.999827 -0.0185559 0.00124827 0.0167139 0.0185741 0.99969 -0.0165958 -0.00639124 -0.000940012 0.0166162 0.999861 -0.0328686 0.0 0.0 0.0 1.0
chess/seq-01/color/frame-000323.color.png chess/seq-01/color/frame-000326.color.png 0.999534 -0.012385 0.027896 -0.0296088 0.0133512 0.999308 -0.0347164 0.0312231 -0.0274467 0.0350726 0.999008 -0.00545287 0.0 0.0 0.0 1.0
chess/seq-01/color/frame-000326.color.png chess/seq-01/color/frame-000329.color.png 0.999439 -0.0328224 0.00667787 -0.0223198 0.0329613 0.999217 -0.0218748 -0.00739147 -0.00595463 0.0220826 0.999738 -0.0253451 0.0 0.0 0.0 1.0
chess/seq-01/color/frame-000329.color.png chess/seq-01/color/frame-000332.color.png 0.999747 -0.022481 -0.00121054 -0.0181715 0.0224606 0.999639 -0.0147259 -0.00364147 0.00154131 0.0146949 0.999891 -0.036312 0.0 0.0 0.0 1.0
chess/seq-01/color/frame-000332.color.png chess/seq-01/color/frame-000335.color.png 0.999868 -0.0151669 0.00581683 -0.0239369 0.0152315 0.999821 -0.0112248 -0.00239508 -0.00564573 0.0113122 0.99992 -0.0275103 0.0 0.0 0.0 1.0
chess/seq-01/color/frame-000335.color.png chess/seq-01/color/frame-000338.color.png 0.999466 -0.0321631 0.00579841 -0.0272371 0.0322533 0.999349 -0.0161905 -0.0288132 -0.00527379 0.0163688 0.999852 -0.0406694 0.0 0.0 0.0 1.0
chess/seq-01/color/frame-000338.color.png chess/seq-01/color/frame-000341.color.png 0.999647 -0.024953 0.00909247 -0.00524712 0.0250979 0.999554 -0.016209 -0.000642434 -0.00868394 0.0164314 0.999827 -0.0202924 0.0 0.0 0.0 1.0
chess/seq-01/color/frame-000341.color.png chess/seq-01/color/frame-000344.color.png 0.999872 -0.0154207 0.00430686 -0.00682938 0.0155644 0.999245 -0.0356007 0.0381807 -0.00375459 0.0356631 0.999357 -0.0272501 0.0 0.0 0.0 1.0
chess/seq-01/color/frame-000344.color.png chess/seq-01/color/frame-000347.color.png 0.999962 -0.000235131 -0.00872096 0.0257829 -5.65468e-05 0.999441 -0.0334303 0.042881 0.00872384 0.0334295 0.999403 -0.0485927 0.0 0.0 0.0 1.0
chess/seq-01/color/frame-000347.color.png chess/seq-01/color/frame-000350.color.png 0.999948 -0.00341469 -0.00964456 0.0322601 0.00318435 0.999711 -0.0238078 0.0242703 0.00972307 0.0237758 0.99967 -0.0528516 0.0 0.0 0.0 1.0
chess/seq-01/color/frame-000350.color.png chess/seq-01/color/frame-000353.color.png 0.999998 0.00218863 -0.000429422 0.0269685 -0.00220013 0.999583 -0.0287755 0.0300436 0.000366391 0.0287763 0.999586 -0.0540854 0.0 0.0 0.0 1.0
chess/seq-01/color/frame-000353.color.png chess/seq-01/color/frame-000356.color.png 0.999937 0.0014551 0.0111584 0.00580812 -0.00117541 0.999686 -0.0250241 0.0335234 -0.0111915 0.0250095 0.999625 -0.0359795 0.0 0.0 0.0 1.0
chess/seq-01/color/frame-000356.color.png chess/seq-01/color/frame-000359.color.png 0.999811 -0.0153389 0.0119393 0.00426877 0.0155593 0.999706 -0.0185843 0.00962886 -0.0116506 0.0187665 0.999756 -0.0323459 0.0 0.0 0.0 1.0
chess/seq-01/color/frame-000359.color.png chess/seq-01/color/frame-000362.color.png 0.997256 -0.0195851 0.0713888 -0.0423008 0.0213218 0.999493 -0.0236499 -0.0286161 -0.0708895 0.0251071 0.997168 0.0242488 0.0 0.0 0.0 1.0
chess/seq-01/color/frame-000362.color.png chess/seq-01/color/frame-000365.color.png 0.99816 -0.0482421 0.0367443 -0.0187702 0.0483394 0.998829 -0.00176379 -0.0380641 -0.0366162 0.00353672 0.999323 0.000977397 0.0 0.0 0.0 1.0
chess/seq-01/color/frame-000365.color.png chess/seq-01/color/frame-000368.color.png 0.998355 -0.0372891 0.0435458 -0.0271295 0.0379789 0.999164 -0.0151231 -0.0285221 -0.0429454 0.016752 0.998937 0.00245363 0.0 0.0 0.0 1.0
chess/seq-01/color/frame-000368.color.png chess/seq-01/color/frame-000371.color.png 0.999261 -0.030393 0.0235116 -0.0235544 0.0308114 0.99937 -0.0176423 -0.0127202 -0.0229607 0.0183537 0.999568 -0.0142149 0.0 0.0 0.0 1.0
chess/seq-01/color/frame-000371.color.png chess/seq-01/color/frame-000374.color.png 0.999469 -0.0253873 0.0204351 -0.0199872 0.0260206 0.99917 -0.0313515 0.0147142 -0.0196222 0.0318666 0.9993 -0.0136412 0.0 0.0 0.0 1.0
chess/seq-01/color/frame-000374.color.png chess/seq-01/color/frame-000377.color.png 0.999971 -0.00757368 0.000310918 0.0101671 0.00757889 0.999696 -0.0234533 0.0240947 -0.000133117 0.023455 0.999725 -0.0326006 0.0 0.0 0.0 1.0
chess/seq-01/color/frame-000377.color.png chess/seq-01/color/frame-000380.color.png 0.999891 0.004475 -0.0140359 0.0329555 -0.00474865 0.999798 -0.0195224 0.0199552 0.0139456 0.0195869 0.999711 -0.0455699 0.0 0.0 0.0 1.0
chess/seq-01/color/frame-000380.color.png chess/seq-01/color/frame-000383.color.png 0.999835 -0.0154469 0.00953519 0.0119685 0.0150638 0.999125 0.0390231 -0.0425856 -0.0101296 -0.038873 0.999193 -0.00759315 0.0 0.0 0.0 1.0
chess/seq-01/color/frame-000383.color.png chess/seq-01/color/frame-000386.color.png 0.999785 -0.0199473 0.00567203 0.020596 0.0197434 0.999228 0.0339613 0.00218018 -0.00634511 -0.033842 0.999407 -0.0145299 0.0 0.0 0.0 1.0
chess/seq-01/color/frame-000386.color.png chess/seq-01/color/frame-000389.color.png 0.999978 -0.00581313 0.00328028 0.0294836 0.00561989 0.998409 0.0561141 -0.0799701 -0.00360122 -0.0560944 0.998419 0.00427181 0.0 0.0 0.0 1.0
chess/seq-01/color/frame-000389.color.png chess/seq-01/color/frame-000392.color.png 0.999398 -0.00551432 0.0342559 -0.00510406 0.00504079 0.999891 0.0138969 -0.0230423 -0.0343289 -0.0137158 0.999316 0.017434 0.0 0.0 0.0 1.0
chess/seq-01/color/frame-000392.color.png chess/seq-01/color/frame-000395.color.png 0.999857 -0.0144981 0.00866552 0.0216981 0.0144125 0.999848 0.0098549 -0.0349804 -0.00880702 -0.00972859 0.999914 -0.00322658 0.0 0.0 0.0 1.0
chess/seq-01/color/frame-000395.color.png chess/seq-01/color/frame-000398.color.png 0.999511 -0.0292226 0.0111096 0.0194721 0.0292428 0.999571 -0.00166472 -0.0405485 -0.0110562 0.00198879 0.999937 -0.00116295 0.0 0.0 0.0 1.0
chess/seq-01/color/frame-000398.color.png chess/seq-01/color/frame-000401.color.png 0.999662 -0.0162708 0.0202554 -0.00418711 0.0162786 0.999867 -0.000221413 -0.0268974 -0.0202491 0.000551066 0.999795 0.00593969 0.0 0.0 0.0 1.0
chess/seq-01/color/frame-000401.color.png chess/seq-01/color/frame-000404.color.png 0.999421 -0.0264261 0.0214305 -0.0119357 0.0263524 0.999646 0.00371199 -0.0347624 -0.0215209 -0.0031451 0.999763 0.0103948 0.0 0.0 0.0 1.0
chess/seq-01/color/frame-000404.color.png chess/seq-01/color/frame-000407.color.png 0.999873 -0.0138513 0.0078223 -0.0165793 0.0138621 0.999903 -0.00133252 -0.0133555 -0.00780314 0.00144079 0.999968 -0.0025427 0.0 0.0 0.0 1.0
chess/seq-01/color/frame-000407.color.png chess/seq-01/color/frame-000410.color.png 0.999159 -0.00481919 -0.0407102 0.010663 0.00467478 0.999983 -0.0036427 -0.000525698 0.040727 0.00344933 0.999164 -0.0758775 0.0 0.0 0.0 1.0
chess/seq-01/color/frame-000410.color.png chess/seq-01/color/frame-000413.color.png 0.995569 0.0149221 -0.0928459 0.0480714 -0.0157528 0.999842 -0.00822094 0.043574 0.0927086 0.00964708 0.995646 -0.123245 0.0 0.0 0.0 1.0
chess/seq-01/color/frame-000413.color.png chess/seq-01/color/frame-000416.color.png 0.994981 0.00214941 -0.100043 0.0761045 -0.000493616 0.999863 0.016572 0.0156496 0.100064 -0.0164394 0.994845 -0.119205 0.0 0.0 0.0 1.0
chess/seq-01/color/frame-000416.color.png chess/seq-01/color/frame-000419.color.png 0.999717 0.00202521 -0.023717 0.0116707 -0.00155946 0.999806 0.0196454 -0.0118858 0.023752 -0.0196028 0.999526 -0.0245524 0.0 0.0 0.0 1.0
chess/seq-01/color/frame-000419.color.png chess/seq-01/color/frame-000422.color.png 0.999797 0.000975042 -0.0201156 0.011441 -0.000527021 0.999752 0.0222648 0.00188686 0.0201324 -0.0222497 0.99955 -0.0407168 0.0 0.0 0.0 1.0
chess/seq-01/color/frame-000422.color.png chess/seq-01/color/frame-000425.color.png 0.999892 0.00806168 0.0122687 -0.00543594 -0.0081737 0.999925 0.00911058 0.0117575 -0.0121942 -0.00920987 0.999883 0.0307656 0.0 0.0 0.0 1.0
chess/seq-01/color/frame-000425.color.png chess/seq-01/color/frame-000428.color.png 0.999589 0.0134248 0.0253156 -0.0211508 -0.0135482 0.999897 0.0047109 0.0123314 -0.0252498 -0.00505193 0.999668 0.0394293 0.0 0.0 0.0 1.0
chess/seq-01/color/frame-000428.color.png chess/seq-01/color/frame-000431.color.png 0.999852 -0.000421324 0.0172138 -0.00490904 0.000861724 0.999672 -0.0255835 0.011686 -0.0171974 0.0255946 0.999525 0.0351178 0.0 0.0 0.0 1.0
chess/seq-01/color/frame-000431.color.png chess/seq-01/color/frame-000434.color.png 0.999709 0.0131569 0.0202294 -0.012841 -0.0130729 0.999905 -0.00427626 0.0101093 -0.0202838 0.00401056 0.999786 0.0457149 0.0 0.0 0.0 1.0
chess/seq-01/color/frame-000434.color.png chess/seq-01/color/frame-000437.color.png 0.999959 -0.00148417 0.00892493 -0.00254214 0.00166875 0.999784 -0.0207079 0.0191644 -0.00889233 0.0207219 0.999746 0.0332835 0.0 0.0 0.0 1.0
chess/seq-01/color/frame-000437.color.png chess/seq-01/color/frame-000440.color.png 0.99999 0.00270819 0.00362419 0.00393105 -0.0027009 0.999994 -0.00201816 0.0174112 -0.00362953 0.00200831 0.999991 0.0276905 0.0 0.0 0.0 1.0
chess/seq-01/color/frame-000440.color.png chess/seq-01/color/frame-000443.color.png 0.999926 0.00815398 0.00906621 -0.00683403 -0.00828144 0.999866 0.0141107 0.00207859 -0.00895004 -0.0141847 0.999859 0.0350831 0.0 0.0 0.0 1.0
chess/seq-01/color/frame-000443.color.png chess/seq-01/color/frame-000446.color.png 0.99996 0.00129555 -0.0088357 0.00758123 -0.00120689 0.999949 0.0100242 -0.0210242 0.00884834 -0.0100131 0.999911 0.021642 0.0 0.0 0.0 1.0
chess/seq-01/color/frame-000446.color.png chess/seq-01/color/frame-000449.color.png 0.999945 0.00313957 -0.00996167 0.0168104 -0.00318589 0.999984 -0.00463472 0.00863147 0.00994696 0.00466624 0.99994 0.0309898 0.0 0.0 0.0 1.0
chess/seq-01/color/frame-000449.color.png chess/seq-01/color/frame-000452.color.png 0.999697 0.0193104 0.0153006 -0.00514734 -0.0196168 0.999605 0.0201308 0.027914 -0.0149058 -0.0204249 0.99968 0.0734526 0.0 0.0 0.0 1.0
chess/seq-01/color/frame-000452.color.png chess/seq-01/color/frame-000455.color.png 0.999621 -0.00615926 -0.0268294 0.0261821 0.00600391 0.999965 -0.00587083 -0.00784539 0.0268646 0.00570758 0.999623 0.0141701 0.0 0.0 0.0 1.0
chess/seq-01/color/frame-000455.color.png chess/seq-01/color/frame-000458.color.png 0.99986 0.00240234 0.0165545 -0.00640309 -0.00230132 0.999979 -0.00611598 0.00564292 -0.0165689 0.006077 0.999844 0.0795769 0.0 0.0 0.0 1.0
chess/seq-01/color/frame-000458.color.png chess/seq-01/color/frame-000461.color.png 0.999997 -0.00194765 0.00135004 -0.00974274 0.00193712 0.999968 0.00771109 -0.01304 -0.00136502 -0.00770845 0.999969 0.0523699 0.0 0.0 0.0 1.0
chess/seq-01/color/frame-000461.color.png chess/seq-01/color/frame-000464.color.png 0.998873 -0.0180091 -0.043909 0.0280857 0.0174994 0.999775 -0.0119676 -0.00374624 0.0441147 0.0111857 0.998964 -0.00741535 0.0 0.0 0.0 1.0
chess/seq-01/color/frame-000464.color.png chess/seq-01/color/frame-000467.color.png 0.999949 -0.00342974 -0.00945052 -0.00848019 0.0033457 0.999955 -0.00889243 0.00988029 0.00948063 0.00886036 0.999916 0.0541574 0.0 0.0 0.0 1.0
chess/seq-01/color/frame-000467.color.png chess/seq-01/color/frame-000470.color.png 0.999874 -0.0157866 0.00148776 -0.0127503 0.015772 0.999832 0.00933553 -0.0217562 -0.00163486 -0.00931093 0.999955 0.076193 0.0 0.0 0.0 1.0
chess/seq-01/color/frame-000470.color.png chess/seq-01/color/frame-000473.color.png 0.999878 -0.015611 9.37039e-05 -0.0295701 0.0156077 0.999758 0.0154911 -0.0267574 -0.000335587 -0.0154877 0.99988 0.0702518 0.0 0.0 0.0 1.0
chess/seq-01/color/frame-000473.color.png chess/seq-01/color/frame-000476.color.png 0.999949 -0.0100494 8.88618e-06 -0.01319 0.0100492 0.999925 0.00704224 -0.0227056 -7.95982e-05 -0.00704179 0.999975 0.0441648 0.0 0.0 0.0 1.0
chess/seq-01/color/frame-000476.color.png chess/seq-01/color/frame-000479.color.png 0.999674 -0.0249832 -0.00527409 -0.00620401 0.025021 0.999661 0.00723889 -0.0286479 0.00509151 -0.00736853 0.99996 0.0257188 0.0 0.0 0.0 1.0
chess/seq-01/color/frame-000479.color.png chess/seq-01/color/frame-000482.color.png 0.999538 -0.013844 -0.0270428 0.0229092 0.014077 0.999865 0.00844692 -0.0174078 0.0269222 -0.00882368 0.999599 0.00747716 0.0 0.0 0.0 1.0
chess/seq-01/color/frame-000482.color.png chess/seq-01/color/frame-000485.color.png 0.999457 0.0014625 -0.0329161 0.0410573 -0.000937012 0.999872 0.0159738 -0.0146979 0.0329351 -0.0159343 0.99933 0.0043056 0.0 0.0 0.0 1.0
chess/seq-01/color/frame-000485.color.png chess/seq-01/color/frame-000488.color.png 0.999608 0.00295545 -0.0278347 0.0317347 -0.00285854 0.99999 0.00352375 -0.00307037 0.0278448 -0.00344281 0.999606 0.00921631 0.0 0.0 0.0 1.0
chess/seq-01/color/frame-000488.color.png chess/seq-01/color/frame-000491.color.png 0.999259 0.00423153 -0.0382503 0.0686846 -0.00474108 0.999901 -0.0132405 0.00834781 0.0381904 0.0134121 0.99918 -0.0026021 0.0 0.0 0.0 1.0
chess/seq-01/color/frame-000491.color.png chess/seq-01/color/frame-000494.color.png 0.999372 -0.00528193 -0.0350451 0.0534648 0.0051978 0.999983 -0.00249197 -0.00558688 0.0350577 0.00230825 0.999383 -0.00575602 0.0 0.0 0.0 1.0
chess/seq-01/color/frame-000494.color.png chess/seq-01/color/frame-000497.color.png 0.999479 0.000857535 -0.032258 0.0611455 -0.00056745 0.999959 0.00900154 -0.0110147 0.0322645 -0.00897855 0.999439 0.00369692 0.0 0.0 0.0 1.0
chess/seq-01/color/frame-000497.color.png chess/seq-01/color/frame-000500.color.png 0.999188 0.00968383 -0.0391145 0.0515904 -0.00947882 0.99994 0.00542285 0.00320561 0.0391647 -0.00504771 0.99922 -0.00836873 0.0 0.0 0.0 1.0
chess/seq-01/color/frame-000500.color.png chess/seq-01/color/frame-000503.color.png 0.997621 0.00203346 -0.0689101 0.104352 -0.00154452 0.999973 0.00714878 -0.0426153 0.0689227 -0.00702534 0.997597 -0.05225 0.0 0.0 0.0 1.0
chess/seq-01/color/frame-000503.color.png chess/seq-01/color/frame-000506.color.png 0.997723 -0.0204348 -0.064277 0.0978671 0.019662 0.999727 -0.0126335 0.00895853 0.0645177 0.0113409 0.997852 -0.044713 0.0 0.0 0.0 1.0
chess/seq-01/color/frame-000506.color.png chess/seq-01/color/frame-000509.color.png 0.998096 -0.0065837 -0.0613274 0.0949051 0.00597638 0.999931 -0.0100802 -0.00247465 0.0613896 0.00969456 0.998067 -0.0354462 0.0 0.0 0.0 1.0
chess/seq-01/color/frame-000509.color.png chess/seq-01/color/frame-000512.color.png 0.999131 -0.0111334 -0.0401679 0.0507386 0.0110134 0.999934 -0.00320659 -0.00840246 0.040201 0.0027614 0.999188 -0.0161396 0.0 0.0 0.0 1.0
chess/seq-01/color/frame-000512.color.png chess/seq-01/color/frame-000515.color.png 0.999741 0.00777478 -0.0213979 0.0117806 -0.00824156 0.999728 -0.0218127 0.0413993 0.0212226 0.0219834 0.999533 0.0223864 0.0 0.0 0.0 1.0
chess/seq-01/color/frame-000515.color.png chess/seq-01/color/frame-000518.color.png 0.999814 0.0109572 -0.0158764 0.00300574 -0.0109976 0.999937 -0.00245885 0.000210367 0.0158483 0.00263302 0.999871 0.014479 0.0 0.0 0.0 1.0
chess/seq-01/color/frame-000518.color.png chess/seq-01/color/frame-000521.color.png 0.99958 0.00275775 -0.0288353 0.0280216 -0.002753 0.999996 0.000205326 -0.00376824 0.0288357 -0.000125848 0.999584 -0.00465643 0.0 0.0 0.0 1.0
chess/seq-01/color/frame-000521.color.png chess/seq-01/color/frame-000524.color.png 0.999636 0.00179597 -0.0269312 0.0238 -0.00191863 0.999988 -0.00453044 0.00551143 0.0269227 0.00458049 0.999627 -0.00775468 0.0 0.0 0.0 1.0
chess/seq-01/color/frame-000524.color.png chess/seq-01/color/frame-000527.color.png 0.999115 0.015609 -0.039057 0.0571648 -0.0150791 0.999791 0.0138239 -0.0242054 0.0392646 -0.0132228 0.999141 -0.0231514 0.0 0.0 0.0 1.0
chess/seq-01/color/frame-000527.color.png chess/seq-01/color/frame-000530.color.png 0.998133 0.0155503 -0.0590626 0.0878253 -0.0151737 0.999861 0.00681974 0.00276288 0.0591605 -0.00591089 0.998231 -0.0345407 0.0 0.0 0.0 1.0
chess/seq-01/color/frame-000530.color.png chess/seq-01/color/frame-000533.color.png 0.998598 0.0143533 -0.0509552 0.0823588 -0.0151186 0.999778 -0.0146659 0.0558538 0.0507335 0.0154157 0.998593 -0.0317535 0.0 0.0 0.0 1.0
chess/seq-01/color/frame-000533.color.png chess/seq-01/color/frame-000536.color.png 0.999974 -0.0048137 -0.0053595 0.00628448 0.00478097 0.99997 -0.00610132 0.0239145 0.00538868 0.00607554 0.999967 0.0164509 0.0 0.0 0.0 1.0
chess/seq-01/color/frame-000536.color.png chess/seq-01/color/frame-000539.color.png 0.998263 0.000977852 0.0589083 -0.108811 -0.00258545 0.999626 0.0272192 -0.0453491 -0.0588595 -0.0273243 0.997892 0.0993227 0.0 0.0 0.0 1.0
chess/seq-01/color/frame-000539.color.png chess/seq-01/color/frame-000542.color.png 0.998527 0.0185968 0.05097 -0.113347 -0.0192904 0.999727 0.0131499 -0.0266328 -0.0507116 -0.0141137 0.998614 0.0679114 0.0 0.0 0.0 1.0
chess/seq-01/color/frame-000542.color.png chess/seq-01/color/frame-000545.color.png 0.998297 -0.0122528 0.0570312 -0.149506 0.0125475 0.99991 -0.00481099 -0.00650322 -0.0569671 0.00551837 0.998361 0.0467573 0.0 0.0 0.0 1.0
chess/seq-01/color/frame-000545.color.png chess/seq-01/color/frame-000548.color.png 0.999345 -0.0160931 0.0324121 -0.0976615 0.0162547 0.999857 -0.00473076 0.00632135 -0.0323314 0.00525453 0.999463 0.0315681 0.0 0.0 0.0 1.0
chess/seq-01/color/frame-000548.color.png chess/seq-01/color/frame-000551.color.png 0.999357 0.0125233 0.0336117 -0.102636 -0.012422 0.999918 -0.00322165 0.00926262 -0.0336493 0.00280207 0.99943 0.0326031 0.0 0.0 0.0 1.0
chess/seq-01/color/frame-000551.color.png chess/seq-01/color/frame-000554.color.png 0.998834 0.0110959 0.0469912 -0.120809 -0.0107682 0.999916 -0.00722178 0.0028999 -0.0470673 0.00670732 0.998869 0.0270464 0.0 0.0 0.0 1.0
chess/seq-01/color/frame-000554.color.png chess/seq-01/color/frame-000557.color.png 0.99976 -0.000829113 0.0218936 -0.0493118 0.000690549 0.99998 0.00633594 -0.0247204 -0.0218985 -0.00631924 0.99974 0.0303439 0.0 0.0 0.0 1.0
chess/seq-01/color/frame-000557.color.png chess/seq-01/color/frame-000560.color.png 0.99867 -0.0158719 0.049062 -0.101426 0.0151583 0.999774 0.014884 -0.0499796 -0.0492871 -0.0141205 0.998685 0.0357893 0.0 0.0 0.0 1.0
chess/seq-01/color/frame-000560.color.png chess/seq-01/color/frame-000563.color.png 0.999037 -0.0129847 0.0419159 -0.0928934 0.0130159 0.999915 -0.000471952 -0.00254174 -0.0419062 0.00101705 0.999121 0.0247678 0.0 0.0 0.0 1.0
chess/seq-01/color/frame-000563.color.png chess/seq-01/color/frame-000566.color.png 0.999268 -0.0094651 0.0370618 -0.08876 0.00967608 0.999938 -0.0055156 0.00429273 -0.0370074 0.00587023 0.999298 0.0111829 0.0 0.0 0.0 1.0
chess/seq-01/color/frame-000566.color.png chess/seq-01/color/frame-000569.color.png 0.999522 -0.0128333 0.0281389 -0.0724463 0.0129643 0.999906 -0.00447862 0.00844824 -0.0280787 0.00484126 0.999594 0.00951433 0.0 0.0 0.0 1.0
chess/seq-01/color/frame-000569.color.png chess/seq-01/color/frame-000572.color.png 0.999388 -0.00839043 0.0339492 -0.0843802 0.00828382 0.99996 0.00327902 -0.0128397 -0.0339753 -0.0029958 0.999418 0.00217307 0.0 0.0 0.0 1.0
chess/seq-01/color/frame-000572.color.png chess/seq-01/color/frame-000575.color.png 0.99834 -0.00623355 0.0572508 -0.128354 0.00575517 0.999947 0.00851738 -0.0266754 -0.0573009 -0.00817376 0.998323 0.0160958 0.0 0.0 0.0 1.0
chess/seq-01/color/frame-000575.color.png chess/seq-01/color/frame-000578.color.png 0.999402 -0.0155911 0.0308477 -0.0911468 0.0157052 0.999871 -0.003457 0.0163719 -0.0307899 0.00393942 0.999518 -0.00115323 0.0 0.0 0.0 1.0
chess/seq-01/color/frame-000578.color.png chess/seq-01/color/frame-000581.color.png 0.999392 0.0150344 0.031472 -0.0830945 -0.0151255 0.999882 0.00265577 0.00581358 -0.0314282 -0.0031302 0.999501 0.00489211 0.0 0.0 0.0 1.0
chess/seq-01/color/frame-000581.color.png chess/seq-01/color/frame-000584.color.png 0.99932 0.0140932 0.034071 -0.0976514 -0.014425 0.999851 0.00951147 -0.00258578 -0.0339319 -0.00999647 0.999374 0.0172348 0.0 0.0 0.0 1.0
chess/seq-01/color/frame-000584.color.png chess/seq-01/color/frame-000587.color.png 0.999237 0.000672 0.0390447 -0.109375 -0.000833824 0.999991 0.00413027 0.00425513 -0.0390416 -0.00415969 0.999229 0.0254765 0.0 0.0 0.0 1.0
chess/seq-01/color/frame-000587.color.png chess/seq-01/color/frame-000590.color.png 0.999143 0.00330075 0.0412488 -0.10739 -0.00364071 0.99996 0.00816864 -0.0174102 -0.0412202 -0.00831179 0.999116 0.0333812 0.0 0.0 0.0 1.0
chess/seq-01/color/frame-000590.color.png chess/seq-01/color/frame-000593.color.png 0.999272 -0.00916602 0.0370419 -0.0989149 0.00860203 0.999845 0.015355 -0.0299189 -0.037177 -0.0150251 0.999196 0.0286595 0.0 0.0 0.0 1.0
chess/seq-01/color/frame-000593.color.png chess/seq-01/color/frame-000596.color.png 0.999457 -0.00741659 0.0321113 -0.0812265 0.00709231 0.999923 0.0102008 -0.0196803 -0.0321844 -0.00996754 0.999432 0.0221201 0.0 0.0 0.0 1.0
chess/seq-01/color/frame-000596.color.png chess/seq-01/color/frame-000599.color.png 0.999107 -0.00288958 0.0421558 -0.0981734 0.00240371 0.99993 0.0115721 -0.0173683 -0.0421863 -0.0114604 0.999044 0.0242823 0.0 0.0 0.0 1.0
chess/seq-01/color/frame-000599.color.png chess/seq-01/color/frame-000602.color.png 0.999606 0.00401532 0.0277682 -0.0667392 -0.0043032 0.999938 0.010315 -0.0156862 -0.027725 -0.0104304 0.999561 0.0142825 0.0 0.0 0.0 1.0
chess/seq-01/color/frame-000602.color.png chess/seq-01/color/frame-000605.color.png 0.999888 -0.00148717 0.0149102 -0.0484433 0.00144772 0.999995 0.00265331 -0.000269443 -0.0149141 -0.00263147 0.999885 0.00555718 0.0 0.0 0.0 1.0
chess/seq-01/color/frame-000605.color.png chess/seq-01/color/frame-000608.color.png 0.999637 0.00556101 0.0263527 -0.0723379 -0.0055947 0.999984 0.00120492 -4.74378e-05 -0.0263457 -0.00135185 0.999652 0.00609708 0.0 0.0 0.0 1.0
chess/seq-01/color/frame-000608.color.png chess/seq-01/color/frame-000611.color.png 0.999745 -0.000623794 0.0225928 -0.0721379 0.00065267 0.999999 -0.00126878 0.00157872 -0.022592 0.00128318 0.999744 0.00394917 0.0 0.0 0.0 1.0
chess/seq-01/color/frame-000611.color.png chess/seq-01/color/frame-000614.color.png 0.998918 -0.00217124 0.0464649 -0.107246 0.00210993 0.999997 0.00136697 -0.00116517 -0.0464676 -0.00126746 0.998919 0.0117521 0.0 0.0 0.0 1.0
chess/seq-01/color/frame-000614.color.png chess/seq-01/color/frame-000617.color.png 0.998652 -0.0125586 0.050358 -0.118286 0.01239 0.999917 0.00365887 -0.00613828 -0.0503997 -0.00303003 0.998725 0.0138067 0.0 0.0 0.0 1.0
chess/seq-01/color/frame-000617.color.png chess/seq-01/color/frame-000620.color.png 0.998482 -0.0188095 0.0517615 -0.113498 0.0187792 0.999823 0.00107139 -0.0097157 -0.0517725 -9.77096e-05 0.998659 0.0122607 0.0 0.0 0.0 1.0
chess/seq-01/color/frame-000620.color.png chess/seq-01/color/frame-000623.color.png 0.999199 -0.00490863 0.0397276 -0.0890825 0.00471505 0.999977 0.00496491 -0.0152708 -0.0397511 -0.00477358 0.999198 0.0023464 0.0 0.0 0.0 1.0
chess/seq-01/color/frame-000623.color.png chess/seq-01/color/frame-000626.color.png 0.999838 -0.0110018 0.0142482 -0.0333766 0.0110275 0.999938 -0.001722 -0.00404254 -0.0142284 0.00187882 0.999897 0.00568914 0.0 0.0 0.0 1.0
chess/seq-01/color/frame-000626.color.png chess/seq-01/color/frame-000629.color.png 0.999131 -0.016572 0.0382393 -0.0888194 0.0167036 0.999856 -0.00312459 -0.00438773 -0.0381819 0.00376061 0.999264 0.0101454 0.0 0.0 0.0 1.0
chess/seq-01/color/frame-000629.color.png chess/seq-01/color/frame-000632.color.png 0.998523 -0.0115716 0.0530792 -0.124123 0.0115152 0.999933 0.0013679 -0.0156474 -0.0530915 -0.000754608 0.998589 0.0233159 0.0 0.0 0.0 1.0
chess/seq-01/color/frame-000632.color.png chess/seq-01/color/frame-000635.color.png 0.998692 -0.00983219 0.0501845 -0.10073 0.00986785 0.999951 -0.000462411 -0.00241911 -0.0501776 0.000957029 0.99874 0.0217892 0.0 0.0 0.0 1.0
chess/seq-01/color/frame-000635.color.png chess/seq-01/color/frame-000638.color.png 0.99941 -0.030482 0.015815 -0.0477838 0.0305977 0.999506 -0.00713139 -0.00236525 -0.0155898 0.00761108 0.999849 0.0180908 0.0 0.0 0.0 1.0
chess/seq-01/color/frame-000638.color.png chess/seq-01/color/frame-000641.color.png 0.99733 -0.0287725 0.067111 -0.14044 0.0296434 0.999488 -0.0120177 0.0152597 -0.0667309 0.013975 0.997673 0.0277976 0.0 0.0 0.0 1.0
chess/seq-01/color/frame-000641.color.png chess/seq-01/color/frame-000644.color.png 0.998664 -0.0134019 0.0499007 -0.0995406 0.013682 0.999892 -0.00527577 0.0080843 -0.0498247 0.00595149 0.99874 0.0172701 0.0 0.0 0.0 1.0
chess/seq-01/color/frame-000644.color.png chess/seq-01/color/frame-000647.color.png 0.99764 -0.0118809 0.0676245 -0.146846 0.0118276 0.999929 0.00118815 -0.00643034 -0.0676339 -0.000385494 0.99771 0.0214341 0.0 0.0 0.0 1.0
chess/seq-01/color/frame-000647.color.png chess/seq-01/color/frame-000650.color.png 0.999216 -0.0199562 0.0341927 -0.058669 0.0202481 0.999761 -0.00821191 0.0118713 -0.0340207 0.0088978 0.999381 0.00392282 0.0 0.0 0.0 1.0
chess/seq-01/color/frame-000650.color.png chess/seq-01/color/frame-000653.color.png 0.998937 -0.00253294 0.0460224 -0.0852451 0.00255998 0.999997 -0.000528416 -0.00650543 -0.0460209 0.000645701 0.99894 0.0108494 0.0 0.0 0.0 1.0
chess/seq-01/color/frame-000653.color.png chess/seq-01/color/frame-000656.color.png 0.998537 0.00794065 0.0534786 -0.111819 -0.0070706 0.99984 -0.0164391 0.0336644 -0.0536006 0.0160369 0.998434 0.000177145 0.0 0.0 0.0 1.0
chess/seq-01/color/frame-000656.color.png chess/seq-01/color/frame-000659.color.png 0.999 0.00609669 0.0442935 -0.108873 -0.00519206 0.999776 -0.0205099 0.0282072 -0.0444086 0.0202594 0.998808 0.00944257 0.0 0.0 0.0 1.0
chess/seq-01/color/frame-000659.color.png chess/seq-01/color/frame-000662.color.png 0.99889 -0.000645561 0.0471015 -0.0999575 0.00129473 0.999905 -0.0137531 0.0133132 -0.0470882 0.0137989 0.998795 0.00890529 0.0 0.0 0.0 1.0
chess/seq-01/color/frame-000662.color.png chess/seq-01/color/frame-000665.color.png 0.999048 -0.00955501 0.0425544 -0.0844752 0.00963672 0.999952 -0.00171551 -0.0101201 -0.042536 0.00212397 0.999093 -0.0274607 0.0 0.0 0.0 1.0
chess/seq-01/color/frame-000665.color.png chess/seq-01/color/frame-000668.color.png 0.999466 -0.0170424 0.0278849 -0.0636389 0.0174443 0.999747 -0.0142366 0.0505968 -0.0276352 0.0147154 0.99951 -0.0146142 0.0 0.0 0.0 1.0
chess/seq-01/color/frame-000668.color.png chess/seq-01/color/frame-000671.color.png 0.999678 -0.00896607 0.0237353 -0.076033 0.00898838 0.999959 -0.000833682 0.00163974 -0.0237269 0.00104674 0.999718 0.00490618 0.0 0.0 0.0 1.0
chess/seq-01/color/frame-000671.color.png chess/seq-01/color/frame-000674.color.png 0.999918 -0.00457841 0.0120099 -0.0611408 0.0045161 0.999976 0.00521084 -0.00455237 -0.0120335 -0.00515616 0.999914 -0.00157702 0.0 0.0 0.0 1.0
chess/seq-01/color/frame-000674.color.png chess/seq-01/color/frame-000677.color.png 0.999505 0.0275786 0.0151677 -0.0555913 -0.0276268 0.999614 0.00297359 -0.0110529 -0.0150799 -0.00339117 0.999881 0.00595701 0.0 0.0 0.0 1.0
chess/seq-01/color/frame-000677.color.png chess/seq-01/color/frame-000680.color.png 0.999282 0.0297266 0.0234694 -0.0605271 -0.0294155 0.999476 -0.0134952 0.0173979 -0.0238582 0.0127952 0.999633 0.006531 0.0 0.0 0.0 1.0
chess/seq-01/color/frame-000680.color.png chess/seq-01/color/frame-000683.color.png 0.99917 0.0285527 0.029042 -0.0544775 -0.0280635 0.99946 -0.0171173 0.000682443 -0.029515 0.0162881 0.999432 -0.00568247 0.0 0.0 0.0 1.0
chess/seq-01/color/frame-000683.color.png chess/seq-01/color/frame-000686.color.png 0.999834 -0.0068403 0.0168558 -0.0565549 0.0072351 0.999698 -0.0234734 0.0265951 -0.0166903 0.0235915 0.999582 0.0108283 0.0 0.0 0.0 1.0
chess/seq-01/color/frame-000686.color.png chess/seq-01/color/frame-000689.color.png 0.999916 -0.0113082 0.00630694 -0.0179524 0.0114108 0.999799 -0.0164724 0.023348 -0.00611939 0.016543 0.999844 0.00508034 0.0 0.0 0.0 1.0
chess/seq-01/color/frame-000689.color.png chess/seq-01/color/frame-000692.color.png 0.999654 -0.0249962 0.00823557 -0.028504 0.025029 0.999679 -0.00389887 0.0103943 -0.00813533 0.00410366 0.999958 0.0177404 0.0 0.0 0.0 1.0
chess/seq-01/color/frame-000692.color.png chess/seq-01/color/frame-000695.color.png 0.999267 -0.0315508 0.0216963 -0.0475606 0.0315596 0.999502 -6.34865e-05 -0.00751813 -0.0216836 0.000748158 0.999765 0.0260758 0.0 0.0 0.0 1.0
chess/seq-01/color/frame-000695.color.png chess/seq-01/color/frame-000698.color.png 0.999148 -0.0361352 0.0199488 -0.0501781 0.0365201 0.999147 -0.0192798 0.0562599 -0.0192352 0.0199919 0.999615 0.0170521 0.0 0.0 0.0 1.0
chess/seq-01/color/frame-000698.color.png chess/seq-01/color/frame-000701.color.png 0.999235 -0.0339472 0.0194124 -0.0393893 0.0340757 0.999399 -0.00633108 0.0180042 -0.0191856 0.00698774 0.999792 0.0154246 0.0 0.0 0.0 1.0
chess/seq-01/color/frame-000701.color.png chess/seq-01/color/frame-000704.color.png 0.99991 -0.012189 -0.00561007 0.00878258 0.012201 0.999923 0.00209477 0.00286724 0.00558413 -0.00216303 0.999982 0.0135452 0.0 0.0 0.0 1.0
chess/seq-01/color/frame-000704.color.png chess/seq-01/color/frame-000707.color.png 0.999518 -0.0302267 0.00713152 -0.0235078 0.0302939 0.999496 -0.00951454 0.0371855 -0.00684037 0.009726 0.999929 0.0236155 0.0 0.0 0.0 1.0
chess/seq-01/color/frame-000707.color.png chess/seq-01/color/frame-000710.color.png 0.999621 -0.0160791 0.0223336 -0.0565828 0.0161798 0.99986 -0.00433299 0.0232857 -0.0222608 0.00469269 0.999741 0.0153648 0.0 0.0 0.0 1.0
chess/seq-01/color/frame-000710.color.png chess/seq-01/color/frame-000713.color.png 0.999984 -0.000947635 0.00561007 -0.0213311 0.000879338 0.999926 0.0121672 -0.0159002 -0.00562125 -0.0121621 0.99991 0.00523961 0.0 0.0 0.0 1.0
chess/seq-01/color/frame-000713.color.png chess/seq-01/color/frame-000716.color.png 0.999965 -0.00103815 -0.00827227 -0.0079869 0.000952981 0.999946 -0.0102993 0.0309564 0.00828253 0.010291 0.999913 0.0112194 0.0 0.0 0.0 1.0
chess/seq-01/color/frame-000716.color.png chess/seq-01/color/frame-000719.color.png 0.999996 -0.00109877 0.00273612 -0.0104383 0.00109339 0.999998 0.00194654 -0.000524767 -0.00273819 -0.0019435 0.999994 -0.00291383 0.0 0.0 0.0 1.0
chess/seq-01/color/frame-000719.color.png chess/seq-01/color/frame-000722.color.png 0.999712 -0.0240153 0.000312448 -0.0207449 0.0240125 0.999686 0.00723324 0.00646445 -0.000486101 -0.00722367 0.999974 0.0176406 0.0 0.0 0.0 1.0
chess/seq-01/color/frame-000722.color.png chess/seq-01/color/frame-000725.color.png 0.997708 0.0494444 0.0461928 -0.101576 -0.0502588 0.998598 0.0166385 -0.0399876 -0.0453052 -0.0189219 0.998794 0.0204455 0.0 0.0 0.0 1.0
chess/seq-01/color/frame-000725.color.png chess/seq-01/color/frame-000728.color.png 0.999441 -0.0270954 -0.0195689 0.0236136 0.0270354 0.999629 -0.00332795 0.0232424 0.0196517 0.00279705 0.999803 0.013379 0.0 0.0 0.0 1.0
chess/seq-01/color/frame-000728.color.png chess/seq-01/color/frame-000731.color.png 0.999777 -0.0169543 -0.0125545 0.015925 0.0171741 0.999697 0.0176085 -0.0371808 0.012252 -0.0178202 0.999766 0.0260773 0.0 0.0 0.0 1.0
chess/seq-01/color/frame-000731.color.png chess/seq-01/color/frame-000734.color.png 0.999979 -0.00505681 -0.0039478 -0.00272962 0.00504916 0.999985 -0.00194292 0.00623503 0.00395745 0.00192295 0.99999 0.0395501 0.0 0.0 0.0 1.0
chess/seq-01/color/frame-000734.color.png chess/seq-01/color/frame-000737.color.png 0.999507 0.0133312 -0.0284299 0.041207 -0.0128349 0.999763 0.0175692 -0.0436235 0.0286575 -0.0171957 0.999441 0.0184212 0.0 0.0 0.0 1.0
chess/seq-01/color/frame-000737.color.png chess/seq-01/color/frame-000740.color.png 0.999865 0.00669938 -0.0150039 0.0263247 -0.00637235 0.999743 0.0217373 -0.0468818 0.0151457 -0.0216387 0.999651 0.048425 0.0 0.0 0.0 1.0
chess/seq-01/color/frame-000740.color.png chess/seq-01/color/frame-000743.color.png 0.999641 0.008418 -0.0254349 0.0480453 -0.00810417 0.99989 0.0124176 -0.0218138 0.0255367 -0.0122071 0.999599 0.0329863 0.0 0.0 0.0 1.0
chess/seq-01/color/frame-000743.color.png chess/seq-01/color/frame-000746.color.png 0.999813 0.0121832 -0.0150146 0.0265129 -0.0116961 0.999416 0.0321125 -0.0788408 0.0153969 -0.0319309 0.999371 0.0281392 0.0 0.0 0.0 1.0
chess/seq-01/color/frame-000746.color.png chess/seq-01/color/frame-000749.color.png 0.999934 0.00870565 -0.0075199 0.0148695 -0.00851222 0.999642 0.0253844 -0.0479515 0.00773829 -0.0253187 0.999649 0.0280116 0.0 0.0 0.0 1.0
chess/seq-01/color/frame-000749.color.png chess/seq-01/color/frame-000752.color.png 0.999781 0.0127392 -0.0165753 0.0386076 -0.0121684 0.999345 0.034095 -0.0776611 0.0169989 -0.0338858 0.999281 0.0309973 0.0 0.0 0.0 1.0
chess/seq-01/color/frame-000752.color.png chess/seq-01/color/frame-000755.color.png 0.999913 0.00933119 -0.0092709 0.0205533 -0.00915054 0.999771 0.019342 -0.0399062 0.00944909 -0.0192555 0.99977 0.0255282 0.0 0.0 0.0 1.0
chess/seq-01/color/frame-000755.color.png chess/seq-01/color/frame-000758.color.png 0.999562 0.0265419 -0.0131052 0.0319867 -0.0263311 0.999525 0.0160025 -0.041679 0.0135238 -0.0156504 0.999786 0.0312889 0.0 0.0 0.0 1.0
chess/seq-01/color/frame-000758.color.png chess/seq-01/color/frame-000761.color.png 0.999771 0.0171639 -0.0127975 0.0335145 -0.0168929 0.999637 0.020996 -0.0552779 0.0131532 -0.020775 0.999698 0.0225182 0.0 0.0 0.0 1.0
chess/seq-01/color/frame-000761.color.png chess/seq-01/color/frame-000764.color.png 0.999882 -0.0153611 -0.000340349 0.00443524 0.0153624 0.999874 0.00401109 0.00319841 0.000278615 -0.00401587 0.999992 0.0170922 0.0 0.0 0.0 1.0
chess/seq-01/color/frame-000764.color.png chess/seq-01/color/frame-000767.color.png 0.999772 -0.0175145 -0.012242 0.0334423 0.0174702 0.99984 -0.00371287 0.0163347 0.0123052 0.0034982 0.999918 0.00945544 0.0 0.0 0.0 1.0
chess/seq-01/color/frame-000767.color.png chess/seq-01/color/frame-000770.color.png 0.998254 -0.0405594 -0.0429487 0.0979297 0.0400458 0.999117 -0.0127536 0.0523164 0.0434281 0.0110115 0.998996 0.0184262 0.0 0.0 0.0 1.0
chess/seq-01/color/frame-000770.color.png chess/seq-01/color/frame-000773.color.png 0.999748 0.0145024 -0.0171276 0.0477202 -0.01442 0.999884 0.00492961 -0.0203557 0.017197 -0.00468142 0.999841 0.0140424 0.0 0.0 0.0 1.0
chess/seq-01/color/frame-000773.color.png chess/seq-01/color/frame-000776.color.png 0.999894 -0.0144086 -0.00196115 0.00826415 0.0143912 0.999859 -0.00859986 0.0237436 0.00208479 0.00857072 0.999961 -0.00127578 0.0 0.0 0.0 1.0
chess/seq-01/color/frame-000776.color.png chess/seq-01/color/frame-000779.color.png 0.999954 0.00744517 0.00601418 -0.0103358 -0.00742826 0.999968 -0.00282944 0.000851467 -0.00603508 0.00278463 0.999978 0.0160377 0.0 0.0 0.0 1.0
chess/seq-01/color/frame-000779.color.png chess/seq-01/color/frame-000782.color.png 0.999998 -0.00159961 0.00100954 0.00484863 0.00159746 0.999996 0.00211283 -0.00603474 -0.00101293 -0.00211124 0.999997 0.0066309 0.0 0.0 0.0 1.0
chess/seq-01/color/frame-000782.color.png chess/seq-01/color/frame-000785.color.png 0.999951 0.00378044 0.00916019 -0.0158036 -0.00383861 0.999972 0.00634598 -0.0198464 -0.00913592 -0.00638075 0.999938 0.00805974 0.0 0.0 0.0 1.0
chess/seq-01/color/frame-000785.color.png chess/seq-01/color/frame-000788.color.png 0.999951 0.00840681 0.0052867 -0.00926089 -0.00848256 0.999859 0.0144711 -0.0362822 -0.0051643 -0.0145152 0.999881 0.027374 0.0 0.0 0.0 1.0
chess/seq-01/color/frame-000788.color.png chess/seq-01/color/frame-000791.color.png 0.999892 -0.013244 0.00632468 -0.0120881 0.013197 0.999885 0.00741388 -0.00497418 -0.00642222 -0.00732958 0.999953 0.0208037 0.0 0.0 0.0 1.0
chess/seq-01/color/frame-000791.color.png chess/seq-01/color/frame-000794.color.png 0.999983 -0.0057956 -0.000473574 0.002974 0.00580417 0.999769 0.0206869 -0.043721 0.00035367 -0.0206893 0.999786 0.0195761 0.0 0.0 0.0 1.0
chess/seq-01/color/frame-000794.color.png chess/seq-01/color/frame-000797.color.png 0.999941 0.0107576 0.00169041 -0.00420061 -0.0107719 0.999904 0.00867019 -0.0168564 -0.00159702 -0.00868788 0.999961 0.013206 0.0 0.0 0.0 1.0
chess/seq-01/color/frame-000797.color.png chess/seq-01/color/frame-000800.color.png 0.999997 0.00244937 -0.000192734 -0.000815362 -0.00244868 0.999991 0.00349261 -0.00538815 0.000201271 -0.00349207 0.999994 0.0132387 0.0 0.0 0.0 1.0
chess/seq-01/color/frame-000800.color.png chess/seq-01/color/frame-000803.color.png 0.999993 0.00165488 0.00329618 -0.00841919 -0.00167941 0.999971 0.00745487 -0.0179139 -0.00328375 -0.0074604 0.999967 0.0188084 0.0 0.0 0.0 1.0
chess/seq-01/color/frame-000803.color.png chess/seq-01/color/frame-000806.color.png 0.999981 -0.00367676 0.004894 -0.0111836 0.0036766 0.999993 3.79541e-05 -0.00266597 -0.00489411 -1.99187e-05 0.999988 0.00788736 0.0 0.0 0.0 1.0
chess/seq-01/color/frame-000806.color.png chess/seq-01/color/frame-000809.color.png 0.999741 0.0133976 0.0183869 -0.0445243 -0.0135222 0.999886 0.00667019 -0.0230118 -0.0182955 -0.00691706 0.999809 0.000431776 0.0 0.0 0.0 1.0
chess/seq-01/color/frame-000809.color.png chess/seq-01/color/frame-000812.color.png 0.999735 0.0108907 0.0202987 -0.0469935 -0.0108323 0.999937 -0.00298233 0.00495807 -0.0203299 0.00276162 0.99979 -0.00384808 0.0 0.0 0.0 1.0
chess/seq-01/color/frame-000812.color.png chess/seq-01/color/frame-000815.color.png 0.999989 0.000580948 0.00470819 -0.0135981 -0.000466543 0.999706 -0.0242611 0.0622798 -0.00472084 0.0242587 0.999695 -0.00545526 0.0 0.0 0.0 1.0
chess/seq-01/color/frame-000815.color.png chess/seq-01/color/frame-000818.color.png 0.999986 0.000675483 0.00516543 -0.0135199 -0.000548176 0.999697 -0.0246087 0.0492076 -0.00518045 0.0246054 0.999684 -0.0157483 0.0 0.0 0.0 1.0
chess/seq-01/color/frame-000818.color.png chess/seq-01/color/frame-000821.color.png 0.999671 0.0253576 0.00398199 -0.0122637 -0.0253332 0.999661 -0.0060789 -0.00842069 -0.00413486 0.00597598 0.999974 -0.0221651 0.0 0.0 0.0 1.0
chess/seq-01/color/frame-000821.color.png chess/seq-01/color/frame-000824.color.png 0.999726 0.0116344 0.0203304 -0.0505756 -0.0118543 0.999872 0.0107295 -0.0308141 -0.0202029 -0.0109675 0.999736 -0.0258925 0.0 0.0 0.0 1.0
chess/seq-01/color/frame-000824.color.png chess/seq-01/color/frame-000827.color.png 0.999064 -0.0174098 0.0395929 -0.0861981 0.0160118 0.999246 0.0353583 -0.0789513 -0.0401786 -0.0346912 0.99859 -0.0352588 0.0 0.0 0.0 1.0
chess/seq-01/color/frame-000827.color.png chess/seq-01/color/frame-000830.color.png 0.998462 -0.0329658 0.0445781 -0.0959978 0.0326563 0.999437 0.00765348 -0.000648186 -0.0448054 -0.006186 0.998977 -0.030062 0.0 0.0 0.0 1.0
chess/seq-01/color/frame-000830.color.png chess/seq-01/color/frame-000833.color.png 0.99898 -0.00360532 0.0450189 -0.104225 0.00338004 0.999981 0.00508014 -0.00332639 -0.0450363 -0.00492269 0.998973 -0.0313804 0.0 0.0 0.0 1.0
chess/seq-01/color/frame-000833.color.png chess/seq-01/color/frame-000836.color.png 0.999473 -0.0207847 0.0249277 -0.0555978 0.0202571 0.999569 0.0212348 -0.0381967 -0.0253585 -0.0207186 0.999464 -0.0139046 0.0 0.0 0.0 1.0
chess/seq-01/color/frame-000836.color.png chess/seq-01/color/frame-000839.color.png 0.999783 -0.00204293 0.0207173 -0.0466196 0.0019754 0.999993 0.00327956 -2.06977e-05 -0.0207239 -0.00323798 0.99978 -0.0205033 0.0 0.0 0.0 1.0
chess/seq-01/color/frame-000839.color.png chess/seq-01/color/frame-000842.color.png 0.999859 -0.012209 0.0115419 -0.0215982 0.012156 0.999915 0.00465047 -0.00153104 -0.0115978 -0.00450956 0.999923 -0.0160792 0.0 0.0 0.0 1.0
chess/seq-01/color/frame-000842.color.png chess/seq-01/color/frame-000845.color.png 0.999764 -0.0162447 0.0144346 -0.0279795 0.016281 0.999865 -0.00240065 0.0171579 -0.0143936 0.00263514 0.999893 -0.022033 0.0 0.0 0.0 1.0
chess/seq-01/color/frame-000845.color.png chess/seq-01/color/frame-000848.color.png 0.999749 -0.0178116 0.0136183 -0.0264276 0.0176679 0.999788 0.0106056 -0.0160307 -0.0138044 -0.0103623 0.999851 -0.0145006 0.0 0.0 0.0 1.0
chess/seq-01/color/frame-000848.color.png chess/seq-01/color/frame-000851.color.png 0.99981 -0.0142964 0.0132302 -0.0261735 0.014418 0.999854 -0.00913817 0.0362118 -0.0130976 0.00932723 0.999871 -0.0206316 0.0 0.0 0.0 1.0
chess/seq-01/color/frame-000851.color.png chess/seq-01/color/frame-000854.color.png 0.999825 -0.0116472 0.0146398 -0.0279003 0.0116665 0.999931 -0.00123633 0.0122024 -0.0146245 0.00140693 0.999892 -0.0184584 0.0 0.0 0.0 1.0
chess/seq-01/color/frame-000854.color.png chess/seq-01/color/frame-000857.color.png 0.99978 -0.0195069 0.00768076 -0.0111656 0.0195408 0.9998 -0.00436469 0.0249776 -0.0075941 0.0045138 0.999961 -0.0161848 0.0 0.0 0.0 1.0
chess/seq-01/color/frame-000857.color.png chess/seq-01/color/frame-000860.color.png 0.999974 -0.00465074 0.00549949 -0.00756267 0.00462608 0.999979 0.00447504 -0.000542585 -0.00552003 -0.00444944 0.999975 -0.0117495 0.0 0.0 0.0 1.0
chess/seq-01/color/frame-000860.color.png chess/seq-01/color/frame-000863.color.png 0.999895 -0.0129773 0.00644095 -0.012907 0.0129827 0.999915 -0.000810995 0.0126941 -0.00642993 0.000894557 0.999979 -0.0103877 0.0 0.0 0.0 1.0
chess/seq-01/color/frame-000863.color.png chess/seq-01/color/frame-000866.color.png 0.999978 -0.00121949 0.00647704 -0.0121154 0.00123038 0.999998 -0.00166074 0.00695807 -0.00647501 0.00166868 0.999978 -0.00892353 0.0 0.0 0.0 1.0
chess/seq-01/color/frame-000866.color.png chess/seq-01/color/frame-000869.color.png 0.999971 -0.00172714 0.00748816 -0.0138238 0.00167811 0.999977 0.00654663 -0.00816033 -0.00749928 -0.00653393 0.999951 -0.00898862 0.0 0.0 0.0 1.0
chess/seq-01/color/frame-000869.color.png chess/seq-01/color/frame-000872.color.png 0.999859 -0.0166467 -0.00199899 0.00581101 0.0166403 0.999856 -0.00316766 0.0199365 0.00205139 0.00313401 0.999993 -0.0152006 0.0 0.0 0.0 1.0
chess/seq-01/color/frame-000872.color.png chess/seq-01/color/frame-000875.color.png 0.999998 0.00104714 -0.0014698 0.00163937 -0.00105364 0.99999 -0.0044122 0.0131915 0.00146535 0.00441376 0.999989 -0.0137045 0.0 0.0 0.0 1.0
chess/seq-01/color/frame-000875.color.png chess/seq-01/color/frame-000878.color.png 0.999955 0.00953904 0.000145543 -0.00111544 -0.00953886 0.999954 -0.00113543 0.00481163 -0.00015654 0.00113395 0.999999 -0.0196867 0.0 0.0 0.0 1.0
chess/seq-01/color/frame-000878.color.png chess/seq-01/color/frame-000881.color.png 0.999979 0.00644899 -0.000677308 0.00306174 -0.00645158 0.999971 -0.00392368 0.0095502 0.000652058 0.00392796 0.999992 -0.0141194 0.0 0.0 0.0 1.0
chess/seq-01/color/frame-000881.color.png chess/seq-01/color/frame-000884.color.png 0.999977 -0.00615158 -0.00268105 0.000780374 0.00608882 0.999721 -0.0228206 0.0626093 0.00282068 0.0228038 0.999736 -0.0198193 0.0 0.0 0.0 1.0
chess/seq-01/color/frame-000884.color.png chess/seq-01/color/frame-000887.color.png 0.999974 0.00169887 -0.00700162 0.015206 -0.00175076 0.999971 -0.00742211 0.0187634 0.00698878 0.00743421 0.999948 -0.0182779 0.0 0.0 0.0 1.0
chess/seq-01/color/frame-000887.color.png chess/seq-01/color/frame-000890.color.png 0.999956 -0.00711403 -0.00622043 0.00916991 0.00706166 0.99994 -0.0084001 0.0304774 0.0062798 0.00835584 0.999945 -0.0175568 0.0 0.0 0.0 1.0
chess/seq-01/color/frame-000890.color.png chess/seq-01/color/frame-000893.color.png 0.999937 -0.0099272 -0.00519766 0.0155102 0.00993029 0.99995 0.0005739 0.00583229 0.00519171 -0.000625527 0.999986 -0.0155602 0.0 0.0 0.0 1.0
chess/seq-01/color/frame-000893.color.png chess/seq-01/color/frame-000896.color.png 0.999776 -0.0201887 0.00638714 -0.0153014 0.0201996 0.999795 -0.00163926 0.0195646 -0.00635275 0.00176798 0.999978 -0.0201215 0.0 0.0 0.0 1.0
chess/seq-01/color/frame-000896.color.png chess/seq-01/color/frame-000899.color.png 0.999651 -0.0220358 0.0145353 -0.0262417 0.0221174 0.99974 -0.0054838 0.0242047 -0.0144106 0.0058033 0.999879 -0.0207196 0.0 0.0 0.0 1.0
chess/seq-01/color/frame-000899.color.png chess/seq-01/color/frame-000902.color.png 0.999685 -0.00395554 0.0247766 -0.0532814 0.00401027 0.99999 -0.00215522 0.0129458 -0.024768 0.0022539 0.999691 -0.0178941 0.0 0.0 0.0 1.0
chess/seq-01/color/frame-000902.color.png chess/seq-01/color/frame-000905.color.png 0.999717 -0.00989937 0.021614 -0.0580315 0.00988486 0.999951 0.000780487 0.00320021 -0.0216207 -0.000566632 0.999766 -0.0173339 0.0 0.0 0.0 1.0
chess/seq-01/color/frame-000905.color.png chess/seq-01/color/frame-000908.color.png 0.999924 -0.000739872 0.0123119 -0.0364628 0.000765718 0.999997 -0.0020958 0.00637446 -0.0123103 0.0021051 0.999922 -0.0176249 0.0 0.0 0.0 1.0
chess/seq-01/color/frame-000908.color.png chess/seq-01/color/frame-000911.color.png 0.999677 0.00414343 0.0250747 -0.0680622 -0.00412465 0.999991 -0.000802507 0.00344286 -0.0250778 0.000698833 0.999685 -0.0215516 0.0 0.0 0.0 1.0
chess/seq-01/color/frame-000911.color.png chess/seq-01/color/frame-000914.color.png 0.999947 -0.00841531 0.00591014 -0.026948 0.00845246 0.999944 -0.00629043 0.018484 -0.00585687 0.00634006 0.999963 -0.02092 0.0 0.0 0.0 1.0
chess/seq-01/color/frame-000914.color.png chess/seq-01/color/frame-000917.color.png 0.999971 -0.00757709 -0.00108071 -0.00410244 0.00756757 0.999935 -0.00852057 0.0234014 0.00114535 0.00851213 0.999963 -0.0139365 0.0 0.0 0.0 1.0
chess/seq-01/color/frame-000917.color.png chess/seq-01/color/frame-000920.color.png 0.999983 0.00571888 0.00075384 -0.0138637 -0.0057187 0.999984 -0.000153945 0.00147316 -0.00075485 0.000149593 1.0 -0.0136089 0.0 0.0 0.0 1.0
chess/seq-01/color/frame-000920.color.png chess/seq-01/color/frame-000923.color.png 0.999794 -0.01234 -0.016086 0.0214287 0.0120585 0.999774 -0.0174819 0.03509 0.0162982 0.0172844 0.999718 -0.013907 0.0 0.0 0.0 1.0
chess/seq-01/color/frame-000923.color.png chess/seq-01/color/frame-000926.color.png 0.999805 -0.00484373 -0.0191314 0.0282314 0.00456373 0.999882 -0.014652 0.032858 0.0191999 0.0145618 0.99971 -0.0122703 0.0 0.0 0.0 1.0
chess/seq-01/color/frame-000926.color.png chess/seq-01/color/frame-000929.color.png 0.999767 -0.00409613 -0.0211856 0.0359986 0.00392958 0.999961 -0.00789608 0.0192355 0.0212172 0.00781106 0.999744 -0.00871623 0.0 0.0 0.0 1.0
chess/seq-01/color/frame-000929.color.png chess/seq-01/color/frame-000932.color.png 0.999792 0.00379848 -0.0200385 0.0320101 -0.00385117 0.999989 -0.00258971 0.0086627 0.0200283 0.00266628 0.999796 -0.015224 0.0 0.0 0.0 1.0
chess/seq-01/color/frame-000932.color.png chess/seq-01/color/frame-000935.color.png 0.999657 0.00544354 -0.0256258 0.0420993 -0.00560478 0.999965 -0.00622731 0.0168086 0.0255909 0.00636876 0.999652 -0.0147536 0.0 0.0 0.0 1.0
chess/seq-01/color/frame-000935.color.png chess/seq-01/color/frame-000938.color.png 0.999454 0.00991957 -0.0315209 0.0435931 -0.00967693 0.999922 0.00784331 -0.0132366 0.0315964 -0.00753397 0.999472 -0.00694168 0.0 0.0 0.0 1.0
chess/seq-01/color/frame-000938.color.png chess/seq-01/color/frame-000941.color.png 0.999496 0.00569955 -0.0312206 0.052909 -0.00516909 0.999841 0.0170465 -0.0222146 0.0313127 -0.0168765 0.999367 -0.00290418 0.0 0.0 0.0 1.0
chess/seq-01/color/frame-000941.color.png chess/seq-01/color/frame-000944.color.png 0.99975 0.0018365 -0.0222893 0.0383858 -0.00182517 0.999998 0.000526435 0.00526334 0.0222902 -0.00048562 0.999751 -0.00642693 0.0 0.0 0.0 1.0
chess/seq-01/color/frame-000944.color.png chess/seq-01/color/frame-000947.color.png 0.999569 0.0160209 -0.0246135 0.0383548 -0.0159578 0.999869 0.00276108 -0.00351918 0.0246546 -0.00236713 0.999693 -0.00842583 0.0 0.0 0.0 1.0
chess/seq-01/color/frame-000947.color.png chess/seq-01/color/frame-000950.color.png 0.999203 0.00626058 -0.0394293 0.0628692 -0.00627933 0.99998 -0.000353354 0.00630988 0.0394263 0.000600763 0.999222 -0.00636923 0.0 0.0 0.0 1.0
chess/seq-01/color/frame-000950.color.png chess/seq-01/color/frame-000953.color.png 0.999451 0.00633647 -0.0325225 0.0532247 -0.00648777 0.999969 -0.00454927 0.00804694 0.0324928 0.0047577 0.999461 -0.0122671 0.0 0.0 0.0 1.0
chess/seq-01/color/frame-000953.color.png chess/seq-01/color/frame-000956.color.png 0.999594 0.0197098 -0.0205603 0.0265797 -0.0197907 0.999797 -0.00373645 0.00389731 0.0204824 0.00414181 0.999782 -0.00941789 0.0 0.0 0.0 1.0
chess/seq-01/color/frame-000956.color.png chess/seq-01/color/frame-000959.color.png 0.999369 0.00992184 -0.0341084 0.0535797 -0.00999316 0.999948 -0.00192212 0.011537 0.0340876 0.00226187 0.999416 0.00197279 0.0 0.0 0.0 1.0
chess/seq-01/color/frame-000959.color.png chess/seq-01/color/frame-000962.color.png 0.999567 0.0057975 -0.0288326 0.0458665 -0.00585285 0.999981 -0.00183487 0.00426507 0.0288214 0.00200275 0.999582 0.00250924 0.0 0.0 0.0 1.0
chess/seq-01/color/frame-000962.color.png chess/seq-01/color/frame-000965.color.png 0.99969 0.0161642 -0.0189564 0.0268658 -0.0162547 0.999857 -0.00463593 -0.00136191 0.0188788 0.00494265 0.99981 -0.0080713 0.0 0.0 0.0 1.0
chess/seq-01/color/frame-000965.color.png chess/seq-01/color/frame-000968.color.png 0.99974 0.000930482 -0.0227923 0.0431021 -0.00114944 0.999953 -0.00959148 0.0162736 0.0227822 0.00961513 0.999694 -0.00194561 0.0 0.0 0.0 1.0
chess/seq-01/color/frame-000968.color.png chess/seq-01/color/frame-000971.color.png 0.999948 0.00711497 -0.00733843 0.0243501 -0.00712429 0.999974 -0.00125287 0.0038441 0.00732937 0.00130516 0.999972 -0.00803316 0.0 0.0 0.0 1.0
chess/seq-01/color/frame-000971.color.png chess/seq-01/color/frame-000974.color.png 0.999882 -0.00680236 -0.0137963 0.0390273 0.00681284 0.999977 0.000717104 0.00920199 0.0137912 -0.000811067 0.999905 -0.00285053 0.0 0.0 0.0 1.0
chess/seq-01/color/frame-000974.color.png chess/seq-01/color/frame-000977.color.png 0.999802 0.00975085 -0.0173274 0.0388066 -0.00950766 0.999856 0.0140597 -0.0200297 0.0174619 -0.0138921 0.999751 0.00481319 0.0 0.0 0.0 1.0
chess/seq-01/color/frame-000977.color.png chess/seq-01/color/frame-000980.color.png 0.999241 0.0290239 -0.0259979 0.0567794 -0.0287647 0.999533 0.0102929 -0.023413 0.0262846 -0.00953728 0.999609 0.00649357 0.0 0.0 0.0 1.0
chess/seq-01/color/frame-000980.color.png chess/seq-01/color/frame-000983.color.png 0.999015 -0.00114261 -0.0443627 0.0950533 0.000989603 0.999993 -0.0034715 0.00702749 0.0443663 0.00342417 0.999009 0.000380874 0.0 0.0 0.0 1.0
chess/seq-01/color/frame-000983.color.png chess/seq-01/color/frame-000986.color.png 0.999402 0.011674 -0.0325384 0.0658772 -0.0114981 0.999918 0.00558985 -0.0143318 0.0326011 -0.00521235 0.999455 0.000499725 0.0 0.0 0.0 1.0
chess/seq-01/color/frame-000986.color.png chess/seq-01/color/frame-000989.color.png 0.999523 0.0136119 -0.0277264 0.0603902 -0.0138095 0.999881 -0.00694791 0.0100477 0.0276285 0.0073274 0.999591 0.00153387 0.0 0.0 0.0 1.0
chess/seq-01/color/frame-000989.color.png chess/seq-01/color/frame-000992.color.png 0.999589 0.017245 -0.0229047 0.0423875 -0.0172995 0.999848 -0.00218508 0.0015948 0.0228635 0.00258052 0.999735 0.00881219 0.0 0.0 0.0 1.0
chess/seq-01/color/frame-000992.color.png chess/seq-01/color/frame-000995.color.png 0.999473 0.0107943 -0.0306172 0.0531214 -0.0112072 0.999848 -0.0133446 0.0151617 0.0304685 0.0136806 0.999442 -0.00253046 0.0 0.0 0.0 1.0
chess/seq-01/color/frame-000995.color.png chess/seq-01/color/frame-000998.color.png 0.999541 0.0182494 -0.0241731 0.0423658 -0.0185827 0.999734 -0.0136347 0.013483 0.0239178 0.0140777 0.999615 -0.00588679 0.0 0.0 0.0 1.0
