chess/seq-01/color/frame-000001.color.png chess/seq-01/color/frame-000004.color.png 0.999996 -0.00252595 -0.00134624 -0.00042399 0.00252522 0.999997 -0.000547297 -0.00067817 0.00134762 0.000543895 0.999999 0.00110312 0.0 0.0 0.0 1.0
chess/seq-01/color/frame-000004.color.png chess/seq-01/color/frame-000007.color.png 0.999999 0.00121881 -0.000801979 0.000122968 -0.00121788 0.999999 0.0011624 -0.00157149 0.000803395 -0.00116142 0.999999 0.00081889 0.0 0.0 0.0 1.0
chess/seq-01/color/frame-000007.color.png chess/seq-01/color/frame-000010.color.png 0.999976 0.00682705 0.00131526 -0.00279285 -0.00683053 0.999973 0.00265633 -0.000921604 -0.00129709 -0.00266525 0.999996 0.00155185 0.0 0.0 0.0 1.0
chess/seq-01/color/frame-000010.color.png chess/seq-01/color/frame-000013.color.png 0.999999 -0.000699346 -0.00095157 -0.0024077 0.000700809 0.999999 0.0015377 -0.00162308 0.000950493 -0.00153836 0.999998 0.00329915 0.0 0.0 0.0 1.0
chess/seq-01/color/frame-000013.color.png chess/seq-01/color/frame-000016.color.png 0.999984 -0.00405088 -0.00399654 -0.00189681 0.00404694 0.999991 -0.000993688 0.000561156 0.00400054 0.000977498 0.999991 0.00714347 0.0 0.0 0.0 1.0
chess/seq-01/color/frame-000016.color.png chess/seq-01/color/frame-000019.color.png 0.999965 -0.001316 -0.00830825 0.00603138 0.0014072 0.999939 0.0109813 0.000229906 0.00829329 -0.0109926 0.999905 0.0118472 0.0 0.0 0.0 1.0
chess/seq-01/color/frame-000019.color.png chess/seq-01/color/frame-000022.color.png 0.999914 -0.0123201 -0.00459145 -0.000147686 0.0123598 0.999885 0.00872627 0.000526065 0.00448342 -0.00878227 0.999951 0.018616 0.0 0.0 0.0 1.0
chess/seq-01/color/frame-000022.color.png chess/seq-01/color/frame-000025.color.png 0.999994 -0.00319565 -0.00151826 -0.00274031 0.00321484 0.999913 0.0128133 -0.00628776 0.00147718 -0.0128181 0.999917 0.0220889 0.0 0.0 0.0 1.0
chess/seq-01/color/frame-000025.color.png chess/seq-01/color/frame-000028.color.png 0.999984 -0.0053291 -0.00171686 -0.00296651 0.00534864 0.999919 0.0115867 -0.00151406 0.00165498 -0.0115957 0.999931 0.0230027 0.0 0.0 0.0 1.0
chess/seq-01/color/frame-000028.color.png chess/seq-01/color/frame-000031.color.png 0.999928 -0.0107062 0.00543578 -0.00218138 0.0106377 0.999866 0.0124723 -0.00562662 -0.00556858 -0.0124135 0.999907 0.0235476 0.0 0.0 0.0 1.0
chess/seq-01/color/frame-000031.color.png chess/seq-01/color/frame-000034.color.png 0.999931 -0.0114142 -0.00268903 0.0119353 0.011434 0.999907 0.00746652 0.00659817 0.00260356 -0.00749674 0.999969 0.0229457 0.0 0.0 0.0 1.0
chess/seq-01/color/frame-000034.color.png chess/seq-01/color/frame-000037.color.png 0.999981 -0.00582272 0.00201388 0.00456589 0.00579967 0.99992 0.0112642 -0.0025398 -0.0020793 -0.0112523 0.999934 0.0241626 0.0 0.0 0.0 1.0
chess/seq-01/color/frame-000037.color.png chess/seq-01/color/frame-000040.color.png 0.999965 -0.00509305 0.00670836 -0.00988978 0.0050589 0.999974 0.00510061 0.000391453 -0.00673416 -0.00506649 0.999964 0.0258116 0.0 0.0 0.0 1.0
chess/seq-01/color/frame-000040.color.png chess/seq-01/color/frame-000043.color.png 0.999997 0.00236132 0.000775559 -0.0130945 -0.00237266 0.999885 0.0149654 -0.0214702 -0.000740133 -0.0149672 0.999888 0.0318233 0.0 0.0 0.0 1.0
chess/seq-01/color/frame-000043.color.png chess/seq-01/color/frame-000046.color.png 0.999927 -0.00456008 -0.0111857 0.0060016 0.00455694 0.99999 -0.000306656 0.00197766 0.011187 0.000255689 0.999938 0.0249455 0.0 0.0 0.0 1.0
chess/seq-01/color/frame-000046.color.png chess/seq-01/color/frame-000049.color.png 0.999909 -0.0105649 -0.00838807 0.00430877 0.010662 0.999876 0.0116156 -0.00181348 0.00826431 -0.011704 0.999897 0.0389768 0.0 0.0 0.0 1.0
chess/seq-01/color/frame-000049.color.png chess/seq-01/color/frame-000052.color.png 0.99962 -0.0242558 -0.0130627 0.00971497 0.0242716 0.999705 0.00105556 0.00689974 0.0130332 -0.00137218 0.999914 0.0369637 0.0 0.0 0.0 1.0
chess/seq-01/color/frame-000052.color.png chess/seq-01/color/frame-000055.color.png 0.999951 -0.00851882 -0.00507882 0.0192962 0.00858142 0.999886 0.0124318 -0.000390882 0.00497233 -0.0124748 0.99991 0.0311742 0.0 0.0 0.0 1.0
chess/seq-01/color/frame-000055.color.png chess/seq-01/color/frame-000058.color.png 0.999881 -0.0148892 -0.00411699 0.0128548 0.0149671 0.999696 0.0195743 -0.00995789 0.00382431 -0.0196336 0.9998 0.0373355 0.0 0.0 0.0 1.0
chess/seq-01/color/frame-000058.color.png chess/seq-01/color/frame-000061.color.png 0.999996 -0.00217383 -0.00202963 0.01767 0.00221069 0.999829 0.0183486 -0.0133843 0.00198937 -0.018353 0.99983 0.0354329 0.0 0.0 0.0 1.0
chess/seq-01/color/frame-000061.color.png chess/seq-01/color/frame-000064.color.png 0.999998 0.00199116 0.000562064 0.0181043 -0.00199539 0.999969 0.00766017 0.000344418 -0.000546789 -0.00766127 0.99997 0.0226144 0.0 0.0 0.0 1.0
chess/seq-01/color/frame-000064.color.png chess/seq-01/color/frame-000067.color.png 0.999532 -0.00588065 0.0300101 -0.0144614 0.00557759 0.999933 0.010172 -0.0116476 -0.0300679 -0.00999991 0.999498 0.0275979 0.0 0.0 0.0 1.0
chess/seq-01/color/frame-000067.color.png chess/seq-01/color/frame-000070.color.png 0.999964 -0.00595704 -0.00605625 0.0286978 0.00603973 0.999888 0.0137313 -0.00925665 0.00597377 -0.0137674 0.999887 0.0339137 0.0 0.0 0.0 1.0
chess/seq-01/color/frame-000070.color.png chess/seq-01/color/frame-000073.color.png 0.999952 -0.00342991 0.00919678 0.00492281 0.00341457 0.999993 0.00168637 0.00536023 -0.0092025 -0.00165482 0.999956 0.0262945 0.0 0.0 0.0 1.0
chess/seq-01/color/frame-000073.color.png chess/seq-01/color/frame-000076.color.png 0.999894 -0.01143 -0.00906555 0.0187936 0.0114969 0.999907 0.00736804 -0.0115538 0.00898049 -0.00747149 0.999932 0.030415 0.0 0.0 0.0 1.0
chess/seq-01/color/frame-000076.color.png chess/seq-01/color/frame-000079.color.png 0.999942 -0.00604751 0.00889427 0.0194088 0.00599888 0.999967 0.00547834 0.00626554 -0.0089271 -0.0054247 0.999945 0.0347982 0.0 0.0 0.0 1.0
chess/seq-01/color/frame-000079.color.png chess/seq-01/color/frame-000082.color.png 0.999952 -0.00889721 0.00408815 0.00106089 0.00887677 0.999948 0.00499364 -0.00632932 -0.00413237 -0.00495713 0.999979 0.0298739 0.0 0.0 0.0 1.0
chess/seq-01/color/frame-000082.color.png chess/seq-01/color/frame-000085.color.png 0.999997 -0.00152789 0.0017778 0.00186075 0.00152443 0.999997 0.00196601 -0.00187817 -0.0017808 -0.00196327 0.999997 0.0300136 0.0 0.0 0.0 1.0
chess/seq-01/color/frame-000085.color.png chess/seq-01/color/frame-000088.color.png 0.999978 -0.00119062 -0.00651965 0.0168483 0.00117849 0.999998 -0.00186074 -0.00604324 0.00652185 0.00185305 0.999977 0.04897 0.0 0.0 0.0 1.0
chess/seq-01/color/frame-000088.color.png chess/seq-01/color/frame-000091.color.png 0.99988 -0.00581876 -0.0143257 0.0246887 0.0059063 0.999964 0.00607475 0.0175477 0.0142899 -0.00615868 0.999879 0.0381638 0.0 0.0 0.0 1.0
chess/seq-01/color/frame-000091.color.png chess/seq-01/color/frame-000094.color.png 0.999998 0.000738713 0.00200157 0.00237474 -0.000760163 0.999942 0.0107121 -0.00181533 -0.00199354 -0.0107136 0.999941 0.0309276 0.0 0.0 0.0 1.0
chess/seq-01/color/frame-000094.color.png chess/seq-01/color/frame-000097.color.png 0.999991 -0.00413022 -0.00117721 0.00921476 0.00414699 0.999885 0.0145878 -0.0126725 0.00111682 -0.0145925 0.999893 0.0414582 0.0 0.0 0.0 1.0
chess/seq-01/color/frame-000097.color.png chess/seq-01/color/frame-000100.color.png 0.999989 0.00364608 -0.0027949 0.00283584 -0.00360641 0.999894 0.0140799 -0.0104444 0.00284595 -0.0140697 0.999897 0.0290039 0.0 0.0 0.0 1.0
chess/seq-01/color/frame-000100.color.png chess/seq-01/color/frame-000103.color.png 0.99996 0.00532242 -0.00723523 -0.00328991 -0.00517915 0.999793 0.0196742 -0.0138847 0.00733845 -0.019636 0.99978 0.0345884 0.0 0.0 0.0 1.0
chess/seq-01/color/frame-000103.color.png chess/seq-01/color/frame-000106.color.png 0.99997 -0.00450561 -0.00637147 0.00105524 0.00462036 0.999825 0.0181106 -0.0239585 0.00628874 -0.0181395 0.999816 0.0377454 0.0 0.0 0.0 1.0
chess/seq-01/color/frame-000106.color.png chess/seq-01/color/frame-000109.color.png 0.999954 -0.00836074 -0.00470999 0.000506461 0.00837577 0.99996 0.00318437 -0.00607673 0.00468319 -0.00322371 0.999984 0.0339199 0.0 0.0 0.0 1.0
chess/seq-01/color/frame-000109.color.png chess/seq-01/color/frame-000112.color.png 0.999952 -0.00840032 -0.00509777 0.00262141 0.00845238 0.999911 0.010264 -0.00969764 0.00501108 -0.0103066 0.999934 0.0270079 0.0 0.0 0.0 1.0
chess/seq-01/color/frame-000112.color.png chess/seq-01/color/frame-000115.color.png 0.999964 -0.00791198 0.00300278 -0.0154269 0.00785832 0.999817 0.0174668 -0.0196325 -0.00314043 -0.0174426 0.999843 0.0362435 0.0 0.0 0.0 1.0
chess/seq-01/color/frame-000115.color.png chess/seq-01/color/frame-000118.color.png 0.999997 0.00240396 0.000878522 -0.0164771 -0.00241696 0.999883 0.0151086 -0.0181873 -0.000842102 -0.0151107 0.999885 0.0305052 0.0 0.0 0.0 1.0
chess/seq-01/color/frame-000118.color.png chess/seq-01/color/frame-000121.color.png 0.999987 -0.00300353 0.00415183 -0.0170656 0.0029607 0.999943 0.0102859 -0.0147909 -0.00418248 -0.0102735 0.999939 0.0294447 0.0 0.0 0.0 1.0
chess/seq-01/color/frame-000121.color.png chess/seq-01/color/frame-000124.color.png 0.999983 0.00220895 0.00535992 -0.0233229 -0.00225526 0.99996 0.00864895 -0.0116579 -0.00534059 -0.00866086 0.999948 0.0297972 0.0 0.0 0.0 1.0
chess/seq-01/color/frame-000124.color.png chess/seq-01/color/frame-000127.color.png 0.999998 -0.00162102 -0.00144818 -0.00309563 0.00162872 0.999985 0.0053382 -0.0101775 0.00143951 -0.00534062 0.999985 0.0371882 0.0 0.0 0.0 1.0
chess/seq-01/color/frame-000127.color.png chess/seq-01/color/frame-000130.color.png 0.999843 -0.0177033 0.00104932 -0.00788822 0.0177076 0.999834 -0.00425105 0.000494696 -0.000973887 0.00426896 0.99999 0.0299543 0.0 0.0 0.0 1.0
chess/seq-01/color/frame-000130.color.png chess/seq-01/color/frame-000133.color.png 0.999996 0.00261468 0.000833133 0.00196403 -0.00262653 0.99989 0.0145852 -0.0111324 -0.000794909 -0.0145873 0.999893 0.0237412 0.0 0.0 0.0 1.0
chess/seq-01/color/frame-000133.color.png chess/seq-01/color/frame-000136.color.png 0.999982 0.00478677 -0.00358591 0.00536439 -0.00471861 0.999812 0.0187828 -0.0135297 0.00367516 -0.0187656 0.999817 0.0238533 0.0 0.0 0.0 1.0
chess/seq-01/color/frame-000136.color.png chess/seq-01/color/frame-000139.color.png 0.999745 0.0224646 -0.00249529 0.0088238 -0.0223872 0.999368 0.0276025 -0.0220435 0.00311379 -0.0275396 0.999616 0.0301406 0.0 0.0 0.0 1.0
chess/seq-01/color/frame-000139.color.png chess/seq-01/color/frame-000142.color.png 0.999807 0.0195995 0.00109144 -0.000995778 -0.0196158 0.99965 0.0177354 -0.0109199 -0.000743457 -0.0177534 0.999842 0.0212857 0.0 0.0 0.0 1.0
chess/seq-01/color/frame-000142.color.png chess/seq-01/color/frame-000145.color.png 0.999581 0.0254492 -0.0137994 0.0320246 -0.024968 0.99911 0.0339867 -0.0253172 0.0146521 -0.033628 0.999327 0.0287683 0.0 0.0 0.0 1.0
chess/seq-01/color/frame-000145.color.png chess/seq-01/color/frame-000148.color.png 0.999923 0.0114585 -0.00468313 0.0131625 -0.0113764 0.999787 0.0172098 -0.0152405 0.00487934 -0.0171552 0.999841 0.0240887 0.0 0.0 0.0 1.0
chess/seq-01/color/frame-000148.color.png chess/seq-01/color/frame-000151.color.png 0.999901 0.000842351 -0.0140658 0.0378359 -0.00054385 0.999775 0.021213 -0.0216734 0.0140805 -0.0212033 0.999676 0.0272143 0.0 0.0 0.0 1.0
chess/seq-01/color/frame-000151.color.png chess/seq-01/color/frame-000154.color.png 0.999987 0.00394142 -0.00311096 0.0185291 -0.00391564 0.999958 0.00824231 -0.000161435 0.00314332 -0.00823008 0.999961 0.0117534 0.0 0.0 0.0 1.0
chess/seq-01/color/frame-000154.color.png chess/seq-01/color/frame-000157.color.png 0.999982 0.00568312 0.00215819 0.00513801 -0.00570808 0.999915 0.0117359 -0.0120798 -0.0020913 -0.0117479 0.999929 0.016717 0.0 0.0 0.0 1.0
chess/seq-01/color/frame-000157.color.png chess/seq-01/color/frame-000160.color.png 0.999927 0.0119637 0.00181758 0.00405413 -0.0119726 0.999916 0.00494973 -0.00350392 -0.00175822 -0.00497106 0.999986 0.0114573 0.0 0.0 0.0 1.0
chess/seq-01/color/frame-000160.color.png chess/seq-01/color/frame-000163.color.png 0.999976 0.00578526 -0.00394677 0.00558136 -0.00579069 0.999982 -0.00137202 0.00294036 0.00393876 0.00139485 0.999991 0.00643861 0.0 0.0 0.0 1.0
chess/seq-01/color/frame-000163.color.png chess/seq-01/color/frame-000166.color.png 0.999919 0.00817251 -0.00973893 0.0225443 -0.00817788 0.999966 -0.000511449 0.00247273 0.00973443 0.000591085 0.999952 0.00773668 0.0 0.0 0.0 1.0
chess/seq-01/color/frame-000166.color.png chess/seq-01/color/frame-000169.color.png 0.999896 0.0120356 -0.00794744 0.0140864 -0.0119857 0.999908 0.00629758 -0.00242614 0.00802251 -0.00620181 0.999949 0.0124063 0.0 0.0 0.0 1.0
chess/seq-01/color/frame-000169.color.png chess/seq-01/color/frame-000172.color.png 0.999943 0.0106125 0.00109304 0.00513612 -0.0106188 0.999926 0.0059463 -0.00608411 -0.00102987 -0.0059574 0.999982 0.0192981 0.0 0.0 0.0 1.0
chess/seq-01/color/frame-000172.color.png chess/seq-01/color/frame-000175.color.png 0.999977 0.00406832 -0.005358 0.0205616 -0.00405696 0.999989 0.00212903 -0.000219867 0.00536661 -0.00210737 0.999983 0.0169457 0.0 0.0 0.0 1.0
chess/seq-01/color/frame-000175.color.png chess/seq-01/color/frame-000178.color.png 0.999853 0.0170774 -0.00120955 0.00416936 -0.0170742 0.999851 0.00260347 -0.00432036 0.00125382 -0.00258237 0.999996 0.0178039 0.0 0.0 0.0 1.0
chess/seq-01/color/frame-000178.color.png chess/seq-01/color/frame-000181.color.png 0.999358 0.0283922 -0.0218567 0.0446031 -0.0283679 0.999597 0.00142133 0.00609538 0.0218882 -0.000800401 0.99976 0.0170387 0.0 0.0 0.0 1.0
chess/seq-01/color/frame-000181.color.png chess/seq-01/color/frame-000184.color.png 0.999615 0.0218557 -0.0170905 0.0253765 -0.021742 0.99974 0.00680897 -0.00572357 0.0172348 -0.0064348 0.999831 0.0145478 0.0 0.0 0.0 1.0
chess/seq-01/color/frame-000184.color.png chess/seq-01/color/frame-000187.color.png 0.999707 0.00360118 -0.023921 0.0369979 -0.0035253 0.999989 0.00321288 -4.39063e-05 0.0239323 -0.00312772 0.999709 0.00937772 0.0 0.0 0.0 1.0
chess/seq-01/color/frame-000187.color.png chess/seq-01/color/frame-000190.color.png 0.999791 0.0112991 -0.0170128 0.0265648 -0.0111215 0.999883 0.0104971 -0.0170028 0.0171294 -0.0103056 0.9998 0.0153393 0.0 0.0 0.0 1.0
chess/seq-01/color/frame-000190.color.png chess/seq-01/color/frame-000193.color.png 0.999946 0.00882567 -0.00550208 0.0109009 -0.00881224 0.999958 0.00245931 -0.00832557 0.00552357 -0.00241071 0.999982 0.0105082 0.0 0.0 0.0 1.0
chess/seq-01/color/frame-000193.color.png chess/seq-01/color/frame-000196.color.png 0.999916 0.00623505 -0.0114079 0.0236915 -0.00624889 0.99998 -0.00117891 -0.00505875 0.0114003 0.00125007 0.999934 0.0037396 0.0 0.0 0.0 1.0
chess/seq-01/color/frame-000196.color.png chess/seq-01/color/frame-000199.color.png 0.999553 0.0277339 -0.0111222 0.0131506 -0.0277462 0.999615 -0.000952327 -0.00315851 0.0110915 0.00126052 0.999938 -0.00749469 0.0 0.0 0.0 1.0
chess/seq-01/color/frame-000199.color.png chess/seq-01/color/frame-000202.color.png 0.999239 0.0373204 -0.0113717 0.0269643 -0.0375105 0.999152 -0.0169955 0.0253338 0.0107278 0.0174092 0.999791 -0.0109574 0.0 0.0 0.0 1.0
chess/seq-01/color/frame-000202.color.png chess/seq-01/color/frame-000205.color.png 0.999359 0.0235042 -0.0270002 0.0479809 -0.0238233 0.999649 -0.0115566 0.0200577 0.0267191 0.0121925 0.999569 -0.0203849 0.0 0.0 0.0 1.0
chess/seq-01/color/frame-000205.color.png chess/seq-01/color/frame-000208.color.png 0.99914 0.0329194 -0.0252046 0.0514049 -0.0329733 0.999455 -0.0017226 0.0132086 0.0251342 0.00255205 0.999681 -0.0132723 0.0 0.0 0.0 1.0
chess/seq-01/color/frame-000208.color.png chess/seq-01/color/frame-000211.color.png 0.998875 0.0208323 -0.0426103 0.0820461 -0.0204189 0.99974 0.010115 -0.00954437 0.04281 -0.0092336 0.999041 -0.0077194 0.0 0.0 0.0 1.0
chess/seq-01/color/frame-000211.color.png chess/seq-01/color/frame-000214.color.png 0.999747 0.0089177 -0.020637 0.0448432 -0.00904117 0.999942 -0.00589863 0.0189766 0.0205832 0.00608365 0.99977 -0.0107428 0.0 0.0 0.0 1.0
chess/seq-01/color/frame-000214.color.png chess/seq-01/color/frame-000217.color.png 0.999339 0.0172582 -0.031993 0.0569723 -0.017231 0.999851 0.00112623 0.00294147 0.0320077 -0.000574048 0.999488 -0.011318 0.0 0.0 0.0 1.0
chess/seq-01/color/frame-000217.color.png chess/seq-01/color/frame-000220.color.png 0.999111 0.0107148 -0.0407791 0.0844865 -0.0107159 0.999943 0.000192004 0.0043278 0.0407788 0.000245115 0.999168 -0.0116447 0.0 0.0 0.0 1.0
chess/seq-01/color/frame-000220.color.png chess/seq-01/color/frame-000223.color.png 0.999748 0.0124099 -0.0187004 0.0369751 -0.0124199 0.999923 -0.0004183 0.00357567 0.0186938 0.000650458 0.999825 -0.00687385 0.0 0.0 0.0 1.0
chess/seq-01/color/frame-000223.color.png chess/seq-01/color/frame-000226.color.png 0.999582 0.00433508 -0.028598 0.067862 -0.00438304 0.999989 -0.00161217 0.00372451 0.0285906 0.00173679 0.99959 -0.00827432 0.0 0.0 0.0 1.0
chess/seq-01/color/frame-000226.color.png chess/seq-01/color/frame-000229.color.png 0.999779 0.00983603 -0.0185547 0.0416019 -0.00990581 0.999944 -0.00367145 0.00739764 0.0185176 0.00385441 0.999821 -0.00909841 0.0 0.0 0.0 1.0
chess/seq-01/color/frame-000229.color.png chess/seq-01/color/frame-000232.color.png 0.999807 0.0106059 -0.0165422 0.0416165 -0.0105643 0.999941 0.0025967 -0.000784857 0.0165688 -0.00242147 0.99986 -0.00412536 0.0 0.0 0.0 1.0
chess/seq-01/color/frame-000232.color.png chess/seq-01/color/frame-000235.color.png 0.999853 -0.00375895 -0.0167202 0.0419132 0.00368564 0.999983 -0.00441289 0.00549291 0.0167366 0.00435075 0.99985 -0.00264251 0.0 0.0 0.0 1.0
chess/seq-01/color/frame-000235.color.png chess/seq-01/color/frame-000238.color.png 0.999741 0.00688818 -0.0216677 0.0460895 -0.00689306 0.999976 -0.000147943 -0.005233 0.0216662 0.00029725 0.999765 -0.00418854 0.0 0.0 0.0 1.0
chess/seq-01/color/frame-000238.color.png chess/seq-01/color/frame-000241.color.png 0.999831 0.00303229 -0.0181377 0.0397845 -0.00315655 0.999972 -0.0068285 0.0119926 0.0181165 0.00688444 0.999812 -0.00358427 0.0 0.0 0.0 1.0
chess/seq-01/color/frame-000241.color.png chess/seq-01/color/frame-000244.color.png 0.999728 0.00954309 -0.0212789 0.0408433 -0.00952585 0.999954 0.000909809 -0.00200789 0.0212866 -0.000706802 0.999773 -0.00171196 0.0 0.0 0.0 1.0
chess/seq-01/color/frame-000244.color.png chess/seq-01/color/frame-000247.color.png 0.999569 0.0201833 -0.0212964 0.0383168 -0.0202893 0.999783 -0.00476749 0.0148559 0.0211956 0.00519755 0.999762 0.000478387 0.0 0.0 0.0 1.0
chess/seq-01/color/frame-000247.color.png chess/seq-01/color/frame-000250.color.png 0.999475 0.00898896 -0.031143 0.0605091 -0.0089905 0.99996 8.94859e-05 0.00345194 0.0311425 0.000190554 0.999515 -0.00459135 0.0 0.0 0.0 1.0
chess/seq-01/color/frame-000250.color.png chess/seq-01/color/frame-000253.color.png 0.999662 0.0178065 -0.0189227 0.0396636 -0.0178606 0.999837 -0.00269241 0.0124069 0.0188716 0.00302946 0.999817 0.00125229 0.0 0.0 0.0 1.0
chess/seq-01/color/frame-000253.color.png chess/seq-01/color/frame-000256.color.png 0.999493 0.015046 -0.0280561 0.0574584 -0.014883 0.999871 0.00601187 -0.00764472 0.0281431 -0.00559133 0.999588 -0.00508094 0.0 0.0 0.0 1.0
chess/seq-01/color/frame-000256.color.png chess/seq-01/color/frame-000259.color.png 0.999441 0.0221794 -0.0250114 0.0470349 -0.0220382 0.99974 0.00590158 -0.0103926 0.0251357 -0.00534715 0.99967 -0.00302315 0.0 0.0 0.0 1.0
chess/seq-01/color/frame-000259.color.png chess/seq-01/color/frame-000262.color.png 0.999719 0.00187076 -0.0236188 0.0484123 -0.00188513 0.999998 -0.000589264 -0.000856102 0.0236176 0.000633685 0.999721 -0.00671947 0.0 0.0 0.0 1.0
chess/seq-01/color/frame-000262.color.png chess/seq-01/color/frame-000265.color.png 0.999694 0.00339105 -0.0244934 0.0555089 -0.00308825 0.999919 0.0123944 -0.0236502 0.0245334 -0.0123152 0.999623 -0.00103867 0.0 0.0 0.0 1.0
chess/seq-01/color/frame-000265.color.png chess/seq-01/color/frame-000268.color.png 0.999823 0.0110518 -0.0152195 0.0309195 -0.0111445 0.99992 -0.00602235 0.00525572 0.0151517 0.00619105 0.999866 -0.00532472 0.0 0.0 0.0 1.0
chess/seq-01/color/frame-000268.color.png chess/seq-01/color/frame-000271.color.png 0.999677 -0.00844074 -0.0239581 0.0562883 0.00855279 0.999953 0.00457916 -0.0198516 0.0239183 -0.00478258 0.999703 -0.0154191 0.0 0.0 0.0 1.0
chess/seq-01/color/frame-000271.color.png chess/seq-01/color/frame-000274.color.png 0.99944 0.00798037 -0.0324826 0.0816576 -0.00840279 0.999882 -0.0128906 0.011014 0.0323759 0.0131562 0.999389 -0.0226409 0.0 0.0 0.0 1.0
chess/seq-01/color/frame-000274.color.png chess/seq-01/color/frame-000277.color.png 0.999474 -0.0060625 -0.0318658 0.0837628 0.0058878 0.999967 -0.00557373 0.00513456 0.0318985 0.00538335 0.999477 -0.0220801 0.0 0.0 0.0 1.0
chess/seq-01/color/frame-000277.color.png chess/seq-01/color/frame-000280.color.png 0.998899 0.0333934 -0.0329432 0.0803065 -0.0332275 0.999432 0.00557353 0.0102802 0.0331106 -0.00447281 0.999442 -0.0193411 0.0 0.0 0.0 1.0
chess/seq-01/color/frame-000280.color.png chess/seq-01/color/frame-000283.color.png 0.999323 0.0145997 -0.0337555 0.0828245 -0.0146042 0.999893 0.000113152 0.0106065 0.0337536 0.000379819 0.99943 -0.0235184 0.0 0.0 0.0 1.0
chess/seq-01/color/frame-000283.color.png chess/seq-01/color/frame-000286.color.png 0.999011 0.0254246 -0.0364718 0.0897096 -0.0255926 0.999664 -0.00414962 0.0256076 0.0363539 0.00507895 0.999326 -0.0226328 0.0 0.0 0.0 1.0
chess/seq-01/color/frame-000286.color.png chess/seq-01/color/frame-000289.color.png 0.999019 0.00732036 -0.0436779 0.104772 -0.00686278 0.99992 0.0106195 -0.0116491 0.0437523 -0.0103094 0.998989 -0.0301025 0.0 0.0 0.0 1.0
chess/seq-01/color/frame-000289.color.png chess/seq-01/color/frame-000292.color.png 0.999397 0.0177436 -0.029861 0.0829469 -0.0177613 0.999842 -0.000329264 0.0135846 0.0298504 0.000859416 0.999554 -0.0190248 0.0 0.0 0.0 1.0
chess/seq-01/color/frame-000292.color.png chess/seq-01/color/frame-000295.color.png 0.999629 0.0201414 -0.0183536 0.0438623 -0.0203391 0.999736 -0.0106495 0.0303132 0.0181343 0.0110189 0.999775 -0.0161096 0.0 0.0 0.0 1.0
chess/seq-01/color/frame-000295.color.png chess/seq-01/color/frame-000298.color.png 0.999663 0.00666885 -0.0250738 0.0661867 -0.00692742 0.999923 -0.0102413 0.0142096 0.0250035 0.0104115 0.999633 -0.0233982 0.0 0.0 0.0 1.0
chess/seq-01/color/frame-000298.color.png chess/seq-01/color/frame-000301.color.png 0.999953 0.00209177 -0.00943797 0.0391504 -0.00216759 0.999965 -0.00802355 -0.000762649 0.00942087 0.00804361 0.999923 -0.00448024 0.0 0.0 0.0 1.0
chess/seq-01/color/frame-000301.color.png chess/seq-01/color/frame-000304.color.png 0.999688 -0.0242762 0.00580828 0.0124837 0.0243685 0.999569 -0.016396 -0.00832709 -0.00540769 0.0165324 0.999849 0.00219035 0.0 0.0 0.0 1.0
chess/seq-01/color/frame-000304.color.png chess/seq-01/color/frame-000307.color.png 0.999696 -0.0236243 0.00708181 0.0147946 0.023815 0.999319 -0.0281794 0.00701056 -0.0064113 0.0283394 0.999578 -0.00631881 0.0 0.0 0.0 1.0
chess/seq-01/color/frame-000307.color.png chess/seq-01/color/frame-000310.color.png 0.999963 -0.00796292 0.00325194 0.0283571 0.00802527 0.999776 -0.0196102 0.00217896 -0.00309505 0.0196358 0.999802 -0.0159131 0.0 0.0 0.0 1.0
chess/seq-01/color/frame-000310.color.png chess/seq-01/color/frame-000313.color.png 0.999884 -0.00980225 0.011687 0.0149524 0.0100881 0.999645 -0.0246684 0.020046 -0.011441 0.0247834 0.999627 -0.020035 0.0 0.0 0.0 1.0
chess/seq-01/color/frame-000313.color.png chess/seq-01/color/frame-000316.color.png 0.999776 -0.0122319 0.0172871 0.00346148 0.0123803 0.999887 -0.00850122 0.00503568 -0.0171811 0.00871323 0.999815 -0.0117723 0.0 0.0 0.0 1.0
chess/seq-01/color/frame-000316.color.png chess/seq-01/color/frame-000319.color.png 0.999631 -0.0240514 -0.0126384 0.0466608 0.0239586 0.999685 -0.0074391 -0.000959538 0.0128133 0.00713366 0.999892 -0.0454596 0.0 0.0 0.0 1.0
chess/seq-01/color/frame-000319.color.png chess/seq-01/color/frame-000322.color.png 0.999958 -0.00673752 -0.00629664 0.0277671 0.00667524 0.999929 -0.00985169 -0.0124255 0.00636254 0.00980915 0.999932 -0.0419482 0.0 0.0 0.0 1.0
chess/seq-01/color/frame-000322.color.png chess/seq-01/color/frame-000325.color.png 0.999718 -0.00856316 0.0221463 -0.0181139 0.009222 0.999513 -0.0298174 0.0254141 -0.0218801 0.0300132 0.99931 -0.00618541 0.0 0.0 0.0 1.0
chess/seq-01/color/frame-000325.color.png chess/seq-01/color/frame-000328.color.png 0.999657 -0.0200938 0.016796 -0.0288426 0.0204445 0.999571 -0.0209817 0.00185132 -0.0163673 0.0213179 0.999639 -0.0120864 0.0 0.0 0.0 1.0
chess/seq-01/color/frame-000328.color.png chess/seq-01/color/frame-000331.color.png 0.999723 -0.0232039 -0.00394013 -0.0103912 0.0231148 0.999505 -0.0213349 -0.000573337 0.00443321 0.021238 0.999765 -0.0354092 0.0 0.0 0.0 1.0
chess/seq-01/color/frame-000331.color.png chess/seq-01/color/frame-000334.color.png 0.999584 -0.0287561 0.00215374 -0.023625 0.0287839 0.999485 -0.014155 -0.00758362 -0.00174558 0.014211 0.999897 -0.0346811 0.0 0.0 0.0 1.0
chess/seq-01/color/frame-000334.color.png chess/seq-01/color/frame-000337.color.png 0.999529 -0.0295187 0.00834829 -0.0221748 0.0296128 0.999496 -0.0114028 -0.0187051 -0.00800751 0.0116448 0.9999 -0.0358503 0.0 0.0 0.0 1.0
chess/seq-01/color/frame-000337.color.png chess/seq-01/color/frame-000340.color.png 0.999389 -0.0349451 -9.73251e-05 0.00129986 0.0349401 0.999285 -0.0144751 -0.0163018 0.000603142 0.0144628 0.999895 -0.0344672 0.0 0.0 0.0 1.0
chess/seq-01/color/frame-000340.color.png chess/seq-01/color/frame-000343.color.png 0.999884 -0.00394854 0.014734 -0.0178701 0.00436081 0.999597 -0.0280396 0.0208746 -0.0146173 0.0281006 0.999498 -0.018002 0.0 0.0 0.0 1.0
chess/seq-01/color/frame-000343.color.png chess/seq-01/color/frame-000346.color.png 0.999988 -0.00161674 -0.00452574 0.0130073 0.0014432 0.999273 -0.0380886 0.045682 0.004584 0.0380816 0.999264 -0.0474863 0.0 0.0 0.0 1.0
chess/seq-01/color/frame-000346.color.png chess/seq-01/color/frame-000349.color.png 0.999982 0.000598529 -0.00599172 0.0266815 -0.000751533 0.999673 -0.0255777 0.0286448 0.00597442 0.0255818 0.999655 -0.0430834 0.0 0.0 0.0 1.0
chess/seq-01/color/frame-000349.color.png chess/seq-01/color/frame-000352.color.png 0.999911 -0.0077876 -0.0108295 0.0306523 0.00746917 0.999547 -0.0291373 0.0338602 0.0110514 0.0290539 0.999517 -0.0591913 0.0 0.0 0.0 1.0
chess/seq-01/color/frame-000352.color.png chess/seq-01/color/frame-000355.color.png 0.999979 0.00394425 0.00511295 0.0170678 -0.00383078 0.99975 -0.0220375 0.0269281 -0.00519857 0.0220174 0.999744 -0.0404102 0.0 0.0 0.0 1.0
chess/seq-01/color/frame-000355.color.png chess/seq-01/color/frame-000358.color.png 0.999865 0.000157221 0.0164619 0.00791872 0.000259843 0.999679 -0.0253238 0.032733 -0.0164606 0.0253246 0.999544 -0.0290153 0.0 0.0 0.0 1.0
chess/seq-01/color/frame-000358.color.png chess/seq-01/color/frame-000361.color.png 0.999467 -0.0284613 0.0159731 0.0180899 0.0285651 0.999572 -0.00630185 -0.0482031 -0.0157869 0.00675481 0.999852 -0.0338214 0.0 0.0 0.0 1.0
chess/seq-01/color/frame-000361.color.png chess/seq-01/color/frame-000364.color.png 0.996999 -0.0318344 0.0705664 -0.0644736 0.0334542 0.9992 -0.0218944 0.00460199 -0.069813 0.0241894 0.997267 0.0351909 0.0 0.0 0.0 1.0
chess/seq-01/color/frame-000364.color.png chess/seq-01/color/frame-000367.color.png 0.99749 -0.0386527 0.0593293 -0.0437522 0.0391169 0.999212 -0.00668248 -0.0457902 -0.0590242 0.00898649 0.998216 0.0161631 0.0 0.0 0.0 1.0
chess/seq-01/color/frame-000367.color.png chess/seq-01/color/frame-000370.color.png 0.998921 -0.0421846 0.0194117 -0.011571 0.0426065 0.998853 -0.0218613 -0.0124536 -0.0184672 0.0226648 0.999573 -0.0191151 0.0 0.0 0.0 1.0
chess/seq-01/color/frame-000370.color.png chess/seq-01/color/frame-000373.color.png 0.999594 -0.0188919 0.0213118 -0.0135256 0.019315 0.999617 -0.0198185 -0.0174943 -0.0209292 0.0202221 0.999576 -0.020411 0.0 0.0 0.0 1.0
chess/seq-01/color/frame-000373.color.png chess/seq-01/color/frame-000376.color.png 0.999822 -0.0158567 0.01023 -0.0106457 0.0161987 0.999282 -0.0342594 0.0348018 -0.00967931 0.034419 0.999361 -0.0174488 0.0 0.0 0.0 1.0
chess/seq-01/color/frame-000376.color.png chess/seq-01/color/frame-000379.color.png 0.999956 -0.00147192 -0.00931462 0.0207386 0.00121579 0.999623 -0.0274361 0.0292242 0.00935141 0.0274235 0.99958 -0.0475823 0.0 0.0 0.0 1.0
chess/seq-01/color/frame-000379.color.png chess/seq-01/color/frame-000382.color.png 0.999919 -0.00804481 0.00987428 0.0127605 0.00789678 0.999857 0.0149434 0.0114226 -0.0099931 -0.0148642 0.99984 -0.0183949 0.0 0.0 0.0 1.0
chess/seq-01/color/frame-000382.color.png chess/seq-01/color/frame-000385.color.png 0.999927 -0.0119548 -0.00203661 0.0310524 0.0120356 0.998876 0.0458484 -0.0523361 0.00148627 -0.0458696 0.998946 -0.00617313 0.0 0.0 0.0 1.0
chess/seq-01/color/frame-000385.color.png chess/seq-01/color/frame-000388.color.png 0.999969 -0.00677621 0.00397153 0.0232621 0.00655969 0.998614 0.0522193 -0.0518868 -0.00431994 -0.0521916 0.998628 -0.0135026 0.0 0.0 0.0 1.0
chess/seq-01/color/frame-000388.color.png chess/seq-01/color/frame-000391.color.png 0.999696 -0.017158 0.0177134 0.032734 0.0167398 0.999584 0.023488 -0.0377422 -0.018109 -0.0231844 0.999567 0.0181021 0.0 0.0 0.0 1.0
chess/seq-01/color/frame-000391.color.png chess/seq-01/color/frame-000394.color.png 0.999785 -0.00514463 0.0200689 -0.00216913 0.00488444 0.999904 0.0129952 -0.0244621 -0.0201338 -0.0128945 0.999714 0.0025906 0.0 0.0 0.0 1.0
chess/seq-01/color/frame-000394.color.png chess/seq-01/color/frame-000397.color.png 0.999688 -0.0226813 0.0105165 0.0161233 0.0226834 0.999743 -8.43594e-05 -0.036119 -0.0105119 0.000322894 0.999945 -0.00743413 0.0 0.0 0.0 1.0
chess/seq-01/color/frame-000397.color.png chess/seq-01/color/frame-000400.color.png 0.999501 -0.0246062 0.0198109 -0.00677931 0.0246131 0.999697 -0.000104193 -0.0394021 -0.0198023 0.000591745 0.999804 0.00537592 0.0 0.0 0.0 1.0
chess/seq-01/color/frame-000400.color.png chess/seq-01/color/frame-000403.color.png 0.999563 -0.0171702 0.0240551 -0.00363588 0.0170459 0.99984 0.00536431 -0.0391087 -0.0241434 -0.00495194 0.999696 0.0129253 0.0 0.0 0.0 1.0
chess/seq-01/color/frame-000403.color.png chess/seq-01/color/frame-000406.color.png 0.999691 -0.0216801 0.0121421 -0.00818837 0.0217086 0.999762 -0.00222194 -0.0187327 -0.012091 0.00248483 0.999924 7.76052e-05 0.0 0.0 0.0 1.0
chess/seq-01/color/frame-000406.color.png chess/seq-01/color/frame-000409.color.png 0.999873 -0.0127626 -0.00949343 -0.0227947 0.0126999 0.999897 -0.00663217 -0.00193882 0.00957698 0.00651079 0.999933 -0.0436825 0.0 0.0 0.0 1.0
chess/seq-01/color/frame-000409.color.png chess/seq-01/color/frame-000412.color.png 0.997133 0.0093456 -0.0750827 0.0141706 -0.00984256 0.999932 -0.0062518 0.0323029 0.0750191 0.00697289 0.997158 -0.118655 0.0 0.0 0.0 1.0
chess/seq-01/color/frame-000412.color.png chess/seq-01/color/frame-000415.color.png 0.992297 0.00907457 -0.123548 0.104108 -0.00629443 0.999719 0.0228737 -0.00381209 0.12372 -0.0219199 0.992075 -0.148761 0.0 0.0 0.0 1.0
chess/seq-01/color/frame-000415.color.png chess/seq-01/color/frame-000418.color.png 0.999741 -0.00151798 -0.0226829 0.0186179 0.00171992 0.999959 0.00888953 0.0091446 0.0226684 -0.00892626 0.999703 -0.0239852 0.0 0.0 0.0 1.0
chess/seq-01/color/frame-000418.color.png chess/seq-01/color/frame-000421.color.png 0.999479 0.00316471 -0.032116 0.0188197 -0.00268147 0.999883 0.0150808 0.0038521 0.0321599 -0.0149869 0.99937 -0.0244032 0.0 0.0 0.0 1.0
chess/seq-01/color/frame-000421.color.png chess/seq-01/color/frame-000424.color.png 0.999989 0.00436847 0.00194131 0.00096786 -0.00441135 0.999733 0.0227043 -0.00303723 -0.0018416 -0.0227126 0.99974 0.00486907 0.0 0.0 0.0 1.0
chess/seq-01/color/frame-000424.color.png chess/seq-01/color/frame-000427.color.png 0.999698 0.00841995 0.0230786 -0.0178837 -0.00864997 0.999914 0.00988211 0.0159042 -0.0229935 -0.0100787 0.999685 0.0347116 0.0 0.0 0.0 1.0
chess/seq-01/color/frame-000427.color.png chess/seq-01/color/frame-000430.color.png 0.999787 0.0139865 0.0151808 -0.0140214 -0.0136609 0.999679 -0.0213455 0.0157118 -0.0154744 0.0211336 0.999657 0.0256282 0.0 0.0 0.0 1.0
chess/seq-01/color/frame-000430.color.png chess/seq-01/color/frame-000433.color.png 0.999736 -0.00199228 0.0228815 -0.013157 0.00234337 0.99988 -0.0153232 0.0120236 -0.0228483 0.0153728 0.999621 0.0472786 0.0 0.0 0.0 1.0
chess/seq-01/color/frame-000433.color.png chess/seq-01/color/frame-000436.color.png 0.999954 -0.00338422 0.00897491 -0.000555277 0.00350224 0.999907 -0.0131827 0.00285018 -0.00892945 0.0132134 0.999873 0.039885 0.0 0.0 0.0 1.0
chess/seq-01/color/frame-000436.color.png chess/seq-01/color/frame-000439.color.png 0.999861 0.0130812 0.0103731 -0.00225294 -0.0130543 0.999911 -0.00264406 0.0282582 -0.0104067 0.00250828 0.999943 0.02665 0.0 0.0 0.0 1.0
chess/seq-01/color/frame-000439.color.png chess/seq-01/color/frame-000442.color.png 0.999958 0.00718429 0.0056238 0.000689507 -0.00722 0.999954 0.00636176 0.00693606 -0.00557778 -0.00640213 0.999964 0.0402415 0.0 0.0 0.0 1.0
chess/seq-01/color/frame-000442.color.png chess/seq-01/color/frame-000445.color.png 0.999973 0.00431077 -0.0060236 0.00816262 -0.00422606 0.999893 0.0140086 -0.010258 0.00608316 -0.0139827 0.999884 0.024353 0.0 0.0 0.0 1.0
chess/seq-01/color/frame-000445.color.png chess/seq-01/color/frame-000448.color.png 0.999944 -0.00349652 -0.00994625 0.0162542 0.00343958 0.999978 -0.00573851 0.00570809 0.00996613 0.00570396 0.999934 0.0200425 0.0 0.0 0.0 1.0
chess/seq-01/color/frame-000448.color.png chess/seq-01/color/frame-000451.color.png 0.999623 0.0218799 0.0166062 -0.00520837 -0.0220303 0.999717 0.00892979 0.0289986 -0.0164062 -0.00929224 0.999822 0.074533 0.0 0.0 0.0 1.0
chess/seq-01/color/frame-000451.color.png chess/seq-01/color/frame-000454.color.png 0.999847 0.00913998 -0.0149444 0.0082022 -0.00890588 0.999838 0.0156615 -0.0211102 0.0150851 -0.0155259 0.999766 0.0309952 0.0 0.0 0.0 1.0
chess/seq-01/color/frame-000454.color.png chess/seq-01/color/frame-000457.color.png 0.999931 -0.0112315 -0.0033331 0.0160338 0.0111646 0.999748 -0.0194783 0.0224708 0.0035511 0.0194397 0.999805 0.0500233 0.0 0.0 0.0 1.0
chess/seq-01/color/frame-000457.color.png chess/seq-01/color/frame-000460.color.png 0.999998 -0.00103197 0.00156585 0.00557339 0.00100824 0.999887 0.0150148 -0.026309 -0.00158115 -0.0150132 0.999886 0.0507836 0.0 0.0 0.0 1.0
chess/seq-01/color/frame-000460.color.png chess/seq-01/color/frame-000463.color.png 0.999869 -0.0134793 -0.00895689 -0.0175976 0.0133923 0.999863 -0.00971188 -0.00384044 0.00908651 0.00959063 0.999913 0.0473776 0.0 0.0 0.0 1.0
chess/seq-01/color/frame-000463.color.png chess/seq-01/color/frame-000466.color.png 0.999243 -0.00226757 -0.0388318 0.0424637 0.00138223 0.999739 -0.0228087 0.02837 0.0388733 0.0227378 0.998985 0.0153939 0.0 0.0 0.0 1.0
chess/seq-01/color/frame-000466.color.png chess/seq-01/color/frame-000469.color.png 0.999853 -0.0163039 -0.00533501 -0.0172546 0.0163662 0.999796 0.0118321 -0.0224932 0.00514105 -0.0119177 0.999916 0.0764192 0.0 0.0 0.0 1.0
chess/seq-01/color/frame-000469.color.png chess/seq-01/color/frame-000472.color.png 0.999793 -0.0197794 -0.0047027 -0.0179594 0.0198469 0.999694 0.0147759 -0.0271397 0.00440899 -0.0148662 0.99988 0.0570543 0.0 0.0 0.0 1.0
chess/seq-01/color/frame-000472.color.png chess/seq-01/color/frame-000475.color.png 0.9999 -0.011535 0.00816578 -0.038144 0.0114212 0.999839 0.0138454 -0.0260356 -0.00832424 -0.0137508 0.999871 0.0562885 0.0 0.0 0.0 1.0
chess/seq-01/color/frame-000475.color.png chess/seq-01/color/frame-000478.color.png 0.999848 -0.0171732 0.00306726 -0.0140053 0.0171753 0.999852 -0.000620592 -0.0186729 -0.00305615 0.000673192 0.999995 0.0423138 0.0 0.0 0.0 1.0
chess/seq-01/color/frame-000478.color.png chess/seq-01/color/frame-000481.color.png 0.999378 -0.0122977 -0.0330382 0.0366452 0.0125963 0.999881 0.00884489 -0.0150304 0.0329255 -0.00925552 0.999415 -0.00193131 0.0 0.0 0.0 1.0
chess/seq-01/color/frame-000481.color.png chess/seq-01/color/frame-000484.color.png 0.999643 -0.0123022 -0.0237371 0.0255142 0.0127298 0.999758 0.0179487 -0.0355906 0.0235105 -0.0182445 0.999557 0.00787878 0.0 0.0 0.0 1.0
chess/seq-01/color/frame-000484.color.png chess/seq-01/color/frame-000487.color.png 0.999666 0.00605062 -0.0251334 0.0201871 -0.00570072 0.999886 0.0139717 -0.00592286 0.0252151 -0.0138238 0.999587 0.0225652 0.0 0.0 0.0 1.0
chess/seq-01/color/frame-000487.color.png chess/seq-01/color/frame-000490.color.png 0.999403 0.000588246 -0.0345484 0.0565661 -0.00101717 0.999923 -0.0124001 0.010111 0.0345383 0.0124279 0.999326 0.000424743 0.0 0.0 0.0 1.0
chess/seq-01/color/frame-000490.color.png chess/seq-01/color/frame-000493.color.png 0.999094 -0.00285512 -0.042464 0.0613931 0.00228631 0.999907 -0.0134374 0.013442 0.0424986 0.0133282 0.999008 -0.00608552 0.0 0.0 0.0 1.0
chess/seq-01/color/frame-000493.color.png chess/seq-01/color/frame-000496.color.png 0.999427 -0.00276343 -0.0337439 0.0582074 0.00315141 0.999929 0.0114506 -0.0247883 0.0337099 -0.0115504 0.999365 0.000540853 0.0 0.0 0.0 1.0
chess/seq-01/color/frame-000496.color.png chess/seq-01/color/frame-000499.color.png 0.999112 0.0170185 -0.038548 0.059284 -0.0168369 0.999846 0.00503022 0.0105715 0.0386274 -0.00437665 0.999244 -0.00603724 0.0 0.0 0.0 1.0
chess/seq-01/color/frame-000499.color.png chess/seq-01/color/frame-000502.color.png 0.998995 0.000971056 -0.0447988 0.063194 -0.000856393 0.999996 0.00257861 -0.0132748 0.0448011 -0.00253766 0.998993 -0.0223049 0.0 0.0 0.0 1.0
chess/seq-01/color/frame-000502.color.png chess/seq-01/color/frame-000505.color.png 0.996951 -0.0188881 -0.0757113 0.117741 0.0182511 0.999792 -0.00909652 -0.00677958 0.0758675 0.00768698 0.997088 -0.0602229 0.0 0.0 0.0 1.0
chess/seq-01/color/frame-000505.color.png chess/seq-01/color/frame-000508.color.png 0.997522 -0.0121135 -0.0693093 0.105628 0.0116554 0.999907 -0.00700921 -0.0129522 0.069388 0.00618395 0.997571 -0.0429695 0.0 0.0 0.0 1.0
chess/seq-01/color/frame-000508.color.png chess/seq-01/color/frame-000511.color.png 0.999305 -0.00645498 -0.0367259 0.0479337 0.00632308 0.999973 -0.00370712 -0.00470375 0.0367487 0.00347234 0.999318 -0.0230654 0.0 0.0 0.0 1.0
chess/seq-01/color/frame-000511.color.png chess/seq-01/color/frame-000514.color.png 0.999629 0.00392507 -0.0269556 0.025767 -0.0043211 0.999883 -0.0146471 0.0206942 0.0268951 0.0147581 0.999529 0.0121015 0.0 0.0 0.0 1.0
chess/seq-01/color/frame-000514.color.png chess/seq-01/color/frame-000517.color.png 0.999855 0.00925347 -0.0142615 -0.00161839 -0.00936933 0.999924 -0.00808311 0.00632278 0.0141857 0.00821557 0.999866 0.0206494 0.0 0.0 0.0 1.0
chess/seq-01/color/frame-000517.color.png chess/seq-01/color/frame-000520.color.png 0.999245 0.00598569 -0.0383793 0.0380347 -0.00596285 0.999982 0.000710714 -0.00268771 0.0383828 -0.000481345 0.999263 -0.00312245 0.0 0.0 0.0 1.0
chess/seq-01/color/frame-000520.color.png chess/seq-01/color/frame-000523.color.png 0.999649 -0.0003095 -0.0265052 0.0279386 0.000110512 0.999972 -0.00750933 0.0161514 0.0265067 0.00750379 0.99962 -0.00409746 0.0 0.0 0.0 1.0
chess/seq-01/color/frame-000523.color.png chess/seq-01/color/frame-000526.color.png 0.999626 0.0105549 -0.0252177 0.0239786 -0.0105396 0.999944 0.00073942 0.00208068 0.025224 -0.000473375 0.999682 -0.00795138 0.0 0.0 0.0 1.0
chess/seq-01/color/frame-000526.color.png chess/seq-01/color/frame-000529.color.png 0.998529 0.0176491 -0.0512638 0.0693848 -0.0170929 0.99979 0.0112688 -0.00911698 0.0514519 -0.010376 0.998622 -0.0338839 0.0 0.0 0.0 1.0
chess/seq-01/color/frame-000529.color.png chess/seq-01/color/frame-000532.color.png 0.998781 0.0197446 -0.0452393 0.087088 -0.0196967 0.999805 0.00150254 0.00386328 0.0452601 -0.000609631 0.998975 -0.0453207 0.0 0.0 0.0 1.0
chess/seq-01/color/frame-000532.color.png chess/seq-01/color/frame-000535.color.png 0.998673 0.00790066 -0.0508936 0.0941756 -0.00839893 0.999919 -0.00958451 0.0284241 0.0508138 0.00999924 0.998658 -0.0138921 0.0 0.0 0.0 1.0
chess/seq-01/color/frame-000535.color.png chess/seq-01/color/frame-000538.color.png 0.998784 -0.0296368 0.0394013 -0.044443 0.0314356 0.998454 -0.0458439 0.124201 -0.0379817 0.0470268 0.998171 0.0406334 0.0 0.0 0.0 1.0
chess/seq-01/color/frame-000538.color.png chess/seq-01/color/frame-000541.color.png 0.997799 0.0037563 0.0662026 -0.130301 -0.00463826 0.999902 0.0131733 -0.0193566 -0.0661467 -0.0134514 0.997719 0.0894482 0.0 0.0 0.0 1.0
chess/seq-01/color/frame-000541.color.png chess/seq-01/color/frame-000544.color.png 0.997856 -0.00761241 0.0650044 -0.154069 0.00727068 0.999959 0.00549242 -0.0300023 -0.0650436 -0.00500801 0.99787 0.0783042 0.0 0.0 0.0 1.0
chess/seq-01/color/frame-000544.color.png chess/seq-01/color/frame-000547.color.png 0.999608 -0.00760365 0.0269452 -0.0875129 0.00770066 0.999964 -0.00349899 -0.0137214 -0.0269177 0.00370509 0.999631 0.0215679 0.0 0.0 0.0 1.0
chess/seq-01/color/frame-000547.color.png chess/seq-01/color/frame-000550.color.png 0.999486 -0.00794173 0.0310635 -0.0994968 0.00771231 0.999942 0.00749898 -0.0122394 -0.0311212 -0.00725554 0.999489 0.0424303 0.0 0.0 0.0 1.0
chess/seq-01/color/frame-000550.color.png chess/seq-01/color/frame-000553.color.png 0.999097 0.0032843 0.0423727 -0.119716 -0.00281278 0.999934 -0.0111833 0.0279324 -0.0424066 0.0110541 0.999039 0.0324156 0.0 0.0 0.0 1.0
chess/seq-01/color/frame-000553.color.png chess/seq-01/color/frame-000556.color.png 0.999466 -0.0195402 0.0261811 -0.0824547 0.019488 0.999808 0.00225056 -0.0141799 -0.0262201 -0.00173916 0.999655 0.0241979 0.0 0.0 0.0 1.0
chess/seq-01/color/frame-000556.color.png chess/seq-01/color/frame-000559.color.png 0.99932 -0.00495179 0.0365343 -0.0799814 0.00470831 0.999966 0.00674744 -0.0237515 -0.0365664 -0.0065709 0.99931 0.0338485 0.0 0.0 0.0 1.0
chess/seq-01/color/frame-000559.color.png chess/seq-01/color/frame-000562.color.png 0.998155 -0.0196883 0.0574304 -0.113607 0.0195589 0.999805 0.00281419 -0.0130918 -0.0574747 -0.00168568 0.998345 0.0458974 0.0 0.0 0.0 1.0
chess/seq-01/color/frame-000562.color.png chess/seq-01/color/frame-000565.color.png 0.999604 -0.0159186 0.0232069 -0.044475 0.015907 0.999873 0.000682231 -0.018476 -0.0232146 -0.000312813 0.99973 0.0100734 0.0 0.0 0.0 1.0
chess/seq-01/color/frame-000565.color.png chess/seq-01/color/frame-000568.color.png 0.999429 -0.00974184 0.0323363 -0.0768653 0.00981252 0.99995 -0.00202534 -0.00105038 -0.0323151 0.00234147 0.999475 0.00700784 0.0 0.0 0.0 1.0
chess/seq-01/color/frame-000568.color.png chess/seq-01/color/frame-000571.color.png 0.999519 -0.0123899 0.0284353 -0.0748222 0.0124932 0.999916 -0.00345943 0.00626297 -0.02839 0.00381299 0.99959 0.000842571 0.0 0.0 0.0 1.0
chess/seq-01/color/frame-000571.color.png chess/seq-01/color/frame-000574.color.png 0.998679 -0.0161935 0.0487685 -0.106762 0.0159153 0.999855 0.00608857 -0.0177812 -0.04886 -0.00530433 0.998792 0.0180427 0.0 0.0 0.0 1.0
chess/seq-01/color/frame-000574.color.png chess/seq-01/color/frame-000577.color.png 0.999601 -0.0172989 0.0223133 -0.0577095 0.0168383 0.999645 0.020661 -0.0529175 -0.0226628 -0.020277 0.999538 0.00265563 0.0 0.0 0.0 1.0
chess/seq-01/color/frame-000577.color.png chess/seq-01/color/frame-000580.color.png 0.99963 0.00882273 0.0257181 -0.0738763 -0.00882578 0.999961 5.87697e-06 0.0117769 -0.025717 -0.000232866 0.999669 0.00651753 0.0 0.0 0.0 1.0
chess/seq-01/color/frame-000580.color.png chess/seq-01/color/frame-000583.color.png 0.999718 0.0103022 0.0213866 -0.069452 -0.010437 0.999926 0.00620173 0.00122009 -0.0213212 -0.00642318 0.999752 0.00913274 0.0 0.0 0.0 1.0
chess/seq-01/color/frame-000583.color.png chess/seq-01/color/frame-000586.color.png 0.998601 0.0169502 0.0500911 -0.135371 -0.0176239 0.99976 0.0130389 -0.0198889 -0.049858 -0.0139035 0.998659 0.030933 0.0 0.0 0.0 1.0
chess/seq-01/color/frame-000586.color.png chess/seq-01/color/frame-000589.color.png 0.999106 -0.000798793 0.0422618 -0.109113 0.000672593 0.999995 0.00300015 -0.000631161 -0.042264 -0.00296903 0.999102 0.0318853 0.0 0.0 0.0 1.0
chess/seq-01/color/frame-000589.color.png chess/seq-01/color/frame-000592.color.png 0.99938 -0.0161345 0.0313071 -0.0789571 0.0156259 0.999743 0.0164206 -0.0310974 -0.031564 -0.0159212 0.999375 0.0286617 0.0 0.0 0.0 1.0
chess/seq-01/color/frame-000592.color.png chess/seq-01/color/frame-000595.color.png 0.999349 -0.0122138 0.0339494 -0.0905423 0.0117775 0.999846 0.0130214 -0.0253848 -0.0341031 -0.0126131 0.999339 0.0293552 0.0 0.0 0.0 1.0
chess/seq-01/color/frame-000595.color.png chess/seq-01/color/frame-000598.color.png 0.999337 -0.00499896 0.0360643 -0.0900434 0.00455093 0.999911 0.0124951 -0.0260286 -0.0361236 -0.0123227 0.999271 0.0203985 0.0 0.0 0.0 1.0
chess/seq-01/color/frame-000598.color.png chess/seq-01/color/frame-000601.color.png 0.999411 -0.00266828 0.0342198 -0.0818818 0.00224252 0.99992 0.012475 -0.0236083 -0.0342503 -0.0123909 0.999337 0.0208985 0.0 0.0 0.0 1.0
chess/seq-01/color/frame-000601.color.png chess/seq-01/color/frame-000604.color.png 0.999641 0.0068837 0.0258945 -0.0775251 -0.00714118 0.999926 0.00986339 -0.0125959 -0.0258246 -0.0100448 0.999616 0.0144298 0.0 0.0 0.0 1.0
chess/seq-01/color/frame-000604.color.png chess/seq-01/color/frame-000607.color.png 0.999791 -0.00264374 0.0202962 -0.0530716 0.00267804 0.999995 -0.00166381 0.00694737 -0.0202918 0.00171783 0.999793 0.00317037 0.0 0.0 0.0 1.0
chess/seq-01/color/frame-000607.color.png chess/seq-01/color/frame-000610.color.png 0.999934 -0.00256754 0.011168 -0.0414408 0.00251373 0.999985 0.00483167 -0.0118659 -0.0111802 -0.00480328 0.999926 0.00254548 0.0 0.0 0.0 1.0
chess/seq-01/color/frame-000610.color.png chess/seq-01/color/frame-000613.color.png 0.999379 -0.00383057 0.0350257 -0.0774962 0.00377192 0.999991 0.00174144 -0.00523381 -0.0350321 -0.00160825 0.999385 0.0114282 0.0 0.0 0.0 1.0
chess/seq-01/color/frame-000613.color.png chess/seq-01/color/frame-000616.color.png 0.999163 -0.0220106 0.0344923 -0.0719074 0.0218769 0.999752 0.00424886 -0.00401302 -0.0345773 -0.00349071 0.999396 0.00949335 0.0 0.0 0.0 1.0
chess/seq-01/color/frame-000616.color.png chess/seq-01/color/frame-000619.color.png 0.99854 -0.0170058 0.0512675 -0.114067 0.0168414 0.999852 0.00363713 -0.0152759 -0.0513217 -0.0027684 0.998678 0.0151491 0.0 0.0 0.0 1.0
chess/seq-01/color/frame-000619.color.png chess/seq-01/color/frame-000622.color.png 0.999037 -0.00819473 0.0431123 -0.0970052 0.00770173 0.999903 0.011589 -0.035638 -0.0432031 -0.0112458 0.999003 0.0132133 0.0 0.0 0.0 1.0
chess/seq-01/color/frame-000622.color.png chess/seq-01/color/frame-000625.color.png 0.999354 -0.014067 0.0330785 -0.0801878 0.0142466 0.999885 -0.00520204 0.0110094 -0.0330016 0.00566995 0.999439 0.00175047 0.0 0.0 0.0 1.0
chess/seq-01/color/frame-000625.color.png chess/seq-01/color/frame-000628.color.png 0.999364 -0.0172727 0.0311861 -0.0711881 0.0175832 0.999798 -0.00970964 0.0228835 -0.031012 0.0102518 0.999466 0.00599039 0.0 0.0 0.0 1.0
chess/seq-01/color/frame-000628.color.png chess/seq-01/color/frame-000631.color.png 0.999086 -0.0199112 0.0378361 -0.0833942 0.0196109 0.999773 0.00829106 -0.0420727 -0.0379926 -0.00754149 0.99925 0.0205846 0.0 0.0 0.0 1.0
chess/seq-01/color/frame-000631.color.png chess/seq-01/color/frame-000634.color.png 0.99925 -0.0101823 0.0373728 -0.0756034 0.0100358 0.999941 0.00410696 -0.0162623 -0.0374124 -0.00372883 0.999293 0.0235642 0.0 0.0 0.0 1.0
chess/seq-01/color/frame-000634.color.png chess/seq-01/color/frame-000637.color.png 0.999323 -0.0267341 0.0252892 -0.0350131 0.0269195 0.999613 -0.00702199 0.00448639 -0.0250917 0.00769801 0.999656 0.00919867 0.0 0.0 0.0 1.0
chess/seq-01/color/frame-000637.color.png chess/seq-01/color/frame-000640.color.png 0.998769 -0.0289532 0.0402763 -0.079581 0.028676 0.999561 0.00744342 -0.0472531 -0.0404742 -0.0062793 0.999161 0.0266573 0.0 0.0 0.0 1.0
chess/seq-01/color/frame-000640.color.png chess/seq-01/color/frame-000643.color.png 0.998944 -0.0076944 0.0452936 -0.0786237 0.00721836 0.999917 0.0106643 -0.04592 -0.0453719 -0.0103261 0.998917 0.00789917 0.0 0.0 0.0 1.0
chess/seq-01/color/frame-000643.color.png chess/seq-01/color/frame-000646.color.png 0.998504 -0.0133809 0.0530174 -0.102917 0.0127533 0.999845 0.0121595 -0.0317815 -0.0531719 -0.0114652 0.99852 0.0253514 0.0 0.0 0.0 1.0
chess/seq-01/color/frame-000646.color.png chess/seq-01/color/frame-000649.color.png 0.998866 -0.0155518 0.0450054 -0.0847341 0.0154573 0.999878 0.0024455 -0.018424 -0.0450379 -0.00174707 0.998984 0.0148929 0.0 0.0 0.0 1.0
chess/seq-01/color/frame-000649.color.png chess/seq-01/color/frame-000652.color.png 0.998704 -0.0133084 0.0491166 -0.10211 0.0135675 0.999896 -0.00494547 0.00914637 -0.0490457 0.00560547 0.998781 0.0153588 0.0 0.0 0.0 1.0
chess/seq-01/color/frame-000652.color.png chess/seq-01/color/frame-000655.color.png 0.998202 0.0060679 0.0596246 -0.119875 -0.00528999 0.999899 -0.0131957 0.0333474 -0.0596986 0.0128565 0.998134 0.0147266 0.0 0.0 0.0 1.0
chess/seq-01/color/frame-000655.color.png chess/seq-01/color/frame-000658.color.png 0.999417 0.0137669 0.0312258 -0.061422 -0.0129735 0.999591 -0.0254726 0.0549087 -0.0315638 0.0250526 0.999188 -0.00765145 0.0 0.0 0.0 1.0
chess/seq-01/color/frame-000658.color.png chess/seq-01/color/frame-000661.color.png 0.997949 0.000434291 0.0640201 -0.157405 6.95489e-05 0.999969 -0.00786746 -0.00304114 -0.0640216 0.00785578 0.997918 0.00304949 0.0 0.0 0.0 1.0
chess/seq-01/color/frame-000661.color.png chess/seq-01/color/frame-000664.color.png 0.999134 -0.00867592 0.0407018 -0.075626 0.00814396 0.999879 0.0132175 -0.0517481 -0.0408116 -0.0128745 0.999084 0.00423062 0.0 0.0 0.0 1.0
chess/seq-01/color/frame-000664.color.png chess/seq-01/color/frame-000667.color.png 0.998628 -0.00267869 0.052298 -0.109595 0.00278677 0.999994 -0.00199374 0.0104354 -0.0522923 0.00213674 0.99863 -0.00568807 0.0 0.0 0.0 1.0
chess/seq-01/color/frame-000667.color.png chess/seq-01/color/frame-000670.color.png 0.9997 -0.0108548 0.0219648 -0.0811979 0.0108166 0.99994 0.00185733 -0.00727151 -0.0219837 -0.0016192 0.999757 0.00436008 0.0 0.0 0.0 1.0
chess/seq-01/color/frame-000670.color.png chess/seq-01/color/frame-000673.color.png 0.999733 -0.0212397 0.00910263 -0.0394571 0.0212315 0.999774 0.000991636 -0.000332698 -0.00912167 -0.000798101 0.999958 -0.00438499 0.0 0.0 0.0 1.0
chess/seq-01/color/frame-000673.color.png chess/seq-01/color/frame-000676.color.png 0.999893 0.00740519 0.0126513 -0.049777 -0.00741961 0.999972 0.0010937 0.00166951 -0.0126428 -0.00118745 0.999919 0.00748289 0.0 0.0 0.0 1.0
chess/seq-01/color/frame-000676.color.png chess/seq-01/color/frame-000679.color.png 0.99877 0.0434152 0.0239622 -0.0679835 -0.0430648 0.99896 -0.014953 0.0275003 -0.0245866 0.0139026 0.999601 0.00559652 0.0 0.0 0.0 1.0
chess/seq-01/color/frame-000679.color.png chess/seq-01/color/frame-000682.color.png 0.999031 0.0230936 0.0374799 -0.0947462 -0.0225852 0.999648 -0.0139322 0.0110698 -0.0377884 0.0130722 0.9992 0.0165113 0.0 0.0 0.0 1.0
chess/seq-01/color/frame-000682.color.png chess/seq-01/color/frame-000685.color.png 0.999821 0.00459567 0.0183798 -0.0421126 -0.00409477 0.999622 -0.0271984 0.0142702 -0.0184979 0.0271182 0.999461 -0.00547516 0.0 0.0 0.0 1.0
chess/seq-01/color/frame-000685.color.png chess/seq-01/color/frame-000688.color.png 0.999664 -0.00864177 0.0244461 -0.0774465 0.0088108 0.999938 -0.00681469 -0.0141688 -0.0243857 0.00702778 0.999678 0.016014 0.0 0.0 0.0 1.0
chess/seq-01/color/frame-000688.color.png chess/seq-01/color/frame-000691.color.png 0.998558 -0.00896311 0.0529242 -0.162669 0.00914036 0.999953 -0.00310804 0.0114773 -0.0528938 0.00358731 0.998594 0.0372773 0.0 0.0 0.0 1.0
chess/seq-01/color/frame-000691.color.png chess/seq-01/color/frame-000694.color.png 0.999559 -0.0273228 0.0116091 -0.0298937 0.0273174 0.999627 0.000624009 -0.00151232 -0.0116217 -0.000306599 0.999932 0.0244571 0.0 0.0 0.0 1.0
chess/seq-01/color/frame-000694.color.png chess/seq-01/color/frame-000697.color.png 0.999402 -0.0321511 0.0127661 -0.0244754 0.0322171 0.999468 -0.00499555 0.00698201 -0.0125988 0.00540384 0.999906 0.00908732 0.0 0.0 0.0 1.0
chess/seq-01/color/frame-000697.color.png chess/seq-01/color/frame-000700.color.png 0.999107 -0.0384494 0.0175079 -0.0401239 0.038675 0.999171 -0.0127337 0.033427 -0.0170037 0.0133995 0.999766 0.020503 0.0 0.0 0.0 1.0
chess/seq-01/color/frame-000700.color.png chess/seq-01/color/frame-000703.color.png 0.999801 -0.019769 0.00252261 -0.00724924 0.0197964 0.99974 -0.0112958 0.0424218 -0.00229877 0.0113435 0.999933 0.0144842 0.0 0.0 0.0 1.0
chess/seq-01/color/frame-000703.color.png chess/seq-01/color/frame-000706.color.png 0.999677 -0.0244157 0.00708801 -0.0220481 0.0243961 0.999698 0.00283764 0.00339438 -0.00715519 -0.0026638 0.999971 0.0203528 0.0 0.0 0.0 1.0
chess/seq-01/color/frame-000706.color.png chess/seq-01/color/frame-000709.color.png 0.999874 -0.0122414 0.0101153 -0.0285308 0.0121705 0.999901 0.00705261 -0.0172791 -0.0102007 -0.00692862 0.999924 0.015655 0.0 0.0 0.0 1.0
chess/seq-01/color/frame-000709.color.png chess/seq-01/color/frame-000712.color.png 0.999924 -0.00885007 0.00855879 -0.0253041 0.00883374 0.999959 0.00193857 0.00827584 -0.00857558 -0.0018628 0.999962 -0.00655413 0.0 0.0 0.0 1.0
chess/seq-01/color/frame-000712.color.png chess/seq-01/color/frame-000715.color.png 0.999983 -0.00571436 -0.000573216 -0.0264266 0.00570159 0.999781 -0.0201641 0.0722337 0.000688378 0.0201605 0.999797 0.028499 0.0 0.0 0.0 1.0
chess/seq-01/color/frame-000715.color.png chess/seq-01/color/frame-000718.color.png 0.999917 1.43151e-05 0.0129067 -0.0448194 1.35138e-05 0.999998 -0.00215021 0.0108383 -0.0129066 0.00215022 0.999914 0.0080539 0.0 0.0 0.0 1.0
chess/seq-01/color/frame-000718.color.png chess/seq-01/color/frame-000721.color.png 0.99962 -0.027408 -0.00295419 -0.0139805 0.0274118 0.999623 0.00125155 0.0195103 0.00291862 -0.00133207 0.999995 0.00475371 0.0 0.0 0.0 1.0
chess/seq-01/color/frame-000721.color.png chess/seq-01/color/frame-000724.color.png 0.998293 0.0449982 0.037243 -0.0799787 -0.0462631 0.998356 0.0338313 -0.0791523 -0.0356593 -0.0354964 0.998733 0.0267903 0.0 0.0 0.0 1.0
chess/seq-01/color/frame-000724.color.png chess/seq-01/color/frame-000727.color.png 0.999868 -0.0156771 -0.00416365 -0.00707579 0.0156289 0.999813 -0.0113604 0.04249 0.00434087 0.0112939 0.999927 0.0122652 0.0 0.0 0.0 1.0
chess/seq-01/color/frame-000727.color.png chess/seq-01/color/frame-000730.color.png 0.999692 -0.0204496 -0.0140873 0.0173698 0.0205829 0.999744 0.00938902 -0.0178299 0.0138917 -0.0096761 0.999857 0.0272363 0.0 0.0 0.0 1.0
chess/seq-01/color/frame-000730.color.png chess/seq-01/color/frame-000733.color.png 0.999966 -0.00296782 -0.00770014 0.0045816 0.00303516 0.999957 0.00874781 -0.0223633 0.0076738 -0.00877087 0.999932 0.024666 0.0 0.0 0.0 1.0
chess/seq-01/color/frame-000733.color.png chess/seq-01/color/frame-000736.color.png 0.999832 0.00288934 -0.0180845 0.0242547 -0.00276399 0.999972 0.00694909 -0.0144305 0.0181041 -0.00689796 0.999812 0.0269438 0.0 0.0 0.0 1.0
chess/seq-01/color/frame-000736.color.png chess/seq-01/color/frame-000739.color.png 0.999604 0.0126173 -0.0251475 0.0414256 -0.0119657 0.999593 0.0259005 -0.0607807 0.025464 -0.0255893 0.999348 0.0333657 0.0 0.0 0.0 1.0
chess/seq-01/color/frame-000739.color.png chess/seq-01/color/frame-000742.color.png 0.999753 0.00836514 -0.0206012 0.0352013 -0.00793372 0.999749 0.0209337 -0.043078 0.0207713 -0.020765 0.999569 0.0391161 0.0 0.0 0.0 1.0
chess/seq-01/color/frame-000742.color.png chess/seq-01/color/frame-000745.color.png 0.999764 0.0111475 -0.0186735 0.0377146 -0.0106337 0.999568 0.0273953 -0.0660123 0.0189708 -0.0271902 0.99945 0.0423276 0.0 0.0 0.0 1.0
chess/seq-01/color/frame-000745.color.png chess/seq-01/color/frame-000748.color.png 0.999909 0.0106512 -0.0082507 0.020058 -0.0103748 0.999407 0.0328364 -0.0729057 0.00859559 -0.0327478 0.999427 0.0288169 0.0 0.0 0.0 1.0
chess/seq-01/color/frame-000748.color.png chess/seq-01/color/frame-000751.color.png 0.999775 0.00999378 -0.0187098 0.0388183 -0.00951124 0.999624 0.0257035 -0.0510185 0.0189596 -0.0255198 0.999494 0.0305021 0.0 0.0 0.0 1.0
chess/seq-01/color/frame-000751.color.png chess/seq-01/color/frame-000754.color.png 0.999831 0.0129592 -0.0130164 0.0301889 -0.0126105 0.999569 0.0265248 -0.058984 0.0133546 -0.0263562 0.999563 0.0273278 0.0 0.0 0.0 1.0
chess/seq-01/color/frame-000754.color.png chess/seq-01/color/frame-000757.color.png 0.999857 0.0133872 -0.0103171 0.0249358 -0.0132206 0.999784 0.0160474 -0.0391334 0.0105298 -0.0159087 0.999818 0.024102 0.0 0.0 0.0 1.0
chess/seq-01/color/frame-000757.color.png chess/seq-01/color/frame-000760.color.png 0.999559 0.0287051 -0.00764459 0.0216251 -0.0285985 0.999497 0.0137188 -0.0409062 0.00803446 -0.0134941 0.999877 0.0183256 0.0 0.0 0.0 1.0
chess/seq-01/color/frame-000760.color.png chess/seq-01/color/frame-000763.color.png 0.999881 -0.0088503 -0.0126171 0.0364269 0.00901261 0.999876 0.0128667 -0.0181421 0.0125017 -0.0129789 0.999838 0.0250788 0.0 0.0 0.0 1.0
chess/seq-01/color/frame-000763.color.png chess/seq-01/color/frame-000766.color.png 0.999855 -0.0145186 -0.00891303 0.0233916 0.0144787 0.999885 -0.0045238 0.0183394 0.00897769 0.00439412 0.99995 0.0128362 0.0 0.0 0.0 1.0
chess/seq-01/color/frame-000766.color.png chess/seq-01/color/frame-000769.color.png 0.999307 -0.0318599 -0.0192525 0.0427062 0.0317362 0.999474 -0.00669592 0.0335469 0.0194557 0.00608029 0.999792 0.0132356 0.0 0.0 0.0 1.0
chess/seq-01/color/frame-000769.color.png chess/seq-01/color/frame-000772.color.png 0.999415 -0.00539925 -0.0337709 0.0789367 0.00523655 0.999974 -0.00490269 0.00951101 0.0337964 0.00472294 0.999417 0.0138617 0.0 0.0 0.0 1.0
chess/seq-01/color/frame-000772.color.png chess/seq-01/color/frame-000775.color.png 0.99993 0.0013215 -0.0117253 0.0359409 -0.00125972 0.999985 0.00527273 -0.0178924 0.011732 -0.00525756 0.999917 -0.00543904 0.0 0.0 0.0 1.0
chess/seq-01/color/frame-000775.color.png chess/seq-01/color/frame-000778.color.png 0.999932 -0.0117014 6.74567e-07 0.00470433 0.0117008 0.999876 -0.0105708 0.0304683 0.00012309 0.0105701 0.999944 0.0164225 0.0 0.0 0.0 1.0
chess/seq-01/color/frame-000778.color.png chess/seq-01/color/frame-000781.color.png 0.999916 0.0100937 0.00812209 -0.011412 -0.0101181 0.999944 0.00296134 -0.0138823 -0.00809183 -0.00304325 0.999963 -0.000742674 0.0 0.0 0.0 1.0
chess/seq-01/color/frame-000781.color.png chess/seq-01/color/frame-000784.color.png 0.999961 -0.000137024 0.00887875 -0.0206853 0.000121082 0.999998 0.00179749 -0.000353143 -0.00887889 -0.00179638 0.999959 0.0235045 0.0 0.0 0.0 1.0
chess/seq-01/color/frame-000784.color.png chess/seq-01/color/frame-000787.color.png 0.999992 0.00230573 -0.00329126 0.00868323 -0.00230071 0.999996 0.00153119 -0.00569057 0.00329474 -0.00152356 0.999993 0.0198023 0.0 0.0 0.0 1.0
chess/seq-01/color/frame-000787.color.png chess/seq-01/color/frame-000790.color.png 0.999962 0.000160623 0.00876209 -0.0131952 -0.000326021 0.999822 0.0188762 -0.0464723 -0.00875756 -0.0188783 0.999783 0.01443 0.0 0.0 0.0 1.0
chess/seq-01/color/frame-000790.color.png chess/seq-01/color/frame-000793.color.png 0.999861 -0.0156464 0.00572863 -0.0128943 0.0155916 0.999833 0.00949001 -0.00738905 -0.0058761 -0.00939934 0.999939 0.0234993 0.0 0.0 0.0 1.0
chess/seq-01/color/frame-000793.color.png chess/seq-01/color/frame-000796.color.png 0.999949 0.00722294 0.00707264 -0.0196664 -0.00732392 0.99987 0.0143586 -0.0303047 -0.00696794 -0.0144097 0.999872 0.0227396 0.0 0.0 0.0 1.0
chess/seq-01/color/frame-000796.color.png chess/seq-01/color/frame-000799.color.png 0.999971 0.00724166 -0.00244649 0.00604156 -0.00721545 0.999918 0.0105494 -0.0258741 0.00252271 -0.0105314 0.999941 0.0118639 0.0 0.0 0.0 1.0
chess/seq-01/color/frame-000799.color.png chess/seq-01/color/frame-000802.color.png 0.999993 0.00225935 0.00284258 -0.00540492 -0.00228886 0.999943 0.0104246 -0.0276805 -0.00281889 -0.0104311 0.999942 0.0154309 0.0 0.0 0.0 1.0
chess/seq-01/color/frame-000802.color.png chess/seq-01/color/frame-000805.color.png 0.999999 -0.00045949 0.00119309 -0.00219911 0.000456428 0.999996 0.00258323 -0.00510368 -0.00119433 -0.00258262 0.999996 0.0107782 0.0 0.0 0.0 1.0
chess/seq-01/color/frame-000805.color.png chess/seq-01/color/frame-000808.color.png 0.999808 0.00974766 0.0170115 -0.0424947 -0.00985052 0.999934 0.00597176 -0.0216068 -0.0169521 -0.00613819 0.999838 0.0100796 0.0 0.0 0.0 1.0
chess/seq-01/color/frame-000808.color.png chess/seq-01/color/frame-000811.color.png 0.999734 0.0123456 0.0195026 -0.0456236 -0.0123737 0.999923 0.00132051 -0.00787036 -0.0194849 -0.00156147 0.999809 -0.00137591 0.0 0.0 0.0 1.0
chess/seq-01/color/frame-000811.color.png chess/seq-01/color/frame-000814.color.png 0.999942 0.00499441 0.00957192 -0.0226032 -0.00483302 0.999847 -0.016811 0.0417629 -0.00965442 0.0167637 0.999813 -0.012208 0.0 0.0 0.0 1.0
chess/seq-01/color/frame-000814.color.png chess/seq-01/color/frame-000817.color.png 0.999979 -0.00406839 0.00501355 -0.0137846 0.0042039 0.999618 -0.0273191 0.0606167 -0.00490045 0.0273396 0.999614 -0.010972 0.0 0.0 0.0 1.0
chess/seq-01/color/frame-000817.color.png chess/seq-01/color/frame-000820.color.png 0.999831 0.0173374 0.00616198 -0.0219689 -0.0172237 0.999689 -0.0180482 0.02921 -0.0064731 0.017939 0.999818 -0.0142608 0.0 0.0 0.0 1.0
chess/seq-01/color/frame-000820.color.png chess/seq-01/color/frame-000823.color.png 0.999752 0.0194854 0.0108281 -0.0246396 -0.0195731 0.999776 0.00804815 -0.0293346 -0.0106689 -0.00825812 0.999909 -0.029743 0.0 0.0 0.0 1.0
chess/seq-01/color/frame-000823.color.png chess/seq-01/color/frame-000826.color.png 0.998954 -0.00384264 0.0455546 -0.102055 0.00269791 0.99968 0.0251641 -0.053903 -0.0456366 -0.0250149 0.998645 -0.0370991 0.0 0.0 0.0 1.0
chess/seq-01/color/frame-000826.color.png chess/seq-01/color/frame-000829.color.png 0.998087 -0.0374757 0.0491689 -0.111963 0.0369133 0.999243 0.012297 -0.0119461 -0.0495926 -0.0104585 0.998715 -0.0309987 0.0 0.0 0.0 1.0
chess/seq-01/color/frame-000829.color.png chess/seq-01/color/frame-000832.color.png 0.99892 0.00300157 0.0463612 -0.112329 -0.00392121 0.999797 0.0197571 -0.049823 -0.0462924 -0.0199176 0.998729 -0.0140436 0.0 0.0 0.0 1.0
chess/seq-01/color/frame-000832.color.png chess/seq-01/color/frame-000835.color.png 0.999473 -0.0252362 0.020406 -0.0386335 0.0249373 0.99958 0.0147757 -0.0196574 -0.0207703 -0.0142591 0.999683 -0.0256679 0.0 0.0 0.0 1.0
chess/seq-01/color/frame-000835.color.png chess/seq-01/color/frame-000838.color.png 0.999749 -0.0114841 0.0192554 -0.0415866 0.0115071 0.999933 -0.00108353 0.0124209 -0.0192417 0.00130483 0.999814 -0.01634 0.0 0.0 0.0 1.0
chess/seq-01/color/frame-000838.color.png chess/seq-01/color/frame-000841.color.png 0.999874 -0.00541697 0.0149579 -0.0350196 0.00542649 0.999985 -0.000593328 0.0136861 -0.0149545 0.000674479 0.999888 -0.0204642 0.0 0.0 0.0 1.0
chess/seq-01/color/frame-000841.color.png chess/seq-01/color/frame-000844.color.png 0.999598 -0.0198846 0.0202214 -0.0381387 0.0198376 0.9998 0.00251656 0.00845394 -0.0202675 -0.00211451 0.999792 -0.0215812 0.0 0.0 0.0 1.0
chess/seq-01/color/frame-000844.color.png chess/seq-01/color/frame-000847.color.png 0.999882 -0.0144115 0.00538005 -0.00694346 0.0143581 0.999848 0.00983463 -0.0214112 -0.00552107 -0.0097562 0.999937 -0.0189857 0.0 0.0 0.0 1.0
chess/seq-01/color/frame-000847.color.png chess/seq-01/color/frame-000850.color.png 0.999634 -0.0189122 0.0193181 -0.0381354 0.0190341 0.9998 -0.00614251 0.0349433 -0.0191979 0.00650803 0.999795 -0.0165715 0.0 0.0 0.0 1.0
chess/seq-01/color/frame-000850.color.png chess/seq-01/color/frame-000853.color.png 0.999828 -0.00910224 0.0161315 -0.0303354 0.00911901 0.999958 -0.000967978 0.0103017 -0.0161219 0.00111491 0.999869 -0.0210927 0.0 0.0 0.0 1.0
chess/seq-01/color/frame-000853.color.png chess/seq-01/color/frame-000856.color.png 0.999832 -0.0168223 0.0072856 -0.00991669 0.0168201 0.999858 0.000376581 0.00808231 -0.00729101 -0.000253982 0.999973 -0.0166054 0.0 0.0 0.0 1.0
chess/seq-01/color/frame-000856.color.png chess/seq-01/color/frame-000859.color.png 0.999918 -0.0114898 0.00557574 -0.00780046 0.0114952 0.999933 -0.000945471 0.0152021 -0.00556446 0.00100945 0.999984 -0.0122287 0.0 0.0 0.0 1.0
chess/seq-01/color/frame-000859.color.png chess/seq-01/color/frame-000862.color.png 0.999995 -0.00103813 0.00306805 -0.00183484 0.00102238 0.999986 0.005133 -0.0048625 -0.00307334 -0.00512983 0.999982 -0.00908899 0.0 0.0 0.0 1.0
chess/seq-01/color/frame-000862.color.png chess/seq-01/color/frame-000865.color.png 0.999956 -0.0089809 0.00284485 -0.00533727 0.00898942 0.999955 -0.0030172 0.0134907 -0.00281755 0.00304264 0.999991 -0.00822449 0.0 0.0 0.0 1.0
chess/seq-01/color/frame-000865.color.png chess/seq-01/color/frame-000868.color.png 0.99996 -0.00575164 0.00689601 -0.0110612 0.00573303 0.99998 0.00272518 0.00219046 -0.00691173 -0.00268564 0.999972 -0.0100501 0.0 0.0 0.0 1.0
chess/seq-01/color/frame-000868.color.png chess/seq-01/color/frame-000871.color.png 0.999889 -0.0148487 0.00114385 -0.00129887 0.0148527 0.999883 -0.00351255 0.0203538 -0.00109158 0.0035292 0.999993 -0.0194113 0.0 0.0 0.0 1.0
chess/seq-01/color/frame-000871.color.png chess/seq-01/color/frame-000874.color.png 0.99999 -0.00443683 0.000179904 -0.00221667 0.0044369 0.99999 -0.000801554 0.00586079 -0.000176197 0.000802326 1.0 -0.00921249 0.0 0.0 0.0 1.0
chess/seq-01/color/frame-000874.color.png chess/seq-01/color/frame-000877.color.png 0.99994 0.00992174 0.00470524 -0.0100222 -0.00992201 0.999951 3.89453e-05 0.000982068 -0.00470461 -8.55856e-05 0.999989 -0.0150158 0.0 0.0 0.0 1.0
chess/seq-01/color/frame-000877.color.png chess/seq-01/color/frame-000880.color.png 0.999956 0.00856117 -0.00372025 0.00575024 -0.00859573 0.999919 -0.00936213 0.0233632 0.00363985 0.00939371 0.999949 -0.0194621 0.0 0.0 0.0 1.0
chess/seq-01/color/frame-000880.color.png chess/seq-01/color/frame-000883.color.png 0.999992 -0.00319925 -0.00242716 0.0076344 0.00316611 0.999903 -0.0135453 0.0356567 0.00247023 0.0135375 0.999905 -0.0158648 0.0 0.0 0.0 1.0
chess/seq-01/color/frame-000883.color.png chess/seq-01/color/frame-000886.color.png 0.999988 -0.000102315 -0.00488289 0.00442526 2.69171e-05 0.999881 -0.0154257 0.0395398 0.00488383 0.0154254 0.999869 -0.0228379 0.0 0.0 0.0 1.0
chess/seq-01/color/frame-000886.color.png chess/seq-01/color/frame-000889.color.png 0.999966 0.0042906 -0.00703163 0.0148662 -0.00429621 0.99999 -0.000794956 0.00365292 0.00702829 0.000825136 0.999975 -0.00994241 0.0 0.0 0.0 1.0
chess/seq-01/color/frame-000889.color.png chess/seq-01/color/frame-000892.color.png 0.999792 -0.0189469 -0.00757764 0.0165278 0.0189065 0.999807 -0.00536094 0.0258901 0.00767781 0.00521653 0.999957 -0.0177785 0.0 0.0 0.0 1.0
chess/seq-01/color/frame-000892.color.png chess/seq-01/color/frame-000895.color.png 0.99987 -0.0151567 0.00548409 -0.0111733 0.0151632 0.999884 -0.00113894 0.0177895 -0.00546624 0.00122203 0.999984 -0.0191208 0.0 0.0 0.0 1.0
chess/seq-01/color/frame-000895.color.png chess/seq-01/color/frame-000898.color.png 0.999717 -0.021385 0.0103888 -0.0203579 0.0214381 0.999758 -0.00502792 0.0195077 -0.0102789 0.0052491 0.999933 -0.0145049 0.0 0.0 0.0 1.0
chess/seq-01/color/frame-000898.color.png chess/seq-01/color/frame-000901.color.png 0.999622 -0.0119518 0.0247598 -0.0517654 0.0119861 0.999927 -0.00123977 0.0111223 -0.024743 0.00153611 0.999693 -0.0248888 0.0 0.0 0.0 1.0
chess/seq-01/color/frame-000901.color.png chess/seq-01/color/frame-000904.color.png 0.99968 -0.00612051 0.0245559 -0.0590706 0.00617422 0.999979 -0.00210691 0.0135603 -0.0245425 0.00225789 0.999696 -0.02162 0.0 0.0 0.0 1.0
chess/seq-01/color/frame-000904.color.png chess/seq-01/color/frame-000907.color.png 0.999912 -0.00503594 0.0122869 -0.0409613 0.00502261 0.999987 0.00111666 -0.0022459 -0.0122924 -0.00105486 0.999924 -0.0123839 0.0 0.0 0.0 1.0
chess/seq-01/color/frame-000907.color.png chess/seq-01/color/frame-000910.color.png 0.999658 0.00611742 0.0254174 -0.0675911 -0.00615482 0.99998 0.00139063 -0.00109556 -0.0254083 -0.00154657 0.999676 -0.0246514 0.0 0.0 0.0 1.0
chess/seq-01/color/frame-000910.color.png chess/seq-01/color/frame-000913.color.png 0.999981 -0.00534578 0.00321461 -0.020876 0.00536026 0.999976 -0.00447733 0.0145747 -0.00319068 0.00449442 0.999985 -0.00815785 0.0 0.0 0.0 1.0
chess/seq-01/color/frame-000913.color.png chess/seq-01/color/frame-000916.color.png 0.999942 -0.00816012 0.00709606 -0.0259626 0.0082062 0.999945 -0.00649724 0.0210349 -0.00704256 0.00655514 0.999954 -0.0193329 0.0 0.0 0.0 1.0
chess/seq-01/color/frame-000916.color.png chess/seq-01/color/frame-000919.color.png 0.999968 0.00620669 0.00509982 -0.0224392 -0.0062152 0.999979 0.00165094 -0.00299884 -0.00508952 -0.00168261 0.999986 -0.0177413 0.0 0.0 0.0 1.0
chess/seq-01/color/frame-000919.color.png chess/seq-01/color/frame-000922.color.png 0.999961 -0.0056561 -0.00677156 0.0015687 0.00564193 0.999982 -0.00211 0.00242012 0.00678339 0.00207172 0.999975 -0.0127654 0.0 0.0 0.0 1.0
chess/seq-01/color/frame-000922.color.png chess/seq-01/color/frame-000925.color.png 0.999731 -0.0101084 -0.0208841 0.0339665 0.0096167 0.999677 -0.023512 0.0522925 0.0211148 0.0233048 0.999505 -0.0130625 0.0 0.0 0.0 1.0
chess/seq-01/color/frame-000925.color.png chess/seq-01/color/frame-000928.color.png 0.999613 -0.00813287 -0.0265946 0.0441984 0.00773571 0.999857 -0.0150063 0.0329454 0.0267129 0.0147948 0.999534 -0.0102073 0.0 0.0 0.0 1.0
chess/seq-01/color/frame-000928.color.png chess/seq-01/color/frame-000931.color.png 0.999792 0.00191368 -0.0203044 0.0348262 -0.0019089 0.999998 0.00025229 0.00389608 0.0203048 -0.00021352 0.999794 -0.0133611 0.0 0.0 0.0 1.0
chess/seq-01/color/frame-000931.color.png chess/seq-01/color/frame-000934.color.png 0.999677 0.00631313 -0.0246284 0.039367 -0.00649728 0.999951 -0.00740455 0.0168362 0.0245805 0.00756226 0.999669 -0.01486 0.0 0.0 0.0 1.0
chess/seq-01/color/frame-000934.color.png chess/seq-01/color/frame-000937.color.png 0.999548 0.00813501 -0.0289588 0.0434214 -0.00812402 0.999967 0.000499364 0.00267475 0.0289619 -0.00026392 0.99958 -0.0123938 0.0 0.0 0.0 1.0
chess/seq-01/color/frame-000937.color.png chess/seq-01/color/frame-000940.color.png 0.999659 0.00735327 -0.0250486 0.040417 -0.0071451 0.999939 0.00838924 -0.0110984 0.0251087 -0.00820739 0.999651 -0.00485122 0.0 0.0 0.0 1.0
chess/seq-01/color/frame-000940.color.png chess/seq-01/color/frame-000943.color.png 0.999501 -0.000285642 -0.0315992 0.0547625 0.000618138 0.999944 0.0105094 -0.00942311 0.0315945 -0.0105236 0.999445 -0.00593019 0.0 0.0 0.0 1.0
chess/seq-01/color/frame-000943.color.png chess/seq-01/color/frame-000946.color.png 0.999663 0.0121406 -0.0229566 0.0378307 -0.0120307 0.999916 0.00492555 -0.00622876 0.0230145 -0.00464777 0.999724 -0.00944197 0.0 0.0 0.0 1.0
chess/seq-01/color/frame-000946.color.png chess/seq-01/color/frame-000949.color.png 0.999262 0.00925755 -0.0372824 0.0600891 -0.00944342 0.999944 -0.0048127 0.0158762 0.0372357 0.00516125 0.999293 -0.00589323 0.0 0.0 0.0 1.0
chess/seq-01/color/frame-000949.color.png chess/seq-01/color/frame-000952.color.png 0.999588 0.00345701 -0.0285063 0.0440738 -0.00339703 0.999992 0.00215151 -0.00569955 0.0285135 -0.00205386 0.999591 -0.00691903 0.0 0.0 0.0 1.0
chess/seq-01/color/frame-000952.color.png chess/seq-01/color/frame-000955.color.png 0.999509 0.0163698 -0.0267131 0.040745 -0.0166013 0.999826 -0.00847005 0.0134362 0.0265699 0.00890945 0.999607 -0.0158234 0.0 0.0 0.0 1.0
chess/seq-01/color/frame-000955.color.png chess/seq-01/color/frame-000958.color.png 0.999289 0.0198991 -0.0320247 0.043395 -0.0197783 0.999796 0.00408419 -0.00397129 0.0320995 -0.00344794 0.999479 -0.00383353 0.0 0.0 0.0 1.0
chess/seq-01/color/frame-000958.color.png chess/seq-01/color/frame-000961.color.png 0.999421 0.00358007 -0.0338289 0.0535351 -0.00381434 0.999969 -0.00686308 0.0150582 0.0338033 0.00698821 0.999404 -0.00656235 0.0 0.0 0.0 1.0
chess/seq-01/color/frame-000961.color.png chess/seq-01/color/frame-000964.color.png 0.999793 0.00403388 -0.0199204 0.0337421 -0.00410657 0.999985 -0.00360667 0.00319684 0.0199057 0.00368772 0.999795 0.0019716 0.0 0.0 0.0 1.0
chess/seq-01/color/frame-000964.color.png chess/seq-01/color/frame-000967.color.png 0.999871 0.0121872 -0.0105018 0.0147795 -0.0122565 0.999903 -0.00654932 0.00691734 0.0104209 0.00667717 0.999923 -0.0050391 0.0 0.0 0.0 1.0
chess/seq-01/color/frame-000967.color.png chess/seq-01/color/frame-000970.color.png 0.999801 0.0049442 -0.019343 0.0382325 -0.0049734 0.999987 -0.00146151 0.00235605 0.0193355 0.00155735 0.999812 -0.00446653 0.0 0.0 0.0 1.0
chess/seq-01/color/frame-000970.color.png chess/seq-01/color/frame-000973.color.png 0.999947 0.000953604 -0.010253 0.0313859 -0.0010096 0.999985 -0.00545772 0.0194781 0.0102478 0.0054678 0.999933 -0.00162673 0.0 0.0 0.0 1.0
chess/seq-01/color/frame-000973.color.png chess/seq-01/color/frame-000976.color.png 0.999871 0.00271386 -0.0158432 0.0437724 -0.00248467 0.999892 0.0144679 -0.0169549 0.0158807 -0.0144267 0.99977 0.00225651 0.0 0.0 0.0 1.0
chess/seq-01/color/frame-000976.color.png chess/seq-01/color/frame-000979.color.png 0.999247 0.0259355 -0.0288676 0.0630482 -0.0255559 0.999583 0.0134414 -0.0249103 0.0292041 -0.0126934 0.999493 0.00536001 0.0 0.0 0.0 1.0
chess/seq-01/color/frame-000979.color.png chess/seq-01/color/frame-000982.color.png 0.999614 0.00214527 -0.0276821 0.058394 -0.00240073 0.999955 -0.00919654 0.021662 0.0276612 0.00925945 0.999574 0.00325537 0.0 0.0 0.0 1.0
chess/seq-01/color/frame-000982.color.png chess/seq-01/color/frame-000985.color.png 0.999021 0.00812315 -0.0434909 0.0897312 -0.00763624 0.999906 0.0113494 -0.0228565 0.043579 -0.0110062 0.998989 0.0137181 0.0 0.0 0.0 1.0
chess/seq-01/color/frame-000985.color.png chess/seq-01/color/frame-000988.color.png 0.999459 0.0138897 -0.0298091 0.0654333 -0.0141352 0.999868 -0.00804124 0.00880091 0.0296935 0.00845827 0.999523 -0.00225627 0.0 0.0 0.0 1.0
chess/seq-01/color/frame-000988.color.png chess/seq-01/color/frame-000991.color.png 0.999748 0.0134841 -0.0179533 0.0358014 -0.0134176 0.999903 0.00381687 -0.0106315 0.0180031 -0.00357504 0.999831 0.00256026 0.0 0.0 0.0 1.0
chess/seq-01/color/frame-000991.color.png chess/seq-01/color/frame-000994.color.png 0.999644 0.0150947 -0.0219798 0.0393182 -0.0153521 0.999815 -0.0115937 0.0145651 0.0218007 0.0119271 0.999691 -0.00200784 0.0 0.0 0.0 1.0
chess/seq-01/color/frame-000994.color.png chess/seq-01/color/frame-000997.color.png 0.999313 0.00772935 -0.0362453 0.0651667 -0.00827539 0.999854 -0.0149391 0.0179698 0.0361245 0.0152288 0.999231 -0.00238943 0.0 0.0 0.0 1.0
