redkitchen/seq-02/color/frame-000000.color.png redkitchen/seq-02/color/frame-000003.color.png 0.999959 -0.0030173 0.0085837 -0.0120402 0.00295321 0.999968 0.00746883 0.00185346 -0.00860596 -0.00744317 0.999935 0.00300329 0.0 0.0 0.0 1.0
redkitchen/seq-02/color/frame-000003.color.png redkitchen/seq-02/color/frame-000006.color.png 0.999969 -0.000309993 0.00784206 0.0020503 0.000313608 1.0 -0.000459832 -0.000394612 -0.00784192 0.000462278 0.999969 0.000251549 0.0 0.0 0.0 1.0
redkitchen/seq-02/color/frame-000006.color.png redkitchen/seq-02/color/frame-000009.color.png 0.999996 -0.00190306 0.00178958 0.0028077 0.00190337 0.999998 -0.000172497 -0.00255508 -0.00178925 0.0001759 0.999998 0.00164183 0.0 0.0 0.0 1.0
redkitchen/seq-02/color/frame-000009.color.png redkitchen/seq-02/color/frame-000012.color.png 0.99997 -0.00255848 0.00731003 -0.00401811 0.002582 0.999991 -0.00321008 -0.00156813 -0.00730176 0.00322886 0.999968 0.000433148 0.0 0.0 0.0 1.0
redkitchen/seq-02/color/frame-000012.color.png redkitchen/seq-02/color/frame-000015.color.png 0.999964 -0.00500975 0.00686894 0.000920985 0.00503638 0.99998 -0.00386455 0.000645579 -0.00684944 0.003899 0.999969 -0.000425683 0.0 0.0 0.0 1.0
redkitchen/seq-02/color/frame-000015.color.png redkitchen/seq-02/color/frame-000018.color.png 0.99995 -0.00626843 0.00780771 -0.00231661 0.00628432 0.999978 -0.00201168 -0.000317758 -0.00779493 0.00206065 0.999968 0.00171448 0.0 0.0 0.0 1.0
redkitchen/seq-02/color/frame-000018.color.png redkitchen/seq-02/color/frame-000021.color.png 0.999976 -0.00532849 0.00438178 -0.00166447 0.00532561 0.999986 0.000668048 0.000644326 -0.00438528 -0.000644696 0.99999 0.00330667 0.0 0.0 0.0 1.0
redkitchen/seq-02/color/frame-000021.color.png redkitchen/seq-02/color/frame-000024.color.png 0.999946 -0.0027547 0.0100244 0.000820185 0.00274711 0.999996 0.00077108 0.00335748 -0.0100265 -0.0007435 0.999949 0.00689257 0.0 0.0 0.0 1.0
redkitchen/seq-02/color/frame-000024.color.png redkitchen/seq-02/color/frame-000027.color.png 0.999904 -0.00713102 0.0118539 -3.86909e-05 0.00701644 0.999929 0.00967913 -0.0067859 -0.011922 -0.00959503 0.999883 0.00705972 0.0 0.0 0.0 1.0
redkitchen/seq-02/color/frame-000027.color.png redkitchen/seq-02/color/frame-000030.color.png 0.999557 -0.0174021 0.0241449 -0.0058556 0.0172029 0.999817 0.00843121 -0.00150218 -0.0242872 -0.00801211 0.999673 0.0132822 0.0 0.0 0.0 1.0
redkitchen/seq-02/color/frame-000030.color.png redkitchen/seq-02/color/frame-000033.color.png 0.999631 -0.0209827 0.0172666 -0.00231136 0.020779 0.999713 0.0118914 -0.00931819 -0.0175112 -0.0115282 0.99978 0.0204931 0.0 0.0 0.0 1.0
redkitchen/seq-02/color/frame-000033.color.png redkitchen/seq-02/color/frame-000036.color.png 0.999848 -0.0104416 0.0139582 0.00418839 0.0104355 0.999945 0.000512069 0.000945387 -0.0139628 -0.000366333 0.999902 0.012752 0.0 0.0 0.0 1.0
redkitchen/seq-02/color/frame-000036.color.png redkitchen/seq-02/color/frame-000039.color.png 0.999924 -0.0106395 0.00622969 0.00622974 0.0106846 0.999917 -0.00726081 0.000316385 -0.00615195 0.00732681 0.999954 0.00663267 0.0 0.0 0.0 1.0
redkitchen/seq-02/color/frame-000039.color.png redkitchen/seq-02/color/frame-000042.color.png 0.999726 -0.0100144 0.0211404 0.0111418 0.0100611 0.999947 -0.00210388 0.0053012 -0.0211182 0.002316 0.999774 0.0163235 0.0 0.0 0.0 1.0
redkitchen/seq-02/color/frame-000042.color.png redkitchen/seq-02/color/frame-000045.color.png 0.9999 -0.00862704 0.0112409 0.0161867 0.00852317 0.999921 0.00925391 -0.00441273 -0.0113198 -0.00915716 0.999894 0.0122996 0.0 0.0 0.0 1.0
redkitchen/seq-02/color/frame-000045.color.png redkitchen/seq-02/color/frame-000048.color.png 0.999567 -0.00750186 0.0284496 0.0169324 0.00736619 0.999961 0.00487046 -0.000313682 -0.0284849 -0.00465878 0.999583 0.0190708 0.0 0.0 0.0 1.0
redkitchen/seq-02/color/frame-000048.color.png redkitchen/seq-02/color/frame-000051.color.png 0.999659 0.00929626 0.024389 0.0244105 -0.00962374 0.999865 0.0133458 -0.00457192 -0.0242617 -0.013576 0.999613 0.0221224 0.0 0.0 0.0 1.0
redkitchen/seq-02/color/frame-000051.color.png redkitchen/seq-02/color/frame-000054.color.png 0.999984 0.00407474 0.00392926 0.0148171 -0.00409809 0.999974 0.00594439 -0.0029007 -0.00390489 -0.00596041 0.999975 0.0179396 0.0 0.0 0.0 1.0
redkitchen/seq-02/color/frame-000054.color.png redkitchen/seq-02/color/frame-000057.color.png 0.999997 -0.00110799 0.00235602 0.0396012 0.00111147 0.999998 -0.00146557 -0.00523823 -0.0023544 0.00146819 0.999996 0.00917889 0.0 0.0 0.0 1.0
redkitchen/seq-02/color/frame-000057.color.png redkitchen/seq-02/color/frame-000060.color.png 0.999913 -0.00855915 0.0100386 0.0230381 0.0086107 0.99995 -0.00510316 -0.00573163 -0.00999447 0.00518915 0.999937 0.0102577 0.0 0.0 0.0 1.0
redkitchen/seq-02/color/frame-000060.color.png redkitchen/seq-02/color/frame-000063.color.png 0.99991 -0.00922021 0.0097909 0.025189 0.0092856 0.999935 -0.00665399 0.000188254 -0.00972889 0.00674431 0.99993 0.0143831 0.0 0.0 0.0 1.0
redkitchen/seq-02/color/frame-000063.color.png redkitchen/seq-02/color/frame-000066.color.png 0.999683 -0.0241021 0.00732306 0.0330116 0.0242097 0.999595 -0.0149737 -0.0035905 -0.00695919 0.0151462 0.999861 0.0139749 0.0 0.0 0.0 1.0
redkitchen/seq-02/color/frame-000066.color.png redkitchen/seq-02/color/frame-000069.color.png 0.999906 -0.00958353 0.00981848 0.0210741 0.00974075 0.999823 -0.0160881 0.00257118 -0.00966254 0.0161823 0.999822 0.0140858 0.0 0.0 0.0 1.0
redkitchen/seq-02/color/frame-000069.color.png redkitchen/seq-02/color/frame-000072.color.png 0.999953 -0.00297898 0.00924579 0.0236811 0.00301977 0.999986 -0.00440699 -0.00164409 -0.00923254 0.0044347 0.999947 0.0260889 0.0 0.0 0.0 1.0
redkitchen/seq-02/color/frame-000072.color.png redkitchen/seq-02/color/frame-000075.color.png 0.99995 -0.00452154 0.00892237 0.0361015 0.00450822 0.999989 0.00151189 -0.0123413 -0.00892909 -0.00147159 0.999959 0.0242415 0.0 0.0 0.0 1.0
redkitchen/seq-02/color/frame-000075.color.png redkitchen/seq-02/color/frame-000078.color.png 0.999901 -0.004407 0.0133952 0.0190435 0.00432819 0.999973 0.0059057 -0.0127222 -0.0134208 -0.00584714 0.999893 0.0278533 0.0 0.0 0.0 1.0
redkitchen/seq-02/color/frame-000078.color.png redkitchen/seq-02/color/frame-000081.color.png 0.99975 -0.0103054 0.0198255 0.0289783 0.0101544 0.999919 0.00770529 -0.0194135 -0.0199033 -0.00750205 0.999774 0.0398156 0.0 0.0 0.0 1.0
redkitchen/seq-02/color/frame-000081.color.png redkitchen/seq-02/color/frame-000084.color.png 0.99997 -0.00236821 0.0074051 0.0101919 0.00234101 0.999991 0.00367627 -0.00409484 -0.00741372 -0.00365882 0.999966 0.0374307 0.0 0.0 0.0 1.0
redkitchen/seq-02/color/frame-000084.color.png redkitchen/seq-02/color/frame-000087.color.png 0.999976 0.00672768 0.00137538 0.0210054 -0.00673985 0.999937 0.00901818 -0.0138302 -0.00131459 -0.00902724 0.999958 0.0270038 0.0 0.0 0.0 1.0
redkitchen/seq-02/color/frame-000087.color.png redkitchen/seq-02/color/frame-000090.color.png 0.999981 -0.00579798 0.00212595 0.0279245 0.00580555 0.999977 -0.0035578 -0.0121032 -0.00210526 0.00357007 0.999991 0.0269247 0.0 0.0 0.0 1.0
redkitchen/seq-02/color/frame-000090.color.png redkitchen/seq-02/color/frame-000093.color.png 0.999929 -0.0118338 -0.00126886 0.0189656 0.0118324 0.999929 -0.00115764 -0.00309791 0.0012825 0.00114254 0.999999 0.0109067 0.0 0.0 0.0 1.0
redkitchen/seq-02/color/frame-000093.color.png redkitchen/seq-02/color/frame-000096.color.png 0.99993 -0.010764 -0.00488235 0.0242126 0.0108121 0.999892 0.00995017 -0.0112885 0.00477484 -0.0100022 0.999939 0.0143851 0.0 0.0 0.0 1.0
redkitchen/seq-02/color/frame-000096.color.png redkitchen/seq-02/color/frame-000099.color.png 0.99994 -0.010925 0.00102055 0.0192586 0.0109235 0.999939 0.00149052 -0.00912842 -0.00103685 -0.00147932 0.999998 0.00615606 0.0 0.0 0.0 1.0
redkitchen/seq-02/color/frame-000099.color.png redkitchen/seq-02/color/frame-000102.color.png 0.999924 -0.0120609 0.00265556 0.0213401 0.0120725 0.999917 -0.00439498 -0.000112459 -0.00260236 0.00442671 0.999987 0.0034366 0.0 0.0 0.0 1.0
redkitchen/seq-02/color/frame-000102.color.png redkitchen/seq-02/color/frame-000105.color.png 0.999972 -0.00730603 0.00147326 0.0299957 0.00730629 0.999973 -0.000170734 -0.00109163 -0.00147197 0.000181492 0.999999 0.00368893 0.0 0.0 0.0 1.0
redkitchen/seq-02/color/frame-000105.color.png redkitchen/seq-02/color/frame-000108.color.png 0.999975 0.00685499 -0.00193844 0.020398 -0.00686224 0.999969 -0.00374867 0.0103314 0.0019127 0.00376187 0.999991 0.00222683 0.0 0.0 0.0 1.0
redkitchen/seq-02/color/frame-000108.color.png redkitchen/seq-02/color/frame-000111.color.png 0.999539 0.0277832 -0.0122509 0.0401584 -0.027803 0.999612 -0.00144339 0.0236843 0.0122061 0.00178335 0.999924 -0.0129804 0.0 0.0 0.0 1.0
redkitchen/seq-02/color/frame-000111.color.png redkitchen/seq-02/color/frame-000114.color.png 0.999737 0.0222132 -0.00569164 0.0251598 -0.0222035 0.999752 0.0017553 0.0176176 0.00572921 -0.00162847 0.999982 -0.00148097 0.0 0.0 0.0 1.0
redkitchen/seq-02/color/frame-000114.color.png redkitchen/seq-02/color/frame-000117.color.png 0.999597 0.0195174 -0.0206076 0.045166 -0.0195255 0.999809 -0.000191078 0.00800459 0.0205999 0.000593368 0.999788 -0.0146885 0.0 0.0 0.0 1.0
redkitchen/seq-02/color/frame-000117.color.png redkitchen/seq-02/color/frame-000120.color.png 0.999885 0.00412496 -0.0146065 0.0327352 -0.00432072 0.999901 -0.0133978 0.0165782 0.0145498 0.0134593 0.999804 -0.0091649 0.0 0.0 0.0 1.0
redkitchen/seq-02/color/frame-000120.color.png redkitchen/seq-02/color/frame-000123.color.png 0.999894 -0.00437258 -0.0138993 0.0320035 0.00413386 0.999844 -0.0171559 0.00719292 0.0139721 0.0170966 0.999756 -0.00319657 0.0 0.0 0.0 1.0
redkitchen/seq-02/color/frame-000123.color.png redkitchen/seq-02/color/frame-000126.color.png 0.999779 0.00369512 -0.020718 0.0437416 -0.00384758 0.999966 -0.00732241 0.00566323 0.0206902 0.0074005 0.999758 -0.00242716 0.0 0.0 0.0 1.0
redkitchen/seq-02/color/frame-000126.color.png redkitchen/seq-02/color/frame-000129.color.png 0.999967 -0.00392411 -0.00709159 0.0291626 0.00392744 0.999992 0.000454711 -0.000557616 0.00708976 -0.000482549 0.999975 0.0039382 0.0 0.0 0.0 1.0
redkitchen/seq-02/color/frame-000129.color.png redkitchen/seq-02/color/frame-000132.color.png 0.999767 -0.0112268 -0.0184468 0.0431665 0.0112185 0.999937 -0.000555951 -0.00921256 0.0184518 0.000348872 0.99983 0.000407577 0.0 0.0 0.0 1.0
redkitchen/seq-02/color/frame-000132.color.png redkitchen/seq-02/color/frame-000135.color.png 0.999785 -0.0142531 -0.0150462 0.0406657 0.0142422 0.999898 -0.000832018 -0.0149456 0.0150566 0.000617544 0.999887 0.015289 0.0 0.0 0.0 1.0
redkitchen/seq-02/color/frame-000135.color.png redkitchen/seq-02/color/frame-000138.color.png 0.999975 -0.00629693 -0.00334056 0.0310192 0.00632635 0.999941 0.00885924 -0.0236998 0.00328452 -0.00888016 0.999955 0.0138076 0.0 0.0 0.0 1.0
redkitchen/seq-02/color/frame-000138.color.png redkitchen/seq-02/color/frame-000141.color.png 0.999872 0.00277819 0.0157385 0.0191458 -0.00282806 0.999991 0.00314014 -0.00810199 -0.0157296 -0.00318425 0.999871 0.0420468 0.0 0.0 0.0 1.0
redkitchen/seq-02/color/frame-000141.color.png redkitchen/seq-02/color/frame-000144.color.png 0.999945 0.00751313 0.00734323 0.0164005 -0.00751847 0.999971 0.000707861 -0.00573753 -0.00733772 -0.000763031 0.999973 0.0297604 0.0 0.0 0.0 1.0
redkitchen/seq-02/color/frame-000144.color.png redkitchen/seq-02/color/frame-000147.color.png 0.99996 -0.00782291 0.00424078 0.0350602 0.00777807 0.999915 0.010489 -0.0359946 -0.0043225 -0.0104556 0.999936 0.045521 0.0 0.0 0.0 1.0
redkitchen/seq-02/color/frame-000147.color.png redkitchen/seq-02/color/frame-000150.color.png 0.999946 -0.00673079 -0.00788035 0.0241914 0.00663234 0.9999 -0.0124551 -0.00510713 0.0079634 0.0124021 0.999891 0.0229834 0.0 0.0 0.0 1.0
redkitchen/seq-02/color/frame-000150.color.png redkitchen/seq-02/color/frame-000153.color.png 0.999654 0.0153413 -0.0213598 0.0358921 -0.0151455 0.999842 0.00929574 -0.00296517 0.0214991 -0.00896902 0.999729 0.0100225 0.0 0.0 0.0 1.0
redkitchen/seq-02/color/frame-000153.color.png redkitchen/seq-02/color/frame-000156.color.png 0.999522 0.0155593 -0.0267086 0.0270916 -0.0157182 0.99986 -0.00574711 0.013497 0.0266154 0.00616418 0.999627 0.00364119 0.0 0.0 0.0 1.0
redkitchen/seq-02/color/frame-000156.color.png redkitchen/seq-02/color/frame-000159.color.png 0.998879 0.0226351 -0.0415683 0.0632613 -0.0225804 0.999743 0.00178537 0.0136766 0.0415981 -0.00084474 0.999134 -0.0145842 0.0 0.0 0.0 1.0
redkitchen/seq-02/color/frame-000159.color.png redkitchen/seq-02/color/frame-000162.color.png 0.999615 0.0140119 -0.0239657 0.0526869 -0.0140029 0.999902 0.000545739 -0.00242878 0.023971 -0.000209941 0.999713 -0.000802517 0.0 0.0 0.0 1.0
redkitchen/seq-02/color/frame-000162.color.png redkitchen/seq-02/color/frame-000165.color.png 0.999015 0.0305674 -0.0321676 0.0541713 -0.0307943 0.999504 -0.00658209 0.0358385 0.0319505 0.00756619 0.999461 -0.00460839 0.0 0.0 0.0 1.0
redkitchen/seq-02/color/frame-000165.color.png redkitchen/seq-02/color/frame-000168.color.png 0.998467 0.0420425 -0.0359869 0.0661825 -0.0422363 0.999097 -0.00464382 0.0329651 0.0357592 0.00615666 0.999341 -0.0145403 0.0 0.0 0.0 1.0
redkitchen/seq-02/color/frame-000168.color.png redkitchen/seq-02/color/frame-000171.color.png 0.998572 0.0386693 -0.0368695 0.0646021 -0.0391755 0.999146 -0.0131054 0.0405809 0.0363312 0.0145311 0.999234 -0.0189395 0.0 0.0 0.0 1.0
redkitchen/seq-02/color/frame-000171.color.png redkitchen/seq-02/color/frame-000174.color.png 0.998401 0.0317136 -0.046793 0.0840555 -0.0321691 0.999442 -0.00901285 0.0348024 0.0464811 0.0105037 0.998864 -0.0368749 0.0 0.0 0.0 1.0
redkitchen/seq-02/color/frame-000174.color.png redkitchen/seq-02/color/frame-000177.color.png 0.998872 0.0371809 -0.0295338 0.0721475 -0.0371344 0.999308 0.00212307 0.0274239 0.0295923 -0.00102396 0.999561 -0.0118728 0.0 0.0 0.0 1.0
redkitchen/seq-02/color/frame-000177.color.png redkitchen/seq-02/color/frame-000180.color.png 0.99965 0.00913818 -0.0248128 0.0417494 -0.00918476 0.999956 -0.00176394 0.00443073 0.0247956 0.00199123 0.999691 -0.00790823 0.0 0.0 0.0 1.0
redkitchen/seq-02/color/frame-000180.color.png redkitchen/seq-02/color/frame-000183.color.png 0.999537 0.0018899 -0.0303654 0.0588609 -0.00196206 0.999995 -0.00234712 -0.0104421 0.0303608 0.00240561 0.999536 -0.0105959 0.0 0.0 0.0 1.0
redkitchen/seq-02/color/frame-000183.color.png redkitchen/seq-02/color/frame-000186.color.png 0.999853 0.00866281 -0.0148348 0.0245878 -0.00878983 0.999925 -0.00851875 0.00844952 0.0147599 0.00864789 0.999854 0.00817156 0.0 0.0 0.0 1.0
redkitchen/seq-02/color/frame-000186.color.png redkitchen/seq-02/color/frame-000189.color.png 0.999627 0.00811632 -0.0260699 0.0398022 -0.00840495 0.999904 -0.0109806 0.0115405 0.0259783 0.0111957 0.9996 -0.00107634 0.0 0.0 0.0 1.0
redkitchen/seq-02/color/frame-000189.color.png redkitchen/seq-02/color/frame-000192.color.png 0.999942 0.00461346 -0.0096952 0.0278404 -0.00456098 0.999975 0.0054305 -0.0210806 0.00972004 -0.00538597 0.999938 0.0202133 0.0 0.0 0.0 1.0
redkitchen/seq-02/color/frame-000192.color.png redkitchen/seq-02/color/frame-000195.color.png 0.999766 0.0063355 -0.0207037 0.0402862 -0.00642568 0.99997 -0.00429243 0.00353995 0.0206758 0.00442446 0.999777 0.0177215 0.0 0.0 0.0 1.0
redkitchen/seq-02/color/frame-000195.color.png redkitchen/seq-02/color/frame-000198.color.png 0.999951 0.00561637 -0.00814822 0.0157385 -0.00554171 0.999943 0.00915513 -0.0295858 0.00819913 -0.00910952 0.999925 0.0287094 0.0 0.0 0.0 1.0
redkitchen/seq-02/color/frame-000198.color.png redkitchen/seq-02/color/frame-000201.color.png 0.999912 -0.000530409 -0.0132412 0.0183833 0.000500661 0.999997 -0.00224917 -0.00805718 0.0132424 0.00224234 0.99991 0.0219229 0.0 0.0 0.0 1.0
redkitchen/seq-02/color/frame-000201.color.png redkitchen/seq-02/color/frame-000204.color.png 0.999902 0.00247784 -0.0137481 0.0196294 -0.00236882 0.999966 0.00793998 -0.0285628 0.0137673 -0.00790663 0.999874 0.0214007 0.0 0.0 0.0 1.0
redkitchen/seq-02/color/frame-000204.color.png redkitchen/seq-02/color/frame-000207.color.png 0.999876 -0.000547187 -0.0157231 0.0271317 0.000668133 0.99997 0.00768711 -0.0280182 0.0157183 -0.00769666 0.999847 0.00922501 0.0 0.0 0.0 1.0
redkitchen/seq-02/color/frame-000207.color.png redkitchen/seq-02/color/frame-000210.color.png 0.999883 0.0094019 -0.0121003 0.0199522 -0.00931574 0.999931 0.00715998 -0.0132723 0.0121668 -0.00704643 0.999901 0.0148292 0.0 0.0 0.0 1.0
redkitchen/seq-02/color/frame-000210.color.png redkitchen/seq-02/color/frame-000213.color.png 0.999623 0.00397259 -0.0271712 0.0518558 -0.00371851 0.999949 0.00939476 -0.0226509 0.0272071 -0.00929017 0.999587 -0.00496185 0.0 0.0 0.0 1.0
redkitchen/seq-02/color/frame-000213.color.png redkitchen/seq-02/color/frame-000216.color.png 0.999499 0.00996986 -0.0300252 0.057285 -0.00996991 0.99995 0.000148162 -0.00288698 0.0300252 0.000151251 0.999549 -0.0041436 0.0 0.0 0.0 1.0
redkitchen/seq-02/color/frame-000216.color.png redkitchen/seq-02/color/frame-000219.color.png 0.999843 0.0129748 -0.0120819 0.0234383 -0.0130472 0.999897 -0.00593982 0.0222316 0.0120036 0.00609654 0.999909 0.00680852 0.0 0.0 0.0 1.0
redkitchen/seq-02/color/frame-000219.color.png redkitchen/seq-02/color/frame-000222.color.png 0.999031 0.0150218 -0.0413663 0.0659183 -0.0152918 0.999864 -0.00621696 0.0207695 0.0412673 0.0068435 0.999125 -0.0171065 0.0 0.0 0.0 1.0
redkitchen/seq-02/color/frame-000222.color.png redkitchen/seq-02/color/frame-000225.color.png 0.998822 0.0227894 -0.0428311 0.0911797 -0.0232206 0.999684 -0.00959837 0.0347809 0.0425987 0.0105817 0.999036 -0.0225068 0.0 0.0 0.0 1.0
redkitchen/seq-02/color/frame-000225.color.png redkitchen/seq-02/color/frame-000228.color.png 0.998415 0.041907 -0.0375723 0.0775516 -0.0419439 0.99912 -0.000193232 0.0450556 0.0375312 0.00176883 0.999294 -0.0206811 0.0 0.0 0.0 1.0
redkitchen/seq-02/color/frame-000228.color.png redkitchen/seq-02/color/frame-000231.color.png 0.998221 0.0308118 -0.0510532 0.104172 -0.0306252 0.999521 0.00443255 0.0237237 0.0511653 -0.00286115 0.998686 -0.0309936 0.0 0.0 0.0 1.0
redkitchen/seq-02/color/frame-000231.color.png redkitchen/seq-02/color/frame-000234.color.png 0.999367 0.0191273 -0.030005 0.0615985 -0.0190249 0.999812 0.0036958 0.0127427 0.03007 -0.00312259 0.999543 -0.0240279 0.0 0.0 0.0 1.0
redkitchen/seq-02/color/frame-000234.color.png redkitchen/seq-02/color/frame-000237.color.png 0.99881 0.0233075 -0.0428343 0.0768155 -0.0231886 0.999726 0.00327097 0.0187729 0.0428989 -0.00227382 0.999077 -0.0324373 0.0 0.0 0.0 1.0
redkitchen/seq-02/color/frame-000237.color.png redkitchen/seq-02/color/frame-000240.color.png 0.998592 0.0190753 -0.0494866 0.0939194 -0.0184561 0.999746 0.0129391 -0.00762323 0.0497208 -0.0120076 0.998691 -0.0466702 0.0 0.0 0.0 1.0
redkitchen/seq-02/color/frame-000240.color.png redkitchen/seq-02/color/frame-000243.color.png 0.999505 0.00989982 -0.0298826 0.0466983 -0.00984309 0.99995 0.00204401 -0.00177443 0.0299014 -0.00174886 0.999551 -0.0131489 0.0 0.0 0.0 1.0
redkitchen/seq-02/color/frame-000243.color.png redkitchen/seq-02/color/frame-000246.color.png 0.999524 0.00137926 -0.0308046 0.0449581 -0.00111344 0.999962 0.00864257 -0.0216736 0.0308153 -0.00860412 0.999488 -0.0201564 0.0 0.0 0.0 1.0
redkitchen/seq-02/color/frame-000246.color.png redkitchen/seq-02/color/frame-000249.color.png 0.999558 0.000833531 -0.0297294 0.0521766 -0.00059147 0.999967 0.00815317 -0.0267595 0.0297351 -0.00813199 0.999525 -0.00596726 0.0 0.0 0.0 1.0
redkitchen/seq-02/color/frame-000249.color.png redkitchen/seq-02/color/frame-000252.color.png 0.999872 0.0101178 -0.0123677 0.0119613 -0.0101154 0.999949 0.000262096 0.000363827 0.0123697 -0.00013695 0.999923 0.012426 0.0 0.0 0.0 1.0
redkitchen/seq-02/color/frame-000252.color.png redkitchen/seq-02/color/frame-000255.color.png 0.999973 -0.00388532 -0.00629742 -0.00623691 0.00387182 0.99999 -0.00215193 -0.0123605 0.00630574 0.00212748 0.999978 0.0245434 0.0 0.0 0.0 1.0
redkitchen/seq-02/color/frame-000255.color.png redkitchen/seq-02/color/frame-000258.color.png 0.999898 0.00670405 -0.0126257 0.0116626 -0.00679786 0.999949 -0.00739812 -0.000821054 0.0125755 0.00748314 0.999893 0.0112729 0.0 0.0 0.0 1.0
redkitchen/seq-02/color/frame-000258.color.png redkitchen/seq-02/color/frame-000261.color.png 0.999956 0.00728592 -0.00591849 -0.00787687 -0.00737609 0.999855 -0.0153576 0.0196732 0.00580572 0.0154006 0.999865 0.0266155 0.0 0.0 0.0 1.0
redkitchen/seq-02/color/frame-000261.color.png redkitchen/seq-02/color/frame-000264.color.png 0.999992 -0.00271082 -0.0030641 -0.0152538 0.0026741 0.999925 -0.0119393 0.00492978 0.00309623 0.0119311 0.999924 0.0295358 0.0 0.0 0.0 1.0
redkitchen/seq-02/color/frame-000264.color.png redkitchen/seq-02/color/frame-000267.color.png 0.999888 -0.00376964 -0.0144858 0.0129137 0.00382732 0.999985 0.00395773 -0.037792 0.0144707 -0.00401268 0.999887 0.00443351 0.0 0.0 0.0 1.0
redkitchen/seq-02/color/frame-000267.color.png redkitchen/seq-02/color/frame-000270.color.png 0.999747 0.00219782 -0.0223812 0.0285873 -0.00194908 0.999936 0.01113 -0.0315797 0.0224044 -0.0110836 0.999687 -0.00556743 0.0 0.0 0.0 1.0
redkitchen/seq-02/color/frame-000270.color.png redkitchen/seq-02/color/frame-000273.color.png 0.999752 0.0148822 -0.0165383 0.0188173 -0.0148355 0.999886 0.00294305 -0.00250173 0.0165803 -0.00269703 0.999859 -0.0020895 0.0 0.0 0.0 1.0
redkitchen/seq-02/color/frame-000273.color.png redkitchen/seq-02/color/frame-000276.color.png 0.999642 0.0224024 -0.014639 0.0204482 -0.022541 0.999702 -0.00937496 0.0424287 0.0144246 0.00970165 0.999849 0.00874734 0.0 0.0 0.0 1.0
redkitchen/seq-02/color/frame-000276.color.png redkitchen/seq-02/color/frame-000279.color.png 0.999458 0.010872 -0.03108 0.0474707 -0.010982 0.999934 -0.00336733 0.00774777 0.0310414 0.0037068 0.999511 -0.0123252 0.0 0.0 0.0 1.0
redkitchen/seq-02/color/frame-000279.color.png redkitchen/seq-02/color/frame-000282.color.png 0.999913 0.00135634 -0.0131414 0.0132948 -0.0014664 0.999964 -0.00836952 0.00512099 0.0131294 0.00838805 0.999879 0.0143629 0.0 0.0 0.0 1.0
redkitchen/seq-02/color/frame-000282.color.png redkitchen/seq-02/color/frame-000285.color.png 0.999931 -0.000402097 -0.0117161 0.0196832 0.00032375 0.999978 -0.00669621 -0.00187057 0.0117186 0.00669201 0.999909 0.00667202 0.0 0.0 0.0 1.0
redkitchen/seq-02/color/frame-000285.color.png redkitchen/seq-02/color/frame-000288.color.png 0.999505 0.0169403 -0.0265222 0.0522567 -0.0176352 0.999501 -0.0261872 0.06916 0.0260653 0.0266419 0.999305 0.00446355 0.0 0.0 0.0 1.0
redkitchen/seq-02/color/frame-000288.color.png redkitchen/seq-02/color/frame-000291.color.png 0.999363 0.0210833 -0.0288108 0.0666429 -0.0211851 0.99977 -0.00323734 0.0174456 0.0287358 0.00384568 0.99958 -0.0194786 0.0 0.0 0.0 1.0
redkitchen/seq-02/color/frame-000291.color.png redkitchen/seq-02/color/frame-000294.color.png 0.998513 0.0332881 -0.0431651 0.0952122 -0.0336497 0.999404 -0.00767489 0.0463385 0.0428839 0.0091159 0.999039 -0.0189053 0.0 0.0 0.0 1.0
redkitchen/seq-02/color/frame-000294.color.png redkitchen/seq-02/color/frame-000297.color.png 0.999263 0.0248878 -0.0292151 0.0542606 -0.0251776 0.999637 -0.00959352 0.0434779 0.0289657 0.010322 0.999527 -0.00528669 0.0 0.0 0.0 1.0
redkitchen/seq-02/color/frame-000297.color.png redkitchen/seq-02/color/frame-000300.color.png 0.999404 0.0191415 -0.0287197 0.0490448 -0.0192326 0.999811 -0.00290035 0.0292547 0.0286589 0.00345092 0.999583 -0.0172024 0.0 0.0 0.0 1.0
redkitchen/seq-02/color/frame-000300.color.png redkitchen/seq-02/color/frame-000303.color.png 0.999063 0.0283053 -0.0327473 0.065316 -0.0281264 0.999587 0.00591047 0.005588 0.032901 -0.00498389 0.999446 -0.0202506 0.0 0.0 0.0 1.0
redkitchen/seq-02/color/frame-000303.color.png redkitchen/seq-02/color/frame-000306.color.png 0.999603 0.0165791 -0.0227914 0.0202965 -0.016677 0.999853 -0.00410947 0.0213256 0.0227199 0.00448791 0.999732 0.0043273 0.0 0.0 0.0 1.0
redkitchen/seq-02/color/frame-000306.color.png redkitchen/seq-02/color/frame-000309.color.png 0.999478 0.0141278 -0.0290427 0.0327256 -0.0142633 0.999888 -0.00446425 0.0154226 0.0289765 0.0048762 0.999568 -0.00452614 0.0 0.0 0.0 1.0
redkitchen/seq-02/color/frame-000309.color.png redkitchen/seq-02/color/frame-000312.color.png 0.999669 0.00963851 -0.0238693 0.0161925 -0.0101487 0.999721 -0.0213434 0.0423766 0.0236568 0.0215786 0.999487 0.00428319 0.0 0.0 0.0 1.0
redkitchen/seq-02/color/frame-000312.color.png redkitchen/seq-02/color/frame-000315.color.png 0.999499 0.0201638 -0.0244046 0.0269811 -0.0207112 0.999535 -0.0223902 0.0611228 0.0239418 0.0228844 0.999451 0.00175381 0.0 0.0 0.0 1.0
redkitchen/seq-02/color/frame-000315.color.png redkitchen/seq-02/color/frame-000318.color.png 0.99957 0.0192689 -0.0220974 0.0120934 -0.0192845 0.999814 -0.000494234 0.0161059 0.0220837 0.000920189 0.999756 -0.0137055 0.0 0.0 0.0 1.0
redkitchen/seq-02/color/frame-000318.color.png redkitchen/seq-02/color/frame-000321.color.png 0.999093 0.0183875 -0.0383974 0.0648139 -0.0175501 0.999603 0.022031 -0.0527303 0.0387873 -0.0213371 0.99902 -0.0351467 0.0 0.0 0.0 1.0
redkitchen/seq-02/color/frame-000321.color.png redkitchen/seq-02/color/frame-000324.color.png 0.999417 0.0177284 -0.0291914 0.0451516 -0.0177774 0.999841 -0.00141926 0.0111716 0.0291616 0.00193738 0.999573 -0.00988817 0.0 0.0 0.0 1.0
redkitchen/seq-02/color/frame-000324.color.png redkitchen/seq-02/color/frame-000327.color.png 0.999133 0.0224404 -0.0350664 0.0603967 -0.0224777 0.999747 -0.000669432 0.0153346 0.0350426 0.00145702 0.999385 -0.0123541 0.0 0.0 0.0 1.0
redkitchen/seq-02/color/frame-000327.color.png redkitchen/seq-02/color/frame-000330.color.png 0.998755 0.0301285 -0.0397543 0.0663673 -0.0300271 0.999544 0.00314312 0.00460488 0.0398309 -0.00194542 0.999204 -0.0076232 0.0 0.0 0.0 1.0
redkitchen/seq-02/color/frame-000330.color.png redkitchen/seq-02/color/frame-000333.color.png 0.998565 0.0310275 -0.0436509 0.0795073 -0.0314776 0.999458 -0.00966111 0.0345867 0.0433274 0.0110211 0.999 -0.00664711 0.0 0.0 0.0 1.0
redkitchen/seq-02/color/frame-000333.color.png redkitchen/seq-02/color/frame-000336.color.png 0.998615 0.0336737 -0.0404344 0.0792878 -0.0346014 0.999149 -0.0224663 0.0510187 0.0396435 0.0238343 0.998929 0.0211771 0.0 0.0 0.0 1.0
redkitchen/seq-02/color/frame-000336.color.png redkitchen/seq-02/color/frame-000339.color.png 0.999357 0.0194987 -0.0300902 0.0534361 -0.0196609 0.999794 -0.00510368 0.00686502 0.0299845 0.00569197 0.999534 0.00816488 0.0 0.0 0.0 1.0
redkitchen/seq-02/color/frame-000339.color.png redkitchen/seq-02/color/frame-000342.color.png 0.999398 0.02008 -0.0283045 0.0490258 -0.0195412 0.999625 0.0191836 -0.0646923 0.0286791 -0.0186189 0.999415 0.00715423 0.0 0.0 0.0 1.0
redkitchen/seq-02/color/frame-000342.color.png redkitchen/seq-02/color/frame-000345.color.png 0.999979 -0.00241872 0.00595379 -0.0483676 0.0023413 0.999913 0.012976 -0.0431589 -0.00598464 -0.0129618 0.999898 0.00756884 0.0 0.0 0.0 1.0
redkitchen/seq-02/color/frame-000345.color.png redkitchen/seq-02/color/frame-000348.color.png 0.999874 -0.0158209 0.000843965 -0.0505537 0.0157977 0.999619 0.0226395 -0.0755277 -0.00120186 -0.0226233 0.999743 0.0101433 0.0 0.0 0.0 1.0
redkitchen/seq-02/color/frame-000348.color.png redkitchen/seq-02/color/frame-000351.color.png 0.999922 -0.00547248 0.011225 -0.0724661 0.00532883 0.999904 0.0127856 -0.035498 -0.0112939 -0.0127248 0.999855 0.00620294 0.0 0.0 0.0 1.0
redkitchen/seq-02/color/frame-000351.color.png redkitchen/seq-02/color/frame-000354.color.png 0.999759 -0.0157508 0.0153113 -0.0835087 0.0157294 0.999875 0.00151649 -0.00700229 -0.0153333 -0.00127535 0.999882 0.00809693 0.0 0.0 0.0 1.0
redkitchen/seq-02/color/frame-000354.color.png redkitchen/seq-02/color/frame-000357.color.png 0.999917 -0.00855117 0.00963855 -0.0732563 0.00845833 0.999918 0.00962533 -0.0432253 -0.00972005 -0.00954296 0.999907 0.00542617 0.0 0.0 0.0 1.0
redkitchen/seq-02/color/frame-000357.color.png redkitchen/seq-02/color/frame-000360.color.png 0.999876 -0.0140799 0.00709875 -0.069084 0.0140175 0.999863 0.00876237 -0.0315571 -0.00722119 -0.00866185 0.999937 -0.0139732 0.0 0.0 0.0 1.0
redkitchen/seq-02/color/frame-000360.color.png redkitchen/seq-02/color/frame-000363.color.png 0.999813 -0.0107557 0.0160904 -0.0928592 0.0106729 0.999929 0.00523021 -0.014587 -0.0161455 -0.0050575 0.999857 -0.000437737 0.0 0.0 0.0 1.0
redkitchen/seq-02/color/frame-000363.color.png redkitchen/seq-02/color/frame-000366.color.png 0.999973 -0.00187132 0.00708208 -0.0536702 0.00176362 0.999883 0.0151748 -0.0323661 -0.00710962 -0.0151618 0.99986 -0.0155725 0.0 0.0 0.0 1.0
redkitchen/seq-02/color/frame-000366.color.png redkitchen/seq-02/color/frame-000369.color.png 0.999998 0.00172819 -0.00134728 -0.0332539 -0.00173899 0.999966 -0.00804938 0.0224723 0.0013333 0.00805162 0.999967 0.000827312 0.0 0.0 0.0 1.0
redkitchen/seq-02/color/frame-000369.color.png redkitchen/seq-02/color/frame-000372.color.png 0.999965 0.00418076 -0.00722767 -0.00669312 -0.00415128 0.999983 0.00409415 -0.00453508 0.00724471 -0.00406398 0.999965 -0.011157 0.0 0.0 0.0 1.0
redkitchen/seq-02/color/frame-000372.color.png redkitchen/seq-02/color/frame-000375.color.png 0.999899 0.0108853 -0.00917706 -0.00894353 -0.0108937 0.99994 -0.000869463 -0.00170863 0.00916704 0.000969317 0.999958 0.000958204 0.0 0.0 0.0 1.0
redkitchen/seq-02/color/frame-000375.color.png redkitchen/seq-02/color/frame-000378.color.png 0.999722 0.0147175 -0.0184193 0.0162547 -0.0148378 0.999869 -0.00641393 0.0164385 0.0183225 0.0066854 0.99981 0.00981164 0.0 0.0 0.0 1.0
redkitchen/seq-02/color/frame-000378.color.png redkitchen/seq-02/color/frame-000381.color.png 0.999198 0.0272691 -0.0293129 0.0434336 -0.0273593 0.999622 -0.00267837 0.00855708 0.0292289 0.00347821 0.999567 0.0126483 0.0 0.0 0.0 1.0
redkitchen/seq-02/color/frame-000381.color.png redkitchen/seq-02/color/frame-000384.color.png 0.999138 0.0261969 -0.0322082 0.0434131 -0.0264965 0.999609 -0.00891077 0.0134509 0.0319621 0.00975652 0.999441 0.0174072 0.0 0.0 0.0 1.0
redkitchen/seq-02/color/frame-000384.color.png redkitchen/seq-02/color/frame-000387.color.png 0.999446 0.0194405 -0.0270097 0.038923 -0.0197524 0.999741 -0.0113302 0.0136108 0.0267824 0.0118574 0.999571 0.0235178 0.0 0.0 0.0 1.0
redkitchen/seq-02/color/frame-000387.color.png redkitchen/seq-02/color/frame-000390.color.png 0.999831 0.0122225 -0.0137233 0.00217209 -0.0122355 0.999925 -0.000866127 -0.0111916 0.0137117 0.00103392 0.999905 0.0151238 0.0 0.0 0.0 1.0
redkitchen/seq-02/color/frame-000390.color.png redkitchen/seq-02/color/frame-000393.color.png 0.999995 0.00286813 0.00113272 -0.0301191 -0.00288169 0.999921 0.0122225 -0.0428159 -0.0010975 -0.0122257 0.999925 -0.00212526 0.0 0.0 0.0 1.0
redkitchen/seq-02/color/frame-000393.color.png redkitchen/seq-02/color/frame-000396.color.png 0.999938 -0.00924209 0.00614827 -0.0576532 0.00918725 0.999918 0.008888 -0.0326716 -0.00622988 -0.00883098 0.999941 0.0103917 0.0 0.0 0.0 1.0
redkitchen/seq-02/color/frame-000396.color.png redkitchen/seq-02/color/frame-000399.color.png 0.999986 -0.00162424 0.00498517 -0.0474587 0.00161831 0.999998 0.00117699 0.00165641 -0.00498713 -0.00116899 0.999987 -0.00504303 0.0 0.0 0.0 1.0
redkitchen/seq-02/color/frame-000399.color.png redkitchen/seq-02/color/frame-000402.color.png 0.999975 -0.00392353 0.00592859 -0.0645255 0.00396008 0.999973 -0.00615927 0.0120996 -0.00590423 0.00618267 0.999964 0.00828052 0.0 0.0 0.0 1.0
redkitchen/seq-02/color/frame-000402.color.png redkitchen/seq-02/color/frame-000405.color.png 0.999966 -0.000227516 0.00818637 -0.0644169 0.000216762 0.999999 0.00130874 -0.0100011 -0.00818666 -0.00130693 0.999966 -0.0144885 0.0 0.0 0.0 1.0
redkitchen/seq-02/color/frame-000405.color.png redkitchen/seq-02/color/frame-000408.color.png 0.999658 -0.026079 -0.00208218 -0.0448138 0.0260822 0.999659 0.00154438 0.0149786 0.00204115 -0.0015981 0.999997 -0.0178444 0.0 0.0 0.0 1.0
redkitchen/seq-02/color/frame-000408.color.png redkitchen/seq-02/color/frame-000411.color.png 0.999994 -0.00351214 -0.0001916 -0.0334944 0.00350959 0.999918 -0.0122992 0.0319239 0.000234828 0.0122984 0.999924 0.000489473 0.0 0.0 0.0 1.0
redkitchen/seq-02/color/frame-000411.color.png redkitchen/seq-02/color/frame-000414.color.png 0.999869 0.0138987 0.00831283 -0.0355181 -0.0138805 0.999901 -0.00224126 -0.000118494 -0.00834315 0.00212569 0.999963 -0.00702953 0.0 0.0 0.0 1.0
redkitchen/seq-02/color/frame-000414.color.png redkitchen/seq-02/color/frame-000417.color.png 0.999887 0.0116709 0.00944261 -0.0447977 -0.0116936 0.999929 0.00235686 -0.00610518 -0.00941446 -0.00246708 0.999953 -0.0126188 0.0 0.0 0.0 1.0
redkitchen/seq-02/color/frame-000417.color.png redkitchen/seq-02/color/frame-000420.color.png 0.999967 0.00687542 0.00436075 -0.0315965 -0.00687575 0.999976 5.0311e-05 0.0021987 -0.00436029 -8.02324e-05 0.999991 0.00297952 0.0 0.0 0.0 1.0
redkitchen/seq-02/color/frame-000420.color.png redkitchen/seq-02/color/frame-000423.color.png 0.999899 0.0138793 -0.00303492 -0.00768074 -0.0138854 0.999902 -0.00197832 -0.00213778 0.00300714 0.00202027 0.999993 0.0128825 0.0 0.0 0.0 1.0
redkitchen/seq-02/color/frame-000423.color.png redkitchen/seq-02/color/frame-000426.color.png 0.999684 0.010407 -0.02289 0.0264751 -0.0107396 0.999838 -0.0144552 0.0251108 0.0227359 0.0146965 0.999633 0.0340307 0.0 0.0 0.0 1.0
redkitchen/seq-02/color/frame-000426.color.png redkitchen/seq-02/color/frame-000429.color.png 0.999958 -0.00100438 -0.00914521 -0.00368866 0.000895592 0.999929 -0.0118999 0.0311031 0.00915645 0.0118911 0.999887 0.019459 0.0 0.0 0.0 1.0
redkitchen/seq-02/color/frame-000429.color.png redkitchen/seq-02/color/frame-000432.color.png 0.999989 0.00318201 -0.00346326 -0.0258394 -0.00317584 0.999993 0.00179996 -0.030926 0.00346899 -0.00178883 0.999992 0.0148854 0.0 0.0 0.0 1.0
redkitchen/seq-02/color/frame-000432.color.png redkitchen/seq-02/color/frame-000435.color.png 0.999772 -0.0119752 0.0176497 -0.0804799 0.0117937 0.999877 0.0103523 -0.0286233 -0.0177715 -0.0101419 0.999791 -0.00800657 0.0 0.0 0.0 1.0
redkitchen/seq-02/color/frame-000435.color.png redkitchen/seq-02/color/frame-000438.color.png 0.999849 -0.00207183 0.0172537 -0.0733693 0.00180206 0.999876 0.0156392 -0.036854 -0.0172839 -0.0156057 0.999729 -0.0132747 0.0 0.0 0.0 1.0
redkitchen/seq-02/color/frame-000438.color.png redkitchen/seq-02/color/frame-000441.color.png 0.999881 -0.00903128 0.0124866 -0.0698119 0.00890922 0.999912 0.00979091 -0.0149034 -0.012574 -0.00967858 0.999874 -0.0178752 0.0 0.0 0.0 1.0
redkitchen/seq-02/color/frame-000441.color.png redkitchen/seq-02/color/frame-000444.color.png 0.999985 -0.00550906 -0.000150555 -0.0403044 0.0055088 0.999983 -0.00163868 0.00588298 0.000159636 0.00163784 0.999999 -0.00649691 0.0 0.0 0.0 1.0
redkitchen/seq-02/color/frame-000444.color.png redkitchen/seq-02/color/frame-000447.color.png 0.999916 -0.0128801 0.00104466 -0.0405374 0.0128758 0.999909 0.00409635 0.000825286 -0.00109733 -0.00408255 0.999991 -0.0181663 0.0 0.0 0.0 1.0
redkitchen/seq-02/color/frame-000447.color.png redkitchen/seq-02/color/frame-000450.color.png 0.999775 -0.0212161 0.000885351 -0.057193 0.0212101 0.999755 0.00633637 0.00735843 -0.00101958 -0.00631609 0.999979 -0.0289381 0.0 0.0 0.0 1.0
redkitchen/seq-02/color/frame-000450.color.png redkitchen/seq-02/color/frame-000453.color.png 0.999994 -0.00262285 0.00210305 -0.0431916 0.00262428 0.999996 -0.000680879 0.0117257 -0.00210123 0.000686373 0.999998 -0.0236282 0.0 0.0 0.0 1.0
redkitchen/seq-02/color/frame-000453.color.png redkitchen/seq-02/color/frame-000456.color.png 0.999936 -0.00656134 -0.00928505 -0.0071941 0.00653053 0.999973 -0.00333953 0.0248005 0.0093067 0.0032787 0.999951 -0.00348568 0.0 0.0 0.0 1.0
redkitchen/seq-02/color/frame-000456.color.png redkitchen/seq-02/color/frame-000459.color.png 0.999911 0.00859702 -0.0101937 -0.00222605 -0.00861403 0.999962 -0.00162184 0.00568604 0.0101793 0.00170943 0.999947 0.000595808 0.0 0.0 0.0 1.0
redkitchen/seq-02/color/frame-000459.color.png redkitchen/seq-02/color/frame-000462.color.png 0.999964 0.00250501 -0.00817061 -0.0049392 -0.00249621 0.999996 0.00107384 0.00147295 0.00817331 -0.00105342 0.999966 -0.00435281 0.0 0.0 0.0 1.0
redkitchen/seq-02/color/frame-000462.color.png redkitchen/seq-02/color/frame-000465.color.png 0.999724 0.0177062 -0.0154617 0.00854981 -0.0177947 0.999826 -0.00560196 0.00718057 0.0153599 0.00587556 0.999865 0.0107758 0.0 0.0 0.0 1.0
redkitchen/seq-02/color/frame-000465.color.png redkitchen/seq-02/color/frame-000468.color.png 0.999908 0.00621965 -0.0120161 0.00224864 -0.0062495 0.999978 -0.00245807 0.0185401 0.0120005 0.00253292 0.999925 0.00383568 0.0 0.0 0.0 1.0
redkitchen/seq-02/color/frame-000468.color.png redkitchen/seq-02/color/frame-000471.color.png 0.999545 0.0122834 -0.0275481 0.0235759 -0.0124609 0.999903 -0.00627863 0.0110161 0.0274683 0.006619 0.999601 0.0310144 0.0 0.0 0.0 1.0
redkitchen/seq-02/color/frame-000471.color.png redkitchen/seq-02/color/frame-000474.color.png 0.999587 0.0150794 -0.024477 0.0270733 -0.0150798 0.999886 0.000166796 -0.0221123 0.0244768 0.000202508 0.9997 0.038023 0.0 0.0 0.0 1.0
redkitchen/seq-02/color/frame-000474.color.png redkitchen/seq-02/color/frame-000477.color.png 0.999975 0.000239845 -0.00700894 -0.0233591 -0.000217241 0.999995 0.00322647 -0.00948721 0.00700964 -0.00322487 0.99997 0.0032742 0.0 0.0 0.0 1.0
redkitchen/seq-02/color/frame-000477.color.png redkitchen/seq-02/color/frame-000480.color.png 0.999866 0.00800658 -0.0142573 -0.00777757 -0.00816571 0.999905 -0.0111394 0.00808072 0.0141668 0.0112543 0.999836 0.0284567 0.0 0.0 0.0 1.0
redkitchen/seq-02/color/frame-000480.color.png redkitchen/seq-02/color/frame-000483.color.png 0.999873 0.0116429 -0.0109139 -0.00275874 -0.011565 0.999908 0.00715764 -0.0457101 0.0109962 -0.00703048 0.999915 0.0139699 0.0 0.0 0.0 1.0
redkitchen/seq-02/color/frame-000483.color.png redkitchen/seq-02/color/frame-000486.color.png 0.999999 0.000316165 0.00108256 -0.0255553 -0.000317667 0.999999 0.00121569 -0.00129998 -0.00108218 -0.00121602 0.999999 0.00247765 0.0 0.0 0.0 1.0
redkitchen/seq-02/color/frame-000486.color.png redkitchen/seq-02/color/frame-000489.color.png 0.999885 0.014805 -0.00335151 -0.0202789 -0.0147891 0.99988 0.00469803 -0.0396825 0.00342065 -0.00464797 0.999983 0.00229549 0.0 0.0 0.0 1.0
redkitchen/seq-02/color/frame-000489.color.png redkitchen/seq-02/color/frame-000492.color.png 0.999984 0.00528734 0.00199468 -0.0195892 -0.0052954 0.999978 0.0040569 -0.00577211 -0.00197311 -0.0040673 0.99999 -0.008389 0.0 0.0 0.0 1.0
redkitchen/seq-02/color/frame-000492.color.png redkitchen/seq-02/color/frame-000495.color.png 0.999953 0.0097011 -0.000492403 -0.0196513 -0.00970218 0.99995 -0.00235827 0.000548244 0.000469411 0.00236289 0.999997 -0.000115156 0.0 0.0 0.0 1.0
redkitchen/seq-02/color/frame-000495.color.png redkitchen/seq-02/color/frame-000498.color.png 0.999984 0.00528296 -0.00216088 -0.0198091 -0.00529351 0.999974 -0.0049251 0.00848782 0.00213491 0.00493646 0.999986 -0.0039072 0.0 0.0 0.0 1.0
redkitchen/seq-02/color/frame-000498.color.png redkitchen/seq-02/color/frame-000501.color.png 0.9999 -0.0117025 -0.0079799 -0.0225892 0.0116891 0.99993 -0.00169839 0.0305858 0.00799921 0.00160489 0.999967 0.000181675 0.0 0.0 0.0 1.0
redkitchen/seq-02/color/frame-000501.color.png redkitchen/seq-02/color/frame-000504.color.png 0.999984 -0.00372702 -0.00422445 -0.0310876 0.00376827 0.999945 0.00977652 -0.0189471 0.00418781 -0.00979234 0.999943 -0.00901532 0.0 0.0 0.0 1.0
redkitchen/seq-02/color/frame-000504.color.png redkitchen/seq-02/color/frame-000507.color.png 0.999978 -0.0065712 0.000700758 -0.0360111 0.00656548 0.999947 0.00791585 0.0040502 -0.000752764 -0.00791106 0.999968 -0.0230145 0.0 0.0 0.0 1.0
redkitchen/seq-02/color/frame-000507.color.png redkitchen/seq-02/color/frame-000510.color.png 0.999997 0.000815624 -0.00214961 -0.0325953 -0.000832606 0.999968 -0.00794773 0.0188103 0.00214314 0.00794954 0.999966 -0.0110943 0.0 0.0 0.0 1.0
redkitchen/seq-02/color/frame-000510.color.png redkitchen/seq-02/color/frame-000513.color.png 0.999972 -0.00609281 -0.00431801 -0.0270875 0.0061107 0.999973 0.00415753 0.00984132 0.00429257 -0.00418375 0.999982 -0.0121403 0.0 0.0 0.0 1.0
redkitchen/seq-02/color/frame-000513.color.png redkitchen/seq-02/color/frame-000516.color.png 0.999981 -3.30782e-05 -0.00619398 -0.0163106 0.000100231 0.999941 0.0108352 -0.0102862 0.00619316 -0.0108357 0.999922 -0.0073278 0.0 0.0 0.0 1.0
redkitchen/seq-02/color/frame-000516.color.png redkitchen/seq-02/color/frame-000519.color.png 0.999908 0.0132577 0.00275069 -0.0290107 -0.0132509 0.999909 -0.00253156 -0.00201136 -0.00278398 0.00249489 0.999993 -0.0086937 0.0 0.0 0.0 1.0
redkitchen/seq-02/color/frame-000519.color.png redkitchen/seq-02/color/frame-000522.color.png 0.999767 0.0202097 0.0075967 -0.030167 -0.020128 0.99974 -0.0106774 -0.000349939 -0.0078105 0.010522 0.999914 -0.0119247 0.0 0.0 0.0 1.0
redkitchen/seq-02/color/frame-000522.color.png redkitchen/seq-02/color/frame-000525.color.png 0.999758 0.0200083 0.00918375 -0.0340425 -0.0199142 0.999749 -0.0102284 -0.000709593 -0.00938606 0.0100429 0.999906 -0.0125918 0.0 0.0 0.0 1.0
redkitchen/seq-02/color/frame-000525.color.png redkitchen/seq-02/color/frame-000528.color.png 0.999803 0.0197517 -0.00195117 -0.00407839 -0.0197811 0.999668 -0.0164993 0.0146405 0.00162456 0.0165347 0.999862 0.00710917 0.0 0.0 0.0 1.0
redkitchen/seq-02/color/frame-000528.color.png redkitchen/seq-02/color/frame-000531.color.png 0.999692 0.0247014 -0.00237963 -0.00125694 -0.0247657 0.999167 -0.0324368 0.0293221 0.00157642 0.0324857 0.999471 0.0177493 0.0 0.0 0.0 1.0
redkitchen/seq-02/color/frame-000531.color.png redkitchen/seq-02/color/frame-000534.color.png 0.999176 0.0233555 -0.0331931 0.0688963 -0.024016 0.999519 -0.0196436 0.0157801 0.0327183 0.0204247 0.999256 0.0644426 0.0 0.0 0.0 1.0
redkitchen/seq-02/color/frame-000534.color.png redkitchen/seq-02/color/frame-000537.color.png 0.998382 0.0341507 -0.0454628 0.105272 -0.0349312 0.999254 -0.0164849 -0.018158 0.0448659 0.0180463 0.99883 0.0859482 0.0 0.0 0.0 1.0
redkitchen/seq-02/color/frame-000537.color.png redkitchen/seq-02/color/frame-000540.color.png 0.99897 0.0336807 -0.0303961 0.0731026 -0.0347306 0.998794 -0.0347035 0.0239314 0.0291906 0.0357234 0.998935 0.0671039 0.0 0.0 0.0 1.0
redkitchen/seq-02/color/frame-000540.color.png redkitchen/seq-02/color/frame-000543.color.png 0.999193 0.0297058 -0.0270357 0.0703671 -0.0301287 0.999428 -0.0153661 -0.0155987 0.0265637 0.0161682 0.999516 0.0581686 0.0 0.0 0.0 1.0
redkitchen/seq-02/color/frame-000543.color.png redkitchen/seq-02/color/frame-000546.color.png 0.998214 0.0452267 -0.039034 0.107786 -0.0469627 0.997893 -0.044768 0.0150806 0.0369271 0.0465213 0.998235 0.0943096 0.0 0.0 0.0 1.0
redkitchen/seq-02/color/frame-000546.color.png redkitchen/seq-02/color/frame-000549.color.png 0.998764 0.0414287 -0.0274764 0.0641278 -0.0423209 0.998568 -0.0327283 -0.00926065 0.0260811 0.0338506 0.999086 0.0664799 0.0 0.0 0.0 1.0
redkitchen/seq-02/color/frame-000549.color.png redkitchen/seq-02/color/frame-000552.color.png 0.999856 0.00794538 -0.0150224 0.0308559 -0.00808949 0.999922 -0.00956363 0.00393063 0.0149452 0.00968366 0.999841 0.0317202 0.0 0.0 0.0 1.0
redkitchen/seq-02/color/frame-000552.color.png redkitchen/seq-02/color/frame-000555.color.png 0.999533 0.025678 -0.0165517 0.0464071 -0.0259597 0.999518 -0.0170287 -0.00770783 0.0161066 0.0174505 0.999718 0.0353141 0.0 0.0 0.0 1.0
redkitchen/seq-02/color/frame-000555.color.png redkitchen/seq-02/color/frame-000558.color.png 0.999741 0.0129056 -0.0187233 0.0426804 -0.0132399 0.999753 -0.017846 0.0215845 0.0184882 0.0180893 0.999665 0.0531573 0.0 0.0 0.0 1.0
redkitchen/seq-02/color/frame-000558.color.png redkitchen/seq-02/color/frame-000561.color.png 0.99982 0.0187252 0.00297232 0.00571477 -0.0186699 0.999671 -0.0176129 0.00168401 -0.00330112 0.0175543 0.99984 0.0013299 0.0 0.0 0.0 1.0
redkitchen/seq-02/color/frame-000561.color.png redkitchen/seq-02/color/frame-000564.color.png 0.998345 0.0569162 -0.00819417 0.047811 -0.057071 0.998168 -0.0200924 -0.0619444 0.00703555 0.0205266 0.999765 0.0275719 0.0 0.0 0.0 1.0
redkitchen/seq-02/color/frame-000564.color.png redkitchen/seq-02/color/frame-000567.color.png 0.99935 0.03397 -0.0120406 0.0509925 -0.0341618 0.999287 -0.0160817 -0.0262363 0.0114858 0.0164827 0.999798 0.0267005 0.0 0.0 0.0 1.0
redkitchen/seq-02/color/frame-000567.color.png redkitchen/seq-02/color/frame-000570.color.png 0.998617 0.0347344 -0.0394557 0.118139 -0.0353063 0.99928 -0.0138907 -0.0136396 0.0389449 0.0152645 0.999125 0.0906894 0.0 0.0 0.0 1.0
redkitchen/seq-02/color/frame-000570.color.png redkitchen/seq-02/color/frame-000573.color.png 0.999809 0.0191075 -0.00407869 0.0196388 -0.0191328 0.999797 -0.00628123 -0.0244722 0.00395782 0.00635805 0.999972 0.00130677 0.0 0.0 0.0 1.0
redkitchen/seq-02/color/frame-000573.color.png redkitchen/seq-02/color/frame-000576.color.png 0.99942 0.0148928 -0.0306157 0.085099 -0.015067 0.999871 -0.00547113 -0.00694448 0.0305303 0.00592925 0.999516 0.0649166 0.0 0.0 0.0 1.0
redkitchen/seq-02/color/frame-000576.color.png redkitchen/seq-02/color/frame-000579.color.png 0.999278 0.0370614 -0.00837552 0.0314763 -0.037116 0.99929 -0.0064531 -0.0573642 0.00813036 0.00675932 0.999944 0.00339127 0.0 0.0 0.0 1.0
redkitchen/seq-02/color/frame-000579.color.png redkitchen/seq-02/color/frame-000582.color.png 0.99962 0.00171101 -0.0274991 0.0739197 -0.00165003 0.999996 0.00223893 0.00786263 0.0275028 -0.00219273 0.999619 0.0596535 0.0 0.0 0.0 1.0
redkitchen/seq-02/color/frame-000582.color.png redkitchen/seq-02/color/frame-000585.color.png 0.999695 0.0246804 0.000585259 0.0136695 -0.0246775 0.999685 -0.00448269 -0.0438827 -0.000695703 0.00446689 0.99999 -0.0101802 0.0 0.0 0.0 1.0
redkitchen/seq-02/color/frame-000585.color.png redkitchen/seq-02/color/frame-000588.color.png 0.999611 0.0156326 -0.0230888 0.0792298 -0.0157418 0.999866 -0.00455321 -0.0174974 0.0230146 0.00491491 0.999723 0.0446343 0.0 0.0 0.0 1.0
redkitchen/seq-02/color/frame-000588.color.png redkitchen/seq-02/color/frame-000591.color.png 0.999071 0.0338281 -0.0266882 0.0808859 -0.0338733 0.999425 -0.00124507 -0.0546566 0.0266307 0.00214788 0.999643 0.0483429 0.0 0.0 0.0 1.0
redkitchen/seq-02/color/frame-000591.color.png redkitchen/seq-02/color/frame-000594.color.png 0.999589 0.0206962 -0.0198436 0.0670645 -0.020919 0.99972 -0.0110882 -0.0093624 0.0196085 0.0114988 0.999742 0.0437279 0.0 0.0 0.0 1.0
redkitchen/seq-02/color/frame-000594.color.png redkitchen/seq-02/color/frame-000597.color.png 0.998753 0.0323543 -0.0380324 0.120198 -0.0330241 0.999308 -0.0171168 -0.0187799 0.0374523 0.0183514 0.99913 0.0787301 0.0 0.0 0.0 1.0
redkitchen/seq-02/color/frame-000597.color.png redkitchen/seq-02/color/frame-000600.color.png 0.999636 0.0130642 -0.0235864 0.0651006 -0.0133217 0.999853 -0.0107908 0.00892144 0.0234419 0.0111011 0.999664 0.0487468 0.0 0.0 0.0 1.0
redkitchen/seq-02/color/frame-000600.color.png redkitchen/seq-02/color/frame-000603.color.png 0.999275 0.0240307 -0.0295316 0.0911312 -0.0243098 0.999663 -0.00912652 -0.0136488 0.0293023 0.00983782 0.999522 0.0516047 0.0 0.0 0.0 1.0
redkitchen/seq-02/color/frame-000603.color.png redkitchen/seq-02/color/frame-000606.color.png 0.999953 0.00218601 -0.00947886 0.0260415 -0.00218795 0.999998 -0.000194603 -0.00291443 0.00947841 0.000215337 0.999955 0.0159667 0.0 0.0 0.0 1.0
redkitchen/seq-02/color/frame-000606.color.png redkitchen/seq-02/color/frame-000609.color.png 0.999928 0.00316342 -0.0115474 0.0333626 -0.00314632 0.999994 0.0014972 -0.0073514 0.011552 -0.00146078 0.999932 0.0144055 0.0 0.0 0.0 1.0
redkitchen/seq-02/color/frame-000609.color.png redkitchen/seq-02/color/frame-000612.color.png 0.999878 0.00425013 -0.0150244 0.046535 -0.00428256 0.999989 -0.00212727 0.000651121 0.0150152 0.00219138 0.999885 0.0298996 0.0 0.0 0.0 1.0
redkitchen/seq-02/color/frame-000612.color.png redkitchen/seq-02/color/frame-000615.color.png 0.999508 0.0206461 -0.0235966 0.0761911 -0.0207945 0.999765 -0.00606242 -0.0298531 0.0234659 0.0065501 0.999703 0.0415459 0.0 0.0 0.0 1.0
redkitchen/seq-02/color/frame-000615.color.png redkitchen/seq-02/color/frame-000618.color.png 0.999477 0.0116052 -0.0301802 0.0822108 -0.0117403 0.999922 -0.00430473 -0.00532198 0.0301278 0.00465679 0.999535 0.0524302 0.0 0.0 0.0 1.0
redkitchen/seq-02/color/frame-000618.color.png redkitchen/seq-02/color/frame-000621.color.png 0.999474 0.0245729 -0.0211616 0.0677711 -0.0247094 0.999675 -0.00621405 -0.0315837 0.021002 0.00673366 0.999757 0.0371506 0.0 0.0 0.0 1.0
redkitchen/seq-02/color/frame-000621.color.png redkitchen/seq-02/color/frame-000624.color.png 0.998604 0.0281852 -0.0446694 0.129495 -0.0286181 0.999549 -0.00908106 -0.0261549 0.0443934 0.0103467 0.998961 0.0794032 0.0 0.0 0.0 1.0
redkitchen/seq-02/color/frame-000624.color.png redkitchen/seq-02/color/frame-000627.color.png 0.998642 0.0333247 -0.0400542 0.118177 -0.0337915 0.999368 -0.0110315 -0.0274328 0.0396613 0.01237 0.999137 0.0703158 0.0 0.0 0.0 1.0
redkitchen/seq-02/color/frame-000627.color.png redkitchen/seq-02/color/frame-000630.color.png 0.999419 0.00638754 -0.033475 0.0826352 -0.00682503 0.999893 -0.0129721 0.0268756 0.0333885 0.013193 0.999355 0.0623655 0.0 0.0 0.0 1.0
redkitchen/seq-02/color/frame-000630.color.png redkitchen/seq-02/color/frame-000633.color.png 0.999747 -0.00351358 -0.0222213 0.0646157 0.00345503 0.99999 -0.00267436 0.0249251 0.0222305 0.00259691 0.999749 0.0382538 0.0 0.0 0.0 1.0
redkitchen/seq-02/color/frame-000633.color.png redkitchen/seq-02/color/frame-000636.color.png 0.999587 0.0198217 -0.0208054 0.0608362 -0.0199466 0.999784 -0.00581114 -0.0167455 0.0206857 0.00622374 0.999767 0.0347168 0.0 0.0 0.0 1.0
redkitchen/seq-02/color/frame-000636.color.png redkitchen/seq-02/color/frame-000639.color.png 0.999795 -0.00360866 -0.0199155 0.0375659 0.00334666 0.999908 -0.0131733 0.0329663 0.0199612 0.013104 0.999715 0.0257015 0.0 0.0 0.0 1.0
redkitchen/seq-02/color/frame-000639.color.png redkitchen/seq-02/color/frame-000642.color.png 0.999837 0.00750801 -0.0163851 0.0583515 -0.0074631 0.999968 0.00279944 -0.00926161 0.0164056 -0.0026767 0.999862 0.0381503 0.0 0.0 0.0 1.0
redkitchen/seq-02/color/frame-000642.color.png redkitchen/seq-02/color/frame-000645.color.png 0.999588 0.012493 -0.0258364 0.0591244 -0.0128905 0.9998 -0.0152776 0.0124459 0.0256403 0.0156044 0.999549 0.0344048 0.0 0.0 0.0 1.0
redkitchen/seq-02/color/frame-000645.color.png redkitchen/seq-02/color/frame-000648.color.png 0.999812 0.0151139 -0.0121357 0.0423942 -0.0150918 0.999884 0.00190675 -0.0213571 0.0121631 -0.00172325 0.999925 0.0241849 0.0 0.0 0.0 1.0
redkitchen/seq-02/color/frame-000648.color.png redkitchen/seq-02/color/frame-000651.color.png 0.999889 0.0020417 -0.014767 0.0384102 -0.0021094 0.999987 -0.00456933 0.00960088 0.0147575 0.00459998 0.99988 0.0199642 0.0 0.0 0.0 1.0
redkitchen/seq-02/color/frame-000651.color.png redkitchen/seq-02/color/frame-000654.color.png 0.999769 0.015199 -0.0152249 0.0488887 -0.0151836 0.999884 0.0011203 -0.0242074 0.0152402 -0.000888877 0.999883 0.0262697 0.0 0.0 0.0 1.0
redkitchen/seq-02/color/frame-000654.color.png redkitchen/seq-02/color/frame-000657.color.png 0.999761 0.00813616 -0.0202794 0.0501919 -0.00822846 0.999956 -0.00447256 -0.00117403 0.0202421 0.00463836 0.999784 0.0285532 0.0 0.0 0.0 1.0
redkitchen/seq-02/color/frame-000657.color.png redkitchen/seq-02/color/frame-000660.color.png 0.999874 0.00876165 -0.0132333 0.0456694 -0.00869531 0.999949 0.00506413 -0.0157374 0.013277 -0.00494841 0.9999 0.0223131 0.0 0.0 0.0 1.0
redkitchen/seq-02/color/frame-000660.color.png redkitchen/seq-02/color/frame-000663.color.png 0.999678 0.0147522 -0.0206384 0.0579408 -0.0147734 0.99989 -0.0008737 -0.0209796 0.0206233 0.00117831 0.999787 0.0246186 0.0 0.0 0.0 1.0
redkitchen/seq-02/color/frame-000663.color.png redkitchen/seq-02/color/frame-000666.color.png 0.999728 0.0160952 -0.0168586 0.0518074 -0.0158828 0.999794 0.0126537 -0.0494205 0.0170588 -0.0123825 0.999778 0.0181205 0.0 0.0 0.0 1.0
redkitchen/seq-02/color/frame-000666.color.png redkitchen/seq-02/color/frame-000669.color.png 0.999734 0.014386 -0.0180182 0.0524122 -0.0143803 0.999897 0.000443686 -0.0243392 0.0180226 -0.000184461 0.999838 0.0219226 0.0 0.0 0.0 1.0
redkitchen/seq-02/color/frame-000669.color.png redkitchen/seq-02/color/frame-000672.color.png 0.999267 0.0235886 -0.0301559 0.0886749 -0.0234309 0.99971 0.00557127 -0.0468737 0.0302786 -0.0048606 0.99953 0.0432773 0.0 0.0 0.0 1.0
redkitchen/seq-02/color/frame-000672.color.png redkitchen/seq-02/color/frame-000675.color.png 0.999588 0.0148197 -0.0245851 0.0709102 -0.0147715 0.999889 0.00214129 -0.0227063 0.0246141 -0.00177725 0.999695 0.0405993 0.0 0.0 0.0 1.0
redkitchen/seq-02/color/frame-000675.color.png redkitchen/seq-02/color/frame-000678.color.png 0.999435 0.0231296 -0.0243765 0.0739092 -0.0232071 0.999726 -0.0029016 -0.0297493 0.0243027 0.00346567 0.999699 0.0319706 0.0 0.0 0.0 1.0
redkitchen/seq-02/color/frame-000678.color.png redkitchen/seq-02/color/frame-000681.color.png 0.999705 0.0165647 -0.017774 0.0528156 -0.0164252 0.999833 0.0079711 -0.0423457 0.0179031 -0.0076768 0.99981 0.0228225 0.0 0.0 0.0 1.0
redkitchen/seq-02/color/frame-000681.color.png redkitchen/seq-02/color/frame-000684.color.png 0.999265 0.0320608 -0.0209935 0.0696362 -0.0319602 0.999476 0.00511375 -0.0528236 0.0211465 -0.00443905 0.999766 0.0294377 0.0 0.0 0.0 1.0
redkitchen/seq-02/color/frame-000684.color.png redkitchen/seq-02/color/frame-000687.color.png 0.997789 0.0445255 -0.0493406 0.151279 -0.0446309 0.999003 -0.00103642 -0.068118 0.0492453 0.00323625 0.998781 0.0776941 0.0 0.0 0.0 1.0
redkitchen/seq-02/color/frame-000687.color.png redkitchen/seq-02/color/frame-000690.color.png 0.998422 0.0464525 -0.0315663 0.0991491 -0.0463602 0.998918 0.00364985 -0.0800684 0.0317017 -0.00218066 0.999495 0.0531608 0.0 0.0 0.0 1.0
redkitchen/seq-02/color/frame-000690.color.png redkitchen/seq-02/color/frame-000693.color.png 0.997951 0.0457494 -0.0447206 0.135414 -0.0462102 0.998888 -0.0093215 -0.0487413 0.0442445 0.0113689 0.998956 0.0707349 0.0 0.0 0.0 1.0
redkitchen/seq-02/color/frame-000693.color.png redkitchen/seq-02/color/frame-000696.color.png 0.999065 0.0361898 -0.0236635 0.0657682 -0.0361264 0.999342 0.00310172 -0.0587596 0.0237601 -0.0022439 0.999715 0.0322711 0.0 0.0 0.0 1.0
redkitchen/seq-02/color/frame-000696.color.png redkitchen/seq-02/color/frame-000699.color.png 0.999762 0.0189885 -0.0107763 0.0377748 -0.0189237 0.999802 0.00608147 -0.0358568 0.0108896 -0.00587611 0.999923 0.0156728 0.0 0.0 0.0 1.0
redkitchen/seq-02/color/frame-000699.color.png redkitchen/seq-02/color/frame-000702.color.png 0.99945 0.0208353 -0.0258027 0.070372 -0.0210591 0.999743 -0.00842957 -0.0217124 0.0256204 0.0089683 0.999631 0.0416389 0.0 0.0 0.0 1.0
redkitchen/seq-02/color/frame-000702.color.png redkitchen/seq-02/color/frame-000705.color.png 0.999855 0.00703301 -0.015513 0.0457771 -0.00710193 0.999965 -0.00439266 -0.00131047 0.0154815 0.00450221 0.99987 0.0275927 0.0 0.0 0.0 1.0
redkitchen/seq-02/color/frame-000705.color.png redkitchen/seq-02/color/frame-000708.color.png 0.998749 0.0257462 -0.0428747 0.115876 -0.0263966 0.999544 -0.0146721 -0.00707912 0.0424776 0.0157854 0.998973 0.0800707 0.0 0.0 0.0 1.0
redkitchen/seq-02/color/frame-000708.color.png redkitchen/seq-02/color/frame-000711.color.png 0.999407 0.0110539 -0.0325961 0.0851425 -0.0114857 0.999848 -0.0130869 0.00407481 0.0324464 0.0134535 0.999383 0.0542819 0.0 0.0 0.0 1.0
redkitchen/seq-02/color/frame-000711.color.png redkitchen/seq-02/color/frame-000714.color.png 0.998843 0.0338145 -0.0341808 0.105477 -0.0343338 0.999302 -0.014724 -0.0183627 0.0336591 0.0158806 0.999307 0.0662881 0.0 0.0 0.0 1.0
redkitchen/seq-02/color/frame-000714.color.png redkitchen/seq-02/color/frame-000717.color.png 0.998957 0.00522488 -0.0453665 0.133074 -0.00547514 0.99997 -0.00539403 0.00171542 0.045337 0.00563683 0.998956 0.0807904 0.0 0.0 0.0 1.0
redkitchen/seq-02/color/frame-000717.color.png redkitchen/seq-02/color/frame-000720.color.png 0.998184 0.0427943 -0.0424057 0.126482 -0.0435343 0.998913 -0.0166821 -0.0192605 0.0416457 0.0184979 0.998961 0.0806303 0.0 0.0 0.0 1.0
redkitchen/seq-02/color/frame-000720.color.png redkitchen/seq-02/color/frame-000723.color.png 0.998496 0.0336733 -0.0432701 0.115322 -0.033942 0.999409 -0.00549119 -0.0317299 0.0430595 0.00695166 0.999048 0.0711653 0.0 0.0 0.0 1.0
redkitchen/seq-02/color/frame-000723.color.png redkitchen/seq-02/color/frame-000726.color.png 0.998922 0.0346001 -0.0309605 0.09229 -0.0353075 0.999121 -0.0226008 0.00409532 0.0301514 0.0236695 0.999265 0.0558542 0.0 0.0 0.0 1.0
redkitchen/seq-02/color/frame-000726.color.png redkitchen/seq-02/color/frame-000729.color.png 0.999168 0.0335489 -0.023194 0.0853238 -0.0337489 0.999396 -0.00828462 -0.0370834 0.0229019 0.0090605 0.999697 0.0385579 0.0 0.0 0.0 1.0
redkitchen/seq-02/color/frame-000729.color.png redkitchen/seq-02/color/frame-000732.color.png 0.997994 0.0530586 -0.0345489 0.105589 -0.0531827 0.998581 -0.00268204 -0.0604238 0.0343575 0.00451419 0.999399 0.0577672 0.0 0.0 0.0 1.0
redkitchen/seq-02/color/frame-000732.color.png redkitchen/seq-02/color/frame-000735.color.png 0.999197 0.0250075 -0.0312967 0.100644 -0.0248055 0.999669 0.00682846 -0.0732175 0.0314571 -0.00604679 0.999487 0.0554659 0.0 0.0 0.0 1.0
redkitchen/seq-02/color/frame-000735.color.png redkitchen/seq-02/color/frame-000738.color.png 0.997257 0.0529688 -0.0516965 0.155449 -0.0538054 0.99844 -0.0149279 -0.0506061 0.050825 0.0176687 0.998551 0.0897149 0.0 0.0 0.0 1.0
redkitchen/seq-02/color/frame-000738.color.png redkitchen/seq-02/color/frame-000741.color.png 0.997418 0.0483387 -0.0531147 0.144254 -0.0487063 0.998797 -0.00564692 -0.0412005 0.0527779 0.00821925 0.998573 0.0898551 0.0 0.0 0.0 1.0
redkitchen/seq-02/color/frame-000741.color.png redkitchen/seq-02/color/frame-000744.color.png 0.999058 0.0278027 -0.0333023 0.104724 -0.0285807 0.999324 -0.0231199 0.0096724 0.032637 0.0240499 0.999178 0.0545373 0.0 0.0 0.0 1.0
redkitchen/seq-02/color/frame-000744.color.png redkitchen/seq-02/color/frame-000747.color.png 0.997576 0.0572321 -0.0395711 0.109851 -0.0572955 0.998357 -0.000471122 -0.0454509 0.0394792 0.00273719 0.999217 0.0751209 0.0 0.0 0.0 1.0
redkitchen/seq-02/color/frame-000747.color.png redkitchen/seq-02/color/frame-000750.color.png 0.999115 0.010992 -0.0406096 0.116934 -0.0114565 0.999871 -0.0112206 -0.0275022 0.040481 0.0116761 0.999112 0.0502596 0.0 0.0 0.0 1.0
redkitchen/seq-02/color/frame-000750.color.png redkitchen/seq-02/color/frame-000753.color.png 0.997563 0.0531946 -0.0451597 0.131478 -0.0541827 0.998311 -0.0209443 -0.0259811 0.0439693 0.0233401 0.99876 0.0883518 0.0 0.0 0.0 1.0
redkitchen/seq-02/color/frame-000753.color.png redkitchen/seq-02/color/frame-000756.color.png 0.99706 0.0593916 -0.0484213 0.152737 -0.060329 0.998014 -0.0181314 -0.035151 0.0472483 0.0209992 0.998662 0.0791175 0.0 0.0 0.0 1.0
redkitchen/seq-02/color/frame-000756.color.png redkitchen/seq-02/color/frame-000759.color.png 0.997321 0.0648139 -0.033917 0.106277 -0.0652036 0.997817 -0.0105115 -0.0654035 0.0331617 0.0126948 0.999369 0.0640905 0.0 0.0 0.0 1.0
redkitchen/seq-02/color/frame-000759.color.png redkitchen/seq-02/color/frame-000762.color.png 0.998569 0.0374804 -0.038158 0.119149 -0.0373263 0.999292 0.00474479 -0.063253 0.0383087 -0.00331364 0.99926 0.0475008 0.0 0.0 0.0 1.0
redkitchen/seq-02/color/frame-000762.color.png redkitchen/seq-02/color/frame-000765.color.png 0.998478 0.0489782 -0.0253518 0.0804865 -0.049017 0.998798 -0.000903877 -0.0682407 0.0252771 0.0021453 0.999678 0.0303879 0.0 0.0 0.0 1.0
redkitchen/seq-02/color/frame-000765.color.png redkitchen/seq-02/color/frame-000768.color.png 0.999192 0.0341059 -0.0212541 0.0645673 -0.0335706 0.999123 0.0250445 -0.101189 0.0220896 -0.024311 0.99946 0.000748873 0.0 0.0 0.0 1.0
redkitchen/seq-02/color/frame-000768.color.png redkitchen/seq-02/color/frame-000771.color.png 0.999847 0.0145448 -0.00973434 0.0297316 -0.0145381 0.999894 0.000765942 -0.0221214 0.00974445 -0.000624282 0.999952 0.00624633 0.0 0.0 0.0 1.0
redkitchen/seq-02/color/frame-000771.color.png redkitchen/seq-02/color/frame-000774.color.png 0.999856 -0.015349 -0.00728281 -0.00343108 0.0154428 0.999796 0.0129842 -0.0153715 0.00708209 -0.0130948 0.999889 -0.00226426 0.0 0.0 0.0 1.0
redkitchen/seq-02/color/frame-000774.color.png redkitchen/seq-02/color/frame-000777.color.png 0.999826 0.00712098 -0.0172189 0.0415026 -0.00707616 0.999971 0.00267092 -0.0104104 0.0172374 -0.00254867 0.999848 0.0125039 0.0 0.0 0.0 1.0
redkitchen/seq-02/color/frame-000777.color.png redkitchen/seq-02/color/frame-000780.color.png 0.999501 0.0255816 -0.0185534 0.0521848 -0.0255679 0.999673 0.000971286 -0.0331071 0.0185722 -0.000496425 0.999827 0.0153959 0.0 0.0 0.0 1.0
redkitchen/seq-02/color/frame-000780.color.png redkitchen/seq-02/color/frame-000783.color.png 0.999314 0.0259062 -0.026452 0.062236 -0.0252587 0.99938 0.0245284 -0.0943147 0.027071 -0.0238435 0.999349 0.0075953 0.0 0.0 0.0 1.0
redkitchen/seq-02/color/frame-000783.color.png redkitchen/seq-02/color/frame-000786.color.png 0.99878 0.0311831 -0.03828 0.0991359 -0.0304812 0.999359 0.0187834 -0.0749336 0.0388412 -0.0175936 0.999091 0.0214021 0.0 0.0 0.0 1.0
redkitchen/seq-02/color/frame-000786.color.png redkitchen/seq-02/color/frame-000789.color.png 0.998202 0.0463181 -0.0380482 0.108126 -0.0454498 0.998693 0.0233843 -0.113088 0.0390816 -0.0216128 0.999002 0.0252417 0.0 0.0 0.0 1.0
redkitchen/seq-02/color/frame-000789.color.png redkitchen/seq-02/color/frame-000792.color.png 0.999326 0.0346587 -0.0120633 0.035719 -0.034727 0.999382 -0.00550811 -0.0346515 0.0118649 0.00592329 0.999912 -0.00722539 0.0 0.0 0.0 1.0
redkitchen/seq-02/color/frame-000792.color.png redkitchen/seq-02/color/frame-000795.color.png 0.999908 0.00897949 -0.0101803 0.0186157 -0.00896186 0.999958 0.00177471 -0.00428408 0.0101959 -0.00168335 0.999947 -0.00470769 0.0 0.0 0.0 1.0
redkitchen/seq-02/color/frame-000795.color.png redkitchen/seq-02/color/frame-000798.color.png 0.999631 -0.00691437 -0.0262503 0.0505388 0.00699459 0.999971 0.00296401 0.000520945 0.0262292 -0.00314647 0.999651 0.0215952 0.0 0.0 0.0 1.0
redkitchen/seq-02/color/frame-000798.color.png redkitchen/seq-02/color/frame-000801.color.png 0.999044 -0.004904 -0.0434517 0.0787921 0.00505712 0.999981 0.00341314 0.00411224 0.0434341 -0.00362967 0.99905 0.0184455 0.0 0.0 0.0 1.0
redkitchen/seq-02/color/frame-000801.color.png redkitchen/seq-02/color/frame-000804.color.png 0.999771 -0.00301868 -0.0211721 0.0265617 0.00296075 0.999992 -0.00276517 0.0152775 0.0211803 0.00270188 0.999772 0.00860846 0.0 0.0 0.0 1.0
redkitchen/seq-02/color/frame-000804.color.png redkitchen/seq-02/color/frame-000807.color.png 0.999809 -0.000168689 -0.0195588 0.0160626 0.000192647 0.999999 0.00122349 0.00302583 0.0195585 -0.00122703 0.999808 -0.000175476 0.0 0.0 0.0 1.0
redkitchen/seq-02/color/frame-000807.color.png redkitchen/seq-02/color/frame-000810.color.png 0.999928 -0.000173353 -0.0119878 0.00056994 0.000127921 0.999993 -0.00379431 0.011915 0.0119884 0.00379242 0.999921 0.00106084 0.0 0.0 0.0 1.0
redkitchen/seq-02/color/frame-000810.color.png redkitchen/seq-02/color/frame-000813.color.png 0.999823 0.0122903 -0.0142183 0.00668406 -0.0123165 0.999923 -0.00174702 -0.00559068 0.0141957 0.00192189 0.999897 -0.00138509 0.0 0.0 0.0 1.0
redkitchen/seq-02/color/frame-000813.color.png redkitchen/seq-02/color/frame-000816.color.png 0.999718 -0.00995834 -0.0215727 0.00210154 0.0104227 0.999714 0.0215216 -0.035035 0.0213523 -0.0217404 0.999536 -0.00636423 0.0 0.0 0.0 1.0
redkitchen/seq-02/color/frame-000816.color.png redkitchen/seq-02/color/frame-000819.color.png 0.999856 -0.0035161 -0.0166045 -0.00257671 0.00355467 0.999991 0.00229052 0.00652498 0.0165962 -0.00234922 0.999859 -0.00929129 0.0 0.0 0.0 1.0
redkitchen/seq-02/color/frame-000819.color.png redkitchen/seq-02/color/frame-000822.color.png 0.999903 0.00192916 -0.0138217 -0.00128019 -0.00171401 0.999878 0.0155628 -0.0500576 0.01385 -0.0155376 0.999783 -0.0165522 0.0 0.0 0.0 1.0
redkitchen/seq-02/color/frame-000822.color.png redkitchen/seq-02/color/frame-000825.color.png 0.999938 0.00641798 0.00909439 -0.0568283 -0.00626307 0.999837 -0.0169553 0.0351764 -0.00920176 0.0168974 0.999815 -0.0250465 0.0 0.0 0.0 1.0
redkitchen/seq-02/color/frame-000825.color.png redkitchen/seq-02/color/frame-000828.color.png 0.999949 -0.00182783 -0.00992629 -0.0114177 0.00179766 0.999994 -0.00303739 0.00938201 0.00993183 0.00301928 0.999946 -0.0216622 0.0 0.0 0.0 1.0
redkitchen/seq-02/color/frame-000828.color.png redkitchen/seq-02/color/frame-000831.color.png 0.999817 0.0123735 -0.0145787 0.0216767 -0.0124069 0.999921 -0.00219841 -0.0135032 0.0145503 0.00237894 0.999891 0.00102866 0.0 0.0 0.0 1.0
redkitchen/seq-02/color/frame-000831.color.png redkitchen/seq-02/color/frame-000834.color.png 0.999962 -0.000373354 -0.00866631 0.00195932 0.000455295 0.999955 0.00943203 -0.0136825 0.00866243 -0.0094357 0.999918 -0.0220492 0.0 0.0 0.0 1.0
redkitchen/seq-02/color/frame-000834.color.png redkitchen/seq-02/color/frame-000837.color.png 0.999815 0.0192266 0.00121239 -0.0104176 -0.019233 0.9998 0.00547765 -0.0258107 -0.00110682 -0.00549988 0.999984 -0.0300834 0.0 0.0 0.0 1.0
redkitchen/seq-02/color/frame-000837.color.png redkitchen/seq-02/color/frame-000840.color.png 0.999957 0.0080838 -0.00458916 0.00135756 -0.00808392 0.999967 -8.09184e-06 0.0117075 0.00458887 4.51678e-05 0.99999 -0.0314651 0.0 0.0 0.0 1.0
redkitchen/seq-02/color/frame-000840.color.png redkitchen/seq-02/color/frame-000843.color.png 0.999979 0.00398008 -0.00519902 0.000369191 -0.00392893 0.999944 0.00980846 -0.00156909 0.00523781 -0.00978777 0.999938 -0.0298129 0.0 0.0 0.0 1.0
redkitchen/seq-02/color/frame-000843.color.png redkitchen/seq-02/color/frame-000846.color.png 0.999874 0.0112875 -0.0111652 0.0208942 -0.0112266 0.999922 0.00551249 -0.014073 0.0112266 -0.00538659 0.999922 -0.00493371 0.0 0.0 0.0 1.0
redkitchen/seq-02/color/frame-000846.color.png redkitchen/seq-02/color/frame-000849.color.png 0.999768 0.0176423 -0.0123443 0.035707 -0.0174444 0.99972 0.0159666 -0.0486874 0.0126225 -0.0157475 0.999796 -0.0109938 0.0 0.0 0.0 1.0
redkitchen/seq-02/color/frame-000849.color.png redkitchen/seq-02/color/frame-000852.color.png 0.999426 0.0246321 -0.0232748 0.0545722 -0.024084 0.999433 0.0235393 -0.0713221 0.0238414 -0.0229652 0.999452 -0.00352788 0.0 0.0 0.0 1.0
redkitchen/seq-02/color/frame-000852.color.png redkitchen/seq-02/color/frame-000855.color.png 0.999531 0.0154791 -0.026408 0.0481689 -0.0154126 0.999878 0.0027221 -0.0128651 0.0264469 -0.00231375 0.999648 0.0195786 0.0 0.0 0.0 1.0
redkitchen/seq-02/color/frame-000855.color.png redkitchen/seq-02/color/frame-000858.color.png 0.999634 -0.000942445 -0.0270192 0.0423733 0.000940011 1.0 -9.88011e-05 0.0109076 0.0270193 7.33441e-05 0.999635 0.0261415 0.0 0.0 0.0 1.0
redkitchen/seq-02/color/frame-000858.color.png redkitchen/seq-02/color/frame-000861.color.png 0.999841 0.00404444 -0.0173862 0.0312078 -0.00397108 0.999983 0.00424818 -0.00185978 0.0174031 -0.00417842 0.99984 -0.00121009 0.0 0.0 0.0 1.0
redkitchen/seq-02/color/frame-000861.color.png redkitchen/seq-02/color/frame-000864.color.png 0.99997 -0.00194269 -0.00749026 0.00152791 0.00194754 0.999998 0.000640101 0.0313785 0.00748904 -0.000654698 0.999972 -0.00841784 0.0 0.0 0.0 1.0
redkitchen/seq-02/color/frame-000864.color.png redkitchen/seq-02/color/frame-000867.color.png 0.99996 0.00303741 -0.00845762 0.011017 -0.00302375 0.999994 0.00162062 0.00455785 0.00846247 -0.00159488 0.999963 -0.0112354 0.0 0.0 0.0 1.0
redkitchen/seq-02/color/frame-000867.color.png redkitchen/seq-02/color/frame-000870.color.png 0.999897 0.00431151 -0.0137088 0.0174414 -0.00432426 0.99999 -0.000897364 0.00779974 0.0137048 0.00095649 0.999906 0.000528336 0.0 0.0 0.0 1.0
redkitchen/seq-02/color/frame-000870.color.png redkitchen/seq-02/color/frame-000873.color.png 0.999834 0.015485 -0.00962795 0.0135708 -0.015562 0.999847 -0.00797991 -0.00200635 0.00950288 0.00812844 0.999922 -0.00826347 0.0 0.0 0.0 1.0
redkitchen/seq-02/color/frame-000873.color.png redkitchen/seq-02/color/frame-000876.color.png 0.99957 0.0280496 -0.00854263 0.0174464 -0.0280691 0.999604 -0.00216785 -0.00776517 0.00847849 0.00240677 0.999961 -0.0137844 0.0 0.0 0.0 1.0
redkitchen/seq-02/color/frame-000876.color.png redkitchen/seq-02/color/frame-000879.color.png 0.9996 0.0144742 -0.0242983 0.022965 -0.0144232 0.999893 0.00227014 -0.0145409 0.0243285 -0.0019188 0.999702 0.00912035 0.0 0.0 0.0 1.0
redkitchen/seq-02/color/frame-000879.color.png redkitchen/seq-02/color/frame-000882.color.png 0.999861 0.00341475 -0.016325 0.0132868 -0.00345908 0.99999 -0.00268084 0.0185502 0.0163158 0.00273694 0.999863 -0.00501633 0.0 0.0 0.0 1.0
redkitchen/seq-02/color/frame-000882.color.png redkitchen/seq-02/color/frame-000885.color.png 0.99926 0.0116384 -0.0366638 0.0499929 -0.0115103 0.999927 0.00370146 -0.00889641 0.0367041 -0.00327674 0.999321 0.0292034 0.0 0.0 0.0 1.0
redkitchen/seq-02/color/frame-000885.color.png redkitchen/seq-02/color/frame-000888.color.png 0.999401 0.0135197 -0.0318606 0.0426782 -0.0133758 0.999899 0.00472491 -0.0167665 0.0319213 -0.00429594 0.999481 0.025046 0.0 0.0 0.0 1.0
redkitchen/seq-02/color/frame-000888.color.png redkitchen/seq-02/color/frame-000891.color.png 0.999728 0.0175463 -0.0153432 0.0182862 -0.0175026 0.999842 0.00297866 -0.0160447 0.0153931 -0.0027093 0.999878 -0.00353551 0.0 0.0 0.0 1.0
redkitchen/seq-02/color/frame-000891.color.png redkitchen/seq-02/color/frame-000894.color.png 0.999796 0.00289677 -0.0199843 0.0244799 -0.00275984 0.999973 0.00688194 0.000475317 0.0200036 -0.00682545 0.999777 0.0075537 0.0 0.0 0.0 1.0
redkitchen/seq-02/color/frame-000894.color.png redkitchen/seq-02/color/frame-000897.color.png 0.999995 0.00170194 -0.00274815 0.00258517 -0.0017292 0.999949 -0.00998091 0.0282833 0.00273108 0.0099857 0.999946 -0.02368 0.0 0.0 0.0 1.0
redkitchen/seq-02/color/frame-000897.color.png redkitchen/seq-02/color/frame-000900.color.png 0.999974 0.00486571 -0.00535881 0.00900948 -0.00484304 0.999979 0.00421817 0.00213668 0.00537921 -0.00419219 0.999977 -0.0158772 0.0 0.0 0.0 1.0
redkitchen/seq-02/color/frame-000900.color.png redkitchen/seq-02/color/frame-000903.color.png 0.999982 0.00142761 -0.00582436 0.00902784 -0.00142207 0.999999 0.000944214 0.0167536 0.00582569 -0.000935907 0.999983 -0.00605881 0.0 0.0 0.0 1.0
redkitchen/seq-02/color/frame-000903.color.png redkitchen/seq-02/color/frame-000906.color.png 0.999946 -0.00431651 -0.00942461 0.0174211 0.00432847 0.99999 0.00126046 0.0229928 0.00941908 -0.00130118 0.999955 -0.00525856 0.0 0.0 0.0 1.0
redkitchen/seq-02/color/frame-000906.color.png redkitchen/seq-02/color/frame-000909.color.png 0.999958 0.00855477 -0.00316473 0.01721 -0.00855612 0.999963 -0.000412928 0.00975367 0.00316114 0.000440003 0.999995 -0.014383 0.0 0.0 0.0 1.0
redkitchen/seq-02/color/frame-000909.color.png redkitchen/seq-02/color/frame-000912.color.png 0.999996 0.00140782 -0.00257885 0.00849032 -0.00142239 0.999983 -0.00562774 0.0116106 0.0025709 0.00563139 0.999981 -0.0102004 0.0 0.0 0.0 1.0
redkitchen/seq-02/color/frame-000912.color.png redkitchen/seq-02/color/frame-000915.color.png 0.999832 0.00429381 -0.0178343 0.0364197 -0.00425327 0.999988 0.00231045 0.0149476 0.017844 -0.00223429 0.999838 0.00987083 0.0 0.0 0.0 1.0
redkitchen/seq-02/color/frame-000915.color.png redkitchen/seq-02/color/frame-000918.color.png 0.999849 0.00305563 -0.0171302 0.0336989 -0.00267763 0.999753 0.0220482 -0.032123 0.0171934 -0.0219989 0.99961 0.0102707 0.0 0.0 0.0 1.0
redkitchen/seq-02/color/frame-000918.color.png redkitchen/seq-02/color/frame-000921.color.png 0.99995 0.00817016 -0.00584502 0.0113966 -0.00827853 0.999789 -0.0187763 0.0240513 0.00569032 0.0188237 0.999807 -0.00409669 0.0 0.0 0.0 1.0
redkitchen/seq-02/color/frame-000921.color.png redkitchen/seq-02/color/frame-000924.color.png 0.999556 0.0283571 -0.00918915 0.0352119 -0.0282001 0.999462 0.0167702 -0.05248 0.00965978 -0.0165036 0.999817 -0.00748807 0.0 0.0 0.0 1.0
redkitchen/seq-02/color/frame-000924.color.png redkitchen/seq-02/color/frame-000927.color.png 0.999916 0.00886606 -0.00940695 0.0197318 -0.00884953 0.999959 0.00180329 -0.00952733 0.00942249 -0.00171992 0.999954 0.00324643 0.0 0.0 0.0 1.0
redkitchen/seq-02/color/frame-000927.color.png redkitchen/seq-02/color/frame-000930.color.png 0.999833 0.0173743 -0.00563551 0.0252361 -0.0174347 0.999789 -0.0108703 0.0204845 0.00544545 0.0109667 0.999925 -0.00146246 0.0 0.0 0.0 1.0
redkitchen/seq-02/color/frame-000930.color.png redkitchen/seq-02/color/frame-000933.color.png 0.999975 0.00535659 -0.00458536 0.0205306 -0.00535283 0.999985 0.000842494 -0.00565845 0.00458982 -0.000817906 0.999989 -0.00330514 0.0 0.0 0.0 1.0
redkitchen/seq-02/color/frame-000933.color.png redkitchen/seq-02/color/frame-000936.color.png 0.999944 0.00590015 0.00875254 0.00364602 -0.00585706 0.99997 -0.00494297 0.005739 -0.00878141 0.0048914 0.999949 -0.0300304 0.0 0.0 0.0 1.0
redkitchen/seq-02/color/frame-000936.color.png redkitchen/seq-02/color/frame-000939.color.png 0.999997 -0.00236295 -0.000942448 0.0130932 0.00235904 0.999989 -0.0041137 0.0232337 0.000952108 0.00411151 0.999991 -0.0139471 0.0 0.0 0.0 1.0
redkitchen/seq-02/color/frame-000939.color.png redkitchen/seq-02/color/frame-000942.color.png 0.999895 -0.000931023 0.0144694 -0.00468028 0.00106475 0.999957 -0.00924141 0.0102267 -0.0144601 0.00925591 0.999853 -0.0342427 0.0 0.0 0.0 1.0
redkitchen/seq-02/color/frame-000942.color.png redkitchen/seq-02/color/frame-000945.color.png 0.999539 0.0113221 0.028172 0.011579 -0.0111894 0.999926 -0.00486156 -0.0077495 -0.0282249 0.00454399 0.999591 -0.0620474 0.0 0.0 0.0 1.0
redkitchen/seq-02/color/frame-000945.color.png redkitchen/seq-02/color/frame-000948.color.png 0.999369 0.0263398 0.0238354 -0.0213766 -0.0260713 0.999594 -0.0115052 -0.031057 -0.0241288 0.0108765 0.99965 -0.0390369 0.0 0.0 0.0 1.0
redkitchen/seq-02/color/frame-000948.color.png redkitchen/seq-02/color/frame-000951.color.png 0.999489 0.0280643 0.0153125 -0.0219094 -0.0273842 0.998702 -0.0429499 0.00713354 -0.016498 0.0425086 0.99896 -0.0364776 0.0 0.0 0.0 1.0
redkitchen/seq-02/color/frame-000951.color.png redkitchen/seq-02/color/frame-000954.color.png 0.999831 0.0177375 0.00476694 -0.00416446 -0.0175927 0.999428 -0.0288731 0.0122479 -0.00527639 0.0287844 0.999572 -0.0238758 0.0 0.0 0.0 1.0
redkitchen/seq-02/color/frame-000954.color.png redkitchen/seq-02/color/frame-000957.color.png 0.999646 0.0265775 0.000843179 -0.00330138 -0.0265634 0.999553 -0.0137423 -0.0160213 -0.00120813 0.0137151 0.999905 -0.027054 0.0 0.0 0.0 1.0
redkitchen/seq-02/color/frame-000957.color.png redkitchen/seq-02/color/frame-000960.color.png 0.999739 0.0215659 -0.00753709 0.000541925 -0.0216533 0.999697 -0.011707 0.00521462 0.00728246 0.0118671 0.999903 -0.00630301 0.0 0.0 0.0 1.0
redkitchen/seq-02/color/frame-000960.color.png redkitchen/seq-02/color/frame-000963.color.png 0.999895 0.00418697 -0.0138576 0.0166434 -0.00403981 0.999935 0.0106298 -0.0256822 0.0139011 -0.0105727 0.999847 0.00804096 0.0 0.0 0.0 1.0
redkitchen/seq-02/color/frame-000963.color.png redkitchen/seq-02/color/frame-000966.color.png 0.99986 0.0167086 0.000332841 -0.000678778 -0.016708 0.999859 -0.00155353 -0.00833718 -0.000358696 0.00154774 0.999999 -0.0277116 0.0 0.0 0.0 1.0
redkitchen/seq-02/color/frame-000966.color.png redkitchen/seq-02/color/frame-000969.color.png 0.999953 0.00902935 -0.00355453 -0.0129189 -0.00904725 0.999946 -0.00504204 0.0046234 0.00350878 0.00507398 0.999981 -0.0151381 0.0 0.0 0.0 1.0
redkitchen/seq-02/color/frame-000969.color.png redkitchen/seq-02/color/frame-000972.color.png 0.999875 0.00612072 -0.0145823 0.00988579 -0.00617061 0.999975 -0.00338212 -0.00948116 0.0145612 0.00347167 0.999888 -0.019021 0.0 0.0 0.0 1.0
redkitchen/seq-02/color/frame-000972.color.png redkitchen/seq-02/color/frame-000975.color.png 0.999939 0.0102505 -0.00402537 0.00392365 -0.0102468 0.999947 0.000941196 -0.0156429 0.0040349 -0.000899874 0.999991 0.00190496 0.0 0.0 0.0 1.0
redkitchen/seq-02/color/frame-000975.color.png redkitchen/seq-02/color/frame-000978.color.png 0.999927 0.00766544 -0.0093836 0.00797486 -0.00769456 0.999966 -0.00307174 -0.00106658 0.00935974 0.00314377 0.999951 -0.00746632 0.0 0.0 0.0 1.0
redkitchen/seq-02/color/frame-000978.color.png redkitchen/seq-02/color/frame-000981.color.png 0.999962 0.00731262 0.00465945 -0.0102828 -0.00720383 0.99971 -0.0229604 0.0421688 -0.00482601 0.0229259 0.999726 -0.030883 0.0 0.0 0.0 1.0
redkitchen/seq-02/color/frame-000981.color.png redkitchen/seq-02/color/frame-000984.color.png 0.999984 0.00546494 0.00141557 -0.00514591 -0.00546431 0.999985 -0.000453717 0.000102103 -0.00141806 0.000445933 0.999999 -0.0262072 0.0 0.0 0.0 1.0
redkitchen/seq-02/color/frame-000984.color.png redkitchen/seq-02/color/frame-000987.color.png 0.99992 -0.00143155 -0.0125491 0.0133609 0.00150302 0.999983 0.00569104 -0.0114793 0.0125407 -0.0057094 0.999905 0.00966802 0.0 0.0 0.0 1.0
redkitchen/seq-02/color/frame-000987.color.png redkitchen/seq-02/color/frame-000990.color.png 0.999996 0.000114665 -0.00290727 0.00369501 -9.89322e-05 0.999985 0.00540404 0.00312833 0.00290798 -0.00540371 0.999981 -0.0172713 0.0 0.0 0.0 1.0
redkitchen/seq-02/color/frame-000990.color.png redkitchen/seq-02/color/frame-000993.color.png 0.999909 -0.010403 -0.00859299 0.0158945 0.0103831 0.999943 -0.00237094 0.0340192 0.00861704 0.00228149 0.99996 -0.0151595 0.0 0.0 0.0 1.0
redkitchen/seq-02/color/frame-000993.color.png redkitchen/seq-02/color/frame-000996.color.png 0.999985 0.000997549 -0.00531988 0.00625348 -0.000980897 0.999995 0.00314565 0.010642 0.00532305 -0.00314036 0.999981 -0.00348803 0.0 0.0 0.0 1.0
redkitchen/seq-02/color/frame-000996.color.png redkitchen/seq-02/color/frame-000999.color.png 0.999981 0.00360532 -0.00492142 0.00726616 -0.00359328 0.99999 0.00244337 0.0131522 0.00493011 -0.00242566 0.999985 -0.00506812 0.0 0.0 0.0 1.0
