pumpkin/seq-03/color/frame-000000.color.png pumpkin/seq-03/color/frame-000003.color.png 1.0 0.000185177 0.00073196 0.00655229 -0.000188667 0.999989 0.00477071 0.00601647 -0.000731068 -0.00477085 0.999988 0.00225218 0.0 0.0 0.0 1.0
pumpkin/seq-03/color/frame-000003.color.png pumpkin/seq-03/color/frame-000006.color.png 0.999992 0.0039481 0.00103119 0.0150403 -0.00395772 0.999947 0.00950222 -0.00286369 -0.000993619 -0.00950622 0.999954 0.0100938 0.0 0.0 0.0 1.0
pumpkin/seq-03/color/frame-000006.color.png pumpkin/seq-03/color/frame-000009.color.png 0.999963 -0.000492855 0.00858081 -0.0114021 0.000432793 0.999975 0.00699993 -0.00689827 -0.00858404 -0.00699596 0.999939 0.00700549 0.0 0.0 0.0 1.0
pumpkin/seq-03/color/frame-000009.color.png pumpkin/seq-03/color/frame-000012.color.png 0.999919 0.00253527 -0.012477 0.0095383 -0.00227484 0.99978 0.020843 -0.00687839 0.0125271 -0.020813 0.999705 0.0138645 0.0 0.0 0.0 1.0
pumpkin/seq-03/color/frame-000012.color.png pumpkin/seq-03/color/frame-000015.color.png 0.999998 -0.00155361 -0.00158068 0.0159958 0.00157435 0.999911 0.0132121 -0.0105396 0.00156001 -0.0132146 0.999911 0.0248978 0.0 0.0 0.0 1.0
pumpkin/seq-03/color/frame-000015.color.png pumpkin/seq-03/color/frame-000018.color.png 0.999925 0.000256678 0.0122636 0.00538555 -0.000438597 0.99989 0.0148337 -0.0055807 -0.0122585 -0.014838 0.999815 0.0193914 0.0 0.0 0.0 1.0
pumpkin/seq-03/color/frame-000018.color.png pumpkin/seq-03/color/frame-000021.color.png 0.999841 -0.00021224 0.017806 0.00528437 2.32308e-05 0.999944 0.0106144 -0.00679818 -0.0178073 -0.0106123 0.999785 0.0209435 0.0 0.0 0.0 1.0
pumpkin/seq-03/color/frame-000021.color.png pumpkin/seq-03/color/frame-000024.color.png 0.999814 -0.00333098 0.018997 -0.000316586 0.00295114 0.999796 0.0199876 -0.0214546 -0.0190597 -0.0199278 0.99962 0.033404 0.0 0.0 0.0 1.0
pumpkin/seq-03/color/frame-000024.color.png pumpkin/seq-03/color/frame-000027.color.png 0.999741 -0.0075017 0.0214752 -0.0052378 0.00718205 0.999863 0.014923 -0.0156706 -0.0215842 -0.0147649 0.999658 0.0323588 0.0 0.0 0.0 1.0
pumpkin/seq-03/color/frame-000027.color.png pumpkin/seq-03/color/frame-000030.color.png 0.999804 -0.000351651 0.0198196 0.00813306 -4.52003e-05 0.9998 0.0200196 -0.0349502 -0.0198226 -0.0200165 0.999603 0.0366039 0.0 0.0 0.0 1.0
pumpkin/seq-03/color/frame-000030.color.png pumpkin/seq-03/color/frame-000033.color.png 0.9996 0.000572851 0.028282 -0.016284 -0.00129562 0.999673 0.0255443 -0.0382203 -0.0282581 -0.0255707 0.999274 0.0530147 0.0 0.0 0.0 1.0
pumpkin/seq-03/color/frame-000033.color.png pumpkin/seq-03/color/frame-000036.color.png 0.99987 0.00832509 0.0138191 -0.0017523 -0.00852679 0.999857 0.014602 -0.0261077 -0.0136955 -0.014718 0.999798 0.0366621 0.0 0.0 0.0 1.0
pumpkin/seq-03/color/frame-000036.color.png pumpkin/seq-03/color/frame-000039.color.png 0.999876 0.00399623 0.0152436 -0.00749891 -0.00424446 0.999858 0.016286 -0.0375883 -0.0151764 -0.0163486 0.999751 0.0349874 0.0 0.0 0.0 1.0
pumpkin/seq-03/color/frame-000039.color.png pumpkin/seq-03/color/frame-000042.color.png 0.999941 -0.000600215 0.0108664 -0.00509413 0.000377634 0.99979 0.0204737 -0.0292052 -0.0108764 -0.0204684 0.999731 0.0308664 0.0 0.0 0.0 1.0
pumpkin/seq-03/color/frame-000042.color.png pumpkin/seq-03/color/frame-000045.color.png 0.999921 0.0115193 0.00494065 0.0136201 -0.0116176 0.999725 0.0203523 -0.0397168 -0.00470484 -0.0204082 0.999781 0.0315127 0.0 0.0 0.0 1.0
pumpkin/seq-03/color/frame-000045.color.png pumpkin/seq-03/color/frame-000048.color.png 0.99996 0.00638427 0.00622013 0.00261715 -0.00651649 0.999748 0.0214722 -0.0404118 -0.00608153 -0.0215118 0.99975 0.0391824 0.0 0.0 0.0 1.0
pumpkin/seq-03/color/frame-000048.color.png pumpkin/seq-03/color/frame-000051.color.png 0.999924 0.0102847 0.00676498 0.00556856 -0.0104255 0.999723 0.0211204 -0.0429727 -0.00654587 -0.0211893 0.999754 0.0356233 0.0 0.0 0.0 1.0
pumpkin/seq-03/color/frame-000051.color.png pumpkin/seq-03/color/frame-000054.color.png 0.999844 0.013745 0.0110836 0.0110723 -0.0138145 0.999885 0.00621519 -0.0393161 -0.0109969 -0.00636742 0.999919 0.0362308 0.0 0.0 0.0 1.0
pumpkin/seq-03/color/frame-000054.color.png pumpkin/seq-03/color/frame-000057.color.png 0.999839 0.01547 0.00904022 0.0188129 -0.0155696 0.999818 0.0110506 -0.0291667 -0.00886765 -0.0111895 0.999898 0.0319333 0.0 0.0 0.0 1.0
pumpkin/seq-03/color/frame-000057.color.png pumpkin/seq-03/color/frame-000060.color.png 0.99979 -0.00687101 0.019323 -0.0123926 0.00654646 0.999837 0.0168095 -0.0495203 -0.0194354 -0.0166795 0.999672 0.020702 0.0 0.0 0.0 1.0
pumpkin/seq-03/color/frame-000060.color.png pumpkin/seq-03/color/frame-000063.color.png 0.999925 0.00437374 0.011485 -0.000571176 -0.00454327 0.999881 0.0147785 -0.012389 -0.011419 -0.0148296 0.999825 0.0103176 0.0 0.0 0.0 1.0
pumpkin/seq-03/color/frame-000063.color.png pumpkin/seq-03/color/frame-000066.color.png 0.999912 0.000626587 0.0132734 -0.0106133 -0.00109778 0.999368 0.0355207 -0.0600239 -0.0132427 -0.0355321 0.999281 0.021567 0.0 0.0 0.0 1.0
pumpkin/seq-03/color/frame-000066.color.png pumpkin/seq-03/color/frame-000069.color.png 0.999884 0.00895603 0.0123561 -0.00422807 -0.00925515 0.99966 0.0243655 -0.0220208 -0.0121337 -0.024477 0.999627 0.00210738 0.0 0.0 0.0 1.0
pumpkin/seq-03/color/frame-000069.color.png pumpkin/seq-03/color/frame-000072.color.png 0.999957 -0.000327048 0.0092329 -0.0185568 6.61835e-05 0.999601 0.028242 -0.0409226 -0.00923847 -0.0282401 0.999559 0.0140127 0.0 0.0 0.0 1.0
pumpkin/seq-03/color/frame-000072.color.png pumpkin/seq-03/color/frame-000075.color.png 0.999864 0.0115276 0.0117791 -0.0168807 -0.0120097 0.999057 0.0417109 -0.0742637 -0.0112872 -0.0418467 0.99906 0.0237154 0.0 0.0 0.0 1.0
pumpkin/seq-03/color/frame-000075.color.png pumpkin/seq-03/color/frame-000078.color.png 0.999893 0.0143901 0.00273594 -0.00692433 -0.0144168 0.999846 0.00998799 -0.0244771 -0.00259183 -0.0100263 0.999946 0.00781786 0.0 0.0 0.0 1.0
pumpkin/seq-03/color/frame-000078.color.png pumpkin/seq-03/color/frame-000081.color.png 0.999829 0.0174958 0.00596209 -0.0253145 -0.0176589 0.999438 0.0284955 -0.0616583 -0.00546025 -0.028596 0.999576 0.0268795 0.0 0.0 0.0 1.0
pumpkin/seq-03/color/frame-000081.color.png pumpkin/seq-03/color/frame-000084.color.png 0.999728 0.0232246 -0.00219201 -0.000580669 -0.0231609 0.999404 0.0256001 -0.0530003 0.00278534 -0.0255423 0.99967 0.00298619 0.0 0.0 0.0 1.0
pumpkin/seq-03/color/frame-000084.color.png pumpkin/seq-03/color/frame-000087.color.png 0.999789 0.0204359 -0.00206581 -0.0152713 -0.0203966 0.999638 0.0175559 -0.0417518 0.00242384 -0.01751 0.999844 0.0120373 0.0 0.0 0.0 1.0
pumpkin/seq-03/color/frame-000087.color.png pumpkin/seq-03/color/frame-000090.color.png 0.999775 0.0195855 -0.00815443 -0.00624013 -0.019488 0.99974 0.0118655 -0.0342842 0.00838467 -0.0117039 0.999896 0.0131968 0.0 0.0 0.0 1.0
pumpkin/seq-03/color/frame-000090.color.png pumpkin/seq-03/color/frame-000093.color.png 0.999856 0.0112956 -0.0127026 0.000991922 -0.0111997 0.999909 0.00759051 -0.0192304 0.0127872 -0.00744727 0.999891 -0.00897384 0.0 0.0 0.0 1.0
pumpkin/seq-03/color/frame-000093.color.png pumpkin/seq-03/color/frame-000096.color.png 0.999816 0.0121888 -0.0147744 0.001871 -0.0119283 0.999774 0.0175934 -0.0288786 0.0149854 -0.017414 0.999736 -0.00242835 0.0 0.0 0.0 1.0
pumpkin/seq-03/color/frame-000096.color.png pumpkin/seq-03/color/frame-000099.color.png 0.999914 0.011576 -0.00613892 -0.0117194 -0.0114026 0.999555 0.0275798 -0.0410008 0.00645545 -0.0275074 0.999601 0.00464565 0.0 0.0 0.0 1.0
pumpkin/seq-03/color/frame-000099.color.png pumpkin/seq-03/color/frame-000102.color.png 0.999695 0.00588193 -0.0239805 0.00946314 -0.0056561 0.999939 0.00947047 -0.00853813 0.0240348 -0.00933197 0.999668 -0.00973731 0.0 0.0 0.0 1.0
pumpkin/seq-03/color/frame-000102.color.png pumpkin/seq-03/color/frame-000105.color.png 0.999827 0.00490156 -0.0179682 0.00720108 -0.00435763 0.999535 0.0301903 -0.0459864 0.0181077 -0.0301067 0.999383 -0.0150872 0.0 0.0 0.0 1.0
pumpkin/seq-03/color/frame-000105.color.png pumpkin/seq-03/color/frame-000108.color.png 0.999312 0.0122905 -0.0349921 0.032208 -0.0120937 0.99991 0.00583096 -0.00838655 0.0350606 -0.00540384 0.999371 -0.000287056 0.0 0.0 0.0 1.0
pumpkin/seq-03/color/frame-000108.color.png pumpkin/seq-03/color/frame-000111.color.png 0.999622 0.00107894 -0.0274666 0.0187152 -0.00178631 0.999667 -0.0257423 0.0552208 0.0274297 0.0257817 0.999291 -0.00978935 0.0 0.0 0.0 1.0
pumpkin/seq-03/color/frame-000111.color.png pumpkin/seq-03/color/frame-000114.color.png 0.999405 -0.00377115 -0.0342839 0.0330282 0.0031674 0.999839 -0.0176508 0.00853765 0.034345 0.0175318 0.999256 -0.00232369 0.0 0.0 0.0 1.0
pumpkin/seq-03/color/frame-000114.color.png pumpkin/seq-03/color/frame-000117.color.png 0.999365 -0.0131104 -0.0331178 0.0105344 0.011896 0.999259 -0.0366035 0.0343788 0.0335731 0.0361862 0.998781 0.00876749 0.0 0.0 0.0 1.0
pumpkin/seq-03/color/frame-000117.color.png pumpkin/seq-03/color/frame-000120.color.png 0.998406 -0.0118792 -0.0551764 0.0685956 0.00869146 0.998299 -0.0576567 0.0906863 0.0557675 0.0570853 0.996811 -0.0145234 0.0 0.0 0.0 1.0
pumpkin/seq-03/color/frame-000120.color.png pumpkin/seq-03/color/frame-000123.color.png 0.99953 -0.00444027 -0.0303476 0.0225687 0.00380413 0.999772 -0.0209912 0.0245796 0.0304339 0.0208659 0.999319 -0.0126591 0.0 0.0 0.0 1.0
pumpkin/seq-03/color/frame-000123.color.png pumpkin/seq-03/color/frame-000126.color.png 0.999524 -0.00484204 -0.0304542 0.0398944 0.00389287 0.999507 -0.0311475 0.0568247 0.03059 0.0310141 0.999051 -0.00252575 0.0 0.0 0.0 1.0
pumpkin/seq-03/color/frame-000126.color.png pumpkin/seq-03/color/frame-000129.color.png 0.99977 0.00182766 -0.0213555 0.00462607 -0.00232804 0.999723 -0.0234304 0.0190508 0.0213067 0.0234749 0.999497 -0.0194142 0.0 0.0 0.0 1.0
pumpkin/seq-03/color/frame-000129.color.png pumpkin/seq-03/color/frame-000132.color.png 0.999564 -0.0102681 -0.0276697 0.0230561 0.00959115 0.999654 -0.0244896 0.0344309 0.0279116 0.0242135 0.999317 -0.000678539 0.0 0.0 0.0 1.0
pumpkin/seq-03/color/frame-000132.color.png pumpkin/seq-03/color/frame-000135.color.png 0.999575 -0.0220135 -0.0190846 -0.0106133 0.021459 0.999355 -0.028791 0.033392 0.0197061 0.0283693 0.999403 -0.005292 0.0 0.0 0.0 1.0
pumpkin/seq-03/color/frame-000135.color.png pumpkin/seq-03/color/frame-000138.color.png 0.999417 -0.0211031 -0.0268297 0.0165124 0.0204489 0.999492 -0.024428 0.034682 0.0273316 0.0238651 0.999342 -0.00440907 0.0 0.0 0.0 1.0
pumpkin/seq-03/color/frame-000138.color.png pumpkin/seq-03/color/frame-000141.color.png 0.999247 -0.0271131 -0.0277554 0.0264679 0.025871 0.998689 -0.0441739 0.0405819 0.0289167 0.0434225 0.998638 0.00302464 0.0 0.0 0.0 1.0
pumpkin/seq-03/color/frame-000141.color.png pumpkin/seq-03/color/frame-000144.color.png 0.999544 -0.0260682 -0.0152518 0.00419639 0.0252811 0.998444 -0.0497035 0.0566667 0.0165237 0.0492953 0.998648 -0.00250635 0.0 0.0 0.0 1.0
pumpkin/seq-03/color/frame-000144.color.png pumpkin/seq-03/color/frame-000147.color.png 0.999871 -0.0143867 -0.00720966 0.000858381 0.01422 0.999642 -0.0226583 0.0124821 0.00753307 0.0225529 0.999717 -0.00693917 0.0 0.0 0.0 1.0
pumpkin/seq-03/color/frame-000147.color.png pumpkin/seq-03/color/frame-000150.color.png 0.999737 -0.0221389 -0.00600879 -0.00319689 0.0218134 0.998527 -0.049684 0.05403 0.00709988 0.0495399 0.998747 -0.000588179 0.0 0.0 0.0 1.0
pumpkin/seq-03/color/frame-000150.color.png pumpkin/seq-03/color/frame-000153.color.png 0.999857 -0.0146785 -0.00841761 -0.000873081 0.0143917 0.999346 -0.0331712 0.0201711 0.00889906 0.0330453 0.999414 -0.00740084 0.0 0.0 0.0 1.0
pumpkin/seq-03/color/frame-000153.color.png pumpkin/seq-03/color/frame-000156.color.png 0.999912 -0.0130381 -0.00233531 -0.0210669 0.0129934 0.99975 -0.0182048 0.00638482 0.00257204 0.0181728 0.999832 -0.00715888 0.0 0.0 0.0 1.0
pumpkin/seq-03/color/frame-000156.color.png pumpkin/seq-03/color/frame-000159.color.png 0.999916 -0.00841628 -0.00986086 -0.00324428 0.00819899 0.999727 -0.0218754 0.0232188 0.0100423 0.0217928 0.999712 -0.0103386 0.0 0.0 0.0 1.0
pumpkin/seq-03/color/frame-000159.color.png pumpkin/seq-03/color/frame-000162.color.png 0.99979 -0.0109807 -0.0172722 -0.00143443 0.0107334 0.99984 -0.0143389 0.00554723 0.0174269 0.0141506 0.999748 -0.0187632 0.0 0.0 0.0 1.0
pumpkin/seq-03/color/frame-000162.color.png pumpkin/seq-03/color/frame-000165.color.png 0.999819 -0.00455527 -0.0184699 -0.00188198 0.00447134 0.99998 -0.00458459 0.0100856 0.0184904 0.00450117 0.999819 -0.023451 0.0 0.0 0.0 1.0
pumpkin/seq-03/color/frame-000165.color.png pumpkin/seq-03/color/frame-000168.color.png 0.999483 0.00202801 -0.0320814 0.0199389 -0.0018519 0.999983 0.005518 0.00391901 0.0320921 -0.00545573 0.99947 -0.015467 0.0 0.0 0.0 1.0
pumpkin/seq-03/color/frame-000168.color.png pumpkin/seq-03/color/frame-000171.color.png 0.999945 0.00636671 -0.00833449 -0.0197428 -0.00633579 0.999973 0.00372555 0.0208007 0.008358 -0.00367255 0.999958 -0.0338844 0.0 0.0 0.0 1.0
pumpkin/seq-03/color/frame-000171.color.png pumpkin/seq-03/color/frame-000174.color.png 0.999261 0.00414706 -0.0382115 0.0151172 -0.00370075 0.999924 0.011745 4.64916e-06 0.0382574 -0.011595 0.999201 -0.0162254 0.0 0.0 0.0 1.0
pumpkin/seq-03/color/frame-000174.color.png pumpkin/seq-03/color/frame-000177.color.png 0.999889 0.00188585 -0.0147452 -0.0187676 -0.00192938 0.999994 -0.00294218 0.0441548 0.0147395 0.00297032 0.999887 -0.0117537 0.0 0.0 0.0 1.0
pumpkin/seq-03/color/frame-000177.color.png pumpkin/seq-03/color/frame-000180.color.png 0.999909 -0.00303133 -0.0131437 -0.0123521 0.00313576 0.999963 0.00793606 0.00526991 0.0131191 -0.00797656 0.999882 -0.0206544 0.0 0.0 0.0 1.0
pumpkin/seq-03/color/frame-000180.color.png pumpkin/seq-03/color/frame-000183.color.png 0.999557 -1.41549e-05 -0.0297803 0.00750134 6.7569e-05 0.999999 0.00179228 0.00434375 0.0297803 -0.0017935 0.999555 -0.00308582 0.0 0.0 0.0 1.0
pumpkin/seq-03/color/frame-000183.color.png pumpkin/seq-03/color/frame-000186.color.png 0.999081 0.0035478 -0.0427029 0.0371655 -0.00370798 0.999986 -0.00367288 0.0076015 0.0426892 0.00382785 0.999081 -0.000698254 0.0 0.0 0.0 1.0
pumpkin/seq-03/color/frame-000186.color.png pumpkin/seq-03/color/frame-000189.color.png 0.999186 0.00569835 -0.0399339 0.00527391 -0.00527314 0.999929 0.0107439 -0.0127193 0.0399923 -0.0105246 0.999145 -0.0262911 0.0 0.0 0.0 1.0
pumpkin/seq-03/color/frame-000189.color.png pumpkin/seq-03/color/frame-000192.color.png 0.998462 0.0195175 -0.0518819 0.0377688 -0.0186153 0.999668 0.0178172 -0.0125448 0.0522124 -0.016824 0.998494 -0.0172944 0.0 0.0 0.0 1.0
pumpkin/seq-03/color/frame-000192.color.png pumpkin/seq-03/color/frame-000195.color.png 0.998198 0.0152013 -0.0580475 0.0445386 -0.0144625 0.999809 0.0131253 0.00725216 0.058236 -0.0122621 0.998227 -0.0180878 0.0 0.0 0.0 1.0
pumpkin/seq-03/color/frame-000195.color.png pumpkin/seq-03/color/frame-000198.color.png 0.997393 0.0184771 -0.0697586 0.0442703 -0.0167619 0.999545 0.0250938 0.00414717 0.0701905 -0.0238591 0.997248 -0.0109202 0.0 0.0 0.0 1.0
pumpkin/seq-03/color/frame-000198.color.png pumpkin/seq-03/color/frame-000201.color.png 0.996521 0.0250782 -0.0794831 0.0343875 -0.0239988 0.999607 0.0145066 0.0269248 0.0798158 -0.0125486 0.996731 -0.00622052 0.0 0.0 0.0 1.0
pumpkin/seq-03/color/frame-000201.color.png pumpkin/seq-03/color/frame-000204.color.png 0.997036 0.0171141 -0.0750151 0.0249689 -0.0155057 0.999638 0.0219719 0.0133277 0.0753641 -0.0207435 0.99694 -0.0134416 0.0 0.0 0.0 1.0
pumpkin/seq-03/color/frame-000204.color.png pumpkin/seq-03/color/frame-000207.color.png 0.998241 0.0343727 -0.0482995 0.0134779 -0.0335526 0.99928 0.0176886 -0.0190208 0.0488726 -0.016037 0.998676 -0.00207593 0.0 0.0 0.0 1.0
pumpkin/seq-03/color/frame-000207.color.png pumpkin/seq-03/color/frame-000210.color.png 0.998402 0.0233362 -0.051474 0.0420207 -0.0223373 0.999553 0.0198961 0.00319442 0.0519154 -0.0187145 0.998476 0.0250355 0.0 0.0 0.0 1.0
pumpkin/seq-03/color/frame-000210.color.png pumpkin/seq-03/color/frame-000213.color.png 0.999737 0.022758 0.0029013 -0.00739922 -0.0228486 0.999075 0.0364416 0.00898102 -0.00206924 -0.0364982 0.999332 0.0159622 0.0 0.0 0.0 1.0
pumpkin/seq-03/color/frame-000213.color.png pumpkin/seq-03/color/frame-000216.color.png 0.999497 0.0308595 0.00724575 0.00975228 -0.0312597 0.997469 0.0638653 -0.0173144 -0.00525673 -0.0640598 0.997932 0.0225824 0.0 0.0 0.0 1.0
pumpkin/seq-03/color/frame-000216.color.png pumpkin/seq-03/color/frame-000219.color.png 0.999868 0.00408152 -0.0157503 0.0770304 -0.00344861 0.999193 0.0400086 -0.0100644 0.0159008 -0.039949 0.999075 0.0770844 0.0 0.0 0.0 1.0
pumpkin/seq-03/color/frame-000219.color.png pumpkin/seq-03/color/frame-000222.color.png 0.999947 -0.00367762 0.0096158 0.00177086 0.00350371 0.999831 0.0180428 -0.00465611 -0.00968039 -0.0180081 0.999791 0.0309308 0.0 0.0 0.0 1.0
pumpkin/seq-03/color/frame-000222.color.png pumpkin/seq-03/color/frame-000225.color.png 0.999976 -0.00687993 0.000488549 4.78253e-05 0.00687696 0.999961 0.00553195 -0.00404271 -0.000526566 -0.00552852 0.999985 0.0287285 0.0 0.0 0.0 1.0
pumpkin/seq-03/color/frame-000225.color.png pumpkin/seq-03/color/frame-000228.color.png 0.999967 -0.00751492 0.00301014 0.00553293 0.00754313 0.999927 -0.00943986 -0.0227835 -0.00293902 0.00946226 0.999951 0.0457591 0.0 0.0 0.0 1.0
pumpkin/seq-03/color/frame-000228.color.png pumpkin/seq-03/color/frame-000231.color.png 0.99907 -0.0393642 0.0175724 0.025532 0.0401797 0.998002 -0.0487637 0.0690523 -0.0156177 0.0494245 0.998656 0.0581557 0.0 0.0 0.0 1.0
pumpkin/seq-03/color/frame-000231.color.png pumpkin/seq-03/color/frame-000234.color.png 0.999561 -0.0205713 0.0213069 -0.0133038 0.0211732 0.999372 -0.0284183 0.0267546 -0.0207089 0.028857 0.999369 0.0368937 0.0 0.0 0.0 1.0
pumpkin/seq-03/color/frame-000234.color.png pumpkin/seq-03/color/frame-000237.color.png 0.999529 -0.0189451 0.0241608 -0.00187409 0.0192555 0.999734 -0.0126796 -0.0128302 -0.0239141 0.0131388 0.999628 0.0395077 0.0 0.0 0.0 1.0
pumpkin/seq-03/color/frame-000237.color.png pumpkin/seq-03/color/frame-000240.color.png 0.996416 -0.0200191 0.0821861 -0.0785568 0.0236145 0.998795 -0.0430095 0.0315824 -0.0812261 0.0447962 0.995689 -0.00586671 0.0 0.0 0.0 1.0
pumpkin/seq-03/color/frame-000240.color.png pumpkin/seq-03/color/frame-000243.color.png 0.998674 -0.0113593 0.0502117 -0.0275297 0.0130091 0.999382 -0.0326534 -0.00131449 -0.0498098 0.0332633 0.998205 0.0273666 0.0 0.0 0.0 1.0
pumpkin/seq-03/color/frame-000243.color.png pumpkin/seq-03/color/frame-000246.color.png 0.998994 -0.014266 0.0425212 -0.00644435 0.0159455 0.999095 -0.0394217 -0.00297946 -0.0419205 0.0400601 0.998318 0.0470018 0.0 0.0 0.0 1.0
pumpkin/seq-03/color/frame-000246.color.png pumpkin/seq-03/color/frame-000249.color.png 0.999534 -0.0122409 0.0279801 0.0105433 0.0132311 0.999283 -0.0354843 -0.019672 -0.0275256 0.035838 0.998978 0.0699838 0.0 0.0 0.0 1.0
pumpkin/seq-03/color/frame-000249.color.png pumpkin/seq-03/color/frame-000252.color.png 0.99819 -0.0117655 0.05897 -0.0565695 0.0145273 0.998807 -0.0466259 -0.00338906 -0.058351 0.0473982 0.99717 0.0453848 0.0 0.0 0.0 1.0
pumpkin/seq-03/color/frame-000252.color.png pumpkin/seq-03/color/frame-000255.color.png 0.999936 -0.00549303 -0.00989492 0.0520344 0.0052784 0.999753 -0.0215845 0.00215107 0.0100111 0.0215309 0.999718 0.0956303 0.0 0.0 0.0 1.0
pumpkin/seq-03/color/frame-000255.color.png pumpkin/seq-03/color/frame-000258.color.png 0.999775 -0.0112049 0.0180161 -0.0253941 0.0117266 0.999507 -0.0291127 -0.00555858 -0.0176811 0.0293174 0.999414 0.0444663 0.0 0.0 0.0 1.0
pumpkin/seq-03/color/frame-000258.color.png pumpkin/seq-03/color/frame-000261.color.png 0.999295 -0.0130059 0.0352248 -0.0450492 0.0142582 0.999267 -0.0355378 0.0289901 -0.0347368 0.036015 0.998747 0.0419834 0.0 0.0 0.0 1.0
pumpkin/seq-03/color/frame-000261.color.png pumpkin/seq-03/color/frame-000264.color.png 0.998328 -0.0174655 0.0550953 -0.0657481 0.0192532 0.9993 -0.0320853 -0.00570098 -0.0544963 0.0330924 0.997965 0.0431756 0.0 0.0 0.0 1.0
pumpkin/seq-03/color/frame-000264.color.png pumpkin/seq-03/color/frame-000267.color.png 0.999084 -0.0268394 0.0333347 -0.0227497 0.0273251 0.999526 -0.0142008 -0.038976 -0.0329378 0.0150986 0.999343 0.0542547 0.0 0.0 0.0 1.0
pumpkin/seq-03/color/frame-000267.color.png pumpkin/seq-03/color/frame-000270.color.png 0.99706 -0.0212149 0.0736244 -0.147302 0.0230917 0.999427 -0.0247344 0.0357382 -0.0730575 0.0263618 0.996979 0.0305561 0.0 0.0 0.0 1.0
pumpkin/seq-03/color/frame-000270.color.png pumpkin/seq-03/color/frame-000273.color.png 0.998976 -0.0256019 0.0373038 -0.0420219 0.0261094 0.999572 -0.0131805 -0.00594443 -0.0369505 0.0141409 0.999217 0.050052 0.0 0.0 0.0 1.0
pumpkin/seq-03/color/frame-000273.color.png pumpkin/seq-03/color/frame-000276.color.png 0.998707 -0.0116474 0.0494802 -0.0636929 0.0122604 0.999852 -0.0121015 -0.00147673 -0.0493319 0.0126925 0.998702 0.021673 0.0 0.0 0.0 1.0
pumpkin/seq-03/color/frame-000276.color.png pumpkin/seq-03/color/frame-000279.color.png 0.998699 -0.0125495 0.0494153 -0.072802 0.0126616 0.999918 -0.0019569 -0.00318998 -0.0493867 0.00258002 0.998776 0.0143819 0.0 0.0 0.0 1.0
pumpkin/seq-03/color/frame-000279.color.png pumpkin/seq-03/color/frame-000282.color.png 0.999417 -0.00462127 0.0338256 -0.0306979 0.00473562 0.999983 -0.00330149 -0.0109855 -0.0338098 0.00345974 0.999422 0.0168666 0.0 0.0 0.0 1.0
pumpkin/seq-03/color/frame-000282.color.png pumpkin/seq-03/color/frame-000285.color.png 0.998771 -0.0095779 0.0486243 -0.0768128 0.00915101 0.999918 0.00899435 -0.0233848 -0.0487064 -0.0085383 0.998777 -0.006872 0.0 0.0 0.0 1.0
pumpkin/seq-03/color/frame-000285.color.png pumpkin/seq-03/color/frame-000288.color.png 0.999375 -0.0123602 0.0331348 -0.0414971 0.0123936 0.999923 -0.000801658 -0.00174904 -0.0331224 0.00121182 0.999451 -0.00165701 0.0 0.0 0.0 1.0
pumpkin/seq-03/color/frame-000288.color.png pumpkin/seq-03/color/frame-000291.color.png 0.999318 -0.00786298 0.0360692 -0.0358292 0.00800148 0.999961 -0.00369672 -0.00894952 -0.0360387 0.00398276 0.999343 -0.0045408 0.0 0.0 0.0 1.0
pumpkin/seq-03/color/frame-000291.color.png pumpkin/seq-03/color/frame-000294.color.png 0.998725 -0.0140216 0.0484869 -0.0534513 0.0154391 0.999461 -0.0289835 0.0461529 -0.0480544 0.0296951 0.998403 0.00110281 0.0 0.0 0.0 1.0
pumpkin/seq-03/color/frame-000294.color.png pumpkin/seq-03/color/frame-000297.color.png 0.999207 -0.00256457 0.0397303 -0.041326 0.00331787 0.999816 -0.0189055 0.0241292 -0.0396745 0.0190224 0.999032 -0.0113332 0.0 0.0 0.0 1.0
pumpkin/seq-03/color/frame-000297.color.png pumpkin/seq-03/color/frame-000300.color.png 0.999272 -0.00924058 0.0370049 -0.0505448 0.0100524 0.999712 -0.0218122 0.0262889 -0.0367926 0.0221683 0.999077 -0.00456351 0.0 0.0 0.0 1.0
pumpkin/seq-03/color/frame-000300.color.png pumpkin/seq-03/color/frame-000303.color.png 0.999414 0.00137906 0.0341898 -0.0325437 -0.00087345 0.99989 -0.0147985 0.00873512 -0.0342065 0.01476 0.999306 -0.00359291 0.0 0.0 0.0 1.0
pumpkin/seq-03/color/frame-000303.color.png pumpkin/seq-03/color/frame-000306.color.png 0.999739 0.0017989 0.0227968 -0.0276365 -0.00100679 0.999397 -0.0347107 0.0360102 -0.0228454 0.0346787 0.999137 0.00555515 0.0 0.0 0.0 1.0
pumpkin/seq-03/color/frame-000306.color.png pumpkin/seq-03/color/frame-000309.color.png 0.999906 0.00510684 0.0126947 -0.00934301 -0.00469335 0.999464 -0.0323922 0.0327927 -0.0128532 0.0323296 0.999395 -0.00705653 0.0 0.0 0.0 1.0
pumpkin/seq-03/color/frame-000309.color.png pumpkin/seq-03/color/frame-000312.color.png 0.999952 0.00974751 0.0011658 0.00444716 -0.00971527 0.99964 -0.0250279 0.0195706 -0.00140933 0.0250154 0.999686 -0.00289023 0.0 0.0 0.0 1.0
pumpkin/seq-03/color/frame-000312.color.png pumpkin/seq-03/color/frame-000315.color.png 0.999639 0.00421586 0.0265263 -0.0609324 -0.00352323 0.999653 -0.026104 -0.00792977 -0.0266271 0.0260011 0.999307 -0.00286126 0.0 0.0 0.0 1.0
pumpkin/seq-03/color/frame-000315.color.png pumpkin/seq-03/color/frame-000318.color.png 0.999929 0.0102288 0.00618458 -0.000747524 -0.0100662 0.999617 -0.0257689 0.0166968 -0.00644583 0.0257048 0.999649 -0.00841224 0.0 0.0 0.0 1.0
pumpkin/seq-03/color/frame-000318.color.png pumpkin/seq-03/color/frame-000321.color.png 0.999977 -0.000508404 0.00666874 -0.0163715 0.000674429 0.999689 -0.0249153 0.0189484 -0.00665396 0.0249192 0.999667 0.005436 0.0 0.0 0.0 1.0
pumpkin/seq-03/color/frame-000321.color.png pumpkin/seq-03/color/frame-000324.color.png 0.999996 0.000948225 -0.00280274 0.00219303 -0.00102132 0.999657 -0.0261805 0.0202351 0.00277695 0.0261832 0.999653 -0.00317109 0.0 0.0 0.0 1.0
pumpkin/seq-03/color/frame-000324.color.png pumpkin/seq-03/color/frame-000327.color.png 0.999996 0.00272274 -0.0012328 -0.000296317 -0.0027438 0.999844 -0.0174279 0.0175141 0.00118518 0.0174313 0.999847 0.00679791 0.0 0.0 0.0 1.0
pumpkin/seq-03/color/frame-000327.color.png pumpkin/seq-03/color/frame-000330.color.png 0.999984 0.00571772 0.000114433 0.00147614 -0.00571381 0.99974 -0.0220639 0.0125626 -0.000240565 0.0220629 0.999757 0.00418901 0.0 0.0 0.0 1.0
pumpkin/seq-03/color/frame-000330.color.png pumpkin/seq-03/color/frame-000333.color.png 0.99976 0.00418002 0.021507 -0.0320728 -0.00379204 0.99983 -0.0180492 0.00237912 -0.0215788 0.0179632 0.999606 0.0134939 0.0 0.0 0.0 1.0
pumpkin/seq-03/color/frame-000333.color.png pumpkin/seq-03/color/frame-000336.color.png 0.999808 -0.0126965 0.0149348 0.0046809 0.0128939 0.99983 -0.0131951 0.0145691 -0.0147647 0.0133852 0.999801 -0.0232869 0.0 0.0 0.0 1.0
pumpkin/seq-03/color/frame-000336.color.png pumpkin/seq-03/color/frame-000339.color.png 0.999782 -0.0153889 0.0141393 -0.00629649 0.0153398 0.999876 0.00357429 0.00867057 -0.0141926 -0.00335651 0.999894 -0.0151668 0.0 0.0 0.0 1.0
pumpkin/seq-03/color/frame-000339.color.png pumpkin/seq-03/color/frame-000342.color.png 0.999739 -0.0216368 0.00727218 0.0134392 0.0215348 0.999672 0.0138228 -0.00484362 -0.00756892 -0.0136627 0.999878 -0.0256292 0.0 0.0 0.0 1.0
pumpkin/seq-03/color/frame-000342.color.png pumpkin/seq-03/color/frame-000345.color.png 0.999938 0.0030557 0.0107269 0.00422536 -0.00336153 0.999585 0.0286094 -0.0278749 -0.010635 -0.0286437 0.999533 0.00638986 0.0 0.0 0.0 1.0
pumpkin/seq-03/color/frame-000345.color.png pumpkin/seq-03/color/frame-000348.color.png 0.999977 0.00644678 0.00207942 0.0138716 -0.00646845 0.999923 0.0105819 0.000446677 -0.00201108 -0.0105951 0.999942 0.0125142 0.0 0.0 0.0 1.0
pumpkin/seq-03/color/frame-000348.color.png pumpkin/seq-03/color/frame-000351.color.png 0.999747 0.0223975 0.00191674 0.0439772 -0.0224603 0.998775 0.0440831 -0.0287503 -0.000926958 -0.044115 0.999026 0.0133738 0.0 0.0 0.0 1.0
pumpkin/seq-03/color/frame-000351.color.png pumpkin/seq-03/color/frame-000354.color.png 0.999799 0.0168598 0.0108414 0.0167198 -0.0174069 0.998468 0.0525183 -0.0585233 -0.0099393 -0.0526965 0.998561 0.00789696 0.0 0.0 0.0 1.0
pumpkin/seq-03/color/frame-000354.color.png pumpkin/seq-03/color/frame-000357.color.png 0.999775 0.0211459 -0.0015611 0.0454226 -0.0210297 0.998296 0.0544356 -0.0564787 0.00270941 -0.0543905 0.998516 -0.00922263 0.0 0.0 0.0 1.0
pumpkin/seq-03/color/frame-000357.color.png pumpkin/seq-03/color/frame-000360.color.png 0.999751 0.0218616 -0.00441429 0.0554795 -0.0216752 0.99902 0.038599 -0.0301206 0.0052539 -0.0384938 0.999245 -0.00184327 0.0 0.0 0.0 1.0
pumpkin/seq-03/color/frame-000360.color.png pumpkin/seq-03/color/frame-000363.color.png 0.999973 0.00722805 -0.00167024 0.0124853 -0.00715085 0.999078 0.0423387 -0.0496677 0.00197472 -0.0423255 0.999102 0.0191984 0.0 0.0 0.0 1.0
pumpkin/seq-03/color/frame-000363.color.png pumpkin/seq-03/color/frame-000366.color.png 0.999873 0.000634961 -0.0159374 0.0455052 -0.000338149 0.999827 0.0186189 -0.00788069 0.0159464 -0.0186111 0.9997 -0.0121827 0.0 0.0 0.0 1.0
pumpkin/seq-03/color/frame-000366.color.png pumpkin/seq-03/color/frame-000369.color.png 0.999954 -0.00111672 -0.00952261 0.0337217 0.00137062 0.999643 0.0266982 -0.0265754 0.00948936 -0.02671 0.999598 -0.00392807 0.0 0.0 0.0 1.0
pumpkin/seq-03/color/frame-000369.color.png pumpkin/seq-03/color/frame-000372.color.png 0.999972 0.00206112 -0.00721468 0.0249315 -0.00189411 0.999732 0.023077 -0.0218245 0.00726034 -0.0230627 0.999708 -0.000204384 0.0 0.0 0.0 1.0
pumpkin/seq-03/color/frame-000372.color.png pumpkin/seq-03/color/frame-000375.color.png 0.999814 0.00403075 -0.0188471 0.0575307 -0.00370306 0.999842 0.0173902 -0.0108912 0.0189141 -0.0173172 0.999671 -0.02698 0.0 0.0 0.0 1.0
pumpkin/seq-03/color/frame-000375.color.png pumpkin/seq-03/color/frame-000378.color.png 0.999827 0.000587141 -0.0185811 0.0385389 -0.000212718 0.999797 0.020145 -0.0165185 0.0185892 -0.0201376 0.999624 -0.0278018 0.0 0.0 0.0 1.0
pumpkin/seq-03/color/frame-000378.color.png pumpkin/seq-03/color/frame-000381.color.png 0.999014 0.0131492 -0.0424095 0.0868039 -0.0108202 0.998445 0.05469 -0.0495344 0.0430626 -0.0541772 0.997602 -0.0585544 0.0 0.0 0.0 1.0
pumpkin/seq-03/color/frame-000381.color.png pumpkin/seq-03/color/frame-000384.color.png 0.99933 0.00375561 -0.0364215 0.0589696 -0.00254918 0.999448 0.0331124 -0.0125492 0.0365258 -0.0329974 0.998788 -0.0407878 0.0 0.0 0.0 1.0
pumpkin/seq-03/color/frame-000384.color.png pumpkin/seq-03/color/frame-000387.color.png 0.99918 -0.0121081 -0.038632 0.0445481 0.0132889 0.999448 0.0304555 -0.0251848 0.0382419 -0.0309439 0.998789 -0.0395384 0.0 0.0 0.0 1.0
pumpkin/seq-03/color/frame-000387.color.png pumpkin/seq-03/color/frame-000390.color.png 0.999597 -0.00765868 -0.0273341 0.0409312 0.00784849 0.999946 0.00684372 0.00987136 0.0272802 -0.00705549 0.999603 -0.0281276 0.0 0.0 0.0 1.0
pumpkin/seq-03/color/frame-000390.color.png pumpkin/seq-03/color/frame-000393.color.png 0.999583 -0.0220551 -0.0186347 0.00700289 0.0222692 0.999688 0.0113598 0.0011434 0.0183783 -0.01177 0.999762 -0.0153751 0.0 0.0 0.0 1.0
pumpkin/seq-03/color/frame-000393.color.png pumpkin/seq-03/color/frame-000396.color.png 0.999528 -0.0107807 -0.028764 0.037726 0.0111367 0.999863 0.0122432 -0.00147209 0.0286281 -0.0125578 0.999511 -0.031656 0.0 0.0 0.0 1.0
pumpkin/seq-03/color/frame-000396.color.png pumpkin/seq-03/color/frame-000399.color.png 0.998453 0.00385814 -0.0554689 0.10669 -0.00277554 0.999804 0.0195801 -0.00756285 0.0555336 -0.0193959 0.998268 -0.0290948 0.0 0.0 0.0 1.0
pumpkin/seq-03/color/frame-000399.color.png pumpkin/seq-03/color/frame-000402.color.png 0.999698 0.00881452 -0.0229608 0.0223109 -0.0083098 0.999724 0.0219862 -0.00589678 0.0231483 -0.0217888 0.999495 -0.0268728 0.0 0.0 0.0 1.0
pumpkin/seq-03/color/frame-000402.color.png pumpkin/seq-03/color/frame-000405.color.png 0.999517 0.015852 -0.0267173 0.0312238 -0.0153409 0.999698 0.0192271 0.00159293 0.027014 -0.0188079 0.999458 -0.030827 0.0 0.0 0.0 1.0
pumpkin/seq-03/color/frame-000405.color.png pumpkin/seq-03/color/frame-000408.color.png 0.999527 0.0181739 -0.0248014 0.0311601 -0.0176411 0.999612 0.0215376 -0.00118002 0.0251832 -0.0210899 0.99946 -0.0342956 0.0 0.0 0.0 1.0
pumpkin/seq-03/color/frame-000408.color.png pumpkin/seq-03/color/frame-000411.color.png 0.999854 0.0114026 -0.0127421 0.00858456 -0.0110744 0.999613 0.0255322 -0.0140292 0.0130283 -0.0253874 0.999593 -0.0295064 0.0 0.0 0.0 1.0
pumpkin/seq-03/color/frame-000411.color.png pumpkin/seq-03/color/frame-000414.color.png 0.999849 0.00891402 -0.0148872 0.00543278 -0.00854517 0.99966 0.0246562 -0.0120313 0.0151019 -0.0245253 0.999585 -0.0353688 0.0 0.0 0.0 1.0
pumpkin/seq-03/color/frame-000414.color.png pumpkin/seq-03/color/frame-000417.color.png 0.999731 0.00664032 -0.0222412 0.0301161 -0.00641114 0.999926 0.0103593 0.0223957 0.0223084 -0.0102139 0.999699 -0.0248804 0.0 0.0 0.0 1.0
pumpkin/seq-03/color/frame-000417.color.png pumpkin/seq-03/color/frame-000420.color.png 0.999955 0.000567742 -0.00943937 -0.00254887 -0.000294715 0.999582 0.028909 -0.0185742 0.00945183 -0.0289049 0.999537 -0.0343167 0.0 0.0 0.0 1.0
pumpkin/seq-03/color/frame-000420.color.png pumpkin/seq-03/color/frame-000423.color.png 0.999859 -0.0075627 -0.014982 0.010481 0.00779485 0.999849 0.0154987 -0.0139904 0.0148626 -0.0156133 0.999768 -0.0272531 0.0 0.0 0.0 1.0
pumpkin/seq-03/color/frame-000423.color.png pumpkin/seq-03/color/frame-000426.color.png 0.999896 0.00460806 -0.0136342 0.0182322 -0.00446346 0.999934 0.0106148 -0.00231561 0.0136821 -0.0105529 0.999851 -0.0191478 0.0 0.0 0.0 1.0
pumpkin/seq-03/color/frame-000426.color.png pumpkin/seq-03/color/frame-000429.color.png 0.999961 0.000949553 -0.00877125 0.0143245 -0.000893352 0.999979 0.00640858 -0.00276244 0.00877719 -0.00640049 0.999941 -0.0231761 0.0 0.0 0.0 1.0
pumpkin/seq-03/color/frame-000429.color.png pumpkin/seq-03/color/frame-000432.color.png 0.999881 0.0132038 -0.00798542 0.0250182 -0.0131345 0.999876 0.00866857 0.00349486 0.00809891 -0.00856267 0.999931 -0.0140531 0.0 0.0 0.0 1.0
pumpkin/seq-03/color/frame-000432.color.png pumpkin/seq-03/color/frame-000435.color.png 0.999887 0.0136009 -0.00632485 0.0270399 -0.0135349 0.999855 0.010365 -0.00770438 0.00646493 -0.0102783 0.999926 -0.0268789 0.0 0.0 0.0 1.0
pumpkin/seq-03/color/frame-000435.color.png pumpkin/seq-03/color/frame-000438.color.png 0.999896 0.0122658 -0.0075937 0.0286831 -0.0122252 0.999911 0.00536858 0.00206 0.00765883 -0.00527519 0.999957 -0.0197101 0.0 0.0 0.0 1.0
pumpkin/seq-03/color/frame-000438.color.png pumpkin/seq-03/color/frame-000441.color.png 0.999854 0.00255637 -0.0168963 0.049378 -0.0027303 0.999943 -0.0102765 0.0117681 0.0168691 0.0103212 0.999804 -0.012596 0.0 0.0 0.0 1.0
pumpkin/seq-03/color/frame-000441.color.png pumpkin/seq-03/color/frame-000444.color.png 0.999869 0.00251519 -0.0159779 0.052693 -0.00251033 0.999997 0.000325196 0.00827834 0.0159786 -0.000285033 0.999872 -0.0248508 0.0 0.0 0.0 1.0
pumpkin/seq-03/color/frame-000444.color.png pumpkin/seq-03/color/frame-000447.color.png 0.999747 0.00626191 -0.0216041 0.0557462 -0.00621981 0.999979 0.00201274 -0.00582388 0.0216162 -0.00187785 0.999765 -0.0246849 0.0 0.0 0.0 1.0
pumpkin/seq-03/color/frame-000447.color.png pumpkin/seq-03/color/frame-000450.color.png 0.999658 -0.00303597 -0.0259702 0.0508806 0.00322498 0.999969 0.00723859 -0.00434735 0.0259474 -0.00731984 0.999636 -0.0304607 0.0 0.0 0.0 1.0
pumpkin/seq-03/color/frame-000450.color.png pumpkin/seq-03/color/frame-000453.color.png 0.99939 0.00391297 -0.0347035 0.0634124 -0.00364893 0.999964 0.00766863 -0.0071809 0.0347323 -0.00753736 0.999368 -0.0237123 0.0 0.0 0.0 1.0
pumpkin/seq-03/color/frame-000453.color.png pumpkin/seq-03/color/frame-000456.color.png 0.999242 0.00537191 -0.0385494 0.0666391 -0.0050211 0.999945 0.00919172 0.00126824 0.0385966 -0.00899115 0.999215 -0.0352572 0.0 0.0 0.0 1.0
pumpkin/seq-03/color/frame-000456.color.png pumpkin/seq-03/color/frame-000459.color.png 0.99966 0.00234713 -0.0259844 0.0392335 -0.0022792 0.999994 0.0026438 0.00446987 0.0259905 -0.00258369 0.999659 -0.0234169 0.0 0.0 0.0 1.0
pumpkin/seq-03/color/frame-000459.color.png pumpkin/seq-03/color/frame-000462.color.png 0.999533 0.00987965 -0.0289077 0.0463421 -0.00978506 0.999946 0.00341142 -0.0145236 0.0289398 -0.00312701 0.999576 -0.0210305 0.0 0.0 0.0 1.0
pumpkin/seq-03/color/frame-000462.color.png pumpkin/seq-03/color/frame-000465.color.png 0.999618 0.0122756 -0.0247752 0.0421097 -0.0123496 0.99992 -0.00283841 0.0137136 0.0247384 0.00314339 0.999689 -0.00243664 0.0 0.0 0.0 1.0
pumpkin/seq-03/color/frame-000465.color.png pumpkin/seq-03/color/frame-000468.color.png 0.999543 0.00489687 -0.0298409 0.0354252 -0.00511876 0.99996 -0.00736459 -0.016348 0.0298036 0.00751387 0.999527 -0.0104837 0.0 0.0 0.0 1.0
pumpkin/seq-03/color/frame-000468.color.png pumpkin/seq-03/color/frame-000471.color.png 0.999543 0.00633059 -0.0295712 0.0456851 -0.00670916 0.999897 -0.01272 0.0379497 0.0294875 0.0129127 0.999482 -0.0200263 0.0 0.0 0.0 1.0
pumpkin/seq-03/color/frame-000471.color.png pumpkin/seq-03/color/frame-000474.color.png 0.9997 0.0110066 -0.0218801 0.0502806 -0.0108967 0.999927 0.00513915 0.0117494 0.0219352 -0.00489926 0.999747 -0.0111576 0.0 0.0 0.0 1.0
pumpkin/seq-03/color/frame-000474.color.png pumpkin/seq-03/color/frame-000477.color.png 0.999818 0.00405629 -0.0186641 0.0336692 -0.00375794 0.999865 0.0159854 -0.0138403 0.0187263 -0.0159123 0.999698 -0.0126334 0.0 0.0 0.0 1.0
pumpkin/seq-03/color/frame-000477.color.png pumpkin/seq-03/color/frame-000480.color.png 0.99911 0.0138713 -0.0398446 0.0604672 -0.0134106 0.99984 0.0118075 0.00135764 0.0400022 -0.0112627 0.999136 -0.0245782 0.0 0.0 0.0 1.0
pumpkin/seq-03/color/frame-000480.color.png pumpkin/seq-03/color/frame-000483.color.png 0.998773 0.0169128 -0.0465411 0.0713994 -0.0171657 0.99984 -0.00504307 0.00447655 0.0464483 0.00583575 0.998904 -0.0203282 0.0 0.0 0.0 1.0
pumpkin/seq-03/color/frame-000483.color.png pumpkin/seq-03/color/frame-000486.color.png 0.999366 0.00834939 -0.0346079 0.0566901 -0.00860332 0.999937 -0.00719056 0.0231471 0.0345457 0.00748372 0.999375 -0.015623 0.0 0.0 0.0 1.0
pumpkin/seq-03/color/frame-000486.color.png pumpkin/seq-03/color/frame-000489.color.png 0.999654 0.00395402 -0.0260242 0.064014 -0.00396102 0.999992 -0.000215712 -0.0247649 0.0260232 0.000318716 0.999661 -0.00870758 0.0 0.0 0.0 1.0
pumpkin/seq-03/color/frame-000489.color.png pumpkin/seq-03/color/frame-000492.color.png 0.999802 -0.00191145 -0.0197838 0.0338781 0.00206231 0.999969 0.00760542 -0.0212174 0.0197687 -0.00764473 0.999775 -0.000341296 0.0 0.0 0.0 1.0
pumpkin/seq-03/color/frame-000492.color.png pumpkin/seq-03/color/frame-000495.color.png 0.999682 0.00223413 -0.0251361 0.0305183 -0.00222482 0.999997 0.000401492 -0.0155002 0.025137 -0.00034537 0.999684 -0.00630689 0.0 0.0 0.0 1.0
pumpkin/seq-03/color/frame-000495.color.png pumpkin/seq-03/color/frame-000498.color.png 0.999774 -0.00547804 -0.0205447 0.0307438 0.00546046 0.999985 -0.000914938 -0.0195948 0.0205496 0.000802467 0.999789 -0.00158149 0.0 0.0 0.0 1.0
pumpkin/seq-03/color/frame-000498.color.png pumpkin/seq-03/color/frame-000501.color.png 0.999982 -0.00353506 -0.0047554 0.0147212 0.00357663 0.999955 0.00876098 -0.0121448 0.00472416 -0.00877779 0.99995 -0.0105265 0.0 0.0 0.0 1.0
pumpkin/seq-03/color/frame-000501.color.png pumpkin/seq-03/color/frame-000504.color.png 0.999848 0.00709079 -0.0159169 0.0298644 -0.00685958 0.999871 0.0145311 -0.0264771 0.0160179 -0.0144197 0.999768 0.00884402 0.0 0.0 0.0 1.0
pumpkin/seq-03/color/frame-000504.color.png pumpkin/seq-03/color/frame-000507.color.png 0.999389 -0.0108227 -0.033236 0.05136 0.0102436 0.999794 -0.0175424 0.00116289 0.0334189 0.0171913 0.999294 0.00305665 0.0 0.0 0.0 1.0
pumpkin/seq-03/color/frame-000507.color.png pumpkin/seq-03/color/frame-000510.color.png 0.999237 -0.00967443 -0.0378251 0.0513765 0.00941095 0.99993 -0.00713669 -0.0310292 0.0378915 0.00677524 0.999259 4.25577e-05 0.0 0.0 0.0 1.0
pumpkin/seq-03/color/frame-000510.color.png pumpkin/seq-03/color/frame-000513.color.png 0.999092 -0.0247255 -0.0347089 0.0516659 0.0239921 0.999483 -0.0213905 -0.013145 0.0352198 0.0205384 0.999169 0.00295651 0.0 0.0 0.0 1.0
pumpkin/seq-03/color/frame-000513.color.png pumpkin/seq-03/color/frame-000516.color.png 0.999345 -0.0338232 -0.0128633 0.0218859 0.0337208 0.999399 -0.00808818 -0.0237945 0.0131293 0.00764909 0.999885 0.0099206 0.0 0.0 0.0 1.0
pumpkin/seq-03/color/frame-000516.color.png pumpkin/seq-03/color/frame-000519.color.png 0.999763 -0.0190222 -0.0105574 0.0126461 0.0190084 0.999818 -0.00139751 -0.0202982 0.0105822 0.00119647 0.999943 0.00850207 0.0 0.0 0.0 1.0
pumpkin/seq-03/color/frame-000519.color.png pumpkin/seq-03/color/frame-000522.color.png 0.999521 -0.00383507 -0.0307177 0.0361904 0.00353502 0.999946 -0.00981713 0.00201803 0.0307536 0.00970389 0.99948 0.00559962 0.0 0.0 0.0 1.0
pumpkin/seq-03/color/frame-000522.color.png pumpkin/seq-03/color/frame-000525.color.png 0.999836 -0.00835211 -0.0160281 0.00872731 0.00812976 0.99987 -0.0138866 -0.00940454 0.016142 0.0137539 0.999775 0.00190514 0.0 0.0 0.0 1.0
pumpkin/seq-03/color/frame-000525.color.png pumpkin/seq-03/color/frame-000528.color.png 0.999719 -0.00417217 -0.0233463 0.0231715 0.0040988 0.999986 -0.00318743 -0.00518876 0.0233594 0.00309082 0.999722 0.00636518 0.0 0.0 0.0 1.0
pumpkin/seq-03/color/frame-000528.color.png pumpkin/seq-03/color/frame-000531.color.png 0.999205 -0.0255684 -0.0306024 0.0126941 0.0249665 0.99949 -0.0198929 -0.0209489 0.0310954 0.019113 0.999334 0.0145649 0.0 0.0 0.0 1.0
pumpkin/seq-03/color/frame-000531.color.png pumpkin/seq-03/color/frame-000534.color.png 0.999606 -0.0115533 -0.0255963 0.01911 0.0112446 0.999863 -0.0121703 0.00535697 0.0257334 0.0118777 0.999598 -0.00123322 0.0 0.0 0.0 1.0
pumpkin/seq-03/color/frame-000534.color.png pumpkin/seq-03/color/frame-000537.color.png 0.999761 -0.0209347 0.0062338 -0.0171014 0.0209756 0.999758 -0.00656456 -0.0231684 -0.00609492 0.00669377 0.999959 0.0165495 0.0 0.0 0.0 1.0
pumpkin/seq-03/color/frame-000537.color.png pumpkin/seq-03/color/frame-000540.color.png 0.999807 -0.0193973 -0.00321583 -0.0131761 0.0193805 0.999799 -0.00519137 -0.0180064 0.00331594 0.00512805 0.999981 0.0060668 0.0 0.0 0.0 1.0
pumpkin/seq-03/color/frame-000540.color.png pumpkin/seq-03/color/frame-000543.color.png 0.999844 -0.0158892 -0.00769083 -0.00822711 0.0158515 0.999862 -0.00492753 -0.0201284 0.00776799 0.00480483 0.999958 -0.00593126 0.0 0.0 0.0 1.0
pumpkin/seq-03/color/frame-000543.color.png pumpkin/seq-03/color/frame-000546.color.png 0.999976 -0.00402213 -0.00568861 -0.0028342 0.00401211 0.99999 -0.00177153 0.00417262 0.00569572 0.00174869 0.999982 -0.000338554 0.0 0.0 0.0 1.0
pumpkin/seq-03/color/frame-000546.color.png pumpkin/seq-03/color/frame-000549.color.png 0.999918 -0.012378 0.00336221 -0.017695 0.0124173 0.999852 -0.0119279 0.00103414 -0.00321412 0.0119687 0.999923 0.0108788 0.0 0.0 0.0 1.0
pumpkin/seq-03/color/frame-000549.color.png pumpkin/seq-03/color/frame-000552.color.png 0.999803 -0.0192724 0.00480936 -0.013394 0.0193226 0.999757 -0.0106222 -0.0220734 -0.00460348 0.010713 0.999932 0.028401 0.0 0.0 0.0 1.0
pumpkin/seq-03/color/frame-000552.color.png pumpkin/seq-03/color/frame-000555.color.png 0.999711 -0.0204654 0.0126503 -0.0335534 0.0205676 0.999756 -0.00800272 -0.0305259 -0.0124835 0.00826059 0.999888 0.0236938 0.0 0.0 0.0 1.0
pumpkin/seq-03/color/frame-000555.color.png pumpkin/seq-03/color/frame-000558.color.png 0.999419 -0.0267871 0.0210913 -0.0369741 0.0271125 0.999515 -0.015296 -0.00541043 -0.0206714 0.015859 0.99966 0.0198051 0.0 0.0 0.0 1.0
pumpkin/seq-03/color/frame-000558.color.png pumpkin/seq-03/color/frame-000561.color.png 0.99991 -0.00882533 0.0101589 -0.0200984 0.00877251 0.999948 0.00523119 -0.0166946 -0.0102043 -0.00514163 0.999935 0.0102978 0.0 0.0 0.0 1.0
pumpkin/seq-03/color/frame-000561.color.png pumpkin/seq-03/color/frame-000564.color.png 0.999824 -0.00299771 0.018534 -0.0233573 0.00284357 0.999961 0.00833939 -0.00356704 -0.0185583 -0.00828517 0.999793 0.0094291 0.0 0.0 0.0 1.0
pumpkin/seq-03/color/frame-000564.color.png pumpkin/seq-03/color/frame-000567.color.png 0.999888 -0.00166835 0.0148648 -0.0215675 0.00148732 0.999925 0.0121822 -0.0135489 -0.0148842 -0.0121588 0.999815 0.00676072 0.0 0.0 0.0 1.0
pumpkin/seq-03/color/frame-000567.color.png pumpkin/seq-03/color/frame-000570.color.png 0.999584 0.00786643 0.02776 -0.0363302 -0.00797896 0.99996 0.00394524 0.0139435 -0.0277278 -0.00416503 0.999607 0.022296 0.0 0.0 0.0 1.0
pumpkin/seq-03/color/frame-000570.color.png pumpkin/seq-03/color/frame-000573.color.png 0.99982 0.00133377 0.0189205 -0.0293614 -0.00133881 0.999999 0.000251323 0.0126839 -0.01892 -0.000276669 0.999821 0.021873 0.0 0.0 0.0 1.0
pumpkin/seq-03/color/frame-000573.color.png pumpkin/seq-03/color/frame-000576.color.png 0.999772 0.00617558 0.0204626 -0.0389096 -0.00623622 0.999976 0.00290177 -0.000110507 -0.0204442 -0.00302868 0.999786 0.0221272 0.0 0.0 0.0 1.0
pumpkin/seq-03/color/frame-000576.color.png pumpkin/seq-03/color/frame-000579.color.png 0.999879 0.000324696 0.0155227 -0.029966 -0.000344189 0.999999 0.00125401 0.00412798 -0.0155223 -0.00125923 0.999879 0.0181777 0.0 0.0 0.0 1.0
pumpkin/seq-03/color/frame-000579.color.png pumpkin/seq-03/color/frame-000582.color.png 0.999854 0.000945732 0.0170631 -0.0324858 -0.00103692 0.999985 0.00533325 -0.000982761 -0.0170579 -0.00535013 0.99984 0.0108849 0.0 0.0 0.0 1.0
pumpkin/seq-03/color/frame-000582.color.png pumpkin/seq-03/color/frame-000585.color.png 0.999802 0.00223596 0.0197919 -0.039842 -0.0022669 0.999996 0.00154316 0.00705212 -0.0197884 -0.0015877 0.999803 0.0188062 0.0 0.0 0.0 1.0
pumpkin/seq-03/color/frame-000585.color.png pumpkin/seq-03/color/frame-000588.color.png 0.999537 -0.00136138 0.03039 -0.0524807 0.00123738 0.999991 0.00409993 0.00540107 -0.0303952 -0.00406042 0.99953 0.0140885 0.0 0.0 0.0 1.0
pumpkin/seq-03/color/frame-000588.color.png pumpkin/seq-03/color/frame-000591.color.png 0.999723 0.00326263 0.0233052 -0.042933 -0.00334138 0.999989 0.00334039 -0.00171149 -0.0232941 -0.00341734 0.999723 0.00594354 0.0 0.0 0.0 1.0
pumpkin/seq-03/color/frame-000591.color.png pumpkin/seq-03/color/frame-000594.color.png 0.999923 -0.00204647 0.0122433 -0.0352417 0.00200871 0.999993 0.00309368 0.00693852 -0.0122495 -0.00306894 0.99992 0.0124196 0.0 0.0 0.0 1.0
pumpkin/seq-03/color/frame-000594.color.png pumpkin/seq-03/color/frame-000597.color.png 0.999907 0.000781454 0.0135895 -0.0448339 -0.000718223 0.999989 -0.00465938 0.0113112 -0.0135931 0.00464926 0.999897 0.0104065 0.0 0.0 0.0 1.0
pumpkin/seq-03/color/frame-000597.color.png pumpkin/seq-03/color/frame-000600.color.png 0.999964 -0.00537154 0.00653869 -0.0390996 0.00536442 0.999985 0.00111034 0.000667989 -0.00654456 -0.00107525 0.999978 0.00549328 0.0 0.0 0.0 1.0
pumpkin/seq-03/color/frame-000600.color.png pumpkin/seq-03/color/frame-000603.color.png 0.999852 -0.0170661 0.00241184 -0.0447723 0.0170414 0.999806 0.00987672 -0.0352108 -0.00257989 -0.00983412 0.999948 0.00154626 0.0 0.0 0.0 1.0
pumpkin/seq-03/color/frame-000603.color.png pumpkin/seq-03/color/frame-000606.color.png 0.999931 -0.0107799 -0.00459876 -0.0192058 0.0107161 0.999849 -0.0136698 0.0201723 0.00474536 0.0136195 0.999896 0.015031 0.0 0.0 0.0 1.0
pumpkin/seq-03/color/frame-000606.color.png pumpkin/seq-03/color/frame-000609.color.png 0.999986 0.00334135 -0.00421038 -0.00939143 -0.00339986 0.999897 -0.0139751 0.0112104 0.00416331 0.0139892 0.999894 0.0158106 0.0 0.0 0.0 1.0
pumpkin/seq-03/color/frame-000609.color.png pumpkin/seq-03/color/frame-000612.color.png 0.999996 -0.00131772 -0.00257956 -0.00901484 0.00127871 0.999886 -0.015077 0.0324864 0.00259913 0.0150737 0.999883 0.0132942 0.0 0.0 0.0 1.0
pumpkin/seq-03/color/frame-000612.color.png pumpkin/seq-03/color/frame-000615.color.png 0.999792 -0.0169009 -0.0114198 -0.00307947 0.0170458 0.999774 0.0127121 -0.0294437 0.0112022 -0.012904 0.999854 0.01281 0.0 0.0 0.0 1.0
pumpkin/seq-03/color/frame-000615.color.png pumpkin/seq-03/color/frame-000618.color.png 0.999946 -0.00728261 -0.00744627 -0.00421369 0.00725352 0.999966 -0.00393096 0.00665376 0.00747475 0.00387672 0.999965 0.0168504 0.0 0.0 0.0 1.0
pumpkin/seq-03/color/frame-000618.color.png pumpkin/seq-03/color/frame-000621.color.png 0.999878 -0.00932433 -0.0125712 0.000659227 0.00930362 0.999955 -0.00170583 -0.00252625 0.0125865 0.00158861 0.99992 0.0108498 0.0 0.0 0.0 1.0
pumpkin/seq-03/color/frame-000621.color.png pumpkin/seq-03/color/frame-000624.color.png 0.999803 -0.0153897 -0.01253 0.000534832 0.0154572 0.999866 0.00531172 -0.0176856 0.0124467 -0.00550437 0.999907 0.00573003 0.0 0.0 0.0 1.0
pumpkin/seq-03/color/frame-000624.color.png pumpkin/seq-03/color/frame-000627.color.png 0.999649 -0.0086695 -0.0250373 0.0205662 0.00865567 0.999962 -0.000659673 0.0106664 0.025042 0.000442719 0.999686 -0.00510061 0.0 0.0 0.0 1.0
pumpkin/seq-03/color/frame-000627.color.png pumpkin/seq-03/color/frame-000630.color.png 0.999739 0.00341769 -0.0225894 0.0184978 -0.00300494 0.999828 0.0182799 -0.0184342 0.0226481 -0.0182072 0.999578 -0.00379932 0.0 0.0 0.0 1.0
pumpkin/seq-03/color/frame-000630.color.png pumpkin/seq-03/color/frame-000633.color.png 0.999929 -0.00485183 -0.0109333 0.00721323 0.00484694 0.999988 -0.000469532 0.0145384 0.0109354 0.000416515 0.99994 0.0070796 0.0 0.0 0.0 1.0
pumpkin/seq-03/color/frame-000633.color.png pumpkin/seq-03/color/frame-000636.color.png 0.999929 -0.00168321 -0.011774 0.00726891 0.00179756 0.999951 0.00970331 -0.0166454 0.011757 -0.00972376 0.999884 0.00838518 0.0 0.0 0.0 1.0
pumpkin/seq-03/color/frame-000636.color.png pumpkin/seq-03/color/frame-000639.color.png 0.999941 -0.00623479 -0.00888263 0.000496209 0.00613693 0.999921 -0.0109996 0.0264508 0.00895043 0.0109445 0.9999 -0.000731587 0.0 0.0 0.0 1.0
pumpkin/seq-03/color/frame-000639.color.png pumpkin/seq-03/color/frame-000642.color.png 0.999955 -0.00831013 -0.00457214 -0.0107702 0.0082884 0.999954 -0.00475324 4.99487e-05 0.00461143 0.00471511 0.999978 -0.00257766 0.0 0.0 0.0 1.0
pumpkin/seq-03/color/frame-000642.color.png pumpkin/seq-03/color/frame-000645.color.png 0.999972 -0.00530403 0.00524181 -0.0219955 0.0053705 0.999904 -0.0127484 0.0201056 -0.00517364 0.0127763 0.999905 0.00257301 0.0 0.0 0.0 1.0
pumpkin/seq-03/color/frame-000645.color.png pumpkin/seq-03/color/frame-000648.color.png 0.999732 -0.0128719 0.0192235 -0.051824 0.0128222 0.999914 0.00270617 0.00110924 -0.0192567 -0.00245904 0.999812 0.00162446 0.0 0.0 0.0 1.0
pumpkin/seq-03/color/frame-000648.color.png pumpkin/seq-03/color/frame-000651.color.png 0.999952 -0.0032319 0.00923926 -0.0387747 0.00312766 0.999932 0.0112723 -0.0218755 -0.00927497 -0.0112428 0.999894 -0.0050137 0.0 0.0 0.0 1.0
pumpkin/seq-03/color/frame-000651.color.png pumpkin/seq-03/color/frame-000654.color.png 0.999983 0.00121798 -0.00560922 -0.0273963 -0.00117203 0.999966 0.00818652 -0.00527024 0.00561896 -0.00817979 0.999951 -0.0219802 0.0 0.0 0.0 1.0
pumpkin/seq-03/color/frame-000654.color.png pumpkin/seq-03/color/frame-000657.color.png 0.999907 0.00729844 -0.0115081 -0.0244173 -0.00739687 0.999936 -0.0085338 0.0338396 0.0114451 0.00861811 0.999897 -0.0180916 0.0 0.0 0.0 1.0
pumpkin/seq-03/color/frame-000657.color.png pumpkin/seq-03/color/frame-000660.color.png 0.99985 0.0158309 -0.00698926 -0.0229611 -0.015787 0.999855 0.00630429 0.014697 0.00708812 -0.006193 0.999956 -0.0264601 0.0 0.0 0.0 1.0
pumpkin/seq-03/color/frame-000660.color.png pumpkin/seq-03/color/frame-000663.color.png 0.999875 0.0125861 -0.00955109 -0.0119095 -0.0125555 0.999916 0.00325493 0.0154991 0.00959124 -0.00313459 0.999949 -0.0199902 0.0 0.0 0.0 1.0
pumpkin/seq-03/color/frame-000663.color.png pumpkin/seq-03/color/frame-000666.color.png 0.99974 0.0154269 -0.0167779 -0.00184923 -0.0152967 0.999852 0.00786659 0.00647119 0.0168968 -0.00760792 0.999828 -0.0140563 0.0 0.0 0.0 1.0
pumpkin/seq-03/color/frame-000666.color.png pumpkin/seq-03/color/frame-000669.color.png 0.999948 0.00863928 -0.00537423 -0.014514 -0.00860257 0.99994 0.00680263 0.000446141 0.00543262 -0.00675602 0.999962 -0.0101849 0.0 0.0 0.0 1.0
pumpkin/seq-03/color/frame-000669.color.png pumpkin/seq-03/color/frame-000672.color.png 0.999969 0.00237394 0.00746472 -0.0224163 -0.00240612 0.999988 0.00430059 -0.00401121 -0.00745443 -0.00431843 0.999963 -0.0173417 0.0 0.0 0.0 1.0
pumpkin/seq-03/color/frame-000672.color.png pumpkin/seq-03/color/frame-000675.color.png 0.999969 -0.00700459 0.00352157 -0.0261639 0.00698019 0.999952 0.00688885 0.00238359 -0.00356957 -0.00686408 0.99997 -0.0236222 0.0 0.0 0.0 1.0
pumpkin/seq-03/color/frame-000675.color.png pumpkin/seq-03/color/frame-000678.color.png 0.999929 0.00858683 0.00832116 -0.0204229 -0.00861033 0.999959 0.0027928 0.0151317 -0.00829689 -0.00286423 0.999961 -0.0198499 0.0 0.0 0.0 1.0
pumpkin/seq-03/color/frame-000678.color.png pumpkin/seq-03/color/frame-000681.color.png 0.999924 0.00999978 0.00720036 -0.0141646 -0.0100123 0.999948 0.00170312 0.0186337 -0.00718285 -0.00177513 0.999973 -0.0145651 0.0 0.0 0.0 1.0
pumpkin/seq-03/color/frame-000681.color.png pumpkin/seq-03/color/frame-000684.color.png 0.999931 0.0117059 -0.000529468 -0.0134873 -0.0117052 0.999931 0.00124316 0.0244138 0.000543996 -0.00123688 0.999999 -0.0137844 0.0 0.0 0.0 1.0
pumpkin/seq-03/color/frame-000684.color.png pumpkin/seq-03/color/frame-000687.color.png 0.999954 0.00186816 -0.00943724 -0.00140446 -0.0018307 0.99999 0.0039734 0.00307712 0.00944457 -0.00395595 0.999948 -0.013988 0.0 0.0 0.0 1.0
pumpkin/seq-03/color/frame-000687.color.png pumpkin/seq-03/color/frame-000690.color.png 0.999771 -0.0177855 -0.0118774 -0.0105458 0.0178038 0.99984 0.00143811 -0.000988811 0.0118498 -0.00164921 0.999928 -0.0277324 0.0 0.0 0.0 1.0
pumpkin/seq-03/color/frame-000690.color.png pumpkin/seq-03/color/frame-000693.color.png 0.999773 -0.0212263 0.00175033 -0.0231315 0.0212466 0.999696 -0.0125066 0.0351677 -0.00148432 0.0125409 0.99992 -0.00595069 0.0 0.0 0.0 1.0
pumpkin/seq-03/color/frame-000693.color.png pumpkin/seq-03/color/frame-000696.color.png 0.99973 -0.00963984 0.0211387 -0.0486653 0.00956355 0.999947 0.00370772 0.0102178 -0.0211733 -0.00350454 0.99977 -0.0214403 0.0 0.0 0.0 1.0
pumpkin/seq-03/color/frame-000696.color.png pumpkin/seq-03/color/frame-000699.color.png 0.999921 -0.0105367 0.00688476 -0.0356173 0.0104049 0.999767 0.018907 -0.0148376 -0.00708245 -0.0188338 0.999798 -0.0190923 0.0 0.0 0.0 1.0
pumpkin/seq-03/color/frame-000699.color.png pumpkin/seq-03/color/frame-000702.color.png 0.999991 -0.00399288 0.00142032 -0.0289327 0.00396959 0.999864 0.0160393 -0.00834464 -0.00148419 -0.0160335 0.99987 -0.0152861 0.0 0.0 0.0 1.0
pumpkin/seq-03/color/frame-000702.color.png pumpkin/seq-03/color/frame-000705.color.png 0.99983 -0.0183592 0.00190638 -0.0406086 0.0183267 0.999706 0.0158495 -0.00463708 -0.00219685 -0.0158118 0.999873 -0.0386879 0.0 0.0 0.0 1.0
pumpkin/seq-03/color/frame-000705.color.png pumpkin/seq-03/color/frame-000708.color.png 0.999979 -0.00634929 -0.00121623 -0.0303326 0.0063659 0.99988 0.014154 -0.0152591 0.00112622 -0.0141615 0.999899 -0.0334821 0.0 0.0 0.0 1.0
pumpkin/seq-03/color/frame-000708.color.png pumpkin/seq-03/color/frame-000711.color.png 0.999974 -0.00687252 -0.00205083 -0.0202079 0.00685195 0.999928 -0.00987242 0.0111072 0.00211856 0.00985811 0.999949 0.00723797 0.0 0.0 0.0 1.0
pumpkin/seq-03/color/frame-000711.color.png pumpkin/seq-03/color/frame-000714.color.png 0.999902 0.0017888 0.0138817 -0.037916 -0.00184181 0.999991 0.00380574 0.0203984 -0.0138748 -0.00383095 0.999896 -0.00397384 0.0 0.0 0.0 1.0
pumpkin/seq-03/color/frame-000714.color.png pumpkin/seq-03/color/frame-000717.color.png 0.999847 0.00495416 0.0167615 -0.040355 -0.0051543 0.999916 0.0119179 -0.00646114 -0.016701 -0.0120025 0.999788 0.00255179 0.0 0.0 0.0 1.0
pumpkin/seq-03/color/frame-000717.color.png pumpkin/seq-03/color/frame-000720.color.png 0.999727 -0.00306183 0.0231836 -0.0584076 0.00280447 0.999934 0.0111256 0.00627238 -0.023216 -0.0110575 0.999669 -0.00706393 0.0 0.0 0.0 1.0
pumpkin/seq-03/color/frame-000720.color.png pumpkin/seq-03/color/frame-000723.color.png 0.999728 0.00444514 0.0228753 -0.0587961 -0.00445337 0.99999 0.000309475 0.0144774 -0.0228739 -0.00041124 0.999738 0.00161916 0.0 0.0 0.0 1.0
pumpkin/seq-03/color/frame-000723.color.png pumpkin/seq-03/color/frame-000726.color.png 0.999796 0.00908257 0.0180268 -0.05464 -0.00900287 0.999949 -0.00449865 0.0143905 -0.0180668 0.00433545 0.999827 -0.0137008 0.0 0.0 0.0 1.0
pumpkin/seq-03/color/frame-000726.color.png pumpkin/seq-03/color/frame-000729.color.png 0.999448 0.0102639 0.0316132 -0.07006 -0.0104873 0.999921 0.00690738 -6.29723e-05 -0.0315397 -0.00723511 0.999476 -0.0277514 0.0 0.0 0.0 1.0
pumpkin/seq-03/color/frame-000729.color.png pumpkin/seq-03/color/frame-000732.color.png 0.999891 -0.00270323 0.0145419 -0.0391959 0.00268109 0.999995 0.00154261 -0.00146404 -0.0145461 -0.0015035 0.999893 -0.00974357 0.0 0.0 0.0 1.0
pumpkin/seq-03/color/frame-000732.color.png pumpkin/seq-03/color/frame-000735.color.png 0.999983 0.00586525 0.000433011 -0.0242436 -0.00586461 0.999982 -0.00143423 -0.00124203 -0.000441423 0.00143172 0.999999 -0.0143674 0.0 0.0 0.0 1.0
pumpkin/seq-03/color/frame-000735.color.png pumpkin/seq-03/color/frame-000738.color.png 0.999974 0.00721591 -0.000229687 -0.0170427 -0.00721713 0.999957 -0.00588337 9.19476e-05 0.000187226 0.00588484 0.999983 -0.0118083 0.0 0.0 0.0 1.0
pumpkin/seq-03/color/frame-000738.color.png pumpkin/seq-03/color/frame-000741.color.png 0.999983 0.00530395 -0.00239146 -0.0188001 -0.00533562 0.999896 -0.0134316 0.00939623 0.00231993 0.0134442 0.999907 -0.017882 0.0 0.0 0.0 1.0
pumpkin/seq-03/color/frame-000741.color.png pumpkin/seq-03/color/frame-000744.color.png 0.999994 -0.00334355 -0.000235132 -0.00627928 0.00334405 0.999992 0.00207149 0.00312141 0.000228179 -0.00207228 0.999998 -0.012947 0.0 0.0 0.0 1.0
pumpkin/seq-03/color/frame-000744.color.png pumpkin/seq-03/color/frame-000747.color.png 0.999974 0.00700955 0.00188704 -0.0166597 -0.00702941 0.999918 0.0107348 0.0033249 -0.00181165 -0.0107477 0.999941 -0.0224746 0.0 0.0 0.0 1.0
pumpkin/seq-03/color/frame-000747.color.png pumpkin/seq-03/color/frame-000750.color.png 0.999895 0.0137259 0.00458036 -0.0411872 -0.0138306 0.999624 0.0236659 -0.01031 -0.00425366 -0.0237268 0.999709 -0.0347662 0.0 0.0 0.0 1.0
pumpkin/seq-03/color/frame-000750.color.png pumpkin/seq-03/color/frame-000753.color.png 0.999919 -0.0024322 0.0124557 -0.0538624 0.00236688 0.999983 0.00525516 0.00886828 -0.0124683 -0.00522526 0.999909 -0.034385 0.0 0.0 0.0 1.0
pumpkin/seq-03/color/frame-000753.color.png pumpkin/seq-03/color/frame-000756.color.png 0.999953 -0.00431317 -0.00864287 -0.0267028 0.00426164 0.999973 -0.00597413 0.00429352 0.00866821 0.00593703 0.999945 -0.0179881 0.0 0.0 0.0 1.0
pumpkin/seq-03/color/frame-000756.color.png pumpkin/seq-03/color/frame-000759.color.png 0.999998 -0.000810076 0.00167169 -0.0305215 0.000807179 0.999998 0.00174187 0.000336297 -0.00167298 -0.00174051 0.999997 -0.0288609 0.0 0.0 0.0 1.0
pumpkin/seq-03/color/frame-000759.color.png pumpkin/seq-03/color/frame-000762.color.png 0.999936 -0.003374 -0.0108375 -0.043854 0.00348156 0.999945 0.00992324 0.00461991 0.0108033 -0.00996032 0.999892 -0.0354843 0.0 0.0 0.0 1.0
pumpkin/seq-03/color/frame-000762.color.png pumpkin/seq-03/color/frame-000765.color.png 0.999974 0.00669669 0.00281046 -0.0349058 -0.00671389 0.999959 0.0061587 0.00358915 -0.00276896 -0.00617742 0.999977 -0.0312039 0.0 0.0 0.0 1.0
pumpkin/seq-03/color/frame-000765.color.png pumpkin/seq-03/color/frame-000768.color.png 0.999457 0.0259051 0.0203841 -0.0546057 -0.0262862 0.99948 0.0186598 -0.0155263 -0.01989 -0.0191855 0.999618 -0.0570406 0.0 0.0 0.0 1.0
pumpkin/seq-03/color/frame-000768.color.png pumpkin/seq-03/color/frame-000771.color.png 0.999553 0.0194682 0.0226722 -0.0359806 -0.0193663 0.999801 -0.00470795 0.0250169 -0.0227595 0.00426674 0.999732 -0.036432 0.0 0.0 0.0 1.0
pumpkin/seq-03/color/frame-000771.color.png pumpkin/seq-03/color/frame-000774.color.png 0.999589 0.00623246 0.0279717 -0.0604567 -0.00664702 0.999869 0.0147528 0.0083991 -0.027876 -0.0149327 0.9995 -0.0346733 0.0 0.0 0.0 1.0
pumpkin/seq-03/color/frame-000774.color.png pumpkin/seq-03/color/frame-000777.color.png 0.999805 0.00309102 0.0195184 -0.0677145 -0.00338213 0.999883 0.0148996 -0.0121007 -0.0194701 -0.0149627 0.999698 -0.0594543 0.0 0.0 0.0 1.0
pumpkin/seq-03/color/frame-000777.color.png pumpkin/seq-03/color/frame-000780.color.png 0.999961 0.00266555 0.00844316 -0.0194669 -0.00268947 0.999992 0.00282245 -0.00120876 -0.00843569 -0.00284503 0.99996 -0.0388063 0.0 0.0 0.0 1.0
pumpkin/seq-03/color/frame-000780.color.png pumpkin/seq-03/color/frame-000783.color.png 0.999786 0.0096781 0.0182858 -0.0205966 -0.00972911 0.999949 0.00270182 0.00242016 -0.0182586 -0.00287918 0.999829 -0.0555157 0.0 0.0 0.0 1.0
pumpkin/seq-03/color/frame-000783.color.png pumpkin/seq-03/color/frame-000786.color.png 0.999717 0.00344433 0.0235397 -0.0540334 -0.00337644 0.99999 -0.0029237 0.00238808 -0.0235496 0.0028434 0.999719 -0.0650593 0.0 0.0 0.0 1.0
pumpkin/seq-03/color/frame-000786.color.png pumpkin/seq-03/color/frame-000789.color.png 0.999935 0.00804607 -0.00812458 0.00637308 -0.00802981 0.999966 0.00203087 0.00429414 0.00814059 -0.0019655 0.999965 -0.0325715 0.0 0.0 0.0 1.0
pumpkin/seq-03/color/frame-000789.color.png pumpkin/seq-03/color/frame-000792.color.png 0.999961 0.00817911 0.00342426 -0.0191846 -0.00816723 0.999961 -0.0034697 0.00149171 -0.00345259 0.00344159 0.999988 -0.0414701 0.0 0.0 0.0 1.0
pumpkin/seq-03/color/frame-000792.color.png pumpkin/seq-03/color/frame-000795.color.png 0.999837 -0.00304585 0.017792 -0.0590747 0.00303929 0.999995 0.000396138 0.0319707 -0.0177932 -0.000341984 0.999842 -0.0731492 0.0 0.0 0.0 1.0
pumpkin/seq-03/color/frame-000795.color.png pumpkin/seq-03/color/frame-000798.color.png 0.999914 0.011545 0.00629036 -0.0203245 -0.0116531 0.99978 0.0174344 -0.0112315 -0.00608766 -0.0175062 0.999828 -0.0422623 0.0 0.0 0.0 1.0
pumpkin/seq-03/color/frame-000798.color.png pumpkin/seq-03/color/frame-000801.color.png 0.999929 0.00935925 0.00737403 -0.00849915 -0.00940716 0.999935 0.00649761 -0.00588269 -0.00731269 -0.00656653 0.999952 -0.0424687 0.0 0.0 0.0 1.0
pumpkin/seq-03/color/frame-000801.color.png pumpkin/seq-03/color/frame-000804.color.png 0.999452 -0.000748687 0.0330927 -0.0129859 0.000792527 0.999999 -0.00131168 -0.00828124 -0.0330918 0.00133719 0.999451 -0.0596712 0.0 0.0 0.0 1.0
pumpkin/seq-03/color/frame-000804.color.png pumpkin/seq-03/color/frame-000807.color.png 0.999025 -0.0121777 0.0424276 -0.01254 0.0125772 0.999879 -0.00916058 0.015103 -0.0423107 0.00968525 0.999058 -0.058256 0.0 0.0 0.0 1.0
pumpkin/seq-03/color/frame-000807.color.png pumpkin/seq-03/color/frame-000810.color.png 0.998174 -0.0225952 0.056014 -0.023495 0.0227695 0.999738 -0.00247437 0.0257379 -0.0559434 0.00374526 0.998427 -0.066793 0.0 0.0 0.0 1.0
pumpkin/seq-03/color/frame-000810.color.png pumpkin/seq-03/color/frame-000813.color.png 0.998877 -0.0255127 0.0399165 -0.0182675 0.0258299 0.999639 -0.00745142 0.0239201 -0.039712 0.0084741 0.999175 -0.0498532 0.0 0.0 0.0 1.0
pumpkin/seq-03/color/frame-000813.color.png pumpkin/seq-03/color/frame-000816.color.png 0.998731 -0.025699 0.0433183 -0.0292464 0.025686 0.99967 0.000856615 0.0333204 -0.043326 0.000257152 0.999061 -0.069775 0.0 0.0 0.0 1.0
pumpkin/seq-03/color/frame-000816.color.png pumpkin/seq-03/color/frame-000819.color.png 0.999295 -0.0137765 0.0349134 -0.00987828 0.0135729 0.99989 0.00606196 0.0117803 -0.0349931 -0.00558381 0.999372 -0.0570274 0.0 0.0 0.0 1.0
pumpkin/seq-03/color/frame-000819.color.png pumpkin/seq-03/color/frame-000822.color.png 0.999641 -0.00545498 0.0262195 -0.00551033 0.00548978 0.999984 -0.00125463 0.0109994 -0.0262121 0.00139811 0.999655 -0.0457808 0.0 0.0 0.0 1.0
pumpkin/seq-03/color/frame-000822.color.png pumpkin/seq-03/color/frame-000825.color.png 0.999715 -0.0079476 0.0224893 -0.0141687 0.00802975 0.999961 -0.00356589 0.0167903 -0.02246 0.00374546 0.999741 -0.0332633 0.0 0.0 0.0 1.0
pumpkin/seq-03/color/frame-000825.color.png pumpkin/seq-03/color/frame-000828.color.png 0.99984 -0.00886996 0.0155465 -0.0062989 0.0090206 0.999913 -0.00964569 0.00503269 -0.0154597 0.00978439 0.999833 -0.028937 0.0 0.0 0.0 1.0
pumpkin/seq-03/color/frame-000828.color.png pumpkin/seq-03/color/frame-000831.color.png 0.999838 -0.0066153 0.0167573 -0.00763208 0.00677876 0.99993 -0.00971649 0.00634244 -0.0166918 0.00982851 0.999812 -0.0399866 0.0 0.0 0.0 1.0
pumpkin/seq-03/color/frame-000831.color.png pumpkin/seq-03/color/frame-000834.color.png 0.999768 -0.0067658 0.0204464 -0.00721771 0.00710401 0.999838 -0.0165138 0.00677549 -0.0203314 0.0166552 0.999655 -0.0300124 0.0 0.0 0.0 1.0
pumpkin/seq-03/color/frame-000834.color.png pumpkin/seq-03/color/frame-000837.color.png 0.999838 -0.0103322 0.0147586 0.00250155 0.0105666 0.999818 -0.0158926 0.00587219 -0.0145916 0.0160459 0.999765 -0.0300685 0.0 0.0 0.0 1.0
pumpkin/seq-03/color/frame-000837.color.png pumpkin/seq-03/color/frame-000840.color.png 0.999201 -0.0239724 0.031991 -0.00823933 0.0245759 0.999525 -0.0186068 0.0265573 -0.0315298 0.0193781 0.999315 -0.0317477 0.0 0.0 0.0 1.0
pumpkin/seq-03/color/frame-000840.color.png pumpkin/seq-03/color/frame-000843.color.png 0.999375 -0.0191158 0.0297248 -0.0234614 0.0196003 0.999678 -0.0160948 0.0194695 -0.0294076 0.0166674 0.999429 -0.050154 0.0 0.0 0.0 1.0
pumpkin/seq-03/color/frame-000843.color.png pumpkin/seq-03/color/frame-000846.color.png 0.999696 -0.0187655 0.0159637 0.00361902 0.019013 0.999699 -0.015495 0.0144743 -0.0156681 0.0157938 0.999752 -0.0214382 0.0 0.0 0.0 1.0
pumpkin/seq-03/color/frame-000846.color.png pumpkin/seq-03/color/frame-000849.color.png 0.99966 -0.00879996 0.024537 0.00693566 0.00898868 0.999931 -0.00759148 -0.00286202 -0.0244686 0.00780946 0.99967 -0.0332174 0.0 0.0 0.0 1.0
pumpkin/seq-03/color/frame-000849.color.png pumpkin/seq-03/color/frame-000852.color.png 0.999078 -0.0143049 0.0404715 0.0189657 0.0151038 0.999696 -0.0195032 -0.00424708 -0.0401802 0.0200965 0.99899 -0.0431729 0.0 0.0 0.0 1.0
pumpkin/seq-03/color/frame-000852.color.png pumpkin/seq-03/color/frame-000855.color.png 0.999242 -0.0137564 0.0364193 0.0105157 0.0140165 0.999878 -0.00689613 0.00952496 -0.03632 0.00740139 0.999313 -0.0417046 0.0 0.0 0.0 1.0
pumpkin/seq-03/color/frame-000855.color.png pumpkin/seq-03/color/frame-000858.color.png 0.99948 -0.010407 0.0305326 -0.0090946 0.0105834 0.999928 -0.00562181 0.022299 -0.0304719 0.00594202 0.999518 -0.0257418 0.0 0.0 0.0 1.0
pumpkin/seq-03/color/frame-000858.color.png pumpkin/seq-03/color/frame-000861.color.png 0.999895 -0.000632964 0.0144822 -0.00783378 0.000583129 0.999994 0.00344544 0.00448601 -0.0144843 -0.00343664 0.999889 -0.00747073 0.0 0.0 0.0 1.0
pumpkin/seq-03/color/frame-000861.color.png pumpkin/seq-03/color/frame-000864.color.png 0.999863 0.000986466 0.0165037 0.011247 -0.00117014 0.999937 0.0111237 0.00288217 -0.0164917 -0.0111415 0.999802 -0.0103663 0.0 0.0 0.0 1.0
pumpkin/seq-03/color/frame-000864.color.png pumpkin/seq-03/color/frame-000867.color.png 0.999832 0.000896855 0.0183214 0.00132978 -0.00104329 0.999968 0.0079836 0.000609666 -0.0183136 -0.00800137 0.9998 -0.00478572 0.0 0.0 0.0 1.0
pumpkin/seq-03/color/frame-000867.color.png pumpkin/seq-03/color/frame-000870.color.png 0.999827 0.000897217 0.0185813 0.00441372 -0.00095263 0.999995 0.00297409 -0.00606001 -0.0185785 -0.00299128 0.999823 -0.0104235 0.0 0.0 0.0 1.0
pumpkin/seq-03/color/frame-000870.color.png pumpkin/seq-03/color/frame-000873.color.png 0.999687 -0.00598574 0.0242915 0.00251603 0.00601034 0.999982 -0.000939434 0.00798461 -0.0242854 0.00108514 0.999704 -0.0107156 0.0 0.0 0.0 1.0
pumpkin/seq-03/color/frame-000873.color.png pumpkin/seq-03/color/frame-000876.color.png 0.999567 -0.000492078 0.029431 0.00829279 0.000289516 0.999976 0.00688652 -0.0134585 -0.0294337 -0.00687502 0.999543 -0.0204591 0.0 0.0 0.0 1.0
pumpkin/seq-03/color/frame-000876.color.png pumpkin/seq-03/color/frame-000879.color.png 0.999673 -0.000616629 0.0255807 0.00760955 0.000527275 0.999994 0.00349942 -0.00011614 -0.0255827 -0.00348479 0.999667 -0.00731817 0.0 0.0 0.0 1.0
pumpkin/seq-03/color/frame-000879.color.png pumpkin/seq-03/color/frame-000882.color.png 0.999722 0.00299792 0.0233627 0.00445259 -0.00307414 0.99999 0.00322714 -0.00771254 -0.0233528 -0.00329806 0.999722 -0.00582364 0.0 0.0 0.0 1.0
pumpkin/seq-03/color/frame-000882.color.png pumpkin/seq-03/color/frame-000885.color.png 0.99975 -0.00907592 0.0204425 0.00110173 0.00917157 0.999947 -0.00458983 0.0116484 -0.0203997 0.00477616 0.999781 0.00498146 0.0 0.0 0.0 1.0
pumpkin/seq-03/color/frame-000885.color.png pumpkin/seq-03/color/frame-000888.color.png 0.999799 0.00202338 0.0199576 0.011088 -0.00195612 0.999992 -0.00338814 -0.0102132 -0.0199643 0.00334842 0.999795 -0.00913754 0.0 0.0 0.0 1.0
pumpkin/seq-03/color/frame-000888.color.png pumpkin/seq-03/color/frame-000891.color.png 0.999578 -0.00193973 0.0289858 0.00152433 0.00188851 0.999997 0.00179369 -0.00953879 -0.0289893 -0.00173817 0.999578 -0.013038 0.0 0.0 0.0 1.0
pumpkin/seq-03/color/frame-000891.color.png pumpkin/seq-03/color/frame-000894.color.png 0.999459 0.000646476 0.0328955 0.00288618 -0.000545503 0.999995 -0.00307847 -0.00860632 -0.0328973 0.00305885 0.999454 -0.0176334 0.0 0.0 0.0 1.0
pumpkin/seq-03/color/frame-000894.color.png pumpkin/seq-03/color/frame-000897.color.png 0.998562 -0.00754164 0.0530717 0.00174135 0.0081386 0.999906 -0.011041 -0.000447653 -0.0529835 0.011457 0.99853 -0.0318497 0.0 0.0 0.0 1.0
pumpkin/seq-03/color/frame-000897.color.png pumpkin/seq-03/color/frame-000900.color.png 0.999535 -0.000474121 0.0304928 0.00764239 0.000677134 0.999978 -0.00664796 -0.0135037 -0.030489 0.00666551 0.999513 -0.00861552 0.0 0.0 0.0 1.0
pumpkin/seq-03/color/frame-000900.color.png pumpkin/seq-03/color/frame-000903.color.png 0.999458 0.00767362 0.0320233 -0.00640881 -0.00704201 0.999779 -0.0197895 0.00969394 -0.032168 0.0195532 0.999291 -0.00470233 0.0 0.0 0.0 1.0
pumpkin/seq-03/color/frame-000903.color.png pumpkin/seq-03/color/frame-000906.color.png 0.999916 0.00549903 0.0117693 -0.0058018 -0.00553909 0.999979 0.00337285 -0.00860533 -0.0117505 -0.00343774 0.999925 0.00664085 0.0 0.0 0.0 1.0
pumpkin/seq-03/color/frame-000906.color.png pumpkin/seq-03/color/frame-000909.color.png 0.999987 0.00201815 0.00468179 -0.0188589 -0.00205282 0.99997 0.00741075 -0.00818167 -0.00466672 -0.00742027 0.999962 0.0207255 0.0 0.0 0.0 1.0
pumpkin/seq-03/color/frame-000909.color.png pumpkin/seq-03/color/frame-000912.color.png 0.999988 -0.00431612 -0.00226791 -0.0275319 0.00431908 0.99999 0.00130144 0.00242829 0.0022624 -0.00131121 0.999997 0.0334782 0.0 0.0 0.0 1.0
pumpkin/seq-03/color/frame-000912.color.png pumpkin/seq-03/color/frame-000915.color.png 0.999844 0.00503397 -0.0169549 -0.000277877 -0.00505027 0.999987 -0.000919031 -0.00558222 0.01695 0.00100451 0.999856 0.0231932 0.0 0.0 0.0 1.0
pumpkin/seq-03/color/frame-000915.color.png pumpkin/seq-03/color/frame-000918.color.png 0.999952 -0.00974713 0.000337716 -0.0326987 0.00975007 0.9999 -0.0102574 -8.77306e-06 -0.000237679 0.0102602 0.999947 0.0376856 0.0 0.0 0.0 1.0
pumpkin/seq-03/color/frame-000918.color.png pumpkin/seq-03/color/frame-000921.color.png 0.999948 0.000601898 -0.0101908 -0.00672758 -0.000695318 0.999958 -0.00916623 -0.0066829 0.0101848 0.00917285 0.999906 0.0223743 0.0 0.0 0.0 1.0
pumpkin/seq-03/color/frame-000921.color.png pumpkin/seq-03/color/frame-000924.color.png 0.999928 0.00147763 -0.0119183 -0.00395274 -0.00163357 0.999913 -0.0130848 -0.0201408 0.0118979 0.0131033 0.999843 0.0203253 0.0 0.0 0.0 1.0
pumpkin/seq-03/color/frame-000924.color.png pumpkin/seq-03/color/frame-000927.color.png 0.999981 0.000316622 0.00614585 -0.0213208 -0.000234022 0.99991 -0.0134329 -0.0026678 -0.00614959 0.0134312 0.999891 0.017867 0.0 0.0 0.0 1.0
pumpkin/seq-03/color/frame-000927.color.png pumpkin/seq-03/color/frame-000930.color.png 0.999976 0.0063469 0.00260519 -0.0126443 -0.00632649 0.99995 -0.00776954 -0.00784065 -0.00265431 0.00775287 0.999966 0.016116 0.0 0.0 0.0 1.0
pumpkin/seq-03/color/frame-000930.color.png pumpkin/seq-03/color/frame-000933.color.png 0.999955 0.00635118 0.00699113 -0.00334561 -0.00637823 0.999972 0.00385256 -0.000555247 -0.00696654 -0.00389699 0.999968 0.0038157 0.0 0.0 0.0 1.0
pumpkin/seq-03/color/frame-000933.color.png pumpkin/seq-03/color/frame-000936.color.png 0.999999 -0.00146829 -0.000409124 -0.024103 0.0014714 0.999969 0.00771821 -0.0150648 0.000397778 -0.0077188 0.99997 0.0276489 0.0 0.0 0.0 1.0
pumpkin/seq-03/color/frame-000936.color.png pumpkin/seq-03/color/frame-000939.color.png 0.999901 0.00911312 -0.0107314 0.00938928 -0.00926708 0.999854 -0.0143852 -0.00378525 0.0105986 0.0144832 0.999839 0.0294146 0.0 0.0 0.0 1.0
pumpkin/seq-03/color/frame-000939.color.png pumpkin/seq-03/color/frame-000942.color.png 0.999986 0.00499981 -0.00142747 0.00881004 -0.00500089 0.999987 -0.000757573 -0.0167987 0.00142361 0.000764726 0.999999 0.00204957 0.0 0.0 0.0 1.0
pumpkin/seq-03/color/frame-000942.color.png pumpkin/seq-03/color/frame-000945.color.png 0.99988 -0.00463589 0.0147735 -0.016364 0.00490351 0.999824 -0.0181308 0.00245257 -0.0146868 0.018201 0.999727 0.0273006 0.0 0.0 0.0 1.0
pumpkin/seq-03/color/frame-000945.color.png pumpkin/seq-03/color/frame-000948.color.png 0.999962 -0.00830213 -0.00271169 -0.0126815 0.00826106 0.999856 -0.0148209 -0.0118691 0.00283433 0.0147979 0.999886 0.0284569 0.0 0.0 0.0 1.0
pumpkin/seq-03/color/frame-000948.color.png pumpkin/seq-03/color/frame-000951.color.png 0.999974 0.00265243 -0.00674089 -0.0129684 -0.00269816 0.999973 -0.00678512 -0.00176083 0.00672272 0.00680312 0.999954 0.0421692 0.0 0.0 0.0 1.0
pumpkin/seq-03/color/frame-000951.color.png pumpkin/seq-03/color/frame-000954.color.png 0.99984 -0.00738906 -0.0162619 0.00723088 0.00720399 0.999909 -0.0114081 0.00914395 0.0163447 0.0112892 0.999803 0.0271561 0.0 0.0 0.0 1.0
pumpkin/seq-03/color/frame-000954.color.png pumpkin/seq-03/color/frame-000957.color.png 0.999907 0.00562434 -0.0124029 -0.0139446 -0.00566261 0.999979 -0.00305308 -0.0199496 0.0123855 0.00312302 0.999919 0.0423047 0.0 0.0 0.0 1.0
pumpkin/seq-03/color/frame-000957.color.png pumpkin/seq-03/color/frame-000960.color.png 0.999508 0.021774 -0.0225647 0.0087719 -0.0217539 0.999763 0.00113642 -0.0495122 0.022584 -0.000644982 0.999745 0.0305625 0.0 0.0 0.0 1.0
pumpkin/seq-03/color/frame-000960.color.png pumpkin/seq-03/color/frame-000963.color.png 0.99997 -0.00300362 -0.00714137 -0.00757265 0.0029854 0.999992 -0.00255861 -0.00394509 0.00714902 0.00253721 0.999971 0.0318832 0.0 0.0 0.0 1.0
pumpkin/seq-03/color/frame-000963.color.png pumpkin/seq-03/color/frame-000966.color.png 0.999811 0.0186871 -0.0054202 0.00372934 -0.0187667 0.999711 -0.0150237 -0.0137337 0.00513783 0.0151226 0.999872 0.0293297 0.0 0.0 0.0 1.0
pumpkin/seq-03/color/frame-000966.color.png pumpkin/seq-03/color/frame-000969.color.png 0.999915 0.00827682 -0.0100292 -0.00295424 -0.00833085 0.999951 -0.00535563 -0.0275922 0.00998441 0.0054387 0.999935 0.023047 0.0 0.0 0.0 1.0
pumpkin/seq-03/color/frame-000969.color.png pumpkin/seq-03/color/frame-000972.color.png 0.999919 -0.000297094 -0.0127351 -0.00469911 0.000155598 0.999938 -0.0111105 -0.00403614 0.0127377 0.0111076 0.999857 0.0371805 0.0 0.0 0.0 1.0
pumpkin/seq-03/color/frame-000972.color.png pumpkin/seq-03/color/frame-000975.color.png 0.99993 0.000638951 -0.0117895 0.00417399 -0.000709946 0.999982 -0.00601854 -0.00434181 0.0117854 0.00602653 0.999912 0.0350835 0.0 0.0 0.0 1.0
pumpkin/seq-03/color/frame-000975.color.png pumpkin/seq-03/color/frame-000978.color.png 0.999988 -0.00147947 -0.00466393 0.00152767 0.00145148 0.999981 -0.00599789 -0.00797413 0.00467269 0.00599101 0.999971 0.0266176 0.0 0.0 0.0 1.0
pumpkin/seq-03/color/frame-000978.color.png pumpkin/seq-03/color/frame-000981.color.png 0.999994 0.00290411 -0.00216974 -0.00818062 -0.00290774 0.999994 -0.00167279 -0.017166 0.00216482 0.00167913 0.999996 0.0306843 0.0 0.0 0.0 1.0
pumpkin/seq-03/color/frame-000981.color.png pumpkin/seq-03/color/frame-000984.color.png 0.999876 0.00245613 -0.0155259 0.00773942 -0.00258685 0.999961 -0.00840524 -0.0145978 0.0155047 0.00844433 0.999844 0.0451469 0.0 0.0 0.0 1.0
pumpkin/seq-03/color/frame-000984.color.png pumpkin/seq-03/color/frame-000987.color.png 0.999922 0.00209802 -0.0123129 0.0048275 -0.00217232 0.99998 -0.00602351 0.00116801 0.0123 0.00604981 0.999906 0.0415034 0.0 0.0 0.0 1.0
pumpkin/seq-03/color/frame-000987.color.png pumpkin/seq-03/color/frame-000990.color.png 0.999872 0.0115335 -0.0111129 0.00672686 -0.0115561 0.999931 -0.00197363 -0.0167498 0.0110894 0.00210174 0.999936 0.0309604 0.0 0.0 0.0 1.0
pumpkin/seq-03/color/frame-000990.color.png pumpkin/seq-03/color/frame-000993.color.png 0.999818 0.00432935 -0.0186001 -4.52995e-06 -0.00422002 0.999974 0.00591295 -0.0120091 0.0186251 -0.00583325 0.999809 0.0391146 0.0 0.0 0.0 1.0
pumpkin/seq-03/color/frame-000993.color.png pumpkin/seq-03/color/frame-000996.color.png 0.999861 0.011656 -0.0119466 0.00349033 -0.0117015 0.999925 -0.0037484 -0.0131892 0.011902 0.0038876 0.999922 0.0313153 0.0 0.0 0.0 1.0
pumpkin/seq-03/color/frame-000996.color.png pumpkin/seq-03/color/frame-000999.color.png 0.999702 0.00985783 -0.0223275 0.0151335 -0.00992728 0.999946 -0.00300171 -0.0113302 0.0222966 0.00322247 0.999746 0.0375404 0.0 0.0 0.0 1.0
