pumpkin/seq-03/color/frame-000001.color.png pumpkin/seq-03/color/frame-000004.color.png 0.999999 0.000111022 0.00116288 0.00604602 -0.000118788 0.999978 0.00668031 0.00490312 -0.00116211 -0.00668045 0.999977 0.00439146 0.0 0.0 0.0 1.0
pumpkin/seq-03/color/frame-000004.color.png pumpkin/seq-03/color/frame-000007.color.png 0.999966 0.00409667 0.0072116 0.007331 -0.00416453 0.999947 0.00941992 -0.0101338 -0.00717263 -0.00944962 0.99993 0.00788429 0.0 0.0 0.0 1.0
pumpkin/seq-03/color/frame-000007.color.png pumpkin/seq-03/color/frame-000010.color.png 0.999999 -0.000610793 -0.00101986 -0.00583226 0.000620014 0.999959 0.0090657 -0.00270151 0.00101428 -0.00906632 0.999958 0.0095327 0.0 0.0 0.0 1.0
pumpkin/seq-03/color/frame-000010.color.png pumpkin/seq-03/color/frame-000013.color.png 0.999936 0.00278362 -0.0109281 0.0142563 -0.00254393 0.999757 0.0218861 -0.0104846 0.0109864 -0.0218569 0.999701 0.0193923 0.0 0.0 0.0 1.0
pumpkin/seq-03/color/frame-000013.color.png pumpkin/seq-03/color/frame-000016.color.png 0.999995 -0.000137458 0.00322789 0.0132841 0.000108339 0.999959 0.00901936 -0.00341999 -0.003229 -0.00901898 0.999954 0.0180494 0.0 0.0 0.0 1.0
pumpkin/seq-03/color/frame-000016.color.png pumpkin/seq-03/color/frame-000019.color.png 0.999882 -0.00363028 0.0149442 0.00349119 0.00339928 0.999875 0.0154537 -0.012083 -0.0149984 -0.015401 0.999769 0.024103 0.0 0.0 0.0 1.0
pumpkin/seq-03/color/frame-000019.color.png pumpkin/seq-03/color/frame-000022.color.png 0.999804 0.000766965 0.0197727 0.00313218 -0.00105455 0.999894 0.0145385 -0.00641613 -0.0197595 -0.0145565 0.999699 0.0234418 0.0 0.0 0.0 1.0
pumpkin/seq-03/color/frame-000022.color.png pumpkin/seq-03/color/frame-000025.color.png 0.999809 -0.00482163 0.0189435 -0.000458393 0.00450126 0.999847 0.0169182 -0.0227398 -0.0190221 -0.0168297 0.999677 0.0339177 0.0 0.0 0.0 1.0
pumpkin/seq-03/color/frame-000025.color.png pumpkin/seq-03/color/frame-000028.color.png 0.999821 -0.00613845 0.0178765 3.82699e-05 0.00578586 0.999789 0.0197093 -0.0241011 -0.0179937 -0.0196023 0.999646 0.0348485 0.0 0.0 0.0 1.0
pumpkin/seq-03/color/frame-000028.color.png pumpkin/seq-03/color/frame-000031.color.png 0.999584 -0.000789749 0.0288337 -0.00768318 0.000301784 0.999857 0.0169238 -0.0322924 -0.028843 -0.016908 0.999441 0.0361387 0.0 0.0 0.0 1.0
pumpkin/seq-03/color/frame-000031.color.png pumpkin/seq-03/color/frame-000034.color.png 0.999741 0.00492189 0.0222128 -0.010082 -0.00552326 0.999618 0.0270936 -0.0422316 -0.0220709 -0.0272093 0.999386 0.0527454 0.0 0.0 0.0 1.0
pumpkin/seq-03/color/frame-000034.color.png pumpkin/seq-03/color/frame-000037.color.png 0.999899 0.00754903 0.0120349 -0.000428814 -0.00773737 0.999847 0.0156802 -0.0262608 -0.0119147 -0.0157718 0.999805 0.0358506 0.0 0.0 0.0 1.0
pumpkin/seq-03/color/frame-000037.color.png pumpkin/seq-03/color/frame-000040.color.png 0.999907 -0.00178535 0.0135166 0.00105897 0.00161632 0.999921 0.0125064 -0.027346 -0.0135378 -0.0124834 0.99983 0.0304726 0.0 0.0 0.0 1.0
pumpkin/seq-03/color/frame-000040.color.png pumpkin/seq-03/color/frame-000043.color.png 0.999982 0.00155832 0.00577566 0.00138289 -0.00169723 0.999707 0.0241261 -0.0369223 -0.00573638 -0.0241354 0.999692 0.0341586 0.0 0.0 0.0 1.0
pumpkin/seq-03/color/frame-000043.color.png pumpkin/seq-03/color/frame-000046.color.png 0.999875 0.0117462 0.0106113 0.00412844 -0.0119272 0.999782 0.0171591 -0.0334442 -0.0104073 -0.0172835 0.999796 0.0290291 0.0 0.0 0.0 1.0
pumpkin/seq-03/color/frame-000046.color.png pumpkin/seq-03/color/frame-000049.color.png 0.999951 0.0098705 0.00025726 0.0158306 -0.00987368 0.999747 0.0201962 -0.0390689 -5.78452e-05 -0.0201978 0.999796 0.0336163 0.0 0.0 0.0 1.0
pumpkin/seq-03/color/frame-000049.color.png pumpkin/seq-03/color/frame-000052.color.png 0.99992 0.00814184 0.00969163 -0.000128843 -0.00837886 0.99966 0.0246725 -0.0612014 -0.00948746 -0.0247518 0.999649 0.0462686 0.0 0.0 0.0 1.0
pumpkin/seq-03/color/frame-000052.color.png pumpkin/seq-03/color/frame-000055.color.png 0.999887 0.0113311 0.00992655 0.014752 -0.0113519 0.999933 0.00204069 -0.0269368 -0.00990275 -0.00215313 0.999949 0.0310183 0.0 0.0 0.0 1.0
pumpkin/seq-03/color/frame-000055.color.png pumpkin/seq-03/color/frame-000058.color.png 0.99968 0.0140999 0.0210096 -0.00538466 -0.0144078 0.99979 0.0145805 -0.0322023 -0.0207996 -0.0148785 0.999673 0.0284758 0.0 0.0 0.0 1.0
pumpkin/seq-03/color/frame-000058.color.png pumpkin/seq-03/color/frame-000061.color.png 0.999912 -0.00273533 0.0129503 -0.000809334 0.00261537 0.999954 0.00927102 -0.0283092 -0.0129751 -0.00923641 0.999873 0.0223004 0.0 0.0 0.0 1.0
pumpkin/seq-03/color/frame-000061.color.png pumpkin/seq-03/color/frame-000064.color.png 0.999895 0.00565171 0.0133266 -0.00640228 -0.00600577 0.999626 0.0266787 -0.0324545 -0.0131708 -0.0267559 0.999555 0.0115049 0.0 0.0 0.0 1.0
pumpkin/seq-03/color/frame-000064.color.png pumpkin/seq-03/color/frame-000067.color.png 0.99996 -0.00237198 0.00857979 -0.00115434 0.00214081 0.999637 0.026854 -0.045566 -0.00864037 -0.0268345 0.999602 0.00893033 0.0 0.0 0.0 1.0
pumpkin/seq-03/color/frame-000067.color.png pumpkin/seq-03/color/frame-000070.color.png 0.999838 0.00804931 0.0160925 -0.0154821 -0.0086804 0.99918 0.039539 -0.0505733 -0.015761 -0.0396723 0.999088 0.0146495 0.0 0.0 0.0 1.0
pumpkin/seq-03/color/frame-000070.color.png pumpkin/seq-03/color/frame-000073.color.png 0.999988 0.0022825 0.00420265 -0.0109287 -0.0023893 0.99967 0.0255937 -0.0340842 -0.00414282 -0.0256034 0.999664 0.00874001 0.0 0.0 0.0 1.0
pumpkin/seq-03/color/frame-000073.color.png pumpkin/seq-03/color/frame-000076.color.png 0.999888 0.00953828 0.0115559 -0.0174402 -0.00984819 0.999585 0.0270622 -0.0602471 -0.011293 -0.027173 0.999567 0.0247715 0.0 0.0 0.0 1.0
pumpkin/seq-03/color/frame-000076.color.png pumpkin/seq-03/color/frame-000079.color.png 0.999766 0.0204934 0.00690712 -0.0132922 -0.0206508 0.99951 0.0235396 -0.0400612 -0.00642134 -0.0236767 0.999699 0.00716913 0.0 0.0 0.0 1.0
pumpkin/seq-03/color/frame-000079.color.png pumpkin/seq-03/color/frame-000082.color.png 0.999871 0.0160185 -0.00115035 -0.0141423 -0.0159905 0.999648 0.0211723 -0.0552088 0.00148912 -0.0211511 0.999775 0.0247654 0.0 0.0 0.0 1.0
pumpkin/seq-03/color/frame-000082.color.png pumpkin/seq-03/color/frame-000085.color.png 0.999693 0.0245385 0.00332476 -0.0123321 -0.0246265 0.999256 0.0296741 -0.0603278 -0.00259411 -0.0297469 0.999554 0.00825965 0.0 0.0 0.0 1.0
pumpkin/seq-03/color/frame-000085.color.png pumpkin/seq-03/color/frame-000088.color.png 0.999822 0.0167106 -0.00871627 -0.00365793 -0.0165798 0.999752 0.0148639 -0.0363858 0.00896243 -0.0147169 0.999851 0.00727564 0.0 0.0 0.0 1.0
pumpkin/seq-03/color/frame-000088.color.png pumpkin/seq-03/color/frame-000091.color.png 0.999748 0.0204968 -0.00915749 -0.00619004 -0.0203929 0.999728 0.0113055 -0.0338265 0.00938682 -0.0111158 0.999894 0.0159255 0.0 0.0 0.0 1.0
pumpkin/seq-03/color/frame-000091.color.png pumpkin/seq-03/color/frame-000094.color.png 0.99984 0.0136927 -0.0114939 -0.00413564 -0.0134919 0.999758 0.0173694 -0.0273824 0.0117289 -0.0172116 0.999783 -0.00381529 0.0 0.0 0.0 1.0
pumpkin/seq-03/color/frame-000094.color.png pumpkin/seq-03/color/frame-000097.color.png 0.999783 0.0177267 -0.0109139 -0.0027001 -0.0175607 0.999731 0.015121 -0.0170838 0.011179 -0.0149259 0.999826 -0.00635165 0.0 0.0 0.0 1.0
pumpkin/seq-03/color/frame-000097.color.png pumpkin/seq-03/color/frame-000100.color.png 0.999944 0.00121875 -0.0105144 -0.010635 -0.00103632 0.999849 0.0173342 -0.0287641 0.0105339 -0.0173224 0.999794 -0.00279343 0.0 0.0 0.0 1.0
pumpkin/seq-03/color/frame-000100.color.png pumpkin/seq-03/color/frame-000103.color.png 0.999635 0.00990936 -0.025128 0.0206445 -0.00956856 0.999861 0.0136465 -0.0142795 0.0252598 -0.0134011 0.999591 -0.0167432 0.0 0.0 0.0 1.0
pumpkin/seq-03/color/frame-000103.color.png pumpkin/seq-03/color/frame-000106.color.png 0.999546 0.00402849 -0.0298573 0.0231177 -0.00327605 0.999677 0.0252077 -0.0404478 0.0299492 -0.0250983 0.999236 -0.0046497 0.0 0.0 0.0 1.0
pumpkin/seq-03/color/frame-000106.color.png pumpkin/seq-03/color/frame-000109.color.png 0.999523 0.00956153 -0.0293682 0.0260635 -0.00963469 0.999951 -0.002348 0.00349671 0.0293443 0.00262968 0.999566 -0.00499845 0.0 0.0 0.0 1.0
pumpkin/seq-03/color/frame-000109.color.png pumpkin/seq-03/color/frame-000112.color.png 0.999595 0.000994583 -0.0284225 0.0163665 -0.00121993 0.999968 -0.00791379 0.0087111 0.0284137 0.00794533 0.999565 -0.00882477 0.0 0.0 0.0 1.0
pumpkin/seq-03/color/frame-000112.color.png pumpkin/seq-03/color/frame-000115.color.png 0.999501 -0.00656925 -0.0308939 0.0224053 0.0053551 0.999216 -0.0392199 0.058091 0.0311273 0.0390348 0.998753 0.000194848 0.0 0.0 0.0 1.0
pumpkin/seq-03/color/frame-000115.color.png pumpkin/seq-03/color/frame-000118.color.png 0.998866 -0.0177361 -0.0441776 0.0348391 0.0153443 0.998428 -0.0539032 0.0673661 0.0450642 0.0531643 0.997568 0.00785702 0.0 0.0 0.0 1.0
pumpkin/seq-03/color/frame-000118.color.png pumpkin/seq-03/color/frame-000121.color.png 0.998818 -0.00891856 -0.0477829 0.0599586 0.00748311 0.999518 -0.0301351 0.0335356 0.0480286 0.0297419 0.998403 -0.0206538 0.0 0.0 0.0 1.0
pumpkin/seq-03/color/frame-000121.color.png pumpkin/seq-03/color/frame-000124.color.png 0.999559 0.00035537 -0.0296824 0.0152095 -0.00128853 0.999505 -0.0314247 0.0458276 0.0296566 0.0314491 0.999065 -0.0101023 0.0 0.0 0.0 1.0
pumpkin/seq-03/color/frame-000124.color.png pumpkin/seq-03/color/frame-000127.color.png 0.999884 0.00543703 -0.0142247 0.0027478 -0.00568748 0.999828 -0.0176241 0.0190975 0.0141264 0.017703 0.999743 0.00455338 0.0 0.0 0.0 1.0
pumpkin/seq-03/color/frame-000127.color.png pumpkin/seq-03/color/frame-000130.color.png 0.999685 -0.00603275 -0.0243508 0.00191207 0.00571517 0.999898 -0.0130912 -0.00289398 0.0244274 0.0129479 0.999618 -0.0137962 0.0 0.0 0.0 1.0
pumpkin/seq-03/color/frame-000130.color.png pumpkin/seq-03/color/frame-000133.color.png 0.999509 -0.0144377 -0.0278112 0.0363037 0.0137889 0.999632 -0.023383 0.0339041 0.0281385 0.022988 0.99934 -0.0111359 0.0 0.0 0.0 1.0
pumpkin/seq-03/color/frame-000133.color.png pumpkin/seq-03/color/frame-000136.color.png 0.99877 -0.0351877 -0.0349454 0.0189258 0.0335896 0.998408 -0.045313 0.0663898 0.0364842 0.0440835 0.998361 -0.00372881 0.0 0.0 0.0 1.0
pumpkin/seq-03/color/frame-000136.color.png pumpkin/seq-03/color/frame-000139.color.png 0.999838 -0.0141744 -0.0110687 -0.0224603 0.0139405 0.999684 -0.0209289 0.0142592 0.0113619 0.0207712 0.99972 0.00750875 0.0 0.0 0.0 1.0
pumpkin/seq-03/color/frame-000139.color.png pumpkin/seq-03/color/frame-000142.color.png 0.99904 -0.0342828 -0.0272659 0.028827 0.0327861 0.998026 -0.0535655 0.0682834 0.0290484 0.0526201 0.998192 -0.000318944 0.0 0.0 0.0 1.0
pumpkin/seq-03/color/frame-000142.color.png pumpkin/seq-03/color/frame-000145.color.png 0.999671 -0.0226962 -0.011919 0.00488112 0.0221265 0.998699 -0.0459305 0.0455136 0.012946 0.0456517 0.998874 -0.00259778 0.0 0.0 0.0 1.0
pumpkin/seq-03/color/frame-000145.color.png pumpkin/seq-03/color/frame-000148.color.png 0.999918 -0.0123092 -0.00343854 -0.00836344 0.0122095 0.999543 -0.0276439 0.0314772 0.00377724 0.0275997 0.999612 -0.00529701 0.0 0.0 0.0 1.0
pumpkin/seq-03/color/frame-000148.color.png pumpkin/seq-03/color/frame-000151.color.png 0.999737 -0.0217934 -0.00708679 0.000797972 0.0214322 0.998638 -0.0475695 0.0485349 0.00811385 0.0474051 0.998843 -0.00382945 0.0 0.0 0.0 1.0
pumpkin/seq-03/color/frame-000151.color.png pumpkin/seq-03/color/frame-000154.color.png 0.999902 -0.0130016 -0.00513952 -0.00490446 0.012781 0.999084 -0.0408481 0.0420667 0.00566588 0.0407785 0.999152 -0.00275058 0.0 0.0 0.0 1.0
pumpkin/seq-03/color/frame-000154.color.png pumpkin/seq-03/color/frame-000157.color.png 0.999852 -0.0126412 -0.0116518 -0.00720181 0.0123345 0.999585 -0.0260285 0.0217037 0.011976 0.025881 0.999593 -0.00737289 0.0 0.0 0.0 1.0
pumpkin/seq-03/color/frame-000157.color.png pumpkin/seq-03/color/frame-000160.color.png 0.999857 -0.0120294 -0.0118523 -0.00358679 0.0118719 0.999841 -0.0132712 0.00192136 0.01201 0.0131286 0.999842 -0.0162452 0.0 0.0 0.0 1.0
pumpkin/seq-03/color/frame-000160.color.png pumpkin/seq-03/color/frame-000163.color.png 0.999837 -0.00430691 -0.0175339 0.00196005 0.00392044 0.99975 -0.0220165 0.0449208 0.0176243 0.0219441 0.999604 -0.014158 0.0 0.0 0.0 1.0
pumpkin/seq-03/color/frame-000163.color.png pumpkin/seq-03/color/frame-000166.color.png 0.999845 -0.00289905 -0.0173743 -0.00646064 0.00274866 0.999959 -0.00867631 0.03813 0.0173987 0.00862721 0.999811 -0.0167233 0.0 0.0 0.0 1.0
pumpkin/seq-03/color/frame-000166.color.png pumpkin/seq-03/color/frame-000169.color.png 0.999664 0.00719834 -0.0249036 0.000938706 -0.00715936 0.999973 0.00165516 0.0104325 0.0249148 -0.00147632 0.999688 -0.0200438 0.0 0.0 0.0 1.0
pumpkin/seq-03/color/frame-000169.color.png pumpkin/seq-03/color/frame-000172.color.png 0.999813 0.00513898 -0.0186257 0.000178277 -0.00473445 0.999753 0.0216994 -0.0179732 0.0187326 -0.0216072 0.999591 -0.0294918 0.0 0.0 0.0 1.0
pumpkin/seq-03/color/frame-000172.color.png pumpkin/seq-03/color/frame-000175.color.png 0.999473 0.00328863 -0.0323007 0.00365221 -0.00339387 0.999989 -0.00320407 0.0341815 0.0322897 0.00331201 0.999473 -0.0121475 0.0 0.0 0.0 1.0
pumpkin/seq-03/color/frame-000175.color.png pumpkin/seq-03/color/frame-000178.color.png 0.999812 0.000849212 -0.0193522 0.000300266 -0.000615997 0.999927 0.0120544 0.0014444 0.019361 -0.0120402 0.99974 -0.0153034 0.0 0.0 0.0 1.0
pumpkin/seq-03/color/frame-000178.color.png pumpkin/seq-03/color/frame-000181.color.png 0.999888 -0.00052007 -0.0149499 -0.0207043 0.000746392 0.999885 0.0151366 -0.00889012 0.0149403 -0.0151461 0.999774 -0.0205959 0.0 0.0 0.0 1.0
pumpkin/seq-03/color/frame-000181.color.png pumpkin/seq-03/color/frame-000184.color.png 0.999581 0.00161875 -0.0288827 0.0119378 -0.00167047 0.999997 -0.00176506 0.0114118 0.0288798 0.00181256 0.999581 -0.00839487 0.0 0.0 0.0 1.0
pumpkin/seq-03/color/frame-000184.color.png pumpkin/seq-03/color/frame-000187.color.png 0.999108 0.00273004 -0.0421495 0.0314443 -0.00302738 0.999971 -0.00699201 0.00207737 0.0421293 0.00711336 0.999087 0.000468567 0.0 0.0 0.0 1.0
pumpkin/seq-03/color/frame-000187.color.png pumpkin/seq-03/color/frame-000190.color.png 0.998653 0.00662161 -0.0514566 0.0393353 -0.00620747 0.999947 0.00820372 0.00409925 0.0515082 -0.00787326 0.998642 -0.0124099 0.0 0.0 0.0 1.0
pumpkin/seq-03/color/frame-000190.color.png pumpkin/seq-03/color/frame-000193.color.png 0.998397 0.0189233 -0.0533424 0.0415131 -0.0181752 0.99973 0.014475 -0.000157386 0.0536018 -0.0134823 0.998471 -0.0130403 0.0 0.0 0.0 1.0
pumpkin/seq-03/color/frame-000193.color.png pumpkin/seq-03/color/frame-000196.color.png 0.997885 0.016227 -0.06294 0.0205232 -0.0154598 0.9998 0.0126581 0.0231022 0.063133 -0.0116583 0.997937 -0.0169098 0.0 0.0 0.0 1.0
pumpkin/seq-03/color/frame-000196.color.png pumpkin/seq-03/color/frame-000199.color.png 0.996825 0.0295504 -0.0739304 0.0461807 -0.0272575 0.999121 0.031833 -0.0129375 0.0748062 -0.0297168 0.996755 -0.018676 0.0 0.0 0.0 1.0
pumpkin/seq-03/color/frame-000199.color.png pumpkin/seq-03/color/frame-000202.color.png 0.997246 0.0182381 -0.0718939 0.0232506 -0.0170022 0.999698 0.0177663 0.0199159 0.0721961 -0.0164951 0.997254 -0.0153944 0.0 0.0 0.0 1.0
pumpkin/seq-03/color/frame-000202.color.png pumpkin/seq-03/color/frame-000205.color.png 0.997518 0.0237673 -0.0662845 0.0295545 -0.0219775 0.999377 0.0276027 -0.0266078 0.0668993 -0.0260774 0.997419 -0.00437637 0.0 0.0 0.0 1.0
pumpkin/seq-03/color/frame-000205.color.png pumpkin/seq-03/color/frame-000208.color.png 0.998161 0.0328985 -0.0509238 -0.00282548 -0.0326817 0.999453 0.00508285 0.0172551 0.0510633 -0.00340921 0.99869 0.025885 0.0 0.0 0.0 1.0
pumpkin/seq-03/color/frame-000208.color.png pumpkin/seq-03/color/frame-000211.color.png 0.999189 0.0315324 -0.02503 0.0216103 -0.0304606 0.998649 0.0421048 -0.0190948 0.0263239 -0.0413082 0.9988 0.0106435 0.0 0.0 0.0 1.0
pumpkin/seq-03/color/frame-000211.color.png pumpkin/seq-03/color/frame-000214.color.png 0.999879 0.0140177 -0.00675149 0.00859949 -0.0137573 0.999214 0.0371865 0.0272226 0.00726752 -0.0370891 0.999286 0.0432814 0.0 0.0 0.0 1.0
pumpkin/seq-03/color/frame-000214.color.png pumpkin/seq-03/color/frame-000217.color.png 0.999738 0.0225083 0.00411303 0.0197888 -0.0226803 0.998585 0.0481067 -0.0176554 -0.00302439 -0.0481874 0.998834 0.0295478 0.0 0.0 0.0 1.0
pumpkin/seq-03/color/frame-000217.color.png pumpkin/seq-03/color/frame-000220.color.png 0.999952 0.00263331 0.00941863 0.0277506 -0.00292392 0.999516 0.0309865 -0.00874278 -0.00933254 -0.0310125 0.999475 0.0390749 0.0 0.0 0.0 1.0
pumpkin/seq-03/color/frame-000220.color.png pumpkin/seq-03/color/frame-000223.color.png 0.999962 -0.00281675 0.00822606 -0.00556736 0.00266524 0.999828 0.0183663 -0.0126554 -0.00827628 -0.0183437 0.999797 0.031597 0.0 0.0 0.0 1.0
pumpkin/seq-03/color/frame-000223.color.png pumpkin/seq-03/color/frame-000226.color.png 0.99997 -0.00726028 -0.00262263 0.0112365 0.00726607 0.999971 0.00219271 -0.00677842 0.00260659 -0.00221169 0.999994 0.0344271 0.0 0.0 0.0 1.0
pumpkin/seq-03/color/frame-000226.color.png pumpkin/seq-03/color/frame-000229.color.png 0.999703 -0.0205269 0.0131367 0.000165593 0.0208403 0.99949 -0.0241856 0.00441799 -0.0126334 0.0244521 0.999621 0.0505308 0.0 0.0 0.0 1.0
pumpkin/seq-03/color/frame-000229.color.png pumpkin/seq-03/color/frame-000232.color.png 0.999448 -0.0218016 0.0250848 -0.00651627 0.02236 0.999503 -0.022197 -0.00378385 -0.0245884 0.0227456 0.999439 0.0368108 0.0 0.0 0.0 1.0
pumpkin/seq-03/color/frame-000232.color.png pumpkin/seq-03/color/frame-000235.color.png 0.999269 -0.0191466 0.0330997 -0.0215611 0.0201092 0.999377 -0.0289938 0.0179403 -0.0325241 0.0296383 0.999031 0.0189182 0.0 0.0 0.0 1.0
pumpkin/seq-03/color/frame-000235.color.png pumpkin/seq-03/color/frame-000238.color.png 0.99953 -0.0232535 0.0199777 0.0336032 0.0238188 0.999309 -0.0285374 0.0323431 -0.0193001 0.0289997 0.999393 0.0628229 0.0 0.0 0.0 1.0
pumpkin/seq-03/color/frame-000238.color.png pumpkin/seq-03/color/frame-000241.color.png 0.998592 -0.0154829 0.0507325 -0.0269158 0.0172375 0.999262 -0.0343308 0.0107836 -0.0501636 0.035157 0.998122 0.0278224 0.0 0.0 0.0 1.0
pumpkin/seq-03/color/frame-000241.color.png pumpkin/seq-03/color/frame-000244.color.png 0.999349 -0.0136186 0.0334219 0.000947058 0.0147549 0.999313 -0.0339918 0.00241008 -0.032936 0.0344627 0.998863 0.0507107 0.0 0.0 0.0 1.0
pumpkin/seq-03/color/frame-000244.color.png pumpkin/seq-03/color/frame-000247.color.png 0.997856 -0.019488 0.0624789 -0.0349811 0.022512 0.99859 -0.0480674 -0.00316909 -0.0614542 0.0493709 0.996888 0.0508403 0.0 0.0 0.0 1.0
pumpkin/seq-03/color/frame-000247.color.png pumpkin/seq-03/color/frame-000250.color.png 0.999114 -0.0138044 0.0397564 -0.0140073 0.0154021 0.999074 -0.0401648 -0.0072982 -0.0391652 0.0407415 0.998402 0.0473911 0.0 0.0 0.0 1.0
pumpkin/seq-03/color/frame-000250.color.png pumpkin/seq-03/color/frame-000253.color.png 0.999543 -0.00222938 0.0301578 -0.0163315 0.00309444 0.999584 -0.0286681 -0.0119236 -0.0300813 0.0287483 0.999134 0.0464267 0.0 0.0 0.0 1.0
pumpkin/seq-03/color/frame-000253.color.png pumpkin/seq-03/color/frame-000256.color.png 0.999721 -0.00502585 0.0230728 -0.0313899 0.00549463 0.999779 -0.0203002 -0.00212431 -0.0229656 0.0204213 0.999528 0.0377675 0.0 0.0 0.0 1.0
pumpkin/seq-03/color/frame-000256.color.png pumpkin/seq-03/color/frame-000259.color.png 0.999666 -0.0117055 0.023044 -0.0296511 0.0125197 0.999291 -0.0355077 0.00546217 -0.0226121 0.0357843 0.999104 0.0465919 0.0 0.0 0.0 1.0
pumpkin/seq-03/color/frame-000259.color.png pumpkin/seq-03/color/frame-000262.color.png 0.998988 -0.0137175 0.0428285 -0.048025 0.0151183 0.999356 -0.0325556 0.00596842 -0.0423544 0.0331701 0.998552 0.0523461 0.0 0.0 0.0 1.0
pumpkin/seq-03/color/frame-000262.color.png pumpkin/seq-03/color/frame-000265.color.png 0.998625 -0.0181289 0.0491866 -0.0520643 0.0197166 0.999294 -0.0319895 0.0127654 -0.048572 0.0329153 0.998277 0.0437577 0.0 0.0 0.0 1.0
pumpkin/seq-03/color/frame-000265.color.png pumpkin/seq-03/color/frame-000268.color.png 0.997906 -0.0331953 0.0555035 -0.0825645 0.0354378 0.998574 -0.0399193 0.0340018 -0.0540992 0.0418026 0.99766 0.0378534 0.0 0.0 0.0 1.0
pumpkin/seq-03/color/frame-000268.color.png pumpkin/seq-03/color/frame-000271.color.png 0.998973 -0.0196242 0.040842 -0.0566918 0.0200808 0.99974 -0.0107996 0.000811338 -0.0406195 0.0116086 0.999107 0.0335522 0.0 0.0 0.0 1.0
pumpkin/seq-03/color/frame-000271.color.png pumpkin/seq-03/color/frame-000274.color.png 0.999388 -0.0209648 0.0280119 -0.00811239 0.0207956 0.999764 0.0063173 -0.0561391 -0.0281377 -0.00573089 0.999588 0.0241767 0.0 0.0 0.0 1.0
pumpkin/seq-03/color/frame-000274.color.png pumpkin/seq-03/color/frame-000277.color.png 0.998688 -0.0133245 0.0494404 -0.0671005 0.0139374 0.99983 -0.012073 0.00680399 -0.0492711 0.0127462 0.998704 0.0201777 0.0 0.0 0.0 1.0
pumpkin/seq-03/color/frame-000277.color.png pumpkin/seq-03/color/frame-000280.color.png 0.999103 -0.00768267 0.0416362 -0.0499208 0.00764548 0.99997 0.00105205 -0.0103863 -0.0416431 -0.000732789 0.999132 0.0140714 0.0 0.0 0.0 1.0
pumpkin/seq-03/color/frame-000280.color.png pumpkin/seq-03/color/frame-000283.color.png 0.99889 -0.0126207 0.0453736 -0.0691864 0.0129041 0.999899 -0.00595798 -0.00130218 -0.0452939 0.0065369 0.998952 0.0142181 0.0 0.0 0.0 1.0
pumpkin/seq-03/color/frame-000283.color.png pumpkin/seq-03/color/frame-000286.color.png 0.99943 -0.00682909 0.0330492 -0.0327358 0.0065061 0.99993 0.00986981 -0.0251132 -0.0331143 -0.00964917 0.999405 -0.00280625 0.0 0.0 0.0 1.0
pumpkin/seq-03/color/frame-000286.color.png pumpkin/seq-03/color/frame-000289.color.png 0.99933 -0.00827929 0.0356453 -0.0451883 0.00843717 0.999955 -0.00428006 -0.00076741 -0.0356083 0.0045779 0.999355 0.00369585 0.0 0.0 0.0 1.0
pumpkin/seq-03/color/frame-000289.color.png pumpkin/seq-03/color/frame-000292.color.png 0.999005 -0.00572452 0.0442296 -0.0481215 0.00634362 0.999884 -0.0138702 0.0194435 -0.0441451 0.014137 0.998925 -0.00535268 0.0 0.0 0.0 1.0
pumpkin/seq-03/color/frame-000292.color.png pumpkin/seq-03/color/frame-000295.color.png 0.999019 -0.0171116 0.0408417 -0.0444178 0.0176881 0.999748 -0.0137955 0.0013206 -0.0405954 0.0145044 0.99907 -0.0047192 0.0 0.0 0.0 1.0
pumpkin/seq-03/color/frame-000295.color.png pumpkin/seq-03/color/frame-000298.color.png 0.999339 -0.0011709 0.0363213 -0.0305983 0.00205888 0.9997 -0.0244206 0.0342805 -0.0362817 0.0244793 0.999042 0.001109 0.0 0.0 0.0 1.0
pumpkin/seq-03/color/frame-000298.color.png pumpkin/seq-03/color/frame-000301.color.png 0.999441 -0.00637266 0.0328078 -0.0356717 0.00677048 0.999905 -0.0120285 0.00631702 -0.032728 0.0122439 0.999389 -0.0080387 0.0 0.0 0.0 1.0
pumpkin/seq-03/color/frame-000301.color.png pumpkin/seq-03/color/frame-000304.color.png 0.999516 -0.00180256 0.0310594 -0.0334741 0.00266351 0.999613 -0.0277003 0.032032 -0.0309975 0.0277697 0.999134 0.00549084 0.0 0.0 0.0 1.0
pumpkin/seq-03/color/frame-000304.color.png pumpkin/seq-03/color/frame-000307.color.png 0.999854 0.00531954 0.016257 -0.0132461 -0.00475358 0.999388 -0.0346565 0.0325544 -0.0164314 0.0345741 0.999267 -0.00312907 0.0 0.0 0.0 1.0
pumpkin/seq-03/color/frame-000307.color.png pumpkin/seq-03/color/frame-000310.color.png 0.999906 0.00503687 0.012758 -0.021604 -0.0045803 0.999357 -0.0355675 0.0468667 -0.0129289 0.0355058 0.999286 0.00144756 0.0 0.0 0.0 1.0
pumpkin/seq-03/color/frame-000310.color.png pumpkin/seq-03/color/frame-000313.color.png 0.999495 0.00623698 0.0311698 -0.0755473 -0.0058587 0.999908 -0.0122109 -0.0321054 -0.0312432 0.0120222 0.999439 0.00488931 0.0 0.0 0.0 1.0
pumpkin/seq-03/color/frame-000313.color.png pumpkin/seq-03/color/frame-000316.color.png 0.999912 0.00942793 0.00934597 -0.00851847 -0.0090754 0.999271 -0.0370718 0.0319465 -0.00968869 0.0369838 0.999269 0.0092141 0.0 0.0 0.0 1.0
pumpkin/seq-03/color/frame-000316.color.png pumpkin/seq-03/color/frame-000319.color.png 0.999961 0.0063948 0.00605367 -0.00582836 -0.00619105 0.999433 -0.0330947 0.0334889 -0.00626187 0.033056 0.999434 0.00655669 0.0 0.0 0.0 1.0
pumpkin/seq-03/color/frame-000319.color.png pumpkin/seq-03/color/frame-000322.color.png 0.999983 -0.000166427 0.00573858 -0.00935225 0.000325065 0.999618 -0.0276558 0.0282827 -0.00573178 0.0276572 0.999601 0.0108173 0.0 0.0 0.0 1.0
pumpkin/seq-03/color/frame-000322.color.png pumpkin/seq-03/color/frame-000325.color.png 0.999951 0.00328106 -0.00939707 0.0161799 -0.00351465 0.999683 -0.024948 0.0274693 0.00931222 0.0249798 0.999645 -0.00774235 0.0 0.0 0.0 1.0
pumpkin/seq-03/color/frame-000325.color.png pumpkin/seq-03/color/frame-000328.color.png 0.99999 0.00440108 -0.00116738 -0.000911504 -0.00441293 0.999937 -0.0103338 -0.00252047 0.00112185 0.0103387 0.999946 0.00124729 0.0 0.0 0.0 1.0
pumpkin/seq-03/color/frame-000328.color.png pumpkin/seq-03/color/frame-000331.color.png 0.999938 0.00429295 0.0102716 -0.0115991 -0.00402315 0.99965 -0.0261441 0.0170241 -0.0103803 0.0261011 0.999605 0.0113399 0.0 0.0 0.0 1.0
pumpkin/seq-03/color/frame-000331.color.png pumpkin/seq-03/color/frame-000334.color.png 0.999958 -0.000239463 0.00918845 -0.000598665 0.000360922 0.999913 -0.0132197 -0.000891864 -0.00918452 0.0132226 0.99987 -0.0124009 0.0 0.0 0.0 1.0
pumpkin/seq-03/color/frame-000334.color.png pumpkin/seq-03/color/frame-000337.color.png 0.999654 -0.0185407 0.0186743 -0.0102431 0.0187516 0.999762 -0.0111832 0.024866 -0.0184625 0.0115295 0.999763 -0.0216587 0.0 0.0 0.0 1.0
pumpkin/seq-03/color/frame-000337.color.png pumpkin/seq-03/color/frame-000340.color.png 0.99981 -0.0127988 0.0147191 -0.00154493 0.0126314 0.999855 0.0114136 -0.0122629 -0.0148631 -0.0112254 0.999826 -0.0232708 0.0 0.0 0.0 1.0
pumpkin/seq-03/color/frame-000340.color.png pumpkin/seq-03/color/frame-000343.color.png 0.99961 -0.0240644 0.0141465 -0.0126018 0.0239573 0.999683 0.00769249 0.0213009 -0.0143272 -0.00735065 0.99987 0.0137109 0.0 0.0 0.0 1.0
pumpkin/seq-03/color/frame-000343.color.png pumpkin/seq-03/color/frame-000346.color.png 0.999973 0.00731703 0.000864126 0.0237261 -0.00733027 0.999838 0.0164179 -0.0030407 -0.000743841 -0.0164239 0.999865 0.00632304 0.0 0.0 0.0 1.0
pumpkin/seq-03/color/frame-000346.color.png pumpkin/seq-03/color/frame-000349.color.png 0.999912 0.0128822 0.00304122 0.0227823 -0.0129546 0.9996 0.0251414 -0.019259 -0.00271609 -0.0251786 0.999679 0.012841 0.0 0.0 0.0 1.0
pumpkin/seq-03/color/frame-000349.color.png pumpkin/seq-03/color/frame-000352.color.png 0.99971 0.0240159 0.00153228 0.0442857 -0.0240621 0.998504 0.0490991 -0.0530652 -0.000350864 -0.0491216 0.998793 -0.00960165 0.0 0.0 0.0 1.0
pumpkin/seq-03/color/frame-000352.color.png pumpkin/seq-03/color/frame-000355.color.png 0.999841 0.0161129 0.00761783 0.0218707 -0.0164475 0.9988 0.0461201 -0.0415705 -0.00686559 -0.0462382 0.998907 0.0119829 0.0 0.0 0.0 1.0
pumpkin/seq-03/color/frame-000355.color.png pumpkin/seq-03/color/frame-000358.color.png 0.999672 0.0256037 -5.66568e-05 0.049549 -0.0255526 0.997812 0.0609714 -0.0673663 0.00161764 -0.0609499 0.99814 -0.00755471 0.0 0.0 0.0 1.0
pumpkin/seq-03/color/frame-000358.color.png pumpkin/seq-03/color/frame-000361.color.png 0.999786 0.0206985 -5.95969e-05 0.0359535 -0.0206737 0.998722 0.0461082 -0.04994 0.00101391 -0.0460972 0.998936 0.0023405 0.0 0.0 0.0 1.0
pumpkin/seq-03/color/frame-000361.color.png pumpkin/seq-03/color/frame-000364.color.png 0.999991 0.00113137 -0.00404703 0.0132888 -0.00100701 0.999531 0.0306037 -0.0316412 0.00407972 -0.0305994 0.999523 0.0139688 0.0 0.0 0.0 1.0
pumpkin/seq-03/color/frame-000364.color.png pumpkin/seq-03/color/frame-000367.color.png 0.99985 0.000309811 -0.017313 0.0503163 0.000110025 0.999706 0.0242431 -0.0162485 0.0173154 -0.0242413 0.999556 -0.00896084 0.0 0.0 0.0 1.0
pumpkin/seq-03/color/frame-000367.color.png pumpkin/seq-03/color/frame-000370.color.png 0.999606 0.000917223 -0.0280463 0.0824764 -0.000423801 0.999845 0.017594 -0.00801855 0.0280581 -0.0175752 0.999452 -0.0246401 0.0 0.0 0.0 1.0
pumpkin/seq-03/color/frame-000370.color.png pumpkin/seq-03/color/frame-000373.color.png 0.999955 0.00297427 -0.00897007 0.030491 -0.00280694 0.999823 0.0186091 -0.0173074 0.00902381 -0.0185831 0.999787 -0.00491458 0.0 0.0 0.0 1.0
pumpkin/seq-03/color/frame-000373.color.png pumpkin/seq-03/color/frame-000376.color.png 0.99983 0.00801959 -0.0165747 0.0534099 -0.00769879 0.999783 0.0193312 -0.00700778 0.0167261 -0.0192003 0.999676 -0.0144955 0.0 0.0 0.0 1.0
pumpkin/seq-03/color/frame-000376.color.png pumpkin/seq-03/color/frame-000379.color.png 0.99944 0.00459084 -0.0331361 0.0781223 -0.00375344 0.999673 0.0252896 -0.021378 0.0332414 -0.025151 0.999131 -0.0474702 0.0 0.0 0.0 1.0
pumpkin/seq-03/color/frame-000379.color.png pumpkin/seq-03/color/frame-000382.color.png 0.999263 0.0145491 -0.0355178 0.0659505 -0.0124698 0.998234 0.0580757 -0.0469582 0.0363001 -0.05759 0.99768 -0.057913 0.0 0.0 0.0 1.0
pumpkin/seq-03/color/frame-000382.color.png pumpkin/seq-03/color/frame-000385.color.png 0.999277 0.00199443 -0.0379619 0.0592941 -0.000852977 0.999548 0.0300612 -0.0149411 0.0380047 -0.0300071 0.998827 -0.0398654 0.0 0.0 0.0 1.0
pumpkin/seq-03/color/frame-000385.color.png pumpkin/seq-03/color/frame-000388.color.png 0.999291 -0.0177653 -0.0331948 0.0273426 0.0182049 0.99975 0.0129886 0.006441 0.0329557 -0.0135837 0.999364 -0.0224227 0.0 0.0 0.0 1.0
pumpkin/seq-03/color/frame-000388.color.png pumpkin/seq-03/color/frame-000391.color.png 0.999648 -0.00377227 -0.0262673 0.0428709 0.00420862 0.999854 0.0165758 -0.00662282 0.0262009 -0.0166805 0.999518 -0.0298547 0.0 0.0 0.0 1.0
pumpkin/seq-03/color/frame-000391.color.png pumpkin/seq-03/color/frame-000394.color.png 0.999458 -0.0225994 -0.0239409 0.020125 0.0229842 0.999609 0.0159232 -0.0143418 0.0235717 -0.0164648 0.999587 -0.0287478 0.0 0.0 0.0 1.0
pumpkin/seq-03/color/frame-000394.color.png pumpkin/seq-03/color/frame-000397.color.png 0.999465 -0.00899193 -0.0314497 0.0368813 0.00946691 0.999843 0.0149842 -0.00433612 0.03131 -0.0152739 0.999393 -0.0300959 0.0 0.0 0.0 1.0
pumpkin/seq-03/color/frame-000397.color.png pumpkin/seq-03/color/frame-000400.color.png 0.999612 0.00332844 -0.0276491 0.0342564 -0.00273983 0.999769 0.0212998 -0.0110718 0.0277136 -0.0212158 0.999391 -0.0311571 0.0 0.0 0.0 1.0
pumpkin/seq-03/color/frame-000400.color.png pumpkin/seq-03/color/frame-000403.color.png 0.999572 0.0136121 -0.0259088 0.0302469 -0.0129468 0.999587 0.0256758 -0.0101768 0.0262476 -0.0253294 0.999334 -0.0345393 0.0 0.0 0.0 1.0
pumpkin/seq-03/color/frame-000403.color.png pumpkin/seq-03/color/frame-000406.color.png 0.999629 0.0162773 -0.0218525 0.0194741 -0.0157716 0.999608 0.0231171 -0.0132859 0.0222203 -0.0227639 0.999494 -0.0286542 0.0 0.0 0.0 1.0
pumpkin/seq-03/color/frame-000406.color.png pumpkin/seq-03/color/frame-000409.color.png 0.999586 0.0156432 -0.0241305 0.0299617 -0.0150268 0.999562 0.0255182 -0.00997722 0.024519 -0.0251451 0.999383 -0.0359606 0.0 0.0 0.0 1.0
pumpkin/seq-03/color/frame-000409.color.png pumpkin/seq-03/color/frame-000412.color.png 0.999872 0.00988885 -0.012593 0.00790501 -0.0097417 0.999884 0.0116954 0.0214502 0.0127072 -0.0115712 0.999852 -0.026657 0.0 0.0 0.0 1.0
pumpkin/seq-03/color/frame-000412.color.png pumpkin/seq-03/color/frame-000415.color.png 0.999662 0.0111709 -0.0234663 0.0251433 -0.0104713 0.999503 0.0297275 -0.0208898 0.0237868 -0.0294717 0.999282 -0.0408705 0.0 0.0 0.0 1.0
pumpkin/seq-03/color/frame-000415.color.png pumpkin/seq-03/color/frame-000418.color.png 0.999954 0.00348954 -0.00896761 -0.00698847 -0.00332968 0.999837 0.0177723 0.00292087 0.00902814 -0.0177416 0.999802 -0.0263929 0.0 0.0 0.0 1.0
pumpkin/seq-03/color/frame-000418.color.png pumpkin/seq-03/color/frame-000421.color.png 0.999932 -0.00515482 -0.0104921 -0.000430435 0.00544719 0.999592 0.0280355 -0.0245878 0.0103433 -0.0280907 0.999552 -0.0317878 0.0 0.0 0.0 1.0
pumpkin/seq-03/color/frame-000421.color.png pumpkin/seq-03/color/frame-000424.color.png 0.999897 -0.00261525 -0.0140793 0.0141904 0.00274532 0.999954 0.0092253 0.000609249 0.0140545 -0.00926299 0.999858 -0.0224368 0.0 0.0 0.0 1.0
pumpkin/seq-03/color/frame-000424.color.png pumpkin/seq-03/color/frame-000427.color.png 0.999968 0.00291097 -0.00745765 0.0053325 -0.00287737 0.999986 0.00451233 0.00613636 0.00747073 -0.00449074 0.999962 -0.0182762 0.0 0.0 0.0 1.0
pumpkin/seq-03/color/frame-000427.color.png pumpkin/seq-03/color/frame-000430.color.png 0.999896 0.00401371 -0.0138578 0.0269318 -0.00387163 0.99994 0.0102644 -0.00417417 0.0138982 -0.0102097 0.999851 -0.0175219 0.0 0.0 0.0 1.0
pumpkin/seq-03/color/frame-000430.color.png pumpkin/seq-03/color/frame-000433.color.png 0.999885 0.0136817 -0.00657084 0.0315218 -0.0136286 0.999875 0.0080462 -0.00161374 0.00668012 -0.00795577 0.999946 -0.020976 0.0 0.0 0.0 1.0
pumpkin/seq-03/color/frame-000433.color.png pumpkin/seq-03/color/frame-000436.color.png 0.999802 0.0154352 -0.012532 0.0365716 -0.0153322 0.999848 0.00826989 0.00257766 0.0126578 -0.00807609 0.999887 -0.0240476 0.0 0.0 0.0 1.0
pumpkin/seq-03/color/frame-000436.color.png pumpkin/seq-03/color/frame-000439.color.png 0.999862 0.010628 -0.0127652 0.0377411 -0.0105124 0.999903 0.00910153 -0.0106299 0.0128607 -0.00896607 0.999877 -0.016939 0.0 0.0 0.0 1.0
pumpkin/seq-03/color/frame-000439.color.png pumpkin/seq-03/color/frame-000442.color.png 0.999907 0.000429985 -0.0136181 0.0499621 -0.000638096 0.999883 -0.0152897 0.0278563 0.0136099 0.0152969 0.99979 -0.0198992 0.0 0.0 0.0 1.0
pumpkin/seq-03/color/frame-000442.color.png pumpkin/seq-03/color/frame-000445.color.png 0.999807 0.00572615 -0.0187989 0.0585607 -0.00565515 0.999977 0.00382925 -0.000502437 0.0188204 -0.00372219 0.999816 -0.0239452 0.0 0.0 0.0 1.0
pumpkin/seq-03/color/frame-000445.color.png pumpkin/seq-03/color/frame-000448.color.png 0.999777 0.00198024 -0.0210498 0.04882 -0.00201219 0.999997 -0.00149534 0.000446469 0.0210468 0.00153739 0.999777 -0.0249063 0.0 0.0 0.0 1.0
pumpkin/seq-03/color/frame-000448.color.png pumpkin/seq-03/color/frame-000451.color.png 0.999558 0.000300211 -0.0297107 0.049868 -0.00011982 0.999982 0.00607139 0.0110042 0.029712 -0.00606518 0.99954 -0.0372437 0.0 0.0 0.0 1.0
pumpkin/seq-03/color/frame-000451.color.png pumpkin/seq-03/color/frame-000454.color.png 0.999623 -0.00253186 -0.0273568 0.0430223 0.00274128 0.999967 0.00762078 -0.0239414 0.0273365 -0.00769284 0.999597 -0.0232769 0.0 0.0 0.0 1.0
pumpkin/seq-03/color/frame-000454.color.png pumpkin/seq-03/color/frame-000457.color.png 0.999337 0.00935049 -0.0351955 0.0623453 -0.00903727 0.999918 0.00904831 0.0060173 0.0352773 -0.00872426 0.99934 -0.0257071 0.0 0.0 0.0 1.0
pumpkin/seq-03/color/frame-000457.color.png pumpkin/seq-03/color/frame-000460.color.png 0.999398 0.00804097 -0.033749 0.0594617 -0.00776779 0.999936 0.00821825 -0.0105959 0.0338129 -0.00795118 0.999396 -0.0168234 0.0 0.0 0.0 1.0
pumpkin/seq-03/color/frame-000460.color.png pumpkin/seq-03/color/frame-000463.color.png 0.999429 0.0110972 -0.0319126 0.0487847 -0.0111558 0.999936 -0.00166009 -0.00145343 0.0318922 0.00201517 0.999489 -0.0184417 0.0 0.0 0.0 1.0
pumpkin/seq-03/color/frame-000463.color.png pumpkin/seq-03/color/frame-000466.color.png 0.999664 0.012297 -0.0228213 0.038298 -0.0120986 0.999888 0.00880856 -0.0212105 0.022927 -0.00852951 0.999701 -0.00885195 0.0 0.0 0.0 1.0
pumpkin/seq-03/color/frame-000466.color.png pumpkin/seq-03/color/frame-000469.color.png 0.999565 -0.00262787 -0.0293915 0.0376163 0.00177847 0.999581 -0.0288892 0.0406924 0.0294551 0.0288244 0.99915 -0.011925 0.0 0.0 0.0 1.0
pumpkin/seq-03/color/frame-000469.color.png pumpkin/seq-03/color/frame-000472.color.png 0.999671 0.00802012 -0.0243569 0.0337743 -0.00804446 0.999967 -0.000897977 0.0100285 0.0243488 0.00109363 0.999703 -0.01328 0.0 0.0 0.0 1.0
pumpkin/seq-03/color/frame-000472.color.png pumpkin/seq-03/color/frame-000475.color.png 0.999802 0.0117511 -0.0160773 0.0421485 -0.0114863 0.999799 0.0164637 -0.00994092 0.0162675 -0.0162758 0.999735 -0.0109272 0.0 0.0 0.0 1.0
pumpkin/seq-03/color/frame-000475.color.png pumpkin/seq-03/color/frame-000478.color.png 0.999794 0.00329636 -0.0200231 0.0264499 -0.00316108 0.999972 0.0067855 0.00549826 0.020045 -0.00672079 0.999776 -0.0156917 0.0 0.0 0.0 1.0
pumpkin/seq-03/color/frame-000478.color.png pumpkin/seq-03/color/frame-000481.color.png 0.998518 0.0170076 -0.0517003 0.0834161 -0.0161756 0.999733 0.0164683 -0.0131848 0.0519666 -0.0156075 0.998527 -0.0268428 0.0 0.0 0.0 1.0
pumpkin/seq-03/color/frame-000481.color.png pumpkin/seq-03/color/frame-000484.color.png 0.999013 0.0159445 -0.041457 0.0633958 -0.0161902 0.999853 -0.00559879 0.00350636 0.0413616 0.00626436 0.999124 -0.0282511 0.0 0.0 0.0 1.0
pumpkin/seq-03/color/frame-000484.color.png pumpkin/seq-03/color/frame-000487.color.png 0.999134 0.00816734 -0.0408005 0.0766143 -0.00846189 0.99994 -0.00705154 0.00793993 0.0407403 0.0073907 0.999142 -0.00477314 0.0 0.0 0.0 1.0
pumpkin/seq-03/color/frame-000487.color.png pumpkin/seq-03/color/frame-000490.color.png 0.999849 0.00352584 -0.0170316 0.0394245 -0.00346161 0.999987 0.00379618 -0.0163774 0.017045 -0.00373668 0.999848 0.00224715 0.0 0.0 0.0 1.0
pumpkin/seq-03/color/frame-000490.color.png pumpkin/seq-03/color/frame-000493.color.png 0.99986 -0.00475866 -0.0160434 0.0227069 0.00476896 0.999988 0.000613197 -0.0101413 0.0160402 -0.000689531 0.999871 -0.00301254 0.0 0.0 0.0 1.0
pumpkin/seq-03/color/frame-000493.color.png pumpkin/seq-03/color/frame-000496.color.png 0.999742 0.00238395 -0.022597 0.027889 -0.00244351 0.999994 -0.00261336 -0.0138147 0.0225905 0.00266797 0.999741 -0.0105941 0.0 0.0 0.0 1.0
pumpkin/seq-03/color/frame-000496.color.png pumpkin/seq-03/color/frame-000499.color.png 0.999843 -0.00392491 -0.0172544 0.0303051 0.00400596 0.999981 0.00466444 -0.0206867 0.0172358 -0.00473295 0.99984 0.00321651 0.0 0.0 0.0 1.0
pumpkin/seq-03/color/frame-000499.color.png pumpkin/seq-03/color/frame-000502.color.png 0.99977 -0.00285791 -0.0212602 0.0452417 0.00319557 0.999869 0.0158679 -0.022736 0.0212121 -0.0159322 0.999648 -0.0175066 0.0 0.0 0.0 1.0
pumpkin/seq-03/color/frame-000502.color.png pumpkin/seq-03/color/frame-000505.color.png 0.999913 0.00252936 -0.0129588 0.0232929 -0.00242891 0.999967 0.00775593 -0.0260577 0.0129779 -0.00772375 0.999886 0.00466543 0.0 0.0 0.0 1.0
pumpkin/seq-03/color/frame-000505.color.png pumpkin/seq-03/color/frame-000508.color.png 0.999486 -0.00489354 -0.0316703 0.0485358 0.00420046 0.999751 -0.0219141 0.00635767 0.0317696 0.0217698 0.999258 0.0129651 0.0 0.0 0.0 1.0
pumpkin/seq-03/color/frame-000508.color.png pumpkin/seq-03/color/frame-000511.color.png 0.998583 -0.0255298 -0.0466867 0.056816 0.0247911 0.999559 -0.0163343 -0.0268892 0.0470831 0.0151537 0.998776 -0.000980854 0.0 0.0 0.0 1.0
pumpkin/seq-03/color/frame-000511.color.png pumpkin/seq-03/color/frame-000514.color.png 0.999529 -0.0260745 -0.0162015 0.0313735 0.0258084 0.999532 -0.0164218 -0.0163016 0.0166222 0.015996 0.999734 -0.0069564 0.0 0.0 0.0 1.0
pumpkin/seq-03/color/frame-000514.color.png pumpkin/seq-03/color/frame-000517.color.png 0.999536 -0.0268702 -0.0143467 0.0238292 0.0268791 0.999639 0.000432678 -0.0298263 0.0143298 -0.000818084 0.999897 0.025072 0.0 0.0 0.0 1.0
pumpkin/seq-03/color/frame-000517.color.png pumpkin/seq-03/color/frame-000520.color.png 0.999772 -0.00764739 -0.0199116 0.021992 0.0076091 0.999969 -0.00200048 -0.0132483 0.0199263 0.0018485 0.9998 0.0020718 0.0 0.0 0.0 1.0
pumpkin/seq-03/color/frame-000520.color.png pumpkin/seq-03/color/frame-000523.color.png 0.999588 -0.0111606 -0.0264565 0.0256592 0.0105975 0.999716 -0.021329 -0.000531435 0.026687 0.0210399 0.999422 0.0173327 0.0 0.0 0.0 1.0
pumpkin/seq-03/color/frame-000523.color.png pumpkin/seq-03/color/frame-000526.color.png 0.999779 -0.00600558 -0.0201423 0.0187917 0.00579886 0.99993 -0.0103073 -0.000260651 0.0202027 0.0101882 0.999744 -0.00414133 0.0 0.0 0.0 1.0
pumpkin/seq-03/color/frame-000526.color.png pumpkin/seq-03/color/frame-000529.color.png 0.999803 -0.00818675 -0.0180874 0.011608 0.00809524 0.999954 -0.00512419 -0.00479931 0.0181287 0.00497675 0.999823 0.010617 0.0 0.0 0.0 1.0
pumpkin/seq-03/color/frame-000529.color.png pumpkin/seq-03/color/frame-000532.color.png 0.999387 -0.0242553 -0.0252562 0.00727725 0.0238347 0.999574 -0.0168285 -0.0252288 0.0256536 0.0162162 0.999539 0.00358105 0.0 0.0 0.0 1.0
pumpkin/seq-03/color/frame-000532.color.png pumpkin/seq-03/color/frame-000535.color.png 0.999755 -0.016193 -0.0151061 0.0058552 0.0160062 0.999795 -0.0124061 0.00159287 0.0153039 0.0121612 0.999809 -0.00558829 0.0 0.0 0.0 1.0
pumpkin/seq-03/color/frame-000535.color.png pumpkin/seq-03/color/frame-000538.color.png 0.999847 -0.0174424 0.00137426 -0.00941467 0.0174515 0.999824 -0.00689778 -0.0124032 -0.00125383 0.00692079 0.999975 0.0173928 0.0 0.0 0.0 1.0
pumpkin/seq-03/color/frame-000538.color.png pumpkin/seq-03/color/frame-000541.color.png 0.999876 -0.0155111 -0.00282097 -0.0167042 0.0155055 0.999878 -0.00198981 -0.0273047 0.00285158 0.00194574 0.999994 0.0055542 0.0 0.0 0.0 1.0
pumpkin/seq-03/color/frame-000541.color.png pumpkin/seq-03/color/frame-000544.color.png 0.999785 -0.0204149 -0.00374674 -0.0136595 0.020373 0.999733 -0.0109062 -0.00340122 0.00396835 0.0108276 0.999933 -0.0088259 0.0 0.0 0.0 1.0
pumpkin/seq-03/color/frame-000544.color.png pumpkin/seq-03/color/frame-000547.color.png 0.99983 -0.00120664 -0.0184014 0.0257818 0.00134654 0.99997 0.00759547 -0.0258769 0.0183918 -0.00761897 0.999802 0.011001 0.0 0.0 0.0 1.0
pumpkin/seq-03/color/frame-000547.color.png pumpkin/seq-03/color/frame-000550.color.png 0.999928 -0.0118554 0.00181844 -0.0134282 0.0118772 0.999851 -0.0125015 0.00282162 -0.00167003 0.0125223 0.99992 0.0160294 0.0 0.0 0.0 1.0
pumpkin/seq-03/color/frame-000550.color.png pumpkin/seq-03/color/frame-000553.color.png 0.999665 -0.023495 0.0108922 -0.0370476 0.0236648 0.999596 -0.0157345 -0.0227659 -0.0105181 0.0159869 0.999817 0.0349487 0.0 0.0 0.0 1.0
pumpkin/seq-03/color/frame-000553.color.png pumpkin/seq-03/color/frame-000556.color.png 0.999432 -0.0253601 0.0222024 -0.040113 0.0256576 0.999583 -0.0132197 -0.0206525 -0.0218579 0.0137819 0.999666 0.0257187 0.0 0.0 0.0 1.0
pumpkin/seq-03/color/frame-000556.color.png pumpkin/seq-03/color/frame-000559.color.png 0.999746 -0.0163934 0.0154553 -0.028977 0.0163964 0.999865 -6.40514e-05 -0.022237 -0.0154521 0.000317389 0.999881 0.0128928 0.0 0.0 0.0 1.0
pumpkin/seq-03/color/frame-000559.color.png pumpkin/seq-03/color/frame-000562.color.png 0.999942 -0.00427632 0.00984977 -0.0145265 0.0042088 0.999968 0.00686875 -0.00621349 -0.00987882 -0.00682686 0.999928 0.00201774 0.0 0.0 0.0 1.0
pumpkin/seq-03/color/frame-000562.color.png pumpkin/seq-03/color/frame-000565.color.png 0.999904 -0.0052544 0.0128297 -0.01772 0.00520662 0.999979 0.00375438 0.00597739 -0.0128493 -0.00368724 0.999911 0.0170206 0.0 0.0 0.0 1.0
pumpkin/seq-03/color/frame-000565.color.png pumpkin/seq-03/color/frame-000568.color.png 0.999882 -0.000389054 0.0153518 -0.0249975 0.000276554 0.999973 0.00733087 -0.00320953 -0.0153542 -0.00732569 0.999855 0.0116707 0.0 0.0 0.0 1.0
pumpkin/seq-03/color/frame-000568.color.png pumpkin/seq-03/color/frame-000571.color.png 0.999595 0.00653611 0.0276894 -0.0354156 -0.00666234 0.999968 0.00447006 0.0126778 -0.0276595 -0.00465271 0.999607 0.024415 0.0 0.0 0.0 1.0
pumpkin/seq-03/color/frame-000571.color.png pumpkin/seq-03/color/frame-000574.color.png 0.999669 0.00549316 0.0251497 -0.0449507 -0.00563143 0.999969 0.00542866 2.76566e-05 -0.025119 -0.00556854 0.999669 0.0228659 0.0 0.0 0.0 1.0
pumpkin/seq-03/color/frame-000574.color.png pumpkin/seq-03/color/frame-000577.color.png 0.999772 0.00313827 0.0211221 -0.037802 -0.00307725 0.999991 -0.00292005 0.0103874 -0.0211311 0.0028544 0.999773 0.0115688 0.0 0.0 0.0 1.0
pumpkin/seq-03/color/frame-000577.color.png pumpkin/seq-03/color/frame-000580.color.png 0.999885 0.000902555 0.0151206 -0.0332174 -0.000960924 0.999992 0.003854 0.000991106 -0.0151168 -0.00386806 0.999878 0.0147908 0.0 0.0 0.0 1.0
pumpkin/seq-03/color/frame-000580.color.png pumpkin/seq-03/color/frame-000583.color.png 0.999812 -0.00128002 0.0193503 -0.0322526 0.00131907 0.999997 -0.00200299 0.0154799 -0.0193478 0.00202816 0.999811 0.0167388 0.0 0.0 0.0 1.0
pumpkin/seq-03/color/frame-000583.color.png pumpkin/seq-03/color/frame-000586.color.png 0.99959 0.00180039 0.0285716 -0.0515732 -0.00188741 0.999994 0.0030164 0.00596911 -0.0285658 -0.00306915 0.999587 0.0160702 0.0 0.0 0.0 1.0
pumpkin/seq-03/color/frame-000586.color.png pumpkin/seq-03/color/frame-000589.color.png 0.999805 0.000126655 0.0197599 -0.0353019 -0.000162798 0.999998 0.00182874 0.00741017 -0.0197597 -0.00183157 0.999803 0.0156834 0.0 0.0 0.0 1.0
pumpkin/seq-03/color/frame-000589.color.png pumpkin/seq-03/color/frame-000592.color.png 0.999812 0.0023209 0.0192635 -0.0434855 -0.00249901 0.999954 0.00922771 -0.00915349 -0.0192413 -0.00927402 0.999772 0.00322801 0.0 0.0 0.0 1.0
pumpkin/seq-03/color/frame-000592.color.png pumpkin/seq-03/color/frame-000595.color.png 0.999885 -0.00222723 0.0150285 -0.0423806 0.00220143 0.999996 0.00173573 0.00128579 -0.0150324 -0.0017025 0.999886 0.00966626 0.0 0.0 0.0 1.0
pumpkin/seq-03/color/frame-000595.color.png pumpkin/seq-03/color/frame-000598.color.png 0.999909 0.000549166 0.0135137 -0.0449184 -0.000534757 0.999999 -0.00107101 0.00518656 -0.0135142 0.00106369 0.999908 0.00684333 0.0 0.0 0.0 1.0
pumpkin/seq-03/color/frame-000598.color.png pumpkin/seq-03/color/frame-000601.color.png 0.999927 -0.00752378 0.00945365 -0.0413368 0.00759951 0.999939 -0.00800093 0.0203471 -0.00939292 0.00807221 0.999923 0.0167255 0.0 0.0 0.0 1.0
pumpkin/seq-03/color/frame-000601.color.png pumpkin/seq-03/color/frame-000604.color.png 0.999868 -0.015142 -0.00596029 -0.0311117 0.0152166 0.999804 0.0126697 -0.0407694 0.00576717 -0.0127587 0.999902 -0.00595146 0.0 0.0 0.0 1.0
pumpkin/seq-03/color/frame-000604.color.png pumpkin/seq-03/color/frame-000607.color.png 0.999949 -0.0086704 -0.00524097 -0.0145187 0.00863315 0.999938 -0.00707701 -0.000595093 0.00530209 0.00703145 0.999961 0.015155 0.0 0.0 0.0 1.0
pumpkin/seq-03/color/frame-000607.color.png pumpkin/seq-03/color/frame-000610.color.png 0.999983 0.00182053 -0.00552708 -0.00362831 -0.00194873 0.999727 -0.0232864 0.0393164 0.00548306 0.0232968 0.999713 0.0162543 0.0 0.0 0.0 1.0
pumpkin/seq-03/color/frame-000610.color.png pumpkin/seq-03/color/frame-000613.color.png 0.999976 -0.00517087 -0.00463544 -0.0122005 0.00514517 0.999971 -0.00554692 0.00529635 0.00466415 0.00552291 0.999974 0.0185175 0.0 0.0 0.0 1.0
pumpkin/seq-03/color/frame-000613.color.png pumpkin/seq-03/color/frame-000616.color.png 0.999803 -0.0169193 -0.010356 -0.00770444 0.0170136 0.999814 0.00908884 -0.0203395 0.0102003 -0.00926326 0.999905 0.0146335 0.0 0.0 0.0 1.0
pumpkin/seq-03/color/frame-000616.color.png pumpkin/seq-03/color/frame-000619.color.png 0.999948 -0.00516199 -0.00883279 -0.00214618 0.00514331 0.999985 -0.0021315 0.00251365 0.0088436 0.00208593 0.999959 0.0160023 0.0 0.0 0.0 1.0
pumpkin/seq-03/color/frame-000619.color.png pumpkin/seq-03/color/frame-000622.color.png 0.999758 -0.0165028 -0.0145263 0.0043602 0.0163414 0.999804 -0.0111555 0.0175288 0.0147075 0.0109154 0.999832 0.0213115 0.0 0.0 0.0 1.0
pumpkin/seq-03/color/frame-000622.color.png pumpkin/seq-03/color/frame-000625.color.png 0.999869 -0.0072085 -0.0144726 0.00338167 0.00736559 0.999914 0.0108276 -0.025284 0.0143933 -0.0109328 0.999837 -0.00252724 0.0 0.0 0.0 1.0
pumpkin/seq-03/color/frame-000625.color.png pumpkin/seq-03/color/frame-000628.color.png 0.999779 -0.00440415 -0.0205749 0.019409 0.00440309 0.99999 -9.58099e-05 0.0197828 0.0205752 5.18279e-06 0.999788 -0.00999725 0.0 0.0 0.0 1.0
pumpkin/seq-03/color/frame-000628.color.png pumpkin/seq-03/color/frame-000631.color.png 0.999649 -0.00257724 -0.0263642 0.0195798 0.00286572 0.999936 0.010909 -0.00950101 0.0263344 -0.0109807 0.999593 0.010164 0.0 0.0 0.0 1.0
pumpkin/seq-03/color/frame-000631.color.png pumpkin/seq-03/color/frame-000634.color.png 0.999971 -0.00238423 -0.00725419 0.00317329 0.00244243 0.999965 0.00802574 -0.00640896 0.0072348 -0.00804326 0.999941 0.00257194 0.0 0.0 0.0 1.0
pumpkin/seq-03/color/frame-000634.color.png pumpkin/seq-03/color/frame-000637.color.png 0.999922 -0.00636863 -0.0107104 0.00380003 0.00637251 0.99998 0.000328823 0.00145251 0.0107081 -0.000397042 0.999942 0.005252 0.0 0.0 0.0 1.0
pumpkin/seq-03/color/frame-000637.color.png pumpkin/seq-03/color/frame-000640.color.png 0.999978 -0.00102357 -0.00656213 -0.00265902 0.00101052 0.999997 -0.00198974 0.00548512 0.00656422 0.0019831 0.999977 -0.00461245 0.0 0.0 0.0 1.0
pumpkin/seq-03/color/frame-000640.color.png pumpkin/seq-03/color/frame-000643.color.png 0.999981 -0.00618221 -0.000911899 -0.0182852 0.00616786 0.999868 -0.0150013 0.0220981 0.00100445 0.0149953 0.999887 0.00130892 0.0 0.0 0.0 1.0
pumpkin/seq-03/color/frame-000643.color.png pumpkin/seq-03/color/frame-000646.color.png 0.999918 -0.00467552 0.0119405 -0.0324748 0.00471448 0.999984 -0.0032353 0.00533178 -0.0119252 0.00329134 0.999923 0.000542045 0.0 0.0 0.0 1.0
pumpkin/seq-03/color/frame-000646.color.png pumpkin/seq-03/color/frame-000649.color.png 0.999757 -0.0158524 0.0153317 -0.0439692 0.015757 0.999856 0.00632286 -0.00904644 -0.0154298 -0.00607974 0.999862 -0.000593305 0.0 0.0 0.0 1.0
pumpkin/seq-03/color/frame-000649.color.png pumpkin/seq-03/color/frame-000652.color.png 0.999984 -0.00181464 0.00531923 -0.0352066 0.00176521 0.999955 0.00927557 -0.0169083 -0.00533562 -0.00926607 0.999943 -0.0113297 0.0 0.0 0.0 1.0
pumpkin/seq-03/color/frame-000652.color.png pumpkin/seq-03/color/frame-000655.color.png 0.999889 0.00305856 -0.0145721 -0.0277188 -0.00297585 0.999979 0.00569491 0.00426221 0.0145892 -0.00565087 0.999878 -0.0249854 0.0 0.0 0.0 1.0
pumpkin/seq-03/color/frame-000655.color.png pumpkin/seq-03/color/frame-000658.color.png 0.999968 0.0063687 -0.00485128 -0.0278049 -0.00638685 0.999973 -0.00374557 0.0214946 0.00482707 0.00377645 0.999981 -0.0121539 0.0 0.0 0.0 1.0
pumpkin/seq-03/color/frame-000658.color.png pumpkin/seq-03/color/frame-000661.color.png 0.999781 0.0174132 -0.0116402 -0.0102586 -0.0173177 0.999816 0.00826204 0.00954267 0.011782 -0.00805866 0.999898 -0.0223525 0.0 0.0 0.0 1.0
pumpkin/seq-03/color/frame-000661.color.png pumpkin/seq-03/color/frame-000664.color.png 0.999767 0.0173844 -0.0128118 -0.000956774 -0.0173051 0.999831 0.00627708 0.00735405 0.0129188 -0.00605385 0.999898 -0.0212096 0.0 0.0 0.0 1.0
pumpkin/seq-03/color/frame-000664.color.png pumpkin/seq-03/color/frame-000667.color.png 0.999831 0.0113307 -0.0144934 -0.0118138 -0.011285 0.999931 0.00322547 0.0251439 0.0145289 -0.00306141 0.99989 -0.0222085 0.0 0.0 0.0 1.0
pumpkin/seq-03/color/frame-000667.color.png pumpkin/seq-03/color/frame-000670.color.png 0.999965 0.00652823 0.00526574 -0.0138466 -0.00656632 0.999952 0.00724806 -0.0134136 -0.00521816 -0.00728238 0.99996 -0.0119438 0.0 0.0 0.0 1.0
pumpkin/seq-03/color/frame-000670.color.png pumpkin/seq-03/color/frame-000673.color.png 0.99998 -0.00258762 0.00575109 -0.029785 0.0025505 0.999976 0.00645291 -0.0019919 -0.00576768 -0.00643808 0.999963 -0.0188938 0.0 0.0 0.0 1.0
pumpkin/seq-03/color/frame-000673.color.png pumpkin/seq-03/color/frame-000676.color.png 0.999994 -0.00348814 0.000287269 -0.0186049 0.00348598 0.999968 0.00725743 -0.00143144 -0.000312736 -0.00725639 0.999974 -0.0176903 0.0 0.0 0.0 1.0
pumpkin/seq-03/color/frame-000676.color.png pumpkin/seq-03/color/frame-000679.color.png 0.999831 0.0175556 0.00543848 -0.0141054 -0.0175245 0.99983 -0.0057141 0.0399305 -0.00553765 0.00561781 0.999969 -0.0144953 0.0 0.0 0.0 1.0
pumpkin/seq-03/color/frame-000679.color.png pumpkin/seq-03/color/frame-000682.color.png 0.999943 0.0100783 0.00356056 -0.0106189 -0.0101063 0.999917 0.00795826 0.00608012 -0.00348013 -0.00799379 0.999962 -0.0223957 0.0 0.0 0.0 1.0
pumpkin/seq-03/color/frame-000682.color.png pumpkin/seq-03/color/frame-000685.color.png 0.999965 0.00478505 0.00682129 -0.0138251 -0.00483569 0.999961 0.00742584 0.00216988 -0.00678534 -0.00745862 0.999949 -0.0181772 0.0 0.0 0.0 1.0
pumpkin/seq-03/color/frame-000685.color.png pumpkin/seq-03/color/frame-000688.color.png 0.999819 -0.00212535 -0.0188897 0.000666976 0.00211867 0.999998 -0.000375289 0.011519 0.0188903 0.000335252 0.999822 -0.0116823 0.0 0.0 0.0 1.0
pumpkin/seq-03/color/frame-000688.color.png pumpkin/seq-03/color/frame-000691.color.png 0.99981 -0.0150157 -0.0124536 -0.00916296 0.0148861 0.999835 -0.0104297 0.025947 0.0126082 0.0102423 0.999868 -0.00701773 0.0 0.0 0.0 1.0
pumpkin/seq-03/color/frame-000691.color.png pumpkin/seq-03/color/frame-000694.color.png 0.99963 -0.0233008 0.0140098 -0.0378242 0.0233674 0.999716 -0.00461141 0.0170629 -0.0138984 0.00493713 0.999891 -0.0165438 0.0 0.0 0.0 1.0
pumpkin/seq-03/color/frame-000694.color.png pumpkin/seq-03/color/frame-000697.color.png 0.999806 -0.0107016 0.0165515 -0.0470289 0.0106001 0.999925 0.00620489 0.00992291 -0.0166167 -0.00602829 0.999844 -0.0186489 0.0 0.0 0.0 1.0
pumpkin/seq-03/color/frame-000697.color.png pumpkin/seq-03/color/frame-000700.color.png 0.999827 -0.0166059 0.00839217 -0.0342993 0.0164478 0.999692 0.0185697 -0.0122101 -0.00869777 -0.0184284 0.999792 -0.0261271 0.0 0.0 0.0 1.0
pumpkin/seq-03/color/frame-000700.color.png pumpkin/seq-03/color/frame-000703.color.png 0.999977 -0.00658784 -0.00142791 -0.033839 0.00661269 0.999813 0.0181601 -0.0102407 0.00130808 -0.0181691 0.999834 -0.0253376 0.0 0.0 0.0 1.0
pumpkin/seq-03/color/frame-000703.color.png pumpkin/seq-03/color/frame-000706.color.png 0.999951 -0.00876393 0.00454481 -0.0399261 0.00869471 0.999849 0.0150292 -0.00757661 -0.00467588 -0.014989 0.999877 -0.0285122 0.0 0.0 0.0 1.0
pumpkin/seq-03/color/frame-000706.color.png pumpkin/seq-03/color/frame-000709.color.png 0.999782 -0.010245 -0.0181952 -0.0119895 0.0103021 0.999942 0.00304829 0.000699297 0.0181628 -0.0032351 0.99983 -0.00289381 0.0 0.0 0.0 1.0
pumpkin/seq-03/color/frame-000709.color.png pumpkin/seq-03/color/frame-000712.color.png 0.999914 -0.000560587 0.0130949 -0.0379724 0.000681227 0.999957 -0.00920822 0.020689 -0.0130891 0.00921636 0.999872 -0.00358099 0.0 0.0 0.0 1.0
pumpkin/seq-03/color/frame-000712.color.png pumpkin/seq-03/color/frame-000715.color.png 0.999925 0.00501576 0.0112126 -0.0311126 -0.00513642 0.999929 0.0107554 -0.000916988 -0.0111579 -0.0108122 0.999879 -0.00292349 0.0 0.0 0.0 1.0
pumpkin/seq-03/color/frame-000715.color.png pumpkin/seq-03/color/frame-000718.color.png 0.999847 -0.000911413 0.0174737 -0.0422356 0.000685266 0.999916 0.0129429 -0.00369589 -0.0174841 -0.012929 0.999763 0.00471097 0.0 0.0 0.0 1.0
pumpkin/seq-03/color/frame-000718.color.png pumpkin/seq-03/color/frame-000721.color.png 0.999561 0.00251595 0.0295355 -0.0728526 -0.00264054 0.999988 0.00418131 0.0189416 -0.0295247 -0.00425743 0.999555 -0.0175825 0.0 0.0 0.0 1.0
pumpkin/seq-03/color/frame-000721.color.png pumpkin/seq-03/color/frame-000724.color.png 0.999786 0.00408702 0.0202624 -0.0518718 -0.00413143 0.999989 0.00214975 0.00486831 -0.0202534 -0.00223302 0.999792 -0.00221837 0.0 0.0 0.0 1.0
pumpkin/seq-03/color/frame-000724.color.png pumpkin/seq-03/color/frame-000727.color.png 0.999425 0.0109251 0.032082 -0.0837304 -0.0110183 0.999936 0.00273095 0.0124222 -0.03205 -0.00308287 0.999481 -0.0317142 0.0 0.0 0.0 1.0
pumpkin/seq-03/color/frame-000727.color.png pumpkin/seq-03/color/frame-000730.color.png 0.999912 0.00135027 0.0132116 -0.0350925 -0.00139696 0.999993 0.00352666 0.00135843 -0.0132068 -0.00354482 0.999907 0.00452214 0.0 0.0 0.0 1.0
pumpkin/seq-03/color/frame-000730.color.png pumpkin/seq-03/color/frame-000733.color.png 0.999907 -0.00379836 0.0130759 -0.0428556 0.0038368 0.999988 -0.00291778 0.00277678 -0.0130646 0.0029677 0.99991 -0.016844 0.0 0.0 0.0 1.0
pumpkin/seq-03/color/frame-000733.color.png pumpkin/seq-03/color/frame-000736.color.png 0.99995 0.00986214 -0.00151954 -0.0193992 -0.00986812 0.999943 -0.00398324 0.00425104 0.00148027 0.00399802 0.999991 -0.0106812 0.0 0.0 0.0 1.0
pumpkin/seq-03/color/frame-000736.color.png pumpkin/seq-03/color/frame-000739.color.png 0.999926 0.0121656 0.000792162 -0.0197278 -0.012158 0.999885 -0.00903635 -0.00816046 -0.000901984 0.00902605 0.999959 -0.0190276 0.0 0.0 0.0 1.0
pumpkin/seq-03/color/frame-000739.color.png pumpkin/seq-03/color/frame-000742.color.png 0.999983 -0.00101383 -0.00569217 -0.0103763 0.000976552 0.999978 -0.00655056 0.00575195 0.00569874 0.00654491 0.999962 -0.00936389 0.0 0.0 0.0 1.0
pumpkin/seq-03/color/frame-000742.color.png pumpkin/seq-03/color/frame-000745.color.png 0.999968 -0.00403727 0.00696529 -0.0154823 0.00402068 0.999989 0.00239897 0.0154453 -0.00697495 -0.00237089 0.999973 -0.0176841 0.0 0.0 0.0 1.0
pumpkin/seq-03/color/frame-000745.color.png pumpkin/seq-03/color/frame-000748.color.png 0.999935 0.0105428 0.00427917 -0.0206486 -0.0106111 0.999811 0.0162707 0.00269185 -0.00410688 -0.0163151 0.999858 -0.0323071 0.0 0.0 0.0 1.0
pumpkin/seq-03/color/frame-000748.color.png pumpkin/seq-03/color/frame-000751.color.png 0.99988 0.0146219 -0.00507193 -0.0240418 -0.014569 0.99984 0.0103227 -0.00386655 0.00522226 -0.0102476 0.999934 -0.0252308 0.0 0.0 0.0 1.0
pumpkin/seq-03/color/frame-000751.color.png pumpkin/seq-03/color/frame-000754.color.png 0.999792 -0.00768355 0.0189154 -0.0734528 0.00745843 0.999901 0.0119449 -0.00184952 -0.0190053 -0.0118013 0.99975 -0.0469369 0.0 0.0 0.0 1.0
pumpkin/seq-03/color/frame-000754.color.png pumpkin/seq-03/color/frame-000757.color.png 0.999895 -0.0134555 -0.00532594 -0.0284502 0.0134069 0.999869 -0.00907133 0.0108236 0.00544717 0.008999 0.999945 -0.0147823 0.0 0.0 0.0 1.0
pumpkin/seq-03/color/frame-000757.color.png pumpkin/seq-03/color/frame-000760.color.png 0.99997 -0.00550971 -0.00545947 -0.0245391 0.0055331 0.999975 0.00428334 0.00594271 0.00543576 -0.00431343 0.999976 -0.0221746 0.0 0.0 0.0 1.0
pumpkin/seq-03/color/frame-000760.color.png pumpkin/seq-03/color/frame-000763.color.png 0.999859 0.00738176 -0.0150892 -0.0302481 -0.00726041 0.999941 0.00808073 7.08327e-05 0.0151482 -0.00797005 0.999853 -0.0286531 0.0 0.0 0.0 1.0
pumpkin/seq-03/color/frame-000763.color.png pumpkin/seq-03/color/frame-000766.color.png 0.999799 0.0188735 0.00679531 -0.0384175 -0.0189517 0.999753 0.0116437 -0.000342965 -0.0065741 -0.0117701 0.999909 -0.0309657 0.0 0.0 0.0 1.0
pumpkin/seq-03/color/frame-000766.color.png pumpkin/seq-03/color/frame-000769.color.png 0.999808 0.0152094 0.0123518 -0.0446268 -0.0153978 0.999764 0.0152993 -0.00974212 -0.0121161 -0.0154865 0.999807 -0.0304224 0.0 0.0 0.0 1.0
pumpkin/seq-03/color/frame-000769.color.png pumpkin/seq-03/color/frame-000772.color.png 0.998656 0.0240089 0.0459342 -0.0688572 -0.0246368 0.99961 0.0131519 -0.00710897 -0.0456006 -0.0142659 0.998858 -0.0682795 0.0 0.0 0.0 1.0
pumpkin/seq-03/color/frame-000772.color.png pumpkin/seq-03/color/frame-000775.color.png 0.999577 0.0131657 0.0259396 -0.0758232 -0.0132602 0.999906 0.00347706 0.00705145 -0.0258912 -0.00381955 0.999657 -0.060206 0.0 0.0 0.0 1.0
pumpkin/seq-03/color/frame-000775.color.png pumpkin/seq-03/color/frame-000778.color.png 0.999988 0.00437196 0.00200131 -0.0165181 -0.00439811 0.999903 0.0132433 -0.0135335 -0.00194329 -0.013252 0.99991 -0.0350329 0.0 0.0 0.0 1.0
pumpkin/seq-03/color/frame-000778.color.png pumpkin/seq-03/color/frame-000781.color.png 0.999865 -0.00367052 0.0160441 -0.027691 0.00374028 0.999984 -0.00432038 0.0229028 -0.0160279 0.00437981 0.999862 -0.0461757 0.0 0.0 0.0 1.0
pumpkin/seq-03/color/frame-000781.color.png pumpkin/seq-03/color/frame-000784.color.png 0.999553 0.0117201 0.0274921 -0.0484228 -0.0119717 0.999888 0.00900942 -0.0185951 -0.0273835 -0.00933454 0.999581 -0.0530792 0.0 0.0 0.0 1.0
pumpkin/seq-03/color/frame-000784.color.png pumpkin/seq-03/color/frame-000787.color.png 0.999991 0.00111045 0.00401121 -0.0167308 -0.00108741 0.999983 -0.00575373 0.0149496 -0.00401765 0.00574934 0.999975 -0.0381453 0.0 0.0 0.0 1.0
pumpkin/seq-03/color/frame-000787.color.png pumpkin/seq-03/color/frame-000790.color.png 0.999886 0.0129284 0.00777395 -0.0298314 -0.0129511 0.999912 0.0028671 -0.00410397 -0.00773609 -0.00296746 0.999966 -0.0510803 0.0 0.0 0.0 1.0
pumpkin/seq-03/color/frame-000790.color.png pumpkin/seq-03/color/frame-000793.color.png 0.999995 0.00220241 -0.00217921 -0.0184888 -0.00221075 0.99999 -0.00384244 0.0159618 0.0021707 0.00384722 0.99999 -0.0413474 0.0 0.0 0.0 1.0
pumpkin/seq-03/color/frame-000793.color.png pumpkin/seq-03/color/frame-000796.color.png 0.999973 0.00506427 0.00533804 -0.024997 -0.00513415 0.9999 0.013153 0.00310644 -0.00527102 -0.01318 0.999899 -0.0565119 0.0 0.0 0.0 1.0
pumpkin/seq-03/color/frame-000796.color.png pumpkin/seq-03/color/frame-000799.color.png 0.999935 0.00541161 0.0099901 -0.0293783 -0.00553118 0.999913 0.0119774 0.00260964 -0.00992442 -0.0120319 0.999878 -0.0425793 0.0 0.0 0.0 1.0
pumpkin/seq-03/color/frame-000799.color.png pumpkin/seq-03/color/frame-000802.color.png 0.999818 0.0120195 0.0148031 -0.0111512 -0.012079 0.99992 0.00393792 -0.0137169 -0.0147545 -0.00411603 0.999883 -0.0443866 0.0 0.0 0.0 1.0
pumpkin/seq-03/color/frame-000802.color.png pumpkin/seq-03/color/frame-000805.color.png 0.998693 -0.0069662 0.0506405 -0.0441701 0.00754924 0.999907 -0.0113311 0.0117987 -0.0505567 0.0116985 0.998653 -0.0854095 0.0 0.0 0.0 1.0
pumpkin/seq-03/color/frame-000805.color.png pumpkin/seq-03/color/frame-000808.color.png 0.998969 -0.0122544 0.0437119 -0.0109761 0.0125436 0.999901 -0.00634766 0.00928618 -0.04363 0.00688946 0.999024 -0.0605804 0.0 0.0 0.0 1.0
pumpkin/seq-03/color/frame-000808.color.png pumpkin/seq-03/color/frame-000811.color.png 0.998192 -0.0285735 0.0528735 -0.0228989 0.0286335 0.99959 -0.000376447 0.0308949 -0.0528411 0.00188968 0.998601 -0.0649447 0.0 0.0 0.0 1.0
pumpkin/seq-03/color/frame-000811.color.png pumpkin/seq-03/color/frame-000814.color.png 0.998487 -0.029441 0.0464459 -0.0206779 0.0296135 0.999557 -0.00303167 0.0246973 -0.046336 0.00440251 0.998916 -0.07244 0.0 0.0 0.0 1.0
pumpkin/seq-03/color/frame-000814.color.png pumpkin/seq-03/color/frame-000817.color.png 0.999452 -0.0140828 0.0299538 -0.0108067 0.0140972 0.999901 -0.000270587 0.0239716 -0.0299472 0.000692701 0.999551 -0.0426566 0.0 0.0 0.0 1.0
pumpkin/seq-03/color/frame-000817.color.png pumpkin/seq-03/color/frame-000820.color.png 0.999372 -0.0113971 0.0335486 -0.0103969 0.011275 0.999929 0.00382764 0.00936415 -0.0335898 -0.00344697 0.99943 -0.0578473 0.0 0.0 0.0 1.0
pumpkin/seq-03/color/frame-000820.color.png pumpkin/seq-03/color/frame-000823.color.png 0.99922 -0.00837197 0.0385989 -0.0360831 0.00868315 0.999931 -0.00790157 0.0319306 -0.0385301 0.00823058 0.999224 -0.0642134 0.0 0.0 0.0 1.0
pumpkin/seq-03/color/frame-000823.color.png pumpkin/seq-03/color/frame-000826.color.png 0.999829 -0.00594483 0.0174965 -0.00730258 0.00590422 0.99998 0.00237244 -0.00507516 -0.0175103 -0.00226875 0.999844 -0.0419965 0.0 0.0 0.0 1.0
pumpkin/seq-03/color/frame-000826.color.png pumpkin/seq-03/color/frame-000829.color.png 0.999827 -0.00838717 0.0166272 -0.00621682 0.00869488 0.999791 -0.0185231 0.0144808 -0.0164684 0.0186644 0.99969 -0.0394378 0.0 0.0 0.0 1.0
pumpkin/seq-03/color/frame-000829.color.png pumpkin/seq-03/color/frame-000832.color.png 0.999848 -0.00474416 0.0167674 -0.0106871 0.00484314 0.999971 -0.00586735 0.00717916 -0.016739 0.00594767 0.999842 -0.0228172 0.0 0.0 0.0 1.0
pumpkin/seq-03/color/frame-000832.color.png pumpkin/seq-03/color/frame-000835.color.png 0.999863 -0.00349621 0.0161566 0.000360548 0.00380116 0.999814 -0.0188818 0.00499962 -0.0160877 0.0189406 0.999691 -0.030689 0.0 0.0 0.0 1.0
pumpkin/seq-03/color/frame-000835.color.png pumpkin/seq-03/color/frame-000838.color.png 0.999536 -0.0230302 0.0199385 0.000305772 0.0233717 0.999581 -0.0170694 0.0184123 -0.019537 0.0175275 0.999655 -0.0300607 0.0 0.0 0.0 1.0
pumpkin/seq-03/color/frame-000838.color.png pumpkin/seq-03/color/frame-000841.color.png 0.99955 -0.0193866 0.0228808 0.00191307 0.0197619 0.999672 -0.0162915 0.0183963 -0.0225575 0.0167364 0.999606 -0.0333559 0.0 0.0 0.0 1.0
pumpkin/seq-03/color/frame-000841.color.png pumpkin/seq-03/color/frame-000844.color.png 0.999372 -0.0228287 0.0270937 0.0101728 0.0233001 0.99958 -0.0172135 0.00757609 -0.0266894 0.017834 0.999485 -0.0393243 0.0 0.0 0.0 1.0
pumpkin/seq-03/color/frame-000844.color.png pumpkin/seq-03/color/frame-000847.color.png 0.999494 -0.0188538 0.0256102 -0.012055 0.0191909 0.999732 -0.0129791 0.0149857 -0.0253586 0.013464 0.999588 -0.0375448 0.0 0.0 0.0 1.0
pumpkin/seq-03/color/frame-000847.color.png pumpkin/seq-03/color/frame-000850.color.png 0.999673 -0.0100816 0.0235206 0.0139246 0.010291 0.999908 -0.00879999 -0.00719891 -0.0234297 0.00903915 0.999685 -0.0231228 0.0 0.0 0.0 1.0
pumpkin/seq-03/color/frame-000850.color.png pumpkin/seq-03/color/frame-000853.color.png 0.999055 -0.00925297 0.0424772 -0.00172436 0.0100413 0.999781 -0.0183837 0.00876103 -0.0422978 0.0187929 0.998928 -0.0428876 0.0 0.0 0.0 1.0
pumpkin/seq-03/color/frame-000853.color.png pumpkin/seq-03/color/frame-000856.color.png 0.999196 -0.0114497 0.0384329 0.00177211 0.0116511 0.999919 -0.00502114 0.00953177 -0.0383724 0.00546487 0.999249 -0.0416425 0.0 0.0 0.0 1.0
pumpkin/seq-03/color/frame-000856.color.png pumpkin/seq-03/color/frame-000859.color.png 0.999542 -0.00968828 0.0286691 -0.0131324 0.00957469 0.999946 0.00409725 0.00385239 -0.0287072 -0.00382088 0.999581 -0.0216253 0.0 0.0 0.0 1.0
pumpkin/seq-03/color/frame-000859.color.png pumpkin/seq-03/color/frame-000862.color.png 0.999932 -0.000374947 0.0116993 9.53674e-05 0.000373565 1.0 0.000120324 0.0132119 -0.0116994 -0.000115937 0.999932 -0.00461799 0.0 0.0 0.0 1.0
pumpkin/seq-03/color/frame-000862.color.png pumpkin/seq-03/color/frame-000865.color.png 0.999837 0.00165823 0.0179871 0.00828248 -0.00189191 0.999914 0.0129828 -0.00138152 -0.017964 -0.0130147 0.999754 -0.0134087 0.0 0.0 0.0 1.0
pumpkin/seq-03/color/frame-000865.color.png pumpkin/seq-03/color/frame-000868.color.png 0.999866 0.00391573 0.0159114 0.00261462 -0.00406278 0.999949 0.00921978 -0.00726206 -0.0158745 -0.00928319 0.999831 -0.00648892 0.0 0.0 0.0 1.0
pumpkin/seq-03/color/frame-000868.color.png pumpkin/seq-03/color/frame-000871.color.png 0.999763 -0.0044029 0.0213009 0.0039587 0.00443371 0.999989 -0.00139923 0.00260183 -0.0212946 0.00149335 0.999772 -0.00802332 0.0 0.0 0.0 1.0
pumpkin/seq-03/color/frame-000871.color.png pumpkin/seq-03/color/frame-000874.color.png 0.999777 -0.00152887 0.0210698 0.0235973 0.0014975 0.999998 0.0015043 -0.00129436 -0.021072 -0.00147242 0.999777 -0.0136627 0.0 0.0 0.0 1.0
pumpkin/seq-03/color/frame-000874.color.png pumpkin/seq-03/color/frame-000877.color.png 0.99956 -0.00748998 0.0287136 0.000947118 0.00744129 0.999971 0.00180219 0.0125945 -0.0287263 -0.00158772 0.999586 -0.0102172 0.0 0.0 0.0 1.0
pumpkin/seq-03/color/frame-000877.color.png pumpkin/seq-03/color/frame-000880.color.png 0.999665 0.00370836 0.0256122 5.00679e-05 -0.00380199 0.999986 0.00360827 -0.0125916 -0.0255984 -0.00370446 0.999666 -0.0128119 0.0 0.0 0.0 1.0
pumpkin/seq-03/color/frame-000880.color.png pumpkin/seq-03/color/frame-000883.color.png 0.999827 0.00269683 0.0184214 0.0146524 -0.00270525 0.999996 0.000432507 0.00130726 -0.0184202 -0.000482272 0.99983 -0.00132275 0.0 0.0 0.0 1.0
pumpkin/seq-03/color/frame-000883.color.png pumpkin/seq-03/color/frame-000886.color.png 0.999631 -0.00588001 0.0265157 -0.00891787 0.00585664 0.999982 0.000958777 -0.0122562 -0.0265209 -0.000803123 0.999648 -0.00413686 0.0 0.0 0.0 1.0
pumpkin/seq-03/color/frame-000886.color.png pumpkin/seq-03/color/frame-000889.color.png 0.999787 -0.000534462 0.0206272 0.0108188 0.000640109 0.999987 -0.00511544 0.0061711 -0.0206242 0.00512756 0.999774 -0.0107843 0.0 0.0 0.0 1.0
pumpkin/seq-03/color/frame-000889.color.png pumpkin/seq-03/color/frame-000892.color.png 0.999627 -0.00249086 0.0271929 0.00653827 0.00251418 0.999996 -0.00082324 -0.00486191 -0.0271908 0.000891295 0.99963 -0.00856745 0.0 0.0 0.0 1.0
pumpkin/seq-03/color/frame-000892.color.png pumpkin/seq-03/color/frame-000895.color.png 0.999227 0.000116599 0.0393101 0.0173579 0.000127715 0.999981 -0.0062124 -0.00916888 -0.0393101 0.00621262 0.999208 -0.0245806 0.0 0.0 0.0 1.0
pumpkin/seq-03/color/frame-000895.color.png pumpkin/seq-03/color/frame-000898.color.png 0.999092 -0.00493659 0.0423208 -0.00492269 0.00529348 0.999951 -0.00832499 -0.00427587 -0.0422776 0.00854144 0.99907 -0.0206968 0.0 0.0 0.0 1.0
pumpkin/seq-03/color/frame-000898.color.png pumpkin/seq-03/color/frame-000901.color.png 0.999309 0.00428878 0.0369087 0.00949764 -0.00378016 0.999897 -0.0138393 -0.0070705 -0.0369644 0.0136902 0.999223 -0.0197318 0.0 0.0 0.0 1.0
pumpkin/seq-03/color/frame-000901.color.png pumpkin/seq-03/color/frame-000904.color.png 0.999783 0.00347972 0.020548 -0.017897 -0.00330309 0.999957 -0.00862301 -0.00795958 -0.0205771 0.00855328 0.999752 0.00791493 0.0 0.0 0.0 1.0
pumpkin/seq-03/color/frame-000904.color.png pumpkin/seq-03/color/frame-000907.color.png 0.999877 0.0025152 0.0154805 -0.0170615 -0.0025772 0.999989 0.00398572 -0.00265624 -0.0154703 -0.00402515 0.999872 0.00939862 0.0 0.0 0.0 1.0
pumpkin/seq-03/color/frame-000907.color.png pumpkin/seq-03/color/frame-000910.color.png 0.999997 -8.25706e-06 0.00239293 -0.0173698 9.95716e-07 0.999995 0.00303273 0.00531149 -0.00239299 -0.00303271 0.999992 0.0251234 0.0 0.0 0.0 1.0
pumpkin/seq-03/color/frame-000910.color.png pumpkin/seq-03/color/frame-000913.color.png 0.999937 -0.00236208 -0.0110116 -0.0047102 0.00234621 0.999996 -0.00145373 0.00636728 0.011015 0.0014278 0.999938 0.0300013 0.0 0.0 0.0 1.0
pumpkin/seq-03/color/frame-000913.color.png pumpkin/seq-03/color/frame-000916.color.png 0.999969 0.00212847 -0.00763684 -0.0192482 -0.00211686 0.999997 0.00152744 -0.0159038 0.00763999 -0.00151121 0.99997 0.0331002 0.0 0.0 0.0 1.0
pumpkin/seq-03/color/frame-000916.color.png pumpkin/seq-03/color/frame-000919.color.png 0.999894 0.00538617 -0.0135222 -0.0112703 -0.00548666 0.999958 -0.0074055 -0.0159852 0.0134817 0.0074789 0.999881 0.0207528 0.0 0.0 0.0 1.0
pumpkin/seq-03/color/frame-000919.color.png pumpkin/seq-03/color/frame-000922.color.png 0.999984 -0.00441611 -0.00341513 -0.0193222 0.00438858 0.999958 -0.0080282 -0.0113618 0.0034505 0.00801307 0.999962 0.0272853 0.0 0.0 0.0 1.0
pumpkin/seq-03/color/frame-000922.color.png pumpkin/seq-03/color/frame-000925.color.png 0.999998 -0.00187837 0.000859209 -0.0173538 0.00189474 0.999808 -0.0194765 -0.00352394 -0.000822471 0.0194781 0.99981 0.0226667 0.0 0.0 0.0 1.0
pumpkin/seq-03/color/frame-000925.color.png pumpkin/seq-03/color/frame-000928.color.png 0.999996 0.00282607 8.01074e-06 -0.0111312 -0.00282571 0.999906 -0.0134563 -0.0127375 -4.60994e-05 0.0134562 0.999909 0.0217996 0.0 0.0 0.0 1.0
pumpkin/seq-03/color/frame-000928.color.png pumpkin/seq-03/color/frame-000931.color.png 0.999999 -1.1732e-05 0.00149879 -0.00714731 1.48933e-05 0.999998 -0.00210216 0.00414179 -0.00149876 0.00210215 0.999997 0.0110556 0.0 0.0 0.0 1.0
pumpkin/seq-03/color/frame-000931.color.png pumpkin/seq-03/color/frame-000934.color.png 0.999928 0.0105745 0.00571524 -0.0134677 -0.01062 0.999912 0.00798918 -0.0149037 -0.00563016 -0.0080493 0.999952 0.017275 0.0 0.0 0.0 1.0
pumpkin/seq-03/color/frame-000934.color.png pumpkin/seq-03/color/frame-000937.color.png 0.999962 0.00436585 -0.00753997 0.00320625 -0.00435094 0.999988 0.00199222 -0.0114183 0.00754855 -0.00195934 0.999969 0.0106781 0.0 0.0 0.0 1.0
pumpkin/seq-03/color/frame-000937.color.png pumpkin/seq-03/color/frame-000940.color.png 0.999968 0.00531248 -0.00596158 -0.00482988 -0.00537581 0.999929 -0.0106611 -0.00468122 0.00590449 0.0106929 0.999925 0.0233499 0.0 0.0 0.0 1.0
pumpkin/seq-03/color/frame-000940.color.png pumpkin/seq-03/color/frame-000943.color.png 0.999921 -0.00453327 0.0117041 -0.00345778 0.0045921 0.999977 -0.00500482 -0.013117 -0.0116811 0.00505816 0.999919 0.0123598 0.0 0.0 0.0 1.0
pumpkin/seq-03/color/frame-000943.color.png pumpkin/seq-03/color/frame-000946.color.png 0.999943 -0.00703129 0.00807785 -0.0163425 0.00715398 0.999858 -0.0152613 -0.00521436 -0.00796942 0.0153183 0.999851 0.0247789 0.0 0.0 0.0 1.0
pumpkin/seq-03/color/frame-000946.color.png pumpkin/seq-03/color/frame-000949.color.png 0.999968 0.00439442 -0.00673016 -0.0124404 -0.00453899 0.999756 -0.0216184 0.0141972 0.0066335 0.0216482 0.999744 0.0398049 0.0 0.0 0.0 1.0
pumpkin/seq-03/color/frame-000949.color.png pumpkin/seq-03/color/frame-000952.color.png 0.999879 -0.00423732 -0.0149548 0.0055697 0.00432055 0.999975 0.00553746 -0.0345549 0.014931 -0.00560142 0.999873 0.0277251 0.0 0.0 0.0 1.0
pumpkin/seq-03/color/frame-000952.color.png pumpkin/seq-03/color/frame-000955.color.png 0.999878 0.00112339 -0.0155719 0.0103054 -0.00119849 0.999988 -0.00481361 -0.00991642 0.0155663 0.00483168 0.999867 0.0233091 0.0 0.0 0.0 1.0
pumpkin/seq-03/color/frame-000955.color.png pumpkin/seq-03/color/frame-000958.color.png 0.999889 -0.00087912 -0.0148896 -0.0195533 0.000680904 0.999911 -0.0133131 0.0152505 0.0149 0.0133015 0.999801 0.0550239 0.0 0.0 0.0 1.0
pumpkin/seq-03/color/frame-000958.color.png pumpkin/seq-03/color/frame-000961.color.png 0.999727 0.0145821 -0.0182302 0.00533736 -0.0146427 0.999888 -0.00319454 -0.029099 0.0181815 0.0034606 0.999829 0.0380304 0.0 0.0 0.0 1.0
pumpkin/seq-03/color/frame-000961.color.png pumpkin/seq-03/color/frame-000964.color.png 0.999905 0.0117346 -0.00725223 0.00394714 -0.0117843 0.999907 -0.00683771 -0.0211476 0.00717133 0.00692253 0.99995 0.0226687 0.0 0.0 0.0 1.0
pumpkin/seq-03/color/frame-000964.color.png pumpkin/seq-03/color/frame-000967.color.png 0.99993 0.0118285 -0.000736695 -0.0151731 -0.0118361 0.999865 -0.0113569 -0.0133566 0.000602243 0.0113648 0.999935 0.033503 0.0 0.0 0.0 1.0
pumpkin/seq-03/color/frame-000967.color.png pumpkin/seq-03/color/frame-000970.color.png 0.99985 0.00647296 -0.0160575 -0.000601292 -0.00649926 0.999978 -0.00158597 -0.0427112 0.0160469 0.00169011 0.99987 0.0300417 0.0 0.0 0.0 1.0
pumpkin/seq-03/color/frame-000970.color.png pumpkin/seq-03/color/frame-000973.color.png 0.999898 -0.000548073 -0.0142592 0.00547528 0.000406803 0.999951 -0.00991032 0.00650736 0.0142638 0.0099035 0.999849 0.031739 0.0 0.0 0.0 1.0
pumpkin/seq-03/color/frame-000973.color.png pumpkin/seq-03/color/frame-000976.color.png 0.999954 0.00744182 -0.00602237 0.00372422 -0.00744115 0.999972 0.000135405 -0.0265405 0.00602331 -9.06689e-05 0.999982 0.0240337 0.0 0.0 0.0 1.0
pumpkin/seq-03/color/frame-000976.color.png pumpkin/seq-03/color/frame-000979.color.png 0.999934 -0.00791202 0.00833372 -0.0355136 0.00809868 0.999712 -0.0226103 0.0370581 -0.00815239 0.0226763 0.99971 0.0354015 0.0 0.0 0.0 1.0
pumpkin/seq-03/color/frame-000979.color.png pumpkin/seq-03/color/frame-000982.color.png 0.999953 -0.00328124 -0.00911538 -0.000828266 0.00322663 0.999977 -0.00599935 -0.00280899 0.00913484 0.00596965 0.99994 0.0356964 0.0 0.0 0.0 1.0
pumpkin/seq-03/color/frame-000982.color.png pumpkin/seq-03/color/frame-000985.color.png 0.999929 0.00893508 -0.00788276 5.4121e-05 -0.009024 0.999895 -0.0113216 -0.00942947 0.00778074 0.011392 0.999905 0.0355155 0.0 0.0 0.0 1.0
pumpkin/seq-03/color/frame-000985.color.png pumpkin/seq-03/color/frame-000988.color.png 0.999793 0.00466246 -0.0197958 0.0142963 -0.00463876 0.999989 0.00124374 -0.0201342 0.0198013 -0.0011517 0.999803 0.0424181 0.0 0.0 0.0 1.0
pumpkin/seq-03/color/frame-000988.color.png pumpkin/seq-03/color/frame-000991.color.png 0.999911 0.00823894 -0.010479 0.00671244 -0.00825259 0.999965 -0.00125942 -0.00701089 0.0104683 0.00134583 0.999944 0.0307809 0.0 0.0 0.0 1.0
pumpkin/seq-03/color/frame-000991.color.png pumpkin/seq-03/color/frame-000994.color.png 0.999744 0.00857115 -0.0209456 0.0115056 -0.00839677 0.999929 0.00839917 -0.0305643 0.0210161 -0.00822115 0.999745 0.0355994 0.0 0.0 0.0 1.0
pumpkin/seq-03/color/frame-000994.color.png pumpkin/seq-03/color/frame-000997.color.png 0.999847 0.00833903 -0.0153456 0.00416815 -0.00841501 0.999953 -0.00489337 -0.00413916 0.0153041 0.00502176 0.99987 0.0393052 0.0 0.0 0.0 1.0
