pumpkin/seq-08/color/frame-000000.color.png pumpkin/seq-08/color/frame-000003.color.png 0.999997 -0.00244593 0.000653361 -0.00868532 0.00244511 0.999996 0.001244 0.0100656 -0.000656401 -0.0012424 0.999999 5.04128e-05 0.0 0.0 0.0 1.0
pumpkin/seq-08/color/frame-000003.color.png pumpkin/seq-08/color/frame-000006.color.png 0.999959 -0.0054309 0.00717706 -0.00582871 0.00544292 0.999984 -0.00165666 0.0102175 -0.00716794 0.00169566 0.999973 0.0031665 0.0 0.0 0.0 1.0
pumpkin/seq-08/color/frame-000006.color.png pumpkin/seq-08/color/frame-000009.color.png 0.999835 0.0148137 0.0105401 -0.0125859 -0.0150882 0.999536 0.0264565 0.0159517 -0.0101433 -0.0266111 0.999594 0.00493937 0.0 0.0 0.0 1.0
pumpkin/seq-08/color/frame-000009.color.png pumpkin/seq-08/color/frame-000012.color.png 0.99967 -0.0101564 0.0235985 -0.0217505 0.00934796 0.999374 0.034119 0.00597433 -0.0239303 -0.0338872 0.999139 0.0115489 0.0 0.0 0.0 1.0
pumpkin/seq-08/color/frame-000012.color.png pumpkin/seq-08/color/frame-000015.color.png 0.999769 0.00569446 0.0207128 -0.0217095 -0.00651692 0.999184 0.0398598 -0.00573261 -0.0204689 -0.0399856 0.998991 0.0121613 0.0 0.0 0.0 1.0
pumpkin/seq-08/color/frame-000015.color.png pumpkin/seq-08/color/frame-000018.color.png 0.99951 0.00661948 0.0305889 -0.05254 -0.00708429 0.999861 0.0151118 0.0148719 -0.0304846 -0.0153211 0.999418 0.00267174 0.0 0.0 0.0 1.0
pumpkin/seq-08/color/frame-000018.color.png pumpkin/seq-08/color/frame-000021.color.png 0.999906 0.0123903 0.00590777 -0.0354619 -0.0125278 0.999638 0.0238301 -0.00664337 -0.00561038 -0.0239019 0.999699 0.0137862 0.0 0.0 0.0 1.0
pumpkin/seq-08/color/frame-000021.color.png pumpkin/seq-08/color/frame-000024.color.png 0.999721 0.0236172 -0.000965794 -0.050912 -0.0236101 0.999698 0.00679368 0.0115357 0.00112596 -0.00676901 0.999976 0.0221602 0.0 0.0 0.0 1.0
pumpkin/seq-08/color/frame-000024.color.png pumpkin/seq-08/color/frame-000027.color.png 0.999866 0.0115289 -0.0116351 -0.0423665 -0.0112537 0.999662 0.0234421 -0.0187786 0.0119014 -0.023308 0.999657 0.0252173 0.0 0.0 0.0 1.0
pumpkin/seq-08/color/frame-000027.color.png pumpkin/seq-08/color/frame-000030.color.png 0.999897 0.0107253 -0.00957561 -0.0422449 -0.0107571 0.999937 -0.00328382 -0.00262044 0.00953979 0.00338645 0.999949 0.022291 0.0 0.0 0.0 1.0
pumpkin/seq-08/color/frame-000030.color.png pumpkin/seq-08/color/frame-000033.color.png 0.999788 0.0147271 -0.0143784 -0.0391087 -0.0146365 0.999872 0.00638798 -0.00556682 0.0144706 -0.00617618 0.999876 0.0218073 0.0 0.0 0.0 1.0
pumpkin/seq-08/color/frame-000033.color.png pumpkin/seq-08/color/frame-000036.color.png 0.999965 0.00728534 -0.00413872 -0.0461085 -0.00730822 0.999958 -0.00553814 0.01111 0.00409819 0.00556822 0.999976 0.00847663 0.0 0.0 0.0 1.0
pumpkin/seq-08/color/frame-000036.color.png pumpkin/seq-08/color/frame-000039.color.png 0.999822 0.00169321 0.0187825 -0.0647055 -0.00187111 0.999954 0.00945785 -0.00804669 -0.0187656 -0.00949134 0.999779 0.0118212 0.0 0.0 0.0 1.0
pumpkin/seq-08/color/frame-000039.color.png pumpkin/seq-08/color/frame-000042.color.png 0.999897 -0.000159711 0.0143675 -0.0617289 0.00016737 1.0 -0.000530549 0.00953423 -0.0143674 0.000532925 0.999897 -0.00818358 0.0 0.0 0.0 1.0
pumpkin/seq-08/color/frame-000042.color.png pumpkin/seq-08/color/frame-000045.color.png 0.999987 0.000783182 0.00511404 -0.0441494 -0.000800874 0.999994 0.00345926 0.00437474 -0.00511128 -0.00346329 0.999981 0.00166801 0.0 0.0 0.0 1.0
pumpkin/seq-08/color/frame-000045.color.png pumpkin/seq-08/color/frame-000048.color.png 0.999944 -0.00390051 -0.0098327 -0.0417452 0.00401196 0.999928 0.0113426 -0.00751331 0.00978775 -0.0113814 0.999887 0.0111795 0.0 0.0 0.0 1.0
pumpkin/seq-08/color/frame-000048.color.png pumpkin/seq-08/color/frame-000051.color.png 0.999901 -0.000902988 -0.0140538 -0.049379 0.000842965 0.99999 -0.00427782 0.00360661 0.0140576 0.00426558 0.999892 -0.00913703 0.0 0.0 0.0 1.0
pumpkin/seq-08/color/frame-000051.color.png pumpkin/seq-08/color/frame-000054.color.png 0.999691 -0.0012394 -0.0248271 -0.00508469 0.00174338 0.999793 0.0202893 -0.0173205 0.0247968 -0.0203263 0.999486 -0.000676632 0.0 0.0 0.0 1.0
pumpkin/seq-08/color/frame-000054.color.png pumpkin/seq-08/color/frame-000057.color.png 0.99984 0.011198 -0.0139617 -0.0420573 -0.0109827 0.999821 0.0153988 -0.0374501 0.0141316 -0.0152431 0.999784 -0.0209178 0.0 0.0 0.0 1.0
pumpkin/seq-08/color/frame-000057.color.png pumpkin/seq-08/color/frame-000060.color.png 0.999861 0.0163843 -0.00309989 -0.0511099 -0.0164072 0.999837 -0.00751531 -0.0575264 0.00297626 0.00756515 0.999967 -0.0161829 0.0 0.0 0.0 1.0
pumpkin/seq-08/color/frame-000060.color.png pumpkin/seq-08/color/frame-000063.color.png 0.999777 -0.0203159 0.00573525 -0.0505978 0.0205637 0.998679 -0.0470938 -0.00430558 -0.00477093 0.0472012 0.998874 -0.0394691 0.0 0.0 0.0 1.0
pumpkin/seq-08/color/frame-000063.color.png pumpkin/seq-08/color/frame-000066.color.png 0.999264 -0.0367544 -0.0109459 -0.0351802 0.0362889 0.998538 -0.0400624 0.00511806 0.0124024 0.0396358 0.999137 -0.0468549 0.0 0.0 0.0 1.0
pumpkin/seq-08/color/frame-000066.color.png pumpkin/seq-08/color/frame-000069.color.png 0.999601 0.00396773 -0.027964 0.0207933 -0.00499887 0.999306 -0.0369011 -0.0228338 0.0277982 0.0370262 0.998927 0.00432024 0.0 0.0 0.0 1.0
pumpkin/seq-08/color/frame-000069.color.png pumpkin/seq-08/color/frame-000072.color.png 0.999768 -0.0211777 -0.00400239 -0.0425433 0.021032 0.999218 -0.0334876 -0.0160915 0.00470844 0.0333956 0.999431 -0.0252225 0.0 0.0 0.0 1.0
pumpkin/seq-08/color/frame-000072.color.png pumpkin/seq-08/color/frame-000075.color.png 0.999146 -0.0393821 0.0124705 -0.0370041 0.0393626 0.999223 0.00180147 -0.0317138 -0.0125318 -0.00130906 0.999921 -0.0266771 0.0 0.0 0.0 1.0
pumpkin/seq-08/color/frame-000075.color.png pumpkin/seq-08/color/frame-000078.color.png 0.998869 -0.00352844 0.0474101 -0.0105041 0.0044474 0.999804 -0.0192918 -0.042689 -0.0473327 0.0194809 0.998689 -0.0489055 0.0 0.0 0.0 1.0
pumpkin/seq-08/color/frame-000078.color.png pumpkin/seq-08/color/frame-000081.color.png 0.997052 -0.00654541 0.0764503 -0.0625112 0.00703131 0.999957 -0.00608835 -0.0864235 -0.0764071 0.00660795 0.997055 -0.0929435 0.0 0.0 0.0 1.0
pumpkin/seq-08/color/frame-000081.color.png pumpkin/seq-08/color/frame-000084.color.png 0.998284 0.00983814 0.0577283 -0.0357528 -0.00789903 0.9994 -0.0337229 -0.0803943 -0.0580254 0.033209 0.997763 -0.0579128 0.0 0.0 0.0 1.0
pumpkin/seq-08/color/frame-000084.color.png pumpkin/seq-08/color/frame-000087.color.png 0.998901 0.0241972 0.0401404 -0.00277352 -0.0235301 0.999578 -0.0170091 -0.059249 -0.0405351 0.0160459 0.999049 -0.0402299 0.0 0.0 0.0 1.0
pumpkin/seq-08/color/frame-000087.color.png pumpkin/seq-08/color/frame-000090.color.png 0.999815 0.0094631 0.0167556 0.00222778 -0.00962795 0.999906 0.00978537 -0.0570092 -0.0166613 -0.00994489 0.999812 -0.0344141 0.0 0.0 0.0 1.0
pumpkin/seq-08/color/frame-000090.color.png pumpkin/seq-08/color/frame-000093.color.png 0.999916 -0.00834781 -0.00987234 0.0216504 0.00848036 0.999873 0.0134624 -0.0290059 0.00975864 -0.013545 0.999861 0.000443041 0.0 0.0 0.0 1.0
pumpkin/seq-08/color/frame-000093.color.png pumpkin/seq-08/color/frame-000096.color.png 0.999617 -0.0263573 -0.00839672 0.0178841 0.0264059 0.999635 0.00572774 -0.0357494 0.00824271 -0.00594727 0.999948 0.00124361 0.0 0.0 0.0 1.0
pumpkin/seq-08/color/frame-000096.color.png pumpkin/seq-08/color/frame-000099.color.png 0.999424 -0.0204371 0.0270856 0.0652912 0.022221 0.997486 -0.0672855 0.080943 -0.0256424 0.0678487 0.997366 -0.00819884 0.0 0.0 0.0 1.0
pumpkin/seq-08/color/frame-000099.color.png pumpkin/seq-08/color/frame-000102.color.png 0.996801 -0.0379701 0.0703329 0.0289087 0.0395858 0.99898 -0.0217211 0.0139582 -0.0694363 0.0244358 0.997287 -0.04822 0.0 0.0 0.0 1.0
pumpkin/seq-08/color/frame-000102.color.png pumpkin/seq-08/color/frame-000105.color.png 0.999213 -0.0344273 0.0196873 0.0764548 0.034436 0.999407 -0.000104196 -0.024453 -0.0196721 0.000782057 0.999806 -0.053226 0.0 0.0 0.0 1.0
pumpkin/seq-08/color/frame-000105.color.png pumpkin/seq-08/color/frame-000108.color.png 0.999419 -0.0175441 0.02922 0.0689045 0.0172116 0.999785 0.0115918 -0.0270779 -0.0294171 -0.0110821 0.999506 -0.0447607 0.0 0.0 0.0 1.0
pumpkin/seq-08/color/frame-000108.color.png pumpkin/seq-08/color/frame-000111.color.png 0.999681 -0.0226993 0.0110401 0.0511974 0.0226277 0.999722 0.00656496 0.00841254 -0.011186 -0.00631306 0.999918 -0.0185856 0.0 0.0 0.0 1.0
pumpkin/seq-08/color/frame-000111.color.png pumpkin/seq-08/color/frame-000114.color.png 0.998439 -0.0314515 0.0461641 0.0102162 0.030938 0.999452 0.011795 0.0150028 -0.0465098 -0.0103483 0.998864 -0.0251477 0.0 0.0 0.0 1.0
pumpkin/seq-08/color/frame-000114.color.png pumpkin/seq-08/color/frame-000117.color.png 0.999345 -0.028037 0.022868 0.0328923 0.0277616 0.999539 0.0122694 0.015959 -0.0232014 -0.0116266 0.999663 -0.0169778 0.0 0.0 0.0 1.0
pumpkin/seq-08/color/frame-000117.color.png pumpkin/seq-08/color/frame-000120.color.png 0.999072 -0.0264333 0.0340187 0.0441193 0.0266215 0.999633 -0.00509032 0.0334829 -0.0338717 0.00599121 0.999408 -0.0106375 0.0 0.0 0.0 1.0
pumpkin/seq-08/color/frame-000120.color.png pumpkin/seq-08/color/frame-000123.color.png 0.999016 -0.0385185 -0.0219729 0.138378 0.0393349 0.998502 0.0380206 -0.0187507 0.0204755 -0.0388475 0.999035 -0.00794633 0.0 0.0 0.0 1.0
pumpkin/seq-08/color/frame-000123.color.png pumpkin/seq-08/color/frame-000126.color.png 0.999886 -0.0082237 0.0126752 0.037557 0.0080728 0.999896 0.0119116 0.0140296 -0.0127718 -0.0118079 0.999849 -0.00378108 0.0 0.0 0.0 1.0
pumpkin/seq-08/color/frame-000126.color.png pumpkin/seq-08/color/frame-000129.color.png 0.999444 -0.0252819 0.0217442 0.0410585 0.0246902 0.999329 0.0270592 0.0302616 -0.0224138 -0.0265073 0.999397 0.0126736 0.0 0.0 0.0 1.0
pumpkin/seq-08/color/frame-000129.color.png pumpkin/seq-08/color/frame-000132.color.png 0.999492 -0.0292874 0.0125565 0.0392094 0.0292103 0.999554 0.00627747 0.0192418 -0.0127347 -0.0059075 0.999901 0.0141024 0.0 0.0 0.0 1.0
pumpkin/seq-08/color/frame-000132.color.png pumpkin/seq-08/color/frame-000135.color.png 0.99986 -0.0166301 -0.00202028 0.0426634 0.0165994 0.999759 -0.0143502 0.0384007 0.00225842 0.0143146 0.999895 0.0172138 0.0 0.0 0.0 1.0
pumpkin/seq-08/color/frame-000135.color.png pumpkin/seq-08/color/frame-000138.color.png 0.999915 2.69683e-07 0.0130189 0.0612749 -9.80852e-05 0.999972 0.00750754 0.00765067 -0.0130185 -0.00750813 0.999887 0.000394955 0.0 0.0 0.0 1.0
pumpkin/seq-08/color/frame-000138.color.png pumpkin/seq-08/color/frame-000141.color.png 0.999752 -0.0221689 -0.00232676 0.0387389 0.0221527 0.999732 -0.00677943 0.0158525 0.00247649 0.00672618 0.999974 0.0210199 0.0 0.0 0.0 1.0
pumpkin/seq-08/color/frame-000141.color.png pumpkin/seq-08/color/frame-000144.color.png 0.999903 0.00502385 0.0130215 0.0277417 -0.00525445 0.999829 0.0177344 0.00747371 -0.0129303 -0.0178011 0.999758 0.00111658 0.0 0.0 0.0 1.0
pumpkin/seq-08/color/frame-000144.color.png pumpkin/seq-08/color/frame-000147.color.png 0.999883 0.010649 0.0109823 0.0512629 -0.0107789 0.999872 0.01185 0.0263668 -0.0108546 -0.011967 0.99987 0.00306663 0.0 0.0 0.0 1.0
pumpkin/seq-08/color/frame-000147.color.png pumpkin/seq-08/color/frame-000150.color.png 0.99934 0.0335761 0.0138827 0.0656038 -0.0339038 0.999135 0.024081 0.0269236 -0.0130622 -0.0245357 0.999614 -0.00135865 0.0 0.0 0.0 1.0
pumpkin/seq-08/color/frame-000150.color.png pumpkin/seq-08/color/frame-000153.color.png 0.999756 -0.00530135 -0.0214369 0.0453133 0.0051812 0.99997 -0.00565683 0.0181141 0.0214663 0.00554435 0.999754 -0.029976 0.0 0.0 0.0 1.0
pumpkin/seq-08/color/frame-000153.color.png pumpkin/seq-08/color/frame-000156.color.png 0.999816 0.0153835 0.0114979 0.0300453 -0.0155846 0.999724 0.0176047 0.0319924 -0.0112238 -0.0177806 0.999779 -0.0128408 0.0 0.0 0.0 1.0
pumpkin/seq-08/color/frame-000156.color.png pumpkin/seq-08/color/frame-000159.color.png 0.999959 0.00657173 -0.00627068 0.031325 -0.00656351 0.999978 0.00133065 0.0145966 0.00627928 -0.00128942 0.999979 -0.00828412 0.0 0.0 0.0 1.0
pumpkin/seq-08/color/frame-000159.color.png pumpkin/seq-08/color/frame-000162.color.png 0.99938 0.0183727 -0.030049 0.0491635 -0.0181673 0.99981 0.0070932 0.0336321 0.0301736 -0.00654288 0.999523 -0.0239889 0.0 0.0 0.0 1.0
pumpkin/seq-08/color/frame-000162.color.png pumpkin/seq-08/color/frame-000165.color.png 0.999668 0.0247803 -0.00702988 0.0443422 -0.0246434 0.999517 0.0189265 0.0482864 0.00749543 -0.018747 0.999796 -0.0235253 0.0 0.0 0.0 1.0
pumpkin/seq-08/color/frame-000165.color.png pumpkin/seq-08/color/frame-000168.color.png 0.999539 0.000589638 -0.0303586 0.0371579 -0.000341393 0.999966 0.00818149 0.0137499 0.0303625 -0.00816736 0.999506 -0.0233478 0.0 0.0 0.0 1.0
pumpkin/seq-08/color/frame-000168.color.png pumpkin/seq-08/color/frame-000171.color.png 0.999422 0.015303 -0.0303557 0.0558664 -0.0153173 0.999883 -0.000238018 0.062393 0.0303485 0.000702857 0.999539 -0.0334632 0.0 0.0 0.0 1.0
pumpkin/seq-08/color/frame-000171.color.png pumpkin/seq-08/color/frame-000174.color.png 0.999246 0.00263501 -0.0387442 0.0388358 -0.0019914 0.99986 0.016641 0.0184446 0.0387825 -0.0165513 0.999111 -0.0329361 0.0 0.0 0.0 1.0
pumpkin/seq-08/color/frame-000174.color.png pumpkin/seq-08/color/frame-000177.color.png 0.999584 -0.000460669 -0.0288443 0.034759 0.000562954 0.999994 0.00353827 0.0212588 0.0288425 -0.00355302 0.999578 -0.0308432 0.0 0.0 0.0 1.0
pumpkin/seq-08/color/frame-000177.color.png pumpkin/seq-08/color/frame-000180.color.png 0.999796 -0.00177252 -0.0201299 0.0368053 0.00178677 0.999998 0.000691395 0.0304187 0.0201286 -0.000727219 0.999797 -0.0150772 0.0 0.0 0.0 1.0
pumpkin/seq-08/color/frame-000180.color.png pumpkin/seq-08/color/frame-000183.color.png 0.999703 -0.00747747 -0.0231819 0.0401749 0.00786142 0.999833 0.0165147 0.0134799 0.0230546 -0.016692 0.999595 -0.029809 0.0 0.0 0.0 1.0
pumpkin/seq-08/color/frame-000183.color.png pumpkin/seq-08/color/frame-000186.color.png 0.99984 0.0170846 0.0053035 0.0301432 -0.0172011 0.999593 0.022778 0.0296495 -0.00491224 -0.0228656 0.999727 0.0147876 0.0 0.0 0.0 1.0
pumpkin/seq-08/color/frame-000186.color.png pumpkin/seq-08/color/frame-000189.color.png 0.999983 0.00427536 -0.00405432 0.0265247 -0.00427015 0.99999 0.00128924 0.0253723 0.00405979 -0.0012719 0.999991 0.00238612 0.0 0.0 0.0 1.0
pumpkin/seq-08/color/frame-000189.color.png pumpkin/seq-08/color/frame-000192.color.png 0.999983 0.00168776 -0.00562361 0.03759 -0.00167949 0.999997 0.00147575 0.0188222 0.00562612 -0.00146626 0.999983 -0.0157664 0.0 0.0 0.0 1.0
pumpkin/seq-08/color/frame-000192.color.png pumpkin/seq-08/color/frame-000195.color.png 0.999942 0.00535171 0.00930304 0.0373532 -0.00532818 0.999982 -0.00255111 0.0321836 -0.00931666 0.00250137 0.999953 0.01575 0.0 0.0 0.0 1.0
pumpkin/seq-08/color/frame-000195.color.png pumpkin/seq-08/color/frame-000198.color.png 0.999918 -0.0126025 -0.00248571 0.0369527 0.0126229 0.999885 0.00839932 0.0172138 0.00237963 -0.00842995 0.999962 0.0081334 0.0 0.0 0.0 1.0
pumpkin/seq-08/color/frame-000198.color.png pumpkin/seq-08/color/frame-000201.color.png 0.999952 -0.0091237 -0.00347379 0.043046 0.00918571 0.999791 0.0182779 0.00817237 0.00330624 -0.018309 0.999827 0.0054177 0.0 0.0 0.0 1.0
pumpkin/seq-08/color/frame-000201.color.png pumpkin/seq-08/color/frame-000204.color.png 0.999925 0.0118674 -0.00296334 0.0447594 -0.0118292 0.999851 0.0125969 0.0240156 0.00311251 -0.0125609 0.999916 -0.00697388 0.0 0.0 0.0 1.0
pumpkin/seq-08/color/frame-000204.color.png pumpkin/seq-08/color/frame-000207.color.png 0.999889 -0.00532578 0.0139436 0.00889128 0.00534321 0.999985 -0.00121226 0.018252 -0.0139369 0.00128671 0.999902 0.0182915 0.0 0.0 0.0 1.0
pumpkin/seq-08/color/frame-000207.color.png pumpkin/seq-08/color/frame-000210.color.png 0.999992 -0.00405851 0.000478363 0.051281 0.00404864 0.99981 0.0190703 0.0114042 -0.000555691 -0.0190682 0.999818 -0.011936 0.0 0.0 0.0 1.0
pumpkin/seq-08/color/frame-000210.color.png pumpkin/seq-08/color/frame-000213.color.png 0.999948 0.00157888 0.0100693 0.0124866 -0.0016863 0.999942 0.0106685 0.0201163 -0.0100518 -0.0106849 0.999892 0.0087979 0.0 0.0 0.0 1.0
pumpkin/seq-08/color/frame-000213.color.png pumpkin/seq-08/color/frame-000216.color.png 0.999693 -0.0134229 0.0208333 0.0153047 0.0128514 0.999544 0.0273292 -0.018234 -0.0211907 -0.0270532 0.999409 0.0302178 0.0 0.0 0.0 1.0
pumpkin/seq-08/color/frame-000216.color.png pumpkin/seq-08/color/frame-000219.color.png 0.999907 -0.0124589 -0.00557359 0.0258312 0.0124643 0.999922 0.000935319 -0.00119384 0.00556152 -0.00100464 0.999984 -0.00683436 0.0 0.0 0.0 1.0
pumpkin/seq-08/color/frame-000219.color.png pumpkin/seq-08/color/frame-000222.color.png 0.999977 0.00676339 0.000926495 0.0149249 -0.0067741 0.999904 0.0120825 0.0140523 -0.000844766 -0.0120885 0.999927 0.0100737 0.0 0.0 0.0 1.0
pumpkin/seq-08/color/frame-000222.color.png pumpkin/seq-08/color/frame-000225.color.png 0.999923 0.00513032 -0.0112484 0.00980562 -0.00512557 0.999987 0.000452026 0.010591 0.0112506 -0.000394326 0.999937 0.00632645 0.0 0.0 0.0 1.0
pumpkin/seq-08/color/frame-000225.color.png pumpkin/seq-08/color/frame-000228.color.png 0.998231 0.0038431 -0.0593271 0.0178993 -0.0053465 0.999668 -0.025203 -0.00246913 0.0592107 0.0254756 0.99792 -0.0498089 0.0 0.0 0.0 1.0
pumpkin/seq-08/color/frame-000228.color.png pumpkin/seq-08/color/frame-000231.color.png 0.99911 -0.000943859 -0.0421789 0.012401 0.000218964 0.999852 -0.0171884 -0.0117068 0.0421889 0.0171639 0.998962 -0.0371097 0.0 0.0 0.0 1.0
pumpkin/seq-08/color/frame-000231.color.png pumpkin/seq-08/color/frame-000234.color.png 0.99936 0.0165038 -0.0317317 0.0159755 -0.0167289 0.999837 -0.00683914 0.0142794 0.0316137 0.0073656 0.999473 -0.0361145 0.0 0.0 0.0 1.0
pumpkin/seq-08/color/frame-000234.color.png pumpkin/seq-08/color/frame-000237.color.png 0.999385 0.00839911 -0.0340432 0.0136113 -0.00849334 0.99996 -0.00262532 0.00770715 0.0340198 0.00291283 0.999417 -0.0362504 0.0 0.0 0.0 1.0
pumpkin/seq-08/color/frame-000237.color.png pumpkin/seq-08/color/frame-000240.color.png 0.998625 0.00396922 -0.0522632 0.0444115 -0.00445873 0.999947 -0.00925266 0.0159344 0.0522237 0.00947295 0.998591 -0.063734 0.0 0.0 0.0 1.0
pumpkin/seq-08/color/frame-000240.color.png pumpkin/seq-08/color/frame-000243.color.png 0.999613 -0.000892087 -0.027795 0.019945 0.000745921 0.999986 -0.00526847 -0.0034893 0.0277993 0.00524577 0.9996 -0.0391228 0.0 0.0 0.0 1.0
pumpkin/seq-08/color/frame-000243.color.png pumpkin/seq-08/color/frame-000246.color.png 0.999768 0.0147653 -0.0157077 0.0158073 -0.0147166 0.999887 0.00321574 0.0187179 0.0157534 -0.00298386 0.999871 -0.0236969 0.0 0.0 0.0 1.0
pumpkin/seq-08/color/frame-000246.color.png pumpkin/seq-08/color/frame-000249.color.png 0.999347 0.0214312 -0.0290942 0.011324 -0.0210213 0.999676 0.0143232 0.0180506 0.0293918 -0.0137022 0.999474 -0.0322868 0.0 0.0 0.0 1.0
pumpkin/seq-08/color/frame-000249.color.png pumpkin/seq-08/color/frame-000252.color.png 0.99962 0.0109089 -0.0253128 0.0319619 -0.0112402 0.999852 -0.0129822 0.0224376 0.0251675 0.0132618 0.999595 -0.0306132 0.0 0.0 0.0 1.0
pumpkin/seq-08/color/frame-000252.color.png pumpkin/seq-08/color/frame-000255.color.png 0.999424 0.0219467 -0.0258721 0.0130329 -0.0222312 0.999695 -0.0107611 0.00695743 0.025628 0.0113301 0.999607 -0.0317649 0.0 0.0 0.0 1.0
pumpkin/seq-08/color/frame-000255.color.png pumpkin/seq-08/color/frame-000258.color.png 0.999795 0.0135333 -0.0150636 0.0062145 -0.0137821 0.999768 -0.0165374 0.00334007 0.0148363 0.0167416 0.99975 -0.0238538 0.0 0.0 0.0 1.0
pumpkin/seq-08/color/frame-000258.color.png pumpkin/seq-08/color/frame-000261.color.png 0.999727 0.0144818 -0.0183161 0.00563598 -0.0148302 0.999709 -0.0190286 0.00356264 0.0180352 0.0192951 0.999651 -0.0311325 0.0 0.0 0.0 1.0
pumpkin/seq-08/color/frame-000261.color.png pumpkin/seq-08/color/frame-000264.color.png 0.999852 -1.41657e-05 -0.0172031 0.00206482 -9.20524e-05 0.999981 -0.00617351 -0.0149724 0.0172028 0.00617419 0.999833 -0.0225815 0.0 0.0 0.0 1.0
pumpkin/seq-08/color/frame-000264.color.png pumpkin/seq-08/color/frame-000267.color.png 0.999496 0.00374613 -0.0315346 0.0138403 -0.00410192 0.999929 -0.0112251 -0.0174532 0.0314903 0.0113488 0.99944 -0.0423117 0.0 0.0 0.0 1.0
pumpkin/seq-08/color/frame-000267.color.png pumpkin/seq-08/color/frame-000270.color.png 0.999665 0.00986507 -0.0239428 0.00160742 -0.0100802 0.99991 -0.00888056 -0.00166164 0.023853 0.00911898 0.999674 -0.0337862 0.0 0.0 0.0 1.0
pumpkin/seq-08/color/frame-000270.color.png pumpkin/seq-08/color/frame-000273.color.png 0.999471 0.00753609 -0.0316307 -0.00700319 -0.00802015 0.999852 -0.0152049 -0.00710307 0.0315114 0.0154505 0.999384 -0.0448142 0.0 0.0 0.0 1.0
pumpkin/seq-08/color/frame-000273.color.png pumpkin/seq-08/color/frame-000276.color.png 0.999445 0.00519006 -0.0329021 0.00296009 -0.00540313 0.999965 -0.00638994 -0.0101502 0.0328678 0.00656416 0.999438 -0.0483016 0.0 0.0 0.0 1.0
pumpkin/seq-08/color/frame-000276.color.png pumpkin/seq-08/color/frame-000279.color.png 0.999522 0.0279229 -0.0132941 0.00347304 -0.0279315 0.99961 -0.000463694 0.00965205 0.013276 0.000834797 0.999911 -0.0230791 0.0 0.0 0.0 1.0
pumpkin/seq-08/color/frame-000279.color.png pumpkin/seq-08/color/frame-000282.color.png 0.999561 -0.00308769 -0.029478 0.0127884 0.00260862 0.999864 -0.0162769 -0.0165482 0.0295243 0.0161929 0.999433 -0.0529029 0.0 0.0 0.0 1.0
pumpkin/seq-08/color/frame-000282.color.png pumpkin/seq-08/color/frame-000285.color.png 0.999911 0.0125482 -0.00455694 -0.0119264 -0.0125746 0.999904 -0.0058096 -0.00113469 0.00448359 0.00586636 0.999973 -0.0144925 0.0 0.0 0.0 1.0
pumpkin/seq-08/color/frame-000285.color.png pumpkin/seq-08/color/frame-000288.color.png 0.999712 0.00509859 -0.0234728 0.0371394 -0.00517485 0.999981 -0.00318895 -0.00362961 0.0234561 0.00330953 0.999719 -0.0170171 0.0 0.0 0.0 1.0
pumpkin/seq-08/color/frame-000288.color.png pumpkin/seq-08/color/frame-000291.color.png 0.999662 -0.0136621 -0.0221286 0.010076 0.0137319 0.999901 0.00300645 -0.0572281 0.0220854 -0.00330934 0.999751 -0.0322963 0.0 0.0 0.0 1.0
pumpkin/seq-08/color/frame-000291.color.png pumpkin/seq-08/color/frame-000294.color.png 0.999987 0.00336238 -0.00383346 -0.00392246 -0.00337621 0.999988 -0.00360628 -0.0119981 0.00382128 0.0036192 0.999986 -0.011456 0.0 0.0 0.0 1.0
pumpkin/seq-08/color/frame-000294.color.png pumpkin/seq-08/color/frame-000297.color.png 0.999921 0.00810927 -0.00962525 0.000273466 -0.00807848 0.999962 0.00323385 -0.0255382 0.00965114 -0.00315587 0.999948 -0.012488 0.0 0.0 0.0 1.0
pumpkin/seq-08/color/frame-000297.color.png pumpkin/seq-08/color/frame-000300.color.png 0.999662 0.0259927 -0.00028291 -0.00633061 -0.0259942 0.999599 -0.011273 0.0219006 -1.02307e-05 0.0112766 0.999936 -0.0082913 0.0 0.0 0.0 1.0
pumpkin/seq-08/color/frame-000300.color.png pumpkin/seq-08/color/frame-000303.color.png 0.999413 0.0340262 0.00403733 -0.00235665 -0.0340458 0.999408 0.00489007 -0.00499049 -0.00386857 -0.00502465 0.99998 -0.00385758 0.0 0.0 0.0 1.0
pumpkin/seq-08/color/frame-000303.color.png pumpkin/seq-08/color/frame-000306.color.png 0.999582 0.0284264 0.00533404 0.00071907 -0.0283401 0.999477 -0.0156037 0.00634846 -0.00577481 0.015446 0.999864 0.00251421 0.0 0.0 0.0 1.0
pumpkin/seq-08/color/frame-000306.color.png pumpkin/seq-08/color/frame-000309.color.png 0.999787 0.014511 0.0147131 -0.0272739 -0.0145348 0.999893 0.00151085 -0.0305608 -0.0146896 -0.0017244 0.999891 0.000824839 0.0 0.0 0.0 1.0
pumpkin/seq-08/color/frame-000309.color.png pumpkin/seq-08/color/frame-000312.color.png 0.999541 0.0276446 0.0124159 -0.0101385 -0.0275199 0.99957 -0.0101041 -0.0110511 -0.0126899 0.00975773 0.999872 0.00868821 0.0 0.0 0.0 1.0
pumpkin/seq-08/color/frame-000312.color.png pumpkin/seq-08/color/frame-000315.color.png 0.999598 0.0217977 0.0181163 -0.0200483 -0.0217862 0.999762 -0.000833173 -0.00250566 -0.0181302 0.000438148 0.999835 0.0153295 0.0 0.0 0.0 1.0
pumpkin/seq-08/color/frame-000315.color.png pumpkin/seq-08/color/frame-000318.color.png 0.998734 0.0475402 0.0164681 -0.0147855 -0.0474808 0.998864 -0.0039828 0.0158974 -0.0166388 0.00319583 0.999856 0.0225729 0.0 0.0 0.0 1.0
pumpkin/seq-08/color/frame-000318.color.png pumpkin/seq-08/color/frame-000321.color.png 0.999795 0.0194512 0.00558012 -0.055132 -0.0194632 0.999808 0.0021041 -0.0621153 -0.0055381 -0.00221224 0.999982 0.00749663 0.0 0.0 0.0 1.0
pumpkin/seq-08/color/frame-000321.color.png pumpkin/seq-08/color/frame-000324.color.png 0.99946 0.0317322 -0.00850709 -0.0446882 -0.0319095 0.999258 -0.021594 0.00778389 0.00781554 0.0218538 0.999731 0.00852713 0.0 0.0 0.0 1.0
pumpkin/seq-08/color/frame-000324.color.png pumpkin/seq-08/color/frame-000327.color.png 0.999907 0.00798047 0.0110061 -0.0468557 -0.007998 0.999967 0.00155144 -0.0225326 -0.0109933 -0.00163931 0.999938 0.0121682 0.0 0.0 0.0 1.0
pumpkin/seq-08/color/frame-000327.color.png pumpkin/seq-08/color/frame-000330.color.png 0.99993 0.00742044 0.00919893 -0.0568287 -0.00740405 0.999971 -0.00181512 -0.0185338 -0.00921212 0.00174688 0.999956 0.0229838 0.0 0.0 0.0 1.0
pumpkin/seq-08/color/frame-000330.color.png pumpkin/seq-08/color/frame-000333.color.png 0.999929 -0.00031342 0.0118766 -0.0476798 0.000486807 0.999893 -0.0145985 -0.0111918 -0.0118708 0.0146032 0.999823 0.0276573 0.0 0.0 0.0 1.0
pumpkin/seq-08/color/frame-000333.color.png pumpkin/seq-08/color/frame-000336.color.png 0.999823 0.00349802 0.0184782 -0.0724346 -0.00412763 0.999408 0.0341452 -0.0123205 -0.0183478 -0.0342155 0.999246 0.012363 0.0 0.0 0.0 1.0
pumpkin/seq-08/color/frame-000336.color.png pumpkin/seq-08/color/frame-000339.color.png 0.999261 0.0102136 -0.0370439 -0.053715 -0.0097149 0.99986 0.0136206 -0.00326109 0.0371778 -0.0132506 0.999221 0.00062266 0.0 0.0 0.0 1.0
pumpkin/seq-08/color/frame-000339.color.png pumpkin/seq-08/color/frame-000342.color.png 0.999877 0.00462494 -0.0149596 -0.0718504 -0.00482405 0.9999 -0.0133064 0.00133336 0.0148966 0.0133769 0.9998 0.0171607 0.0 0.0 0.0 1.0
pumpkin/seq-08/color/frame-000342.color.png pumpkin/seq-08/color/frame-000345.color.png 0.999765 -0.021518 -0.00253277 -0.0555044 0.0215359 0.999742 0.0072532 -0.0368536 0.00237606 -0.00730604 0.99997 0.022741 0.0 0.0 0.0 1.0
pumpkin/seq-08/color/frame-000345.color.png pumpkin/seq-08/color/frame-000348.color.png 0.999924 -0.000397643 -0.0123587 -0.0564759 0.000394246 1.0 -0.000279502 0.00952733 0.0123588 0.00027464 0.999924 0.0124373 0.0 0.0 0.0 1.0
pumpkin/seq-08/color/frame-000348.color.png pumpkin/seq-08/color/frame-000351.color.png 0.999162 -0.0198884 -0.0357663 -0.0823102 0.0204288 0.999682 0.0148073 -0.00845611 0.0354604 -0.0155256 0.99925 -0.0177153 0.0 0.0 0.0 1.0
pumpkin/seq-08/color/frame-000351.color.png pumpkin/seq-08/color/frame-000354.color.png 0.999452 -0.0134235 -0.0302716 -0.0657263 0.0136376 0.999883 0.00687656 -0.00148743 0.0301758 -0.00728561 0.999518 -0.00695655 0.0 0.0 0.0 1.0
pumpkin/seq-08/color/frame-000354.color.png pumpkin/seq-08/color/frame-000357.color.png 0.998988 -0.0299048 -0.0335896 -0.0718746 0.0302764 0.999485 0.0106074 -0.010887 0.0332551 -0.0116137 0.999379 -0.00291456 0.0 0.0 0.0 1.0
pumpkin/seq-08/color/frame-000357.color.png pumpkin/seq-08/color/frame-000360.color.png 0.999876 -0.0119462 -0.0102292 -0.0741632 0.0117448 0.99974 -0.0195267 0.0420831 0.0104597 0.0194042 0.999757 0.00576304 0.0 0.0 0.0 1.0
pumpkin/seq-08/color/frame-000360.color.png pumpkin/seq-08/color/frame-000363.color.png 0.998311 -0.0577014 -0.00680772 -0.102367 0.057724 0.998327 0.0031714 -0.0239549 0.00661335 -0.00355903 0.999972 0.00638749 0.0 0.0 0.0 1.0
pumpkin/seq-08/color/frame-000363.color.png pumpkin/seq-08/color/frame-000366.color.png 0.99869 -0.0489401 0.0149547 -0.0615353 0.0487963 0.99876 0.00983547 0.00137591 -0.0154176 -0.00909284 0.99984 0.0153571 0.0 0.0 0.0 1.0
pumpkin/seq-08/color/frame-000366.color.png pumpkin/seq-08/color/frame-000369.color.png 0.994818 -0.101228 0.00953432 -0.0809823 0.101284 0.994842 -0.00563047 -0.00575083 -0.00891515 0.00656695 0.999939 0.0195808 0.0 0.0 0.0 1.0
pumpkin/seq-08/color/frame-000369.color.png pumpkin/seq-08/color/frame-000372.color.png 0.99917 -0.038597 0.0129912 -0.0484478 0.0386422 0.999248 -0.003243 0.00200486 -0.0128562 0.00374231 0.99991 0.00484578 0.0 0.0 0.0 1.0
pumpkin/seq-08/color/frame-000372.color.png pumpkin/seq-08/color/frame-000375.color.png 0.999518 -0.0233782 0.0204424 -0.0196064 0.0236762 0.999615 -0.0144593 0.0198641 -0.0200964 0.0149363 0.999686 0.0272493 0.0 0.0 0.0 1.0
pumpkin/seq-08/color/frame-000375.color.png pumpkin/seq-08/color/frame-000378.color.png 0.999594 -0.0279396 0.00563516 -0.04391 0.0279877 0.999571 -0.00865222 0.0220062 -0.00539103 0.00880642 0.999947 0.0162262 0.0 0.0 0.0 1.0
pumpkin/seq-08/color/frame-000378.color.png pumpkin/seq-08/color/frame-000381.color.png 0.999793 -0.0138179 0.0149358 -0.0268768 0.0140441 0.999787 -0.0151471 0.0266878 -0.0147233 0.0153537 0.999774 0.0186528 0.0 0.0 0.0 1.0
pumpkin/seq-08/color/frame-000381.color.png pumpkin/seq-08/color/frame-000384.color.png 0.999901 -0.0140157 -0.00141101 -0.0165 0.0140046 0.999873 -0.00757714 0.0272392 0.00151702 0.00755663 0.99997 0.0320813 0.0 0.0 0.0 1.0
pumpkin/seq-08/color/frame-000384.color.png pumpkin/seq-08/color/frame-000387.color.png 0.99921 -0.0162471 0.0362612 -0.0408981 0.0162102 0.999868 0.00131192 0.0155395 -0.0362777 -0.000723072 0.999342 0.0239064 0.0 0.0 0.0 1.0
pumpkin/seq-08/color/frame-000387.color.png pumpkin/seq-08/color/frame-000390.color.png 0.999151 -0.0325515 0.0252672 -0.0183018 0.0324551 0.999464 0.00421592 0.0173318 -0.0253909 -0.00339228 0.999672 0.0355614 0.0 0.0 0.0 1.0
pumpkin/seq-08/color/frame-000390.color.png pumpkin/seq-08/color/frame-000393.color.png 0.998621 -0.0241149 0.0466336 -0.0419615 0.0247324 0.999613 -0.0127114 0.0292225 -0.046309 0.0138472 0.998831 0.0202203 0.0 0.0 0.0 1.0
pumpkin/seq-08/color/frame-000393.color.png pumpkin/seq-08/color/frame-000396.color.png 0.99876 -0.0144233 0.0476594 -0.0521363 0.0154608 0.99965 -0.021473 0.01502 -0.047333 0.0221832 0.998633 0.0268281 0.0 0.0 0.0 1.0
pumpkin/seq-08/color/frame-000396.color.png pumpkin/seq-08/color/frame-000399.color.png 0.999313 -0.0124599 0.0349016 -0.0626929 0.0128176 0.999867 -0.0100453 0.028675 -0.0347718 0.0104857 0.99934 0.0136111 0.0 0.0 0.0 1.0
pumpkin/seq-08/color/frame-000399.color.png pumpkin/seq-08/color/frame-000402.color.png 0.9994 -0.00855129 0.0335609 -0.0366972 0.0087316 0.999948 -0.00523017 0.0370494 -0.0335144 0.00552008 0.999423 0.0103415 0.0 0.0 0.0 1.0
pumpkin/seq-08/color/frame-000402.color.png pumpkin/seq-08/color/frame-000405.color.png 0.999665 -0.0113323 0.0232755 -0.0148421 0.011404 0.999931 -0.00294788 -0.00160176 -0.0232405 0.00321233 0.999725 0.00575261 0.0 0.0 0.0 1.0
pumpkin/seq-08/color/frame-000405.color.png pumpkin/seq-08/color/frame-000408.color.png 0.999184 -0.00646048 0.0398583 -0.0350538 0.00704928 0.999868 -0.0146502 0.0287975 -0.0397584 0.0149193 0.999098 0.00360624 0.0 0.0 0.0 1.0
pumpkin/seq-08/color/frame-000408.color.png pumpkin/seq-08/color/frame-000411.color.png 0.998859 0.00449946 0.0475474 -0.0338727 -0.00353424 0.999786 -0.0203645 0.00822565 -0.0476289 0.0201732 0.998661 -0.00794522 0.0 0.0 0.0 1.0
pumpkin/seq-08/color/frame-000411.color.png pumpkin/seq-08/color/frame-000414.color.png 0.998953 0.000627425 0.0457444 -0.0488465 -0.000301321 0.999974 -0.00713521 0.0221255 -0.0457477 0.00711396 0.998928 -0.0153117 0.0 0.0 0.0 1.0
pumpkin/seq-08/color/frame-000414.color.png pumpkin/seq-08/color/frame-000417.color.png 0.998951 -0.00818902 0.0450461 -0.0332178 0.00831664 0.999962 -0.00264674 0.020935 -0.0450227 0.00301859 0.998982 -0.0156247 0.0 0.0 0.0 1.0
pumpkin/seq-08/color/frame-000417.color.png pumpkin/seq-08/color/frame-000420.color.png 0.998632 -0.0190352 0.0487047 -0.0652139 0.019605 0.999744 -0.0112482 0.0131708 -0.0484781 0.0121876 0.99875 -0.0118718 0.0 0.0 0.0 1.0
pumpkin/seq-08/color/frame-000420.color.png pumpkin/seq-08/color/frame-000423.color.png 0.999157 -0.0103104 0.0397415 -0.0392241 0.0102402 0.999946 0.00197126 0.0296163 -0.0397597 -0.00156265 0.999208 -0.0184826 0.0 0.0 0.0 1.0
pumpkin/seq-08/color/frame-000423.color.png pumpkin/seq-08/color/frame-000426.color.png 0.998563 -0.0185338 0.0502854 -0.0649454 0.01845 0.999827 0.00212989 0.019324 -0.0503162 -0.00119907 0.998733 -0.0212411 0.0 0.0 0.0 1.0
pumpkin/seq-08/color/frame-000426.color.png pumpkin/seq-08/color/frame-000429.color.png 0.999738 -0.00848849 0.021254 -0.0304686 0.0084402 0.999962 0.00235846 0.0370483 -0.0212732 -0.00217845 0.999771 -0.0160763 0.0 0.0 0.0 1.0
pumpkin/seq-08/color/frame-000429.color.png pumpkin/seq-08/color/frame-000432.color.png 0.999799 0.000779882 0.0200318 -0.0276778 -0.000833473 0.999996 0.00266717 0.00471233 -0.0200296 -0.00268333 0.999796 -0.0272151 0.0 0.0 0.0 1.0
pumpkin/seq-08/color/frame-000432.color.png pumpkin/seq-08/color/frame-000435.color.png 0.999723 0.000784835 0.0235203 -0.0318406 -0.00101323 0.999952 0.00969778 0.012144 -0.0235116 -0.00971892 0.999676 -0.0162685 0.0 0.0 0.0 1.0
pumpkin/seq-08/color/frame-000435.color.png pumpkin/seq-08/color/frame-000438.color.png 0.999674 0.00793425 0.0242632 -0.0256598 -0.00839185 0.999788 0.018818 0.016699 -0.0241087 -0.0190155 0.999528 -0.0250508 0.0 0.0 0.0 1.0
pumpkin/seq-08/color/frame-000438.color.png pumpkin/seq-08/color/frame-000441.color.png 0.999617 -0.0172186 0.0216634 -0.0296267 0.0168866 0.999739 0.0154178 0.036615 -0.0219232 -0.0150461 0.999646 -0.0244751 0.0 0.0 0.0 1.0
pumpkin/seq-08/color/frame-000441.color.png pumpkin/seq-08/color/frame-000444.color.png 0.999937 -0.00449767 0.0102758 0.00150925 0.00433415 0.999865 0.0158762 0.0620944 -0.0103457 -0.0158307 0.999821 -0.0352311 0.0 0.0 0.0 1.0
pumpkin/seq-08/color/frame-000444.color.png pumpkin/seq-08/color/frame-000447.color.png 0.998498 -0.0494299 0.0236283 -0.0381793 0.0492147 0.998742 0.00960756 0.0799384 -0.0240735 -0.00843028 0.999675 -0.0130385 0.0 0.0 0.0 1.0
pumpkin/seq-08/color/frame-000447.color.png pumpkin/seq-08/color/frame-000450.color.png 0.998352 -0.0358603 0.0448082 -0.0702866 0.0353639 0.999305 0.0118228 0.0604318 -0.045201 -0.0102188 0.998926 0.000320479 0.0 0.0 0.0 1.0
pumpkin/seq-08/color/frame-000450.color.png pumpkin/seq-08/color/frame-000453.color.png 0.99914 -0.0343678 0.0232182 -0.0451526 0.0332591 0.998362 0.0465543 0.0180119 -0.0247803 -0.045742 0.998646 -0.0116107 0.0 0.0 0.0 1.0
pumpkin/seq-08/color/frame-000453.color.png pumpkin/seq-08/color/frame-000456.color.png 0.999672 -0.0184046 0.0178035 -0.0314185 0.0180636 0.999654 0.0191256 0.0154187 -0.0181491 -0.0187978 0.999659 -0.00463098 0.0 0.0 0.0 1.0
pumpkin/seq-08/color/frame-000456.color.png pumpkin/seq-08/color/frame-000459.color.png 0.999396 -0.0280651 0.0205197 -0.0382065 0.0277813 0.999516 0.0139874 0.0034757 -0.0209024 -0.0134089 0.999692 -0.00776527 0.0 0.0 0.0 1.0
pumpkin/seq-08/color/frame-000459.color.png pumpkin/seq-08/color/frame-000462.color.png 0.999404 -0.0146874 0.0312528 -0.0397987 0.0139136 0.999595 0.0248372 -0.0101487 -0.0316049 -0.0243876 0.999203 -0.00971546 0.0 0.0 0.0 1.0
pumpkin/seq-08/color/frame-000462.color.png pumpkin/seq-08/color/frame-000465.color.png 0.999314 -0.0314933 0.0195032 -0.0458369 0.0313678 0.999485 0.00670309 0.00745293 -0.0197043 -0.00608669 0.999787 -0.0115809 0.0 0.0 0.0 1.0
pumpkin/seq-08/color/frame-000465.color.png pumpkin/seq-08/color/frame-000468.color.png 0.999831 -0.00271466 0.0181873 -0.0328969 0.00242107 0.999867 0.0161425 -0.0174924 -0.0182286 -0.0160957 0.999704 -0.00286453 0.0 0.0 0.0 1.0
pumpkin/seq-08/color/frame-000468.color.png pumpkin/seq-08/color/frame-000471.color.png 0.999875 -0.00119644 0.0157864 -0.0343326 0.00123591 0.999996 -0.00249675 -0.00558288 -0.0157834 0.00251591 0.999872 -0.00746669 0.0 0.0 0.0 1.0
pumpkin/seq-08/color/frame-000471.color.png pumpkin/seq-08/color/frame-000474.color.png 0.999822 -0.0130524 0.0136503 -0.0312225 0.0129946 0.999906 0.00431593 -0.0361938 -0.0137052 -0.00413777 0.999898 0.00390519 0.0 0.0 0.0 1.0
pumpkin/seq-08/color/frame-000474.color.png pumpkin/seq-08/color/frame-000477.color.png 0.999934 0.00777685 0.00847621 -0.0399406 -0.00766202 0.99988 -0.0134898 -0.0357583 -0.00858028 0.0134239 0.999873 0.00243988 0.0 0.0 0.0 1.0
pumpkin/seq-08/color/frame-000477.color.png pumpkin/seq-08/color/frame-000480.color.png 0.999916 0.0126009 0.0029963 -0.0195246 -0.012582 0.999901 -0.00626279 -0.0406794 -0.00307493 0.00622458 0.999976 0.00316839 0.0 0.0 0.0 1.0
pumpkin/seq-08/color/frame-000480.color.png pumpkin/seq-08/color/frame-000483.color.png 0.999752 0.0205969 0.00844157 -0.0234468 -0.0205027 0.999728 -0.0110967 -0.0348208 -0.00866788 0.0109209 0.999903 -0.0139348 0.0 0.0 0.0 1.0
pumpkin/seq-08/color/frame-000483.color.png pumpkin/seq-08/color/frame-000486.color.png 0.999893 0.0116661 0.00887158 -0.00279629 -0.0116476 0.99993 -0.00213593 -0.043652 -0.00889593 0.00203235 0.999958 0.0139801 0.0 0.0 0.0 1.0
pumpkin/seq-08/color/frame-000486.color.png pumpkin/seq-08/color/frame-000489.color.png 0.999761 0.0175737 0.0129893 -0.0138956 -0.0173544 0.999708 -0.0168121 -0.0360411 -0.0132809 0.0165827 0.999774 -0.0158213 0.0 0.0 0.0 1.0
pumpkin/seq-08/color/frame-000489.color.png pumpkin/seq-08/color/frame-000492.color.png 0.999552 0.0216571 0.0206599 0.00443816 -0.021716 0.999761 0.00263241 -0.0824734 -0.0205979 -0.00307988 0.999783 -0.0150364 0.0 0.0 0.0 1.0
pumpkin/seq-08/color/frame-000492.color.png pumpkin/seq-08/color/frame-000495.color.png 0.999406 0.0231102 0.0255452 0.0112389 -0.0227592 0.999644 -0.0139483 -0.0694534 -0.0258585 0.0133586 0.999576 -0.0464831 0.0 0.0 0.0 1.0
pumpkin/seq-08/color/frame-000495.color.png pumpkin/seq-08/color/frame-000498.color.png 0.996679 0.0572993 0.0578555 0.00334787 -0.055741 0.998047 -0.0281986 -0.0848889 -0.0593583 0.02488 0.997927 -0.0636723 0.0 0.0 0.0 1.0
pumpkin/seq-08/color/frame-000498.color.png pumpkin/seq-08/color/frame-000501.color.png 0.999139 0.022757 0.0346938 0.0148805 -0.0217558 0.999344 -0.0289661 -0.0793594 -0.0353303 0.0281864 0.998978 -0.025509 0.0 0.0 0.0 1.0
pumpkin/seq-08/color/frame-000501.color.png pumpkin/seq-08/color/frame-000504.color.png 0.99859 0.0476327 0.0234509 0.0268651 -0.0469294 0.998457 -0.0296771 -0.0690125 -0.0248283 0.0285347 0.999285 -0.015744 0.0 0.0 0.0 1.0
pumpkin/seq-08/color/frame-000504.color.png pumpkin/seq-08/color/frame-000507.color.png 0.99854 0.053897 -0.00347849 0.0327554 -0.0539564 0.99834 -0.0201628 -0.0763256 0.002386 0.0203211 0.999791 0.0159951 0.0 0.0 0.0 1.0
pumpkin/seq-08/color/frame-000507.color.png pumpkin/seq-08/color/frame-000510.color.png 0.997115 0.0748192 -0.0128268 0.0460035 -0.074986 0.997099 -0.0130575 -0.0926695 0.0118126 0.0139816 0.999833 0.0171911 0.0 0.0 0.0 1.0
pumpkin/seq-08/color/frame-000510.color.png pumpkin/seq-08/color/frame-000513.color.png 0.998592 0.0518219 -0.0113394 0.0475451 -0.0520996 0.99831 -0.0257363 -0.0895321 0.00998663 0.0262909 0.999604 0.00953848 0.0 0.0 0.0 1.0
pumpkin/seq-08/color/frame-000513.color.png pumpkin/seq-08/color/frame-000516.color.png 0.999145 0.0365675 -0.0192705 0.0657197 -0.0370214 0.999032 -0.0237496 -0.0436326 0.0183835 0.0244427 0.999532 0.00342547 0.0 0.0 0.0 1.0
pumpkin/seq-08/color/frame-000516.color.png pumpkin/seq-08/color/frame-000519.color.png 0.998957 0.0361472 -0.0279058 0.0744779 -0.0363513 0.999316 -0.00684306 -0.0500945 0.0276393 0.00785026 0.999587 0.00396999 0.0 0.0 0.0 1.0
pumpkin/seq-08/color/frame-000519.color.png pumpkin/seq-08/color/frame-000522.color.png 0.998431 0.0382485 -0.0408919 0.087806 -0.0376287 0.999167 0.0158213 -0.05943 0.0414629 -0.0142577 0.999038 -0.0251681 0.0 0.0 0.0 1.0
pumpkin/seq-08/color/frame-000522.color.png pumpkin/seq-08/color/frame-000525.color.png 0.999193 0.0327925 -0.023189 0.0538375 -0.0324203 0.999342 0.0162499 -0.0474513 0.0237068 -0.0154851 0.999599 0.0076975 0.0 0.0 0.0 1.0
pumpkin/seq-08/color/frame-000525.color.png pumpkin/seq-08/color/frame-000528.color.png 0.998884 0.0203187 -0.0426351 0.0692765 -0.0197579 0.999713 0.013533 -0.0386264 0.0428979 -0.0126755 0.998999 -0.0156135 0.0 0.0 0.0 1.0
pumpkin/seq-08/color/frame-000528.color.png pumpkin/seq-08/color/frame-000531.color.png 0.999337 0.0329886 -0.0154275 0.0652568 -0.0328028 0.999388 0.0121424 -0.0247929 0.0158186 -0.0116284 0.999807 -0.0313103 0.0 0.0 0.0 1.0
pumpkin/seq-08/color/frame-000531.color.png pumpkin/seq-08/color/frame-000534.color.png 0.999796 0.0137135 -0.0148169 0.0496104 -0.0134475 0.999749 0.0179078 -0.0233214 0.0150587 -0.0177048 0.99973 -0.00799197 0.0 0.0 0.0 1.0
pumpkin/seq-08/color/frame-000534.color.png pumpkin/seq-08/color/frame-000537.color.png 0.999495 0.0134576 -0.0288001 0.0562318 -0.0128397 0.999686 0.0215318 -0.0233408 0.0290809 -0.0211511 0.999353 -0.0209513 0.0 0.0 0.0 1.0
pumpkin/seq-08/color/frame-000537.color.png pumpkin/seq-08/color/frame-000540.color.png 0.999728 0.000826967 -0.0232997 0.0581461 -0.000477274 0.999887 0.0150099 0.00417608 0.0233094 -0.0149948 0.999616 -0.00605592 0.0 0.0 0.0 1.0
pumpkin/seq-08/color/frame-000540.color.png pumpkin/seq-08/color/frame-000543.color.png 0.99981 -0.00778263 -0.0178473 0.0570502 0.00810635 0.999803 0.0181369 -0.000768006 0.0177027 -0.0182781 0.999676 0.00336756 0.0 0.0 0.0 1.0
pumpkin/seq-08/color/frame-000543.color.png pumpkin/seq-08/color/frame-000546.color.png 0.999572 -0.00522015 -0.0287945 0.0632187 0.00557738 0.999908 0.0123414 0.0207469 0.0287276 -0.0124967 0.999509 -0.00814319 0.0 0.0 0.0 1.0
pumpkin/seq-08/color/frame-000546.color.png pumpkin/seq-08/color/frame-000549.color.png 0.999981 0.000608771 0.00618095 0.046735 -0.000730964 0.999804 0.0197925 -0.00456041 -0.00616777 -0.0197966 0.999785 -0.0145257 0.0 0.0 0.0 1.0
pumpkin/seq-08/color/frame-000549.color.png pumpkin/seq-08/color/frame-000552.color.png 0.997267 -0.0286855 -0.0680822 0.0616779 0.0292014 0.999552 0.00659471 0.0300012 0.0678625 -0.00856479 0.997658 -3.68506e-05 0.0 0.0 0.0 1.0
pumpkin/seq-08/color/frame-000552.color.png pumpkin/seq-08/color/frame-000555.color.png 0.999987 -0.00184269 -0.00485434 0.0496292 0.00191648 0.999882 0.0152413 0.0291036 0.00482571 -0.0152505 0.999872 -0.004425 0.0 0.0 0.0 1.0
pumpkin/seq-08/color/frame-000555.color.png pumpkin/seq-08/color/frame-000558.color.png 0.996886 -0.0252442 -0.0747114 0.0640441 0.0256956 0.999657 0.0050862 0.0197592 0.0745575 -0.00699013 0.997192 0.00841907 0.0 0.0 0.0 1.0
pumpkin/seq-08/color/frame-000558.color.png pumpkin/seq-08/color/frame-000561.color.png 0.999491 -0.000976967 -0.0318993 0.0222992 0.000897253 0.999996 -0.00251276 0.0305912 0.0319015 0.00248289 0.999488 0.0144262 0.0 0.0 0.0 1.0
pumpkin/seq-08/color/frame-000561.color.png pumpkin/seq-08/color/frame-000564.color.png 0.999119 -0.0210152 -0.0363147 0.0189072 0.0209247 0.999777 -0.00286861 0.00375295 0.0363669 0.00210625 0.999336 0.0015161 0.0 0.0 0.0 1.0
pumpkin/seq-08/color/frame-000564.color.png pumpkin/seq-08/color/frame-000567.color.png 0.999683 -0.00374726 -0.0248888 0.0167515 0.00371806 0.999992 -0.00121873 0.0316821 0.0248932 0.00112576 0.99969 0.0023941 0.0 0.0 0.0 1.0
pumpkin/seq-08/color/frame-000567.color.png pumpkin/seq-08/color/frame-000570.color.png 0.999638 0.00888805 -0.025384 0.0601857 -0.008106 0.999494 0.0307467 -0.00598294 0.0256444 -0.0305298 0.999205 -0.0234119 0.0 0.0 0.0 1.0
pumpkin/seq-08/color/frame-000570.color.png pumpkin/seq-08/color/frame-000573.color.png 0.999789 -0.00638014 -0.019542 0.00964664 0.00628101 0.999967 -0.00512821 0.0417398 0.0195742 0.00500434 0.999796 0.00349045 0.0 0.0 0.0 1.0
pumpkin/seq-08/color/frame-000573.color.png pumpkin/seq-08/color/frame-000576.color.png 0.999963 0.00164126 -0.00847314 0.0388129 -0.00157289 0.999966 0.00806789 0.0269276 0.00848609 -0.00805421 0.999931 -0.00609967 0.0 0.0 0.0 1.0
pumpkin/seq-08/color/frame-000576.color.png pumpkin/seq-08/color/frame-000579.color.png 0.999745 -0.00153525 -0.022527 0.0308329 0.00171137 0.999968 0.0078007 0.0170158 0.0225143 -0.00783725 0.999716 -0.0131553 0.0 0.0 0.0 1.0
pumpkin/seq-08/color/frame-000579.color.png pumpkin/seq-08/color/frame-000582.color.png 0.999928 0.0043714 -0.0111651 0.0334773 -0.00405291 0.999589 0.0283911 0.0180288 0.0112847 -0.0283438 0.999535 -0.0253306 0.0 0.0 0.0 1.0
pumpkin/seq-08/color/frame-000582.color.png pumpkin/seq-08/color/frame-000585.color.png 0.999466 -0.00699325 -0.0319144 0.0317518 0.00784484 0.999614 0.0266372 -0.00178701 0.0317158 -0.0268733 0.999136 -0.0233909 0.0 0.0 0.0 1.0
pumpkin/seq-08/color/frame-000585.color.png pumpkin/seq-08/color/frame-000588.color.png 0.999618 0.00922408 -0.0260394 0.0257912 -0.0087112 0.999767 0.0197416 0.0367422 0.0262155 -0.0195072 0.999466 -0.0197558 0.0 0.0 0.0 1.0
pumpkin/seq-08/color/frame-000588.color.png pumpkin/seq-08/color/frame-000591.color.png 0.99923 -0.0127971 -0.0370868 0.0149404 0.013601 0.999676 0.0215066 0.00284857 0.0367995 -0.0219944 0.999081 -0.0267245 0.0 0.0 0.0 1.0
pumpkin/seq-08/color/frame-000591.color.png pumpkin/seq-08/color/frame-000594.color.png 0.999855 0.0102551 -0.0136126 0.0281618 -0.010206 0.999941 0.00366986 0.072085 0.0136495 -0.00353039 0.999901 0.0072116 0.0 0.0 0.0 1.0
pumpkin/seq-08/color/frame-000594.color.png pumpkin/seq-08/color/frame-000597.color.png 0.999888 0.00120616 -0.0149343 0.0225898 -0.000857112 0.999727 0.0233561 0.0105061 0.0149585 -0.0233407 0.999616 -0.0102126 0.0 0.0 0.0 1.0
pumpkin/seq-08/color/frame-000597.color.png pumpkin/seq-08/color/frame-000600.color.png 0.999977 -0.00424247 -0.00536251 0.00262302 0.00423543 0.99999 -0.00132338 0.0435721 0.00536806 0.00130064 0.999985 0.00986622 0.0 0.0 0.0 1.0
pumpkin/seq-08/color/frame-000600.color.png pumpkin/seq-08/color/frame-000603.color.png 0.999925 -0.0121793 -0.00116851 0.0269387 0.0121804 0.999925 0.000895808 0.0183955 0.00115754 -0.000909974 0.999999 0.00635003 0.0 0.0 0.0 1.0
pumpkin/seq-08/color/frame-000603.color.png pumpkin/seq-08/color/frame-000606.color.png 0.999969 0.0008678 0.00786166 0.0266418 -0.0007863 0.999946 -0.0103641 0.0338612 -0.00787026 0.0103576 0.999915 0.0152009 0.0 0.0 0.0 1.0
pumpkin/seq-08/color/frame-000606.color.png pumpkin/seq-08/color/frame-000609.color.png 0.99954 -0.00372912 0.030108 0.00148019 0.00341635 0.99994 0.010433 0.0137756 -0.0301451 -0.0103254 0.999492 0.00611308 0.0 0.0 0.0 1.0
pumpkin/seq-08/color/frame-000609.color.png pumpkin/seq-08/color/frame-000612.color.png 0.999978 -0.00657167 -0.000861822 0.0323515 0.00658302 0.999882 0.0138938 0.0236998 0.000770422 -0.0138992 0.999903 0.00661431 0.0 0.0 0.0 1.0
pumpkin/seq-08/color/frame-000612.color.png pumpkin/seq-08/color/frame-000615.color.png 0.999959 -0.00597808 0.00674808 0.0221239 0.00578967 0.999602 0.027603 0.00773072 -0.00691042 -0.0275628 0.999596 0.00436011 0.0 0.0 0.0 1.0
pumpkin/seq-08/color/frame-000615.color.png pumpkin/seq-08/color/frame-000618.color.png 0.99941 -0.0341981 -0.00326588 0.00870329 0.0342137 0.999403 0.00484531 0.0221285 0.00309825 -0.00495419 0.999983 0.00868882 0.0 0.0 0.0 1.0
pumpkin/seq-08/color/frame-000618.color.png pumpkin/seq-08/color/frame-000621.color.png 0.999974 -0.00465761 0.00554718 0.0212183 0.00460343 0.999942 0.00973984 0.0198541 -0.00559222 -0.00971404 0.999937 0.0103756 0.0 0.0 0.0 1.0
pumpkin/seq-08/color/frame-000621.color.png pumpkin/seq-08/color/frame-000624.color.png 0.999554 -0.0278951 -0.0106654 0.0143039 0.0279938 0.999565 0.00921878 0.00222105 0.0104036 -0.00951323 0.999901 -0.00117777 0.0 0.0 0.0 1.0
pumpkin/seq-08/color/frame-000624.color.png pumpkin/seq-08/color/frame-000627.color.png 1.0 3.47657e-05 -0.000916414 0.0294788 -2.90302e-05 0.99998 0.00628774 0.0446027 0.000916654 -0.00628771 0.99998 0.00997636 0.0 0.0 0.0 1.0
pumpkin/seq-08/color/frame-000627.color.png pumpkin/seq-08/color/frame-000630.color.png 0.9996 -0.0280917 -0.00313255 0.0102193 0.02812 0.999561 0.00937897 -0.0160596 0.00286768 -0.00946332 0.999951 0.00182642 0.0 0.0 0.0 1.0
pumpkin/seq-08/color/frame-000630.color.png pumpkin/seq-08/color/frame-000633.color.png 0.999794 -0.00699316 -0.0190387 0.0258716 0.00708212 0.999964 0.00460852 0.0113555 0.0190057 -0.0047424 0.999808 -0.00368051 0.0 0.0 0.0 1.0
pumpkin/seq-08/color/frame-000633.color.png pumpkin/seq-08/color/frame-000636.color.png 0.999372 0.00344656 -0.0352591 0.0205114 -0.00335789 0.999991 0.00257368 0.0148696 0.0352677 -0.0024537 0.999375 -0.0164453 0.0 0.0 0.0 1.0
pumpkin/seq-08/color/frame-000636.color.png pumpkin/seq-08/color/frame-000639.color.png 0.998853 0.00780053 -0.0472401 0.0342696 -0.00735637 0.999927 0.00956842 0.0268438 0.0473113 -0.00920993 0.998838 -0.0271649 0.0 0.0 0.0 1.0
pumpkin/seq-08/color/frame-000639.color.png pumpkin/seq-08/color/frame-000642.color.png 0.998596 0.00419255 -0.0528076 0.0326009 -0.00420479 0.999991 -0.000120138 0.0216972 0.0528067 0.000342007 0.998605 -0.0317932 0.0 0.0 0.0 1.0
pumpkin/seq-08/color/frame-000642.color.png pumpkin/seq-08/color/frame-000645.color.png 0.998846 0.00815778 -0.0473386 0.0353929 -0.00756787 0.999892 0.0126267 0.0184088 0.0474365 -0.0122538 0.998799 -0.0276148 0.0 0.0 0.0 1.0
pumpkin/seq-08/color/frame-000645.color.png pumpkin/seq-08/color/frame-000648.color.png 0.999055 -0.00215986 -0.0434174 0.0286216 0.00273975 0.999908 0.0133014 0.00411646 0.0433847 -0.0134078 0.998968 -0.0342895 0.0 0.0 0.0 1.0
pumpkin/seq-08/color/frame-000648.color.png pumpkin/seq-08/color/frame-000651.color.png 0.999218 0.00420071 -0.0393141 0.0378222 -0.00419822 0.999991 0.000145937 0.0223493 0.0393144 1.9251e-05 0.999227 -0.0217646 0.0 0.0 0.0 1.0
pumpkin/seq-08/color/frame-000651.color.png pumpkin/seq-08/color/frame-000654.color.png 0.999442 0.00335268 -0.0332258 0.0356873 -0.00351064 0.999983 -0.00469703 0.0275817 0.0332094 0.00481103 0.999437 -0.0244699 0.0 0.0 0.0 1.0
pumpkin/seq-08/color/frame-000654.color.png pumpkin/seq-08/color/frame-000657.color.png 0.999815 0.0120022 -0.0150181 0.0125391 -0.0117035 0.999735 0.0198244 0.0125903 0.0152521 -0.019645 0.999691 -0.0242091 0.0 0.0 0.0 1.0
pumpkin/seq-08/color/frame-000657.color.png pumpkin/seq-08/color/frame-000660.color.png 0.999626 0.00743557 -0.0263164 0.0347105 -0.00731263 0.999962 0.00476441 0.0341403 0.0263508 -0.00457013 0.999642 -0.0220382 0.0 0.0 0.0 1.0
pumpkin/seq-08/color/frame-000660.color.png pumpkin/seq-08/color/frame-000663.color.png 0.999938 0.00314847 -0.0106789 0.0303693 -0.00300756 0.999909 0.013187 0.0137119 0.0107195 -0.0131541 0.999856 -0.0118256 0.0 0.0 0.0 1.0
pumpkin/seq-08/color/frame-000663.color.png pumpkin/seq-08/color/frame-000666.color.png 0.99992 0.0123331 -0.00279928 0.0333425 -0.0123017 0.999864 0.0109769 0.0228924 0.00293428 -0.0109416 0.999936 0.00136123 0.0 0.0 0.0 1.0
pumpkin/seq-08/color/frame-000666.color.png pumpkin/seq-08/color/frame-000669.color.png 0.999958 0.00674973 -0.00624109 0.0313199 -0.00670253 0.999949 0.00755317 0.0157657 0.00629176 -0.00751103 0.999952 -0.012212 0.0 0.0 0.0 1.0
pumpkin/seq-08/color/frame-000669.color.png pumpkin/seq-08/color/frame-000672.color.png 0.999707 0.0241951 0.000332132 0.0233308 -0.0241973 0.999652 0.0105165 0.0386503 -7.76007e-05 -0.0105214 0.999945 -0.0017812 0.0 0.0 0.0 1.0
pumpkin/seq-08/color/frame-000672.color.png pumpkin/seq-08/color/frame-000675.color.png 0.999768 0.021469 0.00187971 0.0216795 -0.0214933 0.999671 0.0139807 0.0200858 -0.00157893 -0.0140178 0.9999 0.00134452 0.0 0.0 0.0 1.0
pumpkin/seq-08/color/frame-000675.color.png pumpkin/seq-08/color/frame-000678.color.png 0.999781 0.0205768 0.00372199 0.0194392 -0.0206187 0.99972 0.0115935 0.00385448 -0.00348237 -0.0116677 0.999926 -0.00180364 0.0 0.0 0.0 1.0
pumpkin/seq-08/color/frame-000678.color.png pumpkin/seq-08/color/frame-000681.color.png 0.999542 0.0301 -0.00327251 0.0259814 -0.0300846 0.999537 0.00464889 0.0158819 0.0034109 -0.00454834 0.999984 -0.00276771 0.0 0.0 0.0 1.0
pumpkin/seq-08/color/frame-000681.color.png pumpkin/seq-08/color/frame-000684.color.png 0.999659 0.0260973 -0.000389787 0.0220516 -0.0260981 0.999657 -0.0020162 0.00311761 0.000337041 0.0020257 0.999998 -0.00242889 0.0 0.0 0.0 1.0
pumpkin/seq-08/color/frame-000684.color.png pumpkin/seq-08/color/frame-000687.color.png 0.999754 0.0221576 -0.000867856 0.0337254 -0.0221597 0.999751 -0.00261283 -0.00549504 0.000809722 0.00263144 0.999996 -0.0047106 0.0 0.0 0.0 1.0
pumpkin/seq-08/color/frame-000687.color.png pumpkin/seq-08/color/frame-000690.color.png 0.999232 0.0329495 0.0212211 0.0193481 -0.0327187 0.999403 -0.0111335 0.0128221 -0.0215752 0.0104306 0.999713 0.0188528 0.0 0.0 0.0 1.0
pumpkin/seq-08/color/frame-000690.color.png pumpkin/seq-08/color/frame-000693.color.png 0.999612 0.0204661 0.0189038 0.0181888 -0.0201343 0.999643 -0.0175803 0.00826415 -0.0192569 0.0171928 0.999667 0.0154738 0.0 0.0 0.0 1.0
pumpkin/seq-08/color/frame-000693.color.png pumpkin/seq-08/color/frame-000696.color.png 0.999485 0.0209209 0.0243264 0.0130804 -0.0204236 0.999581 -0.020513 -0.0123965 -0.0247453 0.0200056 0.999494 0.0155039 0.0 0.0 0.0 1.0
pumpkin/seq-08/color/frame-000696.color.png pumpkin/seq-08/color/frame-000699.color.png 0.99967 0.0209851 0.0148494 0.0105886 -0.0207023 0.999606 -0.0189457 -0.0171096 -0.0152412 0.018632 0.99971 0.0038961 0.0 0.0 0.0 1.0
pumpkin/seq-08/color/frame-000699.color.png pumpkin/seq-08/color/frame-000702.color.png 0.999723 0.017897 0.015311 0.00742269 -0.0173228 0.999171 -0.0368456 0.00783806 -0.0159577 0.0365702 0.999204 0.00594386 0.0 0.0 0.0 1.0
pumpkin/seq-08/color/frame-000702.color.png pumpkin/seq-08/color/frame-000705.color.png 0.999575 0.0256776 0.0138119 -0.000108123 -0.0256722 0.99967 -0.000567999 -0.0168692 -0.013822 0.000213195 0.999905 -0.000908107 0.0 0.0 0.0 1.0
pumpkin/seq-08/color/frame-000705.color.png pumpkin/seq-08/color/frame-000708.color.png 0.999706 0.0237444 0.00496884 0.00219166 -0.0236933 0.999668 -0.0100849 0.000577062 -0.00520664 0.00996417 0.999937 -0.00117202 0.0 0.0 0.0 1.0
pumpkin/seq-08/color/frame-000708.color.png pumpkin/seq-08/color/frame-000711.color.png 0.999544 0.0297852 0.00497031 -0.00248623 -0.029718 0.999473 -0.0130872 0.00231659 -0.00535749 0.0129335 0.999902 -0.00239678 0.0 0.0 0.0 1.0
pumpkin/seq-08/color/frame-000711.color.png pumpkin/seq-08/color/frame-000714.color.png 0.999671 0.0255199 0.00249146 -0.00186741 -0.0254504 0.999368 -0.0248156 0.00354362 -0.00312319 0.024744 0.999689 -0.00849494 0.0 0.0 0.0 1.0
pumpkin/seq-08/color/frame-000714.color.png pumpkin/seq-08/color/frame-000717.color.png 0.999805 0.0193492 -0.00393783 0.00409079 -0.0194344 0.999549 -0.022886 -0.00172991 0.00349322 0.022958 0.99973 -0.00927517 0.0 0.0 0.0 1.0
pumpkin/seq-08/color/frame-000717.color.png pumpkin/seq-08/color/frame-000720.color.png 0.99973 0.0222915 0.00662076 -0.00735462 -0.0222236 0.999701 -0.0101573 -0.0124203 -0.00684519 0.0100074 0.999927 -0.00662637 0.0 0.0 0.0 1.0
pumpkin/seq-08/color/frame-000720.color.png pumpkin/seq-08/color/frame-000723.color.png 0.999709 0.0225617 0.00858336 -0.00995755 -0.0224096 0.999597 -0.017419 -0.0114879 -0.0089729 0.0172216 0.999812 -0.00243387 0.0 0.0 0.0 1.0
pumpkin/seq-08/color/frame-000723.color.png pumpkin/seq-08/color/frame-000726.color.png 0.999716 0.0238378 0.000194093 0.00324953 -0.0238253 0.999399 -0.0251653 -0.000197858 -0.000793862 0.0251535 0.999683 0.000801653 0.0 0.0 0.0 1.0
pumpkin/seq-08/color/frame-000726.color.png pumpkin/seq-08/color/frame-000729.color.png 0.999664 0.0259279 0.000372799 -0.0165651 -0.0259158 0.999473 -0.0195559 -0.024222 -0.000879648 0.0195397 0.999809 -0.0128142 0.0 0.0 0.0 1.0
pumpkin/seq-08/color/frame-000729.color.png pumpkin/seq-08/color/frame-000732.color.png 0.999517 0.0308925 0.00329435 -0.00245082 -0.0307789 0.999068 -0.0302466 0.00178406 -0.00422567 0.0301306 0.999537 0.000538081 0.0 0.0 0.0 1.0
pumpkin/seq-08/color/frame-000732.color.png pumpkin/seq-08/color/frame-000735.color.png 0.99939 0.0346374 0.00443129 -0.00880682 -0.0345047 0.999035 -0.0271631 -0.0070886 -0.00536787 0.0269937 0.999621 0.000872076 0.0 0.0 0.0 1.0
pumpkin/seq-08/color/frame-000735.color.png pumpkin/seq-08/color/frame-000738.color.png 0.999289 0.0344639 -0.0152816 -0.0233296 -0.0349919 0.998748 -0.0357401 -0.0308494 0.0140307 0.0362494 0.999244 -0.0130034 0.0 0.0 0.0 1.0
pumpkin/seq-08/color/frame-000738.color.png pumpkin/seq-08/color/frame-000741.color.png 0.999452 0.0272171 -0.0188662 -0.0292639 -0.0274952 0.999515 -0.0146486 -0.049624 0.0184583 0.0151592 0.999715 -0.0231247 0.0 0.0 0.0 1.0
pumpkin/seq-08/color/frame-000741.color.png pumpkin/seq-08/color/frame-000744.color.png 0.99795 0.0280574 -0.0575209 -0.0282893 -0.0307251 0.998467 -0.0460312 0.00367123 0.0561413 0.0477042 0.997283 -0.026324 0.0 0.0 0.0 1.0
pumpkin/seq-08/color/frame-000744.color.png pumpkin/seq-08/color/frame-000747.color.png 0.99771 0.0187378 -0.0649947 -0.0337433 -0.0203058 0.999516 -0.0235481 -0.00621766 0.0645221 0.0248139 0.997608 -0.0477099 0.0 0.0 0.0 1.0
pumpkin/seq-08/color/frame-000747.color.png pumpkin/seq-08/color/frame-000750.color.png 0.999141 0.00881838 -0.0405021 -0.0269816 -0.00909457 0.999937 -0.00664033 -0.0111594 0.0404409 0.00700298 0.999157 -0.0198238 0.0 0.0 0.0 1.0
pumpkin/seq-08/color/frame-000750.color.png pumpkin/seq-08/color/frame-000753.color.png 0.998939 0.00475665 -0.0458085 -0.0470272 -0.00540236 0.999888 -0.0139799 0.0248607 0.0457369 0.0142125 0.998852 -0.050455 0.0 0.0 0.0 1.0
pumpkin/seq-08/color/frame-000753.color.png pumpkin/seq-08/color/frame-000756.color.png 0.998808 -0.0044812 -0.0486105 -0.0542393 0.00492367 0.999948 0.00898347 -0.0268379 0.0485676 -0.00921211 0.998778 -0.036403 0.0 0.0 0.0 1.0
pumpkin/seq-08/color/frame-000756.color.png pumpkin/seq-08/color/frame-000759.color.png 0.998041 0.00841945 -0.0619973 -0.0379888 -0.0086224 0.999958 -0.00300683 0.00880009 0.0619694 0.00353558 0.998072 -0.0483972 0.0 0.0 0.0 1.0
pumpkin/seq-08/color/frame-000759.color.png pumpkin/seq-08/color/frame-000762.color.png 0.999311 0.000812306 -0.0371066 -0.035451 -0.000588286 0.999982 0.00604909 0.00677836 0.0371109 -0.00602312 0.999293 -0.0213404 0.0 0.0 0.0 1.0
pumpkin/seq-08/color/frame-000762.color.png pumpkin/seq-08/color/frame-000765.color.png 0.999105 -0.0151245 -0.0395111 -0.0434902 0.0154068 0.999858 0.00685123 -0.0145125 0.0394018 -0.00745386 0.999196 -0.0221061 0.0 0.0 0.0 1.0
pumpkin/seq-08/color/frame-000765.color.png pumpkin/seq-08/color/frame-000768.color.png 0.998923 -0.0457713 -0.00762204 -0.0471177 0.0458367 0.998912 0.00863297 -0.0177259 0.00721863 -0.00897302 0.999934 0.00837901 0.0 0.0 0.0 1.0
pumpkin/seq-08/color/frame-000768.color.png pumpkin/seq-08/color/frame-000771.color.png 0.998841 -0.0442269 0.018978 -0.063527 0.04398 0.998945 0.0132273 -0.0259005 -0.019543 -0.0123773 0.999732 0.0156441 0.0 0.0 0.0 1.0
pumpkin/seq-08/color/frame-000771.color.png pumpkin/seq-08/color/frame-000774.color.png 0.997137 -0.0670583 0.0349486 -0.0664402 0.0665082 0.997647 0.0166758 -0.0324901 -0.0359847 -0.0143036 0.99925 0.0395301 0.0 0.0 0.0 1.0
pumpkin/seq-08/color/frame-000774.color.png pumpkin/seq-08/color/frame-000777.color.png 0.997794 -0.0561671 0.035385 -0.0740653 0.0555752 0.998301 0.0174968 -0.0231987 -0.0363076 -0.0154917 0.99922 0.0178065 0.0 0.0 0.0 1.0
pumpkin/seq-08/color/frame-000777.color.png pumpkin/seq-08/color/frame-000780.color.png 0.997429 -0.0713926 0.00616841 -0.0966469 0.0711591 0.996946 0.0321676 -0.0380912 -0.00844604 -0.031646 0.999463 0.00148547 0.0 0.0 0.0 1.0
pumpkin/seq-08/color/frame-000780.color.png pumpkin/seq-08/color/frame-000783.color.png 0.997818 -0.0638053 0.0169549 -0.0988881 0.0632512 0.997503 0.0314218 -0.0136316 -0.0189174 -0.0302808 0.999362 -0.00155497 0.0 0.0 0.0 1.0
pumpkin/seq-08/color/frame-000783.color.png pumpkin/seq-08/color/frame-000786.color.png 0.998247 -0.0586219 0.00819174 -0.0899615 0.0584312 0.998052 0.021847 0.00581557 -0.00945641 -0.0213301 0.999728 -0.000249267 0.0 0.0 0.0 1.0
pumpkin/seq-08/color/frame-000786.color.png pumpkin/seq-08/color/frame-000789.color.png 0.999351 -0.0342969 0.0110344 -0.0413092 0.0341328 0.999309 0.014735 -0.0014506 -0.0115321 -0.0143489 0.999831 0.00765806 0.0 0.0 0.0 1.0
pumpkin/seq-08/color/frame-000789.color.png pumpkin/seq-08/color/frame-000792.color.png 0.999381 -0.0303875 0.0177304 -0.0540603 0.0302925 0.999525 0.00560088 -0.00100356 -0.0178922 -0.00506034 0.999827 0.0143352 0.0 0.0 0.0 1.0
pumpkin/seq-08/color/frame-000792.color.png pumpkin/seq-08/color/frame-000795.color.png 0.99848 -0.0550997 -0.00141759 -0.06663 0.0551157 0.998342 0.0166327 -0.0147652 0.000498753 -0.0166855 0.999861 -0.00408736 0.0 0.0 0.0 1.0
pumpkin/seq-08/color/frame-000795.color.png pumpkin/seq-08/color/frame-000798.color.png 0.999182 -0.0402081 0.0042401 -0.0443841 0.0400605 0.998731 0.0305089 -0.000562131 -0.00546139 -0.0303141 0.999526 -0.00210959 0.0 0.0 0.0 1.0
pumpkin/seq-08/color/frame-000798.color.png pumpkin/seq-08/color/frame-000801.color.png 0.999152 -0.0396113 0.0112809 -0.0394396 0.0393518 0.998975 0.0223677 -0.00775898 -0.0121554 -0.0219048 0.999686 0.00322615 0.0 0.0 0.0 1.0
pumpkin/seq-08/color/frame-000801.color.png pumpkin/seq-08/color/frame-000804.color.png 0.99759 -0.0693678 -0.00146955 -0.0541131 0.0693644 0.997589 -0.00226857 0.00517803 0.00162336 0.00216117 0.999996 0.012352 0.0 0.0 0.0 1.0
pumpkin/seq-08/color/frame-000804.color.png pumpkin/seq-08/color/frame-000807.color.png 0.997433 -0.0663281 -0.0269707 -0.0468651 0.0664749 0.997778 0.00458316 -0.00227442 0.0266069 -0.00636425 0.999626 0.00955115 0.0 0.0 0.0 1.0
pumpkin/seq-08/color/frame-000807.color.png pumpkin/seq-08/color/frame-000810.color.png 0.998996 -0.0444379 0.0057092 -0.0537862 0.0443824 0.99897 0.00949557 0.0105052 -0.00612531 -0.00923265 0.999939 0.0213732 0.0 0.0 0.0 1.0
pumpkin/seq-08/color/frame-000810.color.png pumpkin/seq-08/color/frame-000813.color.png 0.998688 -0.0489815 0.0149438 -0.0467791 0.0491877 0.998695 -0.0137525 0.034994 -0.0142506 0.0144695 0.999794 0.0420056 0.0 0.0 0.0 1.0
pumpkin/seq-08/color/frame-000813.color.png pumpkin/seq-08/color/frame-000816.color.png 0.996927 -0.0460037 0.0634027 -0.0620301 0.0453379 0.998901 0.0119 0.036481 -0.0638805 -0.00898884 0.997917 0.0312103 0.0 0.0 0.0 1.0
pumpkin/seq-08/color/frame-000816.color.png pumpkin/seq-08/color/frame-000819.color.png 0.999374 -0.0340503 0.00961697 -0.0156235 0.0338289 0.999178 0.0223184 0.0203712 -0.010369 -0.0219791 0.999705 0.0212331 0.0 0.0 0.0 1.0
pumpkin/seq-08/color/frame-000819.color.png pumpkin/seq-08/color/frame-000822.color.png 0.999835 -0.00420422 0.0176928 -0.0384661 0.00353016 0.999273 0.0379569 0.00737908 -0.0178395 -0.0378882 0.999123 0.00343968 0.0 0.0 0.0 1.0
pumpkin/seq-08/color/frame-000822.color.png pumpkin/seq-08/color/frame-000825.color.png 0.999639 -0.018231 0.0197468 -0.0402836 0.0180793 0.999806 0.00783198 0.0408522 -0.0198857 -0.00747215 0.999774 0.0186137 0.0 0.0 0.0 1.0
pumpkin/seq-08/color/frame-000825.color.png pumpkin/seq-08/color/frame-000828.color.png 0.998896 -0.00516668 0.046693 -0.0509618 0.00413538 0.999746 0.0221593 0.00108767 -0.0467956 -0.0219417 0.998664 -0.0104732 0.0 0.0 0.0 1.0
pumpkin/seq-08/color/frame-000828.color.png pumpkin/seq-08/color/frame-000831.color.png 0.999854 -0.014124 0.00960458 -0.0550636 0.0139014 0.999642 0.0228523 0.00462401 -0.00992392 -0.0227154 0.999693 -0.000219665 0.0 0.0 0.0 1.0
pumpkin/seq-08/color/frame-000831.color.png pumpkin/seq-08/color/frame-000834.color.png 0.999863 -0.00508402 0.0157394 -0.0678994 0.00506921 0.999987 0.000978768 0.0286379 -0.0157442 -0.000898851 0.999876 0.00813596 0.0 0.0 0.0 1.0
pumpkin/seq-08/color/frame-000834.color.png pumpkin/seq-08/color/frame-000837.color.png 0.999821 0.00123288 0.01888 -0.0467612 -0.00144263 0.999937 0.0111024 0.0161588 -0.0188652 -0.0111276 0.99976 -0.00236031 0.0 0.0 0.0 1.0
pumpkin/seq-08/color/frame-000837.color.png pumpkin/seq-08/color/frame-000840.color.png 0.999771 -0.00115746 0.0213592 -0.0509708 0.00109557 0.999995 0.00290954 0.0274449 -0.0213624 -0.00288547 0.999768 0.00445678 0.0 0.0 0.0 1.0
pumpkin/seq-08/color/frame-000840.color.png pumpkin/seq-08/color/frame-000843.color.png 0.99964 -0.00618829 0.0261159 -0.0516731 0.00618472 0.999981 0.000218183 0.0270152 -0.0261168 -5.66065e-05 0.999659 0.00507419 0.0 0.0 0.0 1.0
pumpkin/seq-08/color/frame-000843.color.png pumpkin/seq-08/color/frame-000846.color.png 0.999314 -0.0198653 0.0312691 -0.0321185 0.0193981 0.999697 0.0151733 0.0539847 -0.0315611 -0.0145563 0.999396 -0.00359263 0.0 0.0 0.0 1.0
pumpkin/seq-08/color/frame-000846.color.png pumpkin/seq-08/color/frame-000849.color.png 0.999113 -0.0238766 0.0346849 -0.0561696 0.0230507 0.999446 0.0240199 0.0425105 -0.0352392 -0.023199 0.99911 -0.0134147 0.0 0.0 0.0 1.0
pumpkin/seq-08/color/frame-000849.color.png pumpkin/seq-08/color/frame-000852.color.png 0.999654 -0.0123476 0.0232161 -0.0363194 0.0122268 0.999911 0.00533464 0.0323156 -0.0232799 -0.00504893 0.999716 -0.0070164 0.0 0.0 0.0 1.0
pumpkin/seq-08/color/frame-000852.color.png pumpkin/seq-08/color/frame-000855.color.png 0.999945 -0.00439909 0.00951696 -0.0296673 0.00415412 0.999663 0.0256167 0.0124076 -0.0096265 -0.0255758 0.999627 -0.0045661 0.0 0.0 0.0 1.0
pumpkin/seq-08/color/frame-000855.color.png pumpkin/seq-08/color/frame-000858.color.png 0.999965 0.00536584 0.00644688 -0.0239517 -0.00550348 0.999753 0.0215131 0.0334398 -0.00632981 -0.0215478 0.999748 -0.0122703 0.0 0.0 0.0 1.0
pumpkin/seq-08/color/frame-000858.color.png pumpkin/seq-08/color/frame-000861.color.png 0.999822 -0.0119259 0.0146017 -0.045831 0.0114369 0.999386 0.0331254 0.0279578 -0.0149878 -0.0329525 0.999344 -0.0120355 0.0 0.0 0.0 1.0
pumpkin/seq-08/color/frame-000861.color.png pumpkin/seq-08/color/frame-000864.color.png 0.999945 -0.00348884 0.00985271 -0.0204276 0.00315094 0.999413 0.0341065 0.00311501 -0.00996593 -0.0340736 0.99937 -0.00752436 0.0 0.0 0.0 1.0
pumpkin/seq-08/color/frame-000864.color.png pumpkin/seq-08/color/frame-000867.color.png 0.999798 -0.00803072 0.0183977 -0.0519063 0.00779683 0.999888 0.0127474 0.0325136 -0.018498 -0.0126014 0.999749 -0.0164517 0.0 0.0 0.0 1.0
pumpkin/seq-08/color/frame-000867.color.png pumpkin/seq-08/color/frame-000870.color.png 0.999981 -0.00615354 -0.00113058 -0.0279371 0.00617828 0.999711 0.0232468 0.0121419 0.000987138 -0.0232532 0.999729 -0.0018141 0.0 0.0 0.0 1.0
pumpkin/seq-08/color/frame-000870.color.png pumpkin/seq-08/color/frame-000873.color.png 0.999672 0.0256015 0.000279646 -0.0466414 -0.0255958 0.999074 0.0345916 0.00467718 0.000606232 -0.0345875 0.999402 0.00171598 0.0 0.0 0.0 1.0
pumpkin/seq-08/color/frame-000873.color.png pumpkin/seq-08/color/frame-000876.color.png 0.999469 0.0325758 -0.000571649 -0.0507558 -0.0325228 0.99858 0.0421858 -0.0391427 0.00194508 -0.0421448 0.99911 0.00386126 0.0 0.0 0.0 1.0
pumpkin/seq-08/color/frame-000876.color.png pumpkin/seq-08/color/frame-000879.color.png 0.999814 0.019245 -0.000981055 -0.0302651 -0.0192324 0.999747 0.0116453 -0.00326724 0.00120498 -0.0116243 0.999932 0.000860721 0.0 0.0 0.0 1.0
pumpkin/seq-08/color/frame-000879.color.png pumpkin/seq-08/color/frame-000882.color.png 0.999803 0.0192767 0.00465134 -0.0273598 -0.0193779 0.999552 0.0227952 -0.015676 -0.00420997 -0.0228808 0.999729 -0.00019471 0.0 0.0 0.0 1.0
pumpkin/seq-08/color/frame-000882.color.png pumpkin/seq-08/color/frame-000885.color.png 0.999575 0.00910455 0.0276998 -0.0493983 -0.00955809 0.999822 0.016285 -0.0105897 -0.0275466 -0.0165429 0.999484 -0.0190037 0.0 0.0 0.0 1.0
pumpkin/seq-08/color/frame-000885.color.png pumpkin/seq-08/color/frame-000888.color.png 0.999676 -0.00739353 0.0243726 -0.0375917 0.00715918 0.999927 0.00968681 0.000283225 -0.0244424 -0.00950915 0.999656 -0.0148375 0.0 0.0 0.0 1.0
pumpkin/seq-08/color/frame-000888.color.png pumpkin/seq-08/color/frame-000891.color.png 0.999742 -0.0141423 0.0177971 -0.0393091 0.0139921 0.999866 0.00853891 0.0132624 -0.0179156 -0.0082877 0.999805 -0.0144481 0.0 0.0 0.0 1.0
pumpkin/seq-08/color/frame-000891.color.png pumpkin/seq-08/color/frame-000894.color.png 0.999762 -0.00816268 0.020234 -0.016027 0.00767599 0.999682 0.0240153 0.0029359 -0.0204235 -0.0238543 0.999507 -0.0343581 0.0 0.0 0.0 1.0
pumpkin/seq-08/color/frame-000894.color.png pumpkin/seq-08/color/frame-000897.color.png 0.999523 -0.0199951 0.0235173 -0.0269196 0.0196189 0.999678 0.0161201 -0.00225084 -0.0238321 -0.0156511 0.999593 -0.0321579 0.0 0.0 0.0 1.0
pumpkin/seq-08/color/frame-000897.color.png pumpkin/seq-08/color/frame-000900.color.png 0.999055 0.0194626 0.0388516 -0.0336282 -0.0202698 0.999584 0.0204914 -0.0300446 -0.0384366 -0.0212596 0.999035 -0.0435369 0.0 0.0 0.0 1.0
pumpkin/seq-08/color/frame-000900.color.png pumpkin/seq-08/color/frame-000903.color.png 0.999698 -0.0114344 0.0217471 -0.0177841 0.0112968 0.999915 0.00643682 -0.00488614 -0.0218188 -0.00618917 0.999743 -0.031586 0.0 0.0 0.0 1.0
pumpkin/seq-08/color/frame-000903.color.png pumpkin/seq-08/color/frame-000906.color.png 0.998978 0.00413194 0.0450113 -0.0247566 -0.0045596 0.999945 0.00940316 -0.0268595 -0.0449701 -0.00959882 0.998942 -0.0578115 0.0 0.0 0.0 1.0
pumpkin/seq-08/color/frame-000906.color.png pumpkin/seq-08/color/frame-000909.color.png 0.999263 0.0159312 0.0349128 -0.00709069 -0.0156949 0.999852 -0.00703284 -0.0330856 -0.0350196 0.00647968 0.999366 -0.0484033 0.0 0.0 0.0 1.0
pumpkin/seq-08/color/frame-000909.color.png pumpkin/seq-08/color/frame-000912.color.png 0.998861 0.0122307 0.0461303 -0.01836 -0.0117752 0.999879 -0.0101333 -0.0144789 -0.0462487 0.00957863 0.998884 -0.05161 0.0 0.0 0.0 1.0
pumpkin/seq-08/color/frame-000912.color.png pumpkin/seq-08/color/frame-000915.color.png 0.998961 0.0171593 0.0422233 -0.012216 -0.0163609 0.999682 -0.019184 -0.0350286 -0.0425391 0.0184732 0.998924 -0.0484848 0.0 0.0 0.0 1.0
pumpkin/seq-08/color/frame-000915.color.png pumpkin/seq-08/color/frame-000918.color.png 0.999022 0.0148745 0.0416301 -0.013659 -0.0134886 0.999352 -0.033376 -0.028176 -0.0420996 0.0327819 0.998576 -0.0511593 0.0 0.0 0.0 1.0
pumpkin/seq-08/color/frame-000918.color.png pumpkin/seq-08/color/frame-000921.color.png 0.999066 0.0257526 0.0346861 -0.0203354 -0.0258881 0.999659 0.00345992 -0.0588459 -0.0345851 -0.00435465 0.999392 -0.0145211 0.0 0.0 0.0 1.0
pumpkin/seq-08/color/frame-000921.color.png pumpkin/seq-08/color/frame-000924.color.png 0.999461 0.0124465 0.0303768 -0.00749671 -0.0119552 0.999796 -0.0162999 -0.0156398 -0.0305736 0.015928 0.999406 -0.04199 0.0 0.0 0.0 1.0
pumpkin/seq-08/color/frame-000924.color.png pumpkin/seq-08/color/frame-000927.color.png 0.999713 0.00418343 0.0235762 -0.000462413 -0.00388089 0.99991 -0.0128643 -0.0126868 -0.0236278 0.0127691 0.999639 -0.0320965 0.0 0.0 0.0 1.0
pumpkin/seq-08/color/frame-000927.color.png pumpkin/seq-08/color/frame-000930.color.png 0.999548 0.00175544 0.029998 0.00921202 -0.0016448 0.999992 -0.0037146 -0.0309638 -0.0300044 0.00366357 0.999543 -0.0374769 0.0 0.0 0.0 1.0
pumpkin/seq-08/color/frame-000930.color.png pumpkin/seq-08/color/frame-000933.color.png 0.999561 0.00787292 0.0285497 0.013901 -0.00734911 0.999804 -0.0184037 -0.0310476 -0.028689 0.0181858 0.999423 -0.0416527 0.0 0.0 0.0 1.0
pumpkin/seq-08/color/frame-000933.color.png pumpkin/seq-08/color/frame-000936.color.png 0.999714 0.00564589 0.0232406 0.0185387 -0.00541011 0.999933 -0.0101965 -0.0605404 -0.0232967 0.0100679 0.999678 -0.0235516 0.0 0.0 0.0 1.0
pumpkin/seq-08/color/frame-000936.color.png pumpkin/seq-08/color/frame-000939.color.png 0.99884 0.0411796 0.0249403 0.0145323 -0.0404928 0.998803 -0.0274472 -0.0771753 -0.0260406 0.0264055 0.999312 -0.0180481 0.0 0.0 0.0 1.0
pumpkin/seq-08/color/frame-000939.color.png pumpkin/seq-08/color/frame-000942.color.png 0.999315 0.0274856 0.0247744 0.0250293 -0.0268596 0.99932 -0.0252538 -0.0658238 -0.0254517 0.0245711 0.999374 -0.0324745 0.0 0.0 0.0 1.0
pumpkin/seq-08/color/frame-000942.color.png pumpkin/seq-08/color/frame-000945.color.png 0.999122 0.01739 0.0381254 0.037941 -0.0170952 0.999822 -0.00804345 -0.0776181 -0.0382585 0.00738453 0.999241 -0.0449379 0.0 0.0 0.0 1.0
pumpkin/seq-08/color/frame-000945.color.png pumpkin/seq-08/color/frame-000948.color.png 0.99838 0.0528311 0.0211333 0.0450734 -0.0524566 0.998463 -0.017901 -0.0994108 -0.0220464 0.0167635 0.999616 -0.0267205 0.0 0.0 0.0 1.0
pumpkin/seq-08/color/frame-000948.color.png pumpkin/seq-08/color/frame-000951.color.png 0.999282 0.0333306 -0.0180253 0.0372695 -0.033416 0.999432 -0.00445708 -0.0788018 0.0178665 0.00505622 0.999828 0.0203269 0.0 0.0 0.0 1.0
pumpkin/seq-08/color/frame-000951.color.png pumpkin/seq-08/color/frame-000954.color.png 0.998118 0.0580357 -0.0197833 0.0462323 -0.058127 0.998301 -0.00407367 -0.0698142 0.0195131 0.00521589 0.999796 0.0290038 0.0 0.0 0.0 1.0
pumpkin/seq-08/color/frame-000954.color.png pumpkin/seq-08/color/frame-000957.color.png 0.995572 0.0888883 -0.0305772 0.0778561 -0.0893309 0.995911 -0.0134267 -0.103602 0.0292589 0.0160988 0.999442 0.0443587 0.0 0.0 0.0 1.0
pumpkin/seq-08/color/frame-000957.color.png pumpkin/seq-08/color/frame-000960.color.png 0.996842 0.0784018 -0.0126369 0.0850451 -0.0788022 0.996271 -0.0351218 -0.116437 0.0098362 0.0360067 0.999303 0.00434399 0.0 0.0 0.0 1.0
pumpkin/seq-08/color/frame-000960.color.png pumpkin/seq-08/color/frame-000963.color.png 0.995659 0.0756696 -0.0541963 0.0940139 -0.0766734 0.996917 -0.0166873 -0.0881699 0.0527663 0.0207702 0.998391 0.0114093 0.0 0.0 0.0 1.0
pumpkin/seq-08/color/frame-000963.color.png pumpkin/seq-08/color/frame-000966.color.png 0.99523 0.048447 -0.0846791 0.0478629 -0.0478223 0.998812 0.00939125 -0.0450759 0.0850334 -0.00529696 0.996364 0.0591569 0.0 0.0 0.0 1.0
pumpkin/seq-08/color/frame-000966.color.png pumpkin/seq-08/color/frame-000969.color.png 0.996705 0.0405687 -0.0702344 0.0358519 -0.0405213 0.999176 0.0021003 -0.0173159 0.0702617 0.000752732 0.997528 0.0373208 0.0 0.0 0.0 1.0
pumpkin/seq-08/color/frame-000969.color.png pumpkin/seq-08/color/frame-000972.color.png 0.997472 0.032972 -0.0629501 0.0445716 -0.0323675 0.99942 0.0105998 -0.0392653 0.0632633 -0.0085356 0.997961 0.0432263 0.0 0.0 0.0 1.0
pumpkin/seq-08/color/frame-000972.color.png pumpkin/seq-08/color/frame-000975.color.png 0.997993 0.0346349 -0.0530101 0.0279702 -0.0345377 0.9994 0.00274897 -0.0163463 0.0530735 -0.000912614 0.99859 0.0404866 0.0 0.0 0.0 1.0
pumpkin/seq-08/color/frame-000975.color.png pumpkin/seq-08/color/frame-000978.color.png 0.997174 -0.00281764 -0.0750763 0.0126244 0.00243779 0.999984 -0.00515075 0.0189183 0.0750896 0.00495318 0.997164 0.0293175 0.0 0.0 0.0 1.0
pumpkin/seq-08/color/frame-000978.color.png pumpkin/seq-08/color/frame-000981.color.png 0.997505 0.0137866 -0.06924 0.00973469 -0.0130443 0.999853 0.0111614 -0.0323001 0.0693836 -0.0102303 0.997538 0.0657713 0.0 0.0 0.0 1.0
pumpkin/seq-08/color/frame-000981.color.png pumpkin/seq-08/color/frame-000984.color.png 0.999743 0.00630228 -0.0217761 -0.0135199 -0.00584297 0.99976 0.0210943 -0.00865358 0.0219039 -0.0209617 0.99954 0.012138 0.0 0.0 0.0 1.0
pumpkin/seq-08/color/frame-000984.color.png pumpkin/seq-08/color/frame-000987.color.png 0.998862 0.0159353 -0.0449505 0.0488741 -0.0146206 0.99946 0.0294259 -0.00766551 0.0453951 -0.0287352 0.998556 0.0211158 0.0 0.0 0.0 1.0
pumpkin/seq-08/color/frame-000987.color.png pumpkin/seq-08/color/frame-000990.color.png 0.999162 0.000565337 -0.0409175 0.011754 0.000638142 0.999568 0.0293934 -0.0124292 0.0409164 -0.029395 0.99873 0.00885174 0.0 0.0 0.0 1.0
pumpkin/seq-08/color/frame-000990.color.png pumpkin/seq-08/color/frame-000993.color.png 0.99939 0.0322952 -0.0132764 0.0297657 -0.0320265 0.999287 0.0199823 0.00582761 0.0139122 -0.019545 0.999712 0.0230585 0.0 0.0 0.0 1.0
pumpkin/seq-08/color/frame-000993.color.png pumpkin/seq-08/color/frame-000996.color.png 0.998474 -0.00420463 -0.0550609 0.028075 0.00545856 0.999729 0.0226431 -0.00356829 0.0549508 -0.0229091 0.998226 0.0244504 0.0 0.0 0.0 1.0
pumpkin/seq-08/color/frame-000996.color.png pumpkin/seq-08/color/frame-000999.color.png 0.999777 0.000595022 -0.021108 -0.0141487 -0.000138103 0.999766 0.0216408 0.0131183 0.0211159 -0.0216331 0.999543 0.00616808 0.0 0.0 0.0 1.0
