pumpkin/seq-08/color/frame-000002.color.png pumpkin/seq-08/color/frame-000005.color.png 0.999998 -0.00132858 0.00126227 -0.00224578 0.00131919 0.999972 0.00741113 -0.00435443 -0.00127208 -0.00740945 0.999972 0.00548564 0.0 0.0 0.0 1.0
pumpkin/seq-08/color/frame-000005.color.png pumpkin/seq-08/color/frame-000008.color.png 0.999885 0.00450259 0.0144821 -0.0179496 -0.00465187 0.999936 0.0102908 0.0278287 -0.0144348 -0.010357 0.999842 0.00141044 0.0 0.0 0.0 1.0
pumpkin/seq-08/color/frame-000008.color.png pumpkin/seq-08/color/frame-000011.color.png 0.999815 -0.00034304 0.0192497 -0.0190868 -0.000304171 0.999435 0.0336089 0.0055526 -0.0192503 -0.0336085 0.99925 0.0115122 0.0 0.0 0.0 1.0
pumpkin/seq-08/color/frame-000011.color.png pumpkin/seq-08/color/frame-000014.color.png 0.999651 0.000563899 0.0264137 -0.0351286 -0.00125272 0.999659 0.0260688 0.0287444 -0.02639 -0.0260928 0.999311 0.0103643 0.0 0.0 0.0 1.0
pumpkin/seq-08/color/frame-000014.color.png pumpkin/seq-08/color/frame-000017.color.png 0.999739 0.00352908 0.0225894 -0.0281015 -0.00423606 0.9995 0.031326 -0.0131751 -0.0224676 -0.0314135 0.999254 0.00841807 0.0 0.0 0.0 1.0
pumpkin/seq-08/color/frame-000017.color.png pumpkin/seq-08/color/frame-000020.color.png 0.999845 0.0109026 0.0137968 -0.0373968 -0.0112716 0.999573 0.0269563 -0.00912274 -0.013497 -0.0271077 0.999541 0.0114637 0.0 0.0 0.0 1.0
pumpkin/seq-08/color/frame-000020.color.png pumpkin/seq-08/color/frame-000023.color.png 0.999823 0.0187533 -0.00136603 -0.0406397 -0.0187251 0.999657 0.0183089 -0.00975784 0.0017089 -0.0182801 0.999831 0.0165325 0.0 0.0 0.0 1.0
pumpkin/seq-08/color/frame-000023.color.png pumpkin/seq-08/color/frame-000026.color.png 0.999759 0.0214958 -0.00451551 -0.0565339 -0.0214323 0.999677 0.0136782 0.00495916 0.00480809 -0.0135781 0.999896 0.0197196 0.0 0.0 0.0 1.0
pumpkin/seq-08/color/frame-000026.color.png pumpkin/seq-08/color/frame-000029.color.png 0.999927 0.00469577 -0.0111408 -0.0376849 -0.00462807 0.999971 0.00609482 -0.0144652 0.0111691 -0.00604283 0.999919 0.0227517 0.0 0.0 0.0 1.0
pumpkin/seq-08/color/frame-000029.color.png pumpkin/seq-08/color/frame-000032.color.png 0.999828 0.0164197 -0.00861777 -0.0516827 -0.0164705 0.999847 -0.00585111 0.0151171 0.00852036 0.00599205 0.999946 0.0235005 0.0 0.0 0.0 1.0
pumpkin/seq-08/color/frame-000032.color.png pumpkin/seq-08/color/frame-000035.color.png 0.999878 0.0140764 -0.00680054 -0.0480918 -0.0140642 0.999899 0.0018544 -0.00743483 0.00682595 -0.00175855 0.999975 0.0158143 0.0 0.0 0.0 1.0
pumpkin/seq-08/color/frame-000035.color.png pumpkin/seq-08/color/frame-000038.color.png 0.999986 -0.00131057 0.0050818 -0.0440961 0.00125348 0.999936 0.011222 -0.00122536 -0.00509619 -0.0112155 0.999924 0.00865901 0.0 0.0 0.0 1.0
pumpkin/seq-08/color/frame-000038.color.png pumpkin/seq-08/color/frame-000041.color.png 0.999926 -0.000413085 0.0121195 -0.0567683 0.000460883 0.999992 -0.00394009 0.00505133 -0.0121178 0.0039454 0.999919 -0.00495861 0.0 0.0 0.0 1.0
pumpkin/seq-08/color/frame-000041.color.png pumpkin/seq-08/color/frame-000044.color.png 0.999907 -0.00304642 0.0132715 -0.0531576 0.00291745 0.999948 0.00972585 -0.00427952 -0.0133004 -0.00968625 0.999865 -0.00445406 0.0 0.0 0.0 1.0
pumpkin/seq-08/color/frame-000044.color.png pumpkin/seq-08/color/frame-000047.color.png 0.999934 -0.00436921 -0.0106436 -0.0364513 0.00446278 0.999951 0.00878222 0.00103524 0.0106048 -0.00882918 0.999905 0.0101909 0.0 0.0 0.0 1.0
pumpkin/seq-08/color/frame-000047.color.png pumpkin/seq-08/color/frame-000050.color.png 0.999847 -0.00123484 -0.0174381 -0.0293396 0.00133685 0.999982 0.00583908 -0.0127017 0.0174305 -0.00586148 0.999831 0.00291193 0.0 0.0 0.0 1.0
pumpkin/seq-08/color/frame-000050.color.png pumpkin/seq-08/color/frame-000053.color.png 0.999898 0.000741768 -0.0142635 -0.0447167 -0.000597362 0.999949 0.0101251 -0.0087045 0.0142703 -0.0101155 0.999847 -0.0068956 0.0 0.0 0.0 1.0
pumpkin/seq-08/color/frame-000053.color.png pumpkin/seq-08/color/frame-000056.color.png 0.999876 0.0118521 -0.0103843 -0.0443165 -0.0117805 0.999907 0.00692597 -0.0217928 0.0104654 -0.00680274 0.999922 -0.0188929 0.0 0.0 0.0 1.0
pumpkin/seq-08/color/frame-000056.color.png pumpkin/seq-08/color/frame-000059.color.png 0.999733 0.0228347 -0.00344914 -0.05418 -0.0228419 0.999737 -0.00205468 -0.0467294 0.00340132 0.00213295 0.999992 -0.0202733 0.0 0.0 0.0 1.0
pumpkin/seq-08/color/frame-000059.color.png pumpkin/seq-08/color/frame-000062.color.png 0.999801 -0.0186999 0.00696311 -0.0604779 0.0189167 0.999293 -0.0324892 -0.0276188 -0.00635065 0.0326144 0.999448 -0.0397251 0.0 0.0 0.0 1.0
pumpkin/seq-08/color/frame-000062.color.png pumpkin/seq-08/color/frame-000065.color.png 0.999706 -0.0242131 0.000948219 -0.0380498 0.0242312 0.999178 -0.0325094 0.00187182 -0.00016029 0.0325228 0.999471 -0.0374907 0.0 0.0 0.0 1.0
pumpkin/seq-08/color/frame-000065.color.png pumpkin/seq-08/color/frame-000068.color.png 0.999447 -0.0156273 -0.0293539 -0.00211835 0.0142588 0.998827 -0.0462623 -0.00637645 0.0300424 0.0458183 0.998498 -0.00748293 0.0 0.0 0.0 1.0
pumpkin/seq-08/color/frame-000068.color.png pumpkin/seq-08/color/frame-000071.color.png 0.99995 -0.00619638 -0.00790115 -0.038205 0.00591379 0.999359 -0.0353031 -0.0304084 0.00811484 0.0352545 0.999345 -0.0209969 0.0 0.0 0.0 1.0
pumpkin/seq-08/color/frame-000071.color.png pumpkin/seq-08/color/frame-000074.color.png 0.999244 -0.0388126 0.00242683 -0.0245383 0.0388472 0.999111 -0.0163702 0.00375237 -0.0017893 0.0164521 0.999863 -0.0244109 0.0 0.0 0.0 1.0
pumpkin/seq-08/color/frame-000074.color.png pumpkin/seq-08/color/frame-000077.color.png 0.998011 -0.0122477 0.0618342 -0.0549729 0.0125948 0.999907 -0.00522726 -0.0725871 -0.0617644 0.00599565 0.998073 -0.046103 0.0 0.0 0.0 1.0
pumpkin/seq-08/color/frame-000077.color.png pumpkin/seq-08/color/frame-000080.color.png 0.99762 -7.79698e-05 0.0689489 -0.0436472 0.000783598 0.999948 -0.0102071 -0.0844505 -0.0689445 0.0102368 0.997568 -0.0839313 0.0 0.0 0.0 1.0
pumpkin/seq-08/color/frame-000080.color.png pumpkin/seq-08/color/frame-000083.color.png 0.999148 -0.00610095 0.0408282 -0.0212831 0.00743355 0.999442 -0.0325674 -0.0275263 -0.0406067 0.0328431 0.998635 -0.0338413 0.0 0.0 0.0 1.0
pumpkin/seq-08/color/frame-000083.color.png pumpkin/seq-08/color/frame-000086.color.png 0.99787 0.0341683 0.0555772 0.0200291 -0.0334024 0.999335 -0.0146515 -0.113727 -0.0560408 0.0127639 0.998347 -0.0773904 0.0 0.0 0.0 1.0
pumpkin/seq-08/color/frame-000086.color.png pumpkin/seq-08/color/frame-000089.color.png 0.99986 0.0154043 0.0064877 0.00394034 -0.0154236 0.999877 0.002944 -0.0606963 -0.00644154 -0.00304366 0.999975 -0.0218963 0.0 0.0 0.0 1.0
pumpkin/seq-08/color/frame-000089.color.png pumpkin/seq-08/color/frame-000092.color.png 0.999925 -0.00660892 -0.0102987 0.00439548 0.00683832 0.999726 0.0224004 -0.0274077 0.0101478 -0.0224692 0.999696 -0.00807129 0.0 0.0 0.0 1.0
pumpkin/seq-08/color/frame-000092.color.png pumpkin/seq-08/color/frame-000095.color.png 0.999656 -0.0261153 0.00257552 0.000994563 0.0261203 0.999657 -0.00193102 -0.0294538 -0.0025242 0.00199763 0.999995 -0.00922473 0.0 0.0 0.0 1.0
pumpkin/seq-08/color/frame-000095.color.png pumpkin/seq-08/color/frame-000098.color.png 0.999557 -0.0288786 0.00720986 0.0320558 0.0290042 0.999418 -0.0179655 -0.0081389 -0.00668681 0.0181667 0.999813 0.00287364 0.0 0.0 0.0 1.0
pumpkin/seq-08/color/frame-000098.color.png pumpkin/seq-08/color/frame-000101.color.png 0.994331 -0.0431789 0.0971675 -0.135866 0.0449031 0.998869 -0.0156277 0.0153199 -0.0963828 0.0199022 0.995145 -0.251092 0.0 0.0 0.0 1.0
pumpkin/seq-08/color/frame-000101.color.png pumpkin/seq-08/color/frame-000104.color.png 0.99743 -0.0145255 0.0701651 0.00611305 0.0174524 0.998995 -0.0412824 0.0452116 -0.0694951 0.0424008 0.996681 -0.0420991 0.0 0.0 0.0 1.0
pumpkin/seq-08/color/frame-000104.color.png pumpkin/seq-08/color/frame-000107.color.png 0.999144 -0.0157647 0.0382494 0.0529971 0.0159688 0.99986 -0.00503804 0.00759727 -0.0381646 0.00564452 0.999255 -0.0354954 0.0 0.0 0.0 1.0
pumpkin/seq-08/color/frame-000107.color.png pumpkin/seq-08/color/frame-000110.color.png 0.999497 -0.0238639 0.0208728 0.0473322 0.0239861 0.999696 -0.00562672 0.0235308 -0.0207322 0.00612455 0.999766 -0.0147194 0.0 0.0 0.0 1.0
pumpkin/seq-08/color/frame-000110.color.png pumpkin/seq-08/color/frame-000113.color.png 0.999314 -0.0277183 0.0245692 0.0542118 0.0273962 0.999536 0.0133521 0.0109083 -0.0249278 -0.0126698 0.999609 -0.04127 0.0 0.0 0.0 1.0
pumpkin/seq-08/color/frame-000113.color.png pumpkin/seq-08/color/frame-000116.color.png 0.999085 -0.0298607 0.0306208 0.0149332 0.029399 0.999449 0.0154169 0.0164683 -0.0310644 -0.0145025 0.999412 -0.0350802 0.0 0.0 0.0 1.0
pumpkin/seq-08/color/frame-000116.color.png pumpkin/seq-08/color/frame-000119.color.png 0.998945 -0.0352849 0.0293906 0.0511263 0.0352807 0.999377 0.000659591 0.0220698 -0.0293956 0.000378029 0.999568 -0.0173132 0.0 0.0 0.0 1.0
pumpkin/seq-08/color/frame-000119.color.png pumpkin/seq-08/color/frame-000122.color.png 0.99942 -0.0197241 0.0277526 0.032499 0.0195932 0.999795 0.00498234 0.0349724 -0.0278452 -0.00443571 0.999602 -0.0263159 0.0 0.0 0.0 1.0
pumpkin/seq-08/color/frame-000122.color.png pumpkin/seq-08/color/frame-000125.color.png 0.998341 -0.0154902 -0.0554558 0.247281 0.0161003 0.999815 0.0105731 0.023574 0.0552817 -0.0114484 0.998405 0.0374693 0.0 0.0 0.0 1.0
pumpkin/seq-08/color/frame-000125.color.png pumpkin/seq-08/color/frame-000128.color.png 0.99961 -0.0254955 0.0113707 0.0240238 0.0252261 0.999411 0.0232466 0.0199544 -0.0119568 -0.0229507 0.999665 0.00139102 0.0 0.0 0.0 1.0
pumpkin/seq-08/color/frame-000128.color.png pumpkin/seq-08/color/frame-000131.color.png 0.999269 -0.0283863 0.0256065 0.0607605 0.0279167 0.999439 0.0185138 0.0367746 -0.0261177 -0.0177855 0.999501 0.00368029 0.0 0.0 0.0 1.0
pumpkin/seq-08/color/frame-000131.color.png pumpkin/seq-08/color/frame-000134.color.png 0.999079 -0.0255576 -0.0344662 0.118624 0.0252403 0.999635 -0.00960728 0.0216441 0.0346992 0.00872847 0.99936 0.0315239 0.0 0.0 0.0 1.0
pumpkin/seq-08/color/frame-000134.color.png pumpkin/seq-08/color/frame-000137.color.png 0.999801 -0.00324711 0.0196587 0.057533 0.00309315 0.999964 0.00785934 0.0118342 -0.0196836 -0.00779696 0.999776 0.00974762 0.0 0.0 0.0 1.0
pumpkin/seq-08/color/frame-000137.color.png pumpkin/seq-08/color/frame-000140.color.png 0.999741 -0.0191747 0.0122901 0.0239856 0.0192273 0.999806 -0.00418231 0.0100002 -0.0122075 0.00441753 0.999916 0.0182936 0.0 0.0 0.0 1.0
pumpkin/seq-08/color/frame-000140.color.png pumpkin/seq-08/color/frame-000143.color.png 0.999573 -0.00931866 -0.0277147 0.111261 0.00947405 0.99994 0.00547884 0.0115146 0.0276619 -0.00573905 0.999601 0.0322734 0.0 0.0 0.0 1.0
pumpkin/seq-08/color/frame-000143.color.png pumpkin/seq-08/color/frame-000146.color.png 0.999702 0.0159259 0.0184925 0.049669 -0.0162262 0.999737 0.016203 0.0280386 -0.0182296 -0.0164982 0.999698 0.00203896 0.0 0.0 0.0 1.0
pumpkin/seq-08/color/frame-000146.color.png pumpkin/seq-08/color/frame-000149.color.png 0.999596 0.0241928 0.014942 0.0559844 -0.0245691 0.999372 0.0255341 0.022095 -0.0143148 -0.0258909 0.999562 -0.00349535 0.0 0.0 0.0 1.0
pumpkin/seq-08/color/frame-000149.color.png pumpkin/seq-08/color/frame-000152.color.png 0.999989 0.00451643 -0.000888534 0.0289507 -0.00452078 0.999977 -0.00503307 0.0257345 0.000865807 0.00503703 0.999987 0.003408 0.0 0.0 0.0 1.0
pumpkin/seq-08/color/frame-000152.color.png pumpkin/seq-08/color/frame-000155.color.png 0.999908 0.012938 -0.004062 0.0562475 -0.0128823 0.999827 0.0134487 0.0210629 0.00423534 -0.0133952 0.999901 -0.00581333 0.0 0.0 0.0 1.0
pumpkin/seq-08/color/frame-000155.color.png pumpkin/seq-08/color/frame-000158.color.png 0.999955 0.00926698 0.00221684 0.0330101 -0.0092861 0.999918 0.00878417 0.0225402 -0.00213523 -0.0088044 0.999959 -0.0062643 0.0 0.0 0.0 1.0
pumpkin/seq-08/color/frame-000158.color.png pumpkin/seq-08/color/frame-000161.color.png 0.999563 0.00873096 -0.0282284 0.0387484 -0.00884927 0.999953 -0.0040672 0.0319206 0.0281915 0.00431526 0.999593 -0.0245436 0.0 0.0 0.0 1.0
pumpkin/seq-08/color/frame-000161.color.png pumpkin/seq-08/color/frame-000164.color.png 0.999655 0.0251586 -0.00753216 0.0418247 -0.024949 0.999331 0.0267296 0.0298858 0.00819951 -0.0265325 0.999614 -0.0385505 0.0 0.0 0.0 1.0
pumpkin/seq-08/color/frame-000164.color.png pumpkin/seq-08/color/frame-000167.color.png 0.999751 0.00694626 -0.0212209 0.0348144 -0.00680692 0.999955 0.00663426 0.0327374 0.0212661 -0.00648815 0.999753 -0.010128 0.0 0.0 0.0 1.0
pumpkin/seq-08/color/frame-000167.color.png pumpkin/seq-08/color/frame-000170.color.png 0.999592 0.00836304 -0.0273229 0.0362941 -0.00804752 0.9999 0.0116378 0.0245965 0.0274175 -0.0114132 0.999559 -0.0352836 0.0 0.0 0.0 1.0
pumpkin/seq-08/color/frame-000170.color.png pumpkin/seq-08/color/frame-000173.color.png 0.999732 0.00674269 -0.0221211 0.0195231 -0.00633304 0.999808 0.0185358 0.0215788 0.0222418 -0.0183907 0.999583 -0.00657962 0.0 0.0 0.0 1.0
pumpkin/seq-08/color/frame-000173.color.png pumpkin/seq-08/color/frame-000176.color.png 0.999358 0.000464977 -0.0358283 0.0417003 -0.000471432 1.0 -0.000170659 0.0295981 0.0358283 0.000187455 0.999358 -0.033409 0.0 0.0 0.0 1.0
pumpkin/seq-08/color/frame-000176.color.png pumpkin/seq-08/color/frame-000179.color.png 0.999587 -0.00119538 -0.0287304 0.0484909 0.00126191 0.999996 0.00229833 0.0369039 0.0287275 -0.00233367 0.999584 -0.0303233 0.0 0.0 0.0 1.0
pumpkin/seq-08/color/frame-000179.color.png pumpkin/seq-08/color/frame-000182.color.png 0.999743 -0.0138815 -0.0178968 0.0233101 0.0139853 0.999886 0.00568938 0.0200127 0.0178158 -0.00593819 0.999824 -0.0150061 0.0 0.0 0.0 1.0
pumpkin/seq-08/color/frame-000182.color.png pumpkin/seq-08/color/frame-000185.color.png 0.999902 0.0135829 -0.00351496 0.0407989 -0.0135008 0.999658 0.0224083 0.0330499 0.00381811 -0.0223587 0.999743 -0.00915852 0.0 0.0 0.0 1.0
pumpkin/seq-08/color/frame-000185.color.png pumpkin/seq-08/color/frame-000188.color.png 0.999817 0.0110144 -0.0156525 0.0530698 -0.0108853 0.999906 0.00830516 0.0251867 0.0157425 -0.00813326 0.999843 -0.0117973 0.0 0.0 0.0 1.0
pumpkin/seq-08/color/frame-000188.color.png pumpkin/seq-08/color/frame-000191.color.png 0.999993 -0.000983591 -0.00362376 0.0291441 0.000976666 0.999998 -0.00189702 0.01945 0.00362558 0.00189343 0.999992 0.00478625 0.0 0.0 0.0 1.0
pumpkin/seq-08/color/frame-000191.color.png pumpkin/seq-08/color/frame-000194.color.png 0.999957 0.00329035 0.00868888 0.0417895 -0.00332939 0.999984 0.00448666 0.0218018 -0.00867403 -0.00451534 0.999952 0.0133384 0.0 0.0 0.0 1.0
pumpkin/seq-08/color/frame-000194.color.png pumpkin/seq-08/color/frame-000197.color.png 0.999966 -0.00747301 0.0035082 0.0305598 0.00747077 0.999972 0.000640199 0.031532 -0.00351277 -0.000613953 0.999994 0.00636128 0.0 0.0 0.0 1.0
pumpkin/seq-08/color/frame-000197.color.png pumpkin/seq-08/color/frame-000200.color.png 0.999939 -0.00987681 -0.00493416 0.0351439 0.00993915 0.999869 0.0127708 0.0131503 0.00480737 -0.0128191 0.999906 0.00185072 0.0 0.0 0.0 1.0
pumpkin/seq-08/color/frame-000200.color.png pumpkin/seq-08/color/frame-000203.color.png 0.999957 0.00441868 -0.0081897 0.0508831 -0.00428548 0.999859 0.016214 0.0126612 0.00826016 -0.0161783 0.999835 -0.00376029 0.0 0.0 0.0 1.0
pumpkin/seq-08/color/frame-000203.color.png pumpkin/seq-08/color/frame-000206.color.png 0.999927 0.00537815 0.0107882 0.0217865 -0.00546848 0.99995 0.00835992 0.0195659 -0.0107427 -0.00841829 0.999907 0.0153228 0.0 0.0 0.0 1.0
pumpkin/seq-08/color/frame-000206.color.png pumpkin/seq-08/color/frame-000209.color.png 0.99987 -0.0160959 -0.000691709 0.0410578 0.0161044 0.999761 0.0147974 -0.00359235 0.000453491 -0.0148066 0.99989 -0.0138415 0.0 0.0 0.0 1.0
pumpkin/seq-08/color/frame-000209.color.png pumpkin/seq-08/color/frame-000212.color.png 0.999765 0.0138591 0.0166961 0.0132807 -0.0140297 0.99985 0.0101442 0.0369011 -0.016553 -0.010376 0.999809 0.0205901 0.0 0.0 0.0 1.0
pumpkin/seq-08/color/frame-000212.color.png pumpkin/seq-08/color/frame-000215.color.png 0.99986 -0.0134753 0.00988082 0.0330996 0.01323 0.999613 0.0244818 0.00153752 -0.0102069 -0.0243476 0.999651 0.011702 0.0 0.0 0.0 1.0
pumpkin/seq-08/color/frame-000215.color.png pumpkin/seq-08/color/frame-000218.color.png 0.999933 -0.00570131 0.0100328 0.00978017 0.00568351 0.999982 0.00179872 0.00301829 -0.0100428 -0.00174166 0.999948 0.0138388 0.0 0.0 0.0 1.0
pumpkin/seq-08/color/frame-000218.color.png pumpkin/seq-08/color/frame-000221.color.png 0.999911 -0.0081668 -0.0105668 0.031653 0.00821873 0.999954 0.00487778 0.00049407 0.0105265 -0.00496415 0.999932 -0.0139868 0.0 0.0 0.0 1.0
pumpkin/seq-08/color/frame-000221.color.png pumpkin/seq-08/color/frame-000224.color.png 0.999914 0.00830673 -0.0101915 0.0116603 -0.0082321 0.999939 0.00734859 0.0132937 0.0102518 -0.00726402 0.999921 0.0105952 0.0 0.0 0.0 1.0
pumpkin/seq-08/color/frame-000224.color.png pumpkin/seq-08/color/frame-000227.color.png 0.999412 0.010779 -0.0325321 9.14931e-05 -0.0111748 0.999865 -0.012009 0.00990355 0.0323984 0.0123655 0.999399 -0.0133255 0.0 0.0 0.0 1.0
pumpkin/seq-08/color/frame-000227.color.png pumpkin/seq-08/color/frame-000230.color.png 0.999221 0.00372728 -0.0392976 0.00651371 -0.00454347 0.999775 -0.0206999 0.000342473 0.0392116 0.0208623 0.999013 -0.0343802 0.0 0.0 0.0 1.0
pumpkin/seq-08/color/frame-000230.color.png pumpkin/seq-08/color/frame-000233.color.png 0.997947 0.00613625 -0.0637495 0.0456315 -0.00779876 0.999635 -0.0258628 0.00676693 0.0635675 0.0263068 0.997631 -0.0684797 0.0 0.0 0.0 1.0
pumpkin/seq-08/color/frame-000233.color.png pumpkin/seq-08/color/frame-000236.color.png 0.999307 0.0144721 -0.0342834 0.00962842 -0.0146281 0.999884 -0.00430355 0.0202794 0.0342172 0.00480204 0.999403 -0.0324735 0.0 0.0 0.0 1.0
pumpkin/seq-08/color/frame-000236.color.png pumpkin/seq-08/color/frame-000239.color.png 0.999557 0.00748301 -0.0287888 0.0132906 -0.00729421 0.999951 0.00665672 0.00351978 0.0288373 -0.00644374 0.999563 -0.0320439 0.0 0.0 0.0 1.0
pumpkin/seq-08/color/frame-000239.color.png pumpkin/seq-08/color/frame-000242.color.png 0.999699 0.0023575 -0.0244385 0.0128038 -0.00250005 0.99998 -0.00580342 0.00232872 0.0244243 0.00586272 0.999684 -0.0285692 0.0 0.0 0.0 1.0
pumpkin/seq-08/color/frame-000242.color.png pumpkin/seq-08/color/frame-000245.color.png 0.999394 0.00490248 -0.0344736 0.0396525 -0.00527533 0.999928 -0.0107337 0.0141701 0.0344185 0.0109092 0.999348 -0.061324 0.0 0.0 0.0 1.0
pumpkin/seq-08/color/frame-000245.color.png pumpkin/seq-08/color/frame-000248.color.png 0.999675 0.0148211 -0.0207222 0.00656831 -0.0146251 0.999847 0.00957612 0.0143341 0.0208609 -0.00927 0.999739 -0.0223832 0.0 0.0 0.0 1.0
pumpkin/seq-08/color/frame-000248.color.png pumpkin/seq-08/color/frame-000251.color.png 0.999631 0.0207005 -0.0176099 0.0069952 -0.0206109 0.999774 0.00525256 0.0201182 0.0177147 -0.00488764 0.999831 -0.0203177 0.0 0.0 0.0 1.0
pumpkin/seq-08/color/frame-000251.color.png pumpkin/seq-08/color/frame-000254.color.png 0.999475 0.0246215 -0.0210542 0.00846243 -0.0246407 0.999696 -0.000654036 0.00689965 0.0210317 0.00117244 0.999778 -0.0206607 0.0 0.0 0.0 1.0
pumpkin/seq-08/color/frame-000254.color.png pumpkin/seq-08/color/frame-000257.color.png 0.999654 0.0197847 -0.0173055 0.00402009 -0.0199594 0.999751 -0.00998404 0.00675785 0.0171037 0.010326 0.9998 -0.0191766 0.0 0.0 0.0 1.0
pumpkin/seq-08/color/frame-000257.color.png pumpkin/seq-08/color/frame-000260.color.png 0.999365 0.00264478 -0.03554 0.0297886 -0.00361363 0.999623 -0.027224 -0.0122569 0.0354546 0.0273351 0.998997 -0.0577387 0.0 0.0 0.0 1.0
pumpkin/seq-08/color/frame-000260.color.png pumpkin/seq-08/color/frame-000263.color.png 0.999931 0.00685089 -0.00953872 -0.00152194 -0.00692412 0.999947 -0.00766663 -0.0016984 0.0094857 0.00773214 0.999925 -0.0154927 0.0 0.0 0.0 1.0
pumpkin/seq-08/color/frame-000263.color.png pumpkin/seq-08/color/frame-000266.color.png 0.999412 0.00447718 -0.0340015 0.00912857 -0.00499937 0.999871 -0.0152883 -0.0133806 0.0339286 0.0154493 0.999305 -0.0478289 0.0 0.0 0.0 1.0
pumpkin/seq-08/color/frame-000266.color.png pumpkin/seq-08/color/frame-000269.color.png 0.999701 0.00337117 -0.0242249 0.0138751 -0.00366825 0.999919 -0.0122299 -0.00644777 0.0241817 0.0123151 0.999632 -0.0260449 0.0 0.0 0.0 1.0
pumpkin/seq-08/color/frame-000269.color.png pumpkin/seq-08/color/frame-000272.color.png 0.999301 0.0209764 -0.0309395 -0.00413537 -0.0213781 0.999691 -0.0127092 0.00895824 0.0306634 0.0133617 0.99944 -0.0415455 0.0 0.0 0.0 1.0
pumpkin/seq-08/color/frame-000272.color.png pumpkin/seq-08/color/frame-000275.color.png 0.999307 -0.00133977 -0.0372067 -0.00428057 0.000984477 0.999954 -0.00956603 -0.021938 0.0372178 0.00952274 0.999262 -0.0565656 0.0 0.0 0.0 1.0
pumpkin/seq-08/color/frame-000275.color.png pumpkin/seq-08/color/frame-000278.color.png 0.999389 0.0159052 -0.0311313 0.0325719 -0.015865 0.999873 0.00153758 -0.00436988 0.0311518 -0.00104274 0.999514 -0.0357441 0.0 0.0 0.0 1.0
pumpkin/seq-08/color/frame-000278.color.png pumpkin/seq-08/color/frame-000281.color.png 0.99992 0.00517942 -0.0115514 -0.0106217 -0.00533059 0.9999 -0.0130933 -0.0138149 0.0114824 0.0131538 0.999848 -0.0237355 0.0 0.0 0.0 1.0
pumpkin/seq-08/color/frame-000281.color.png pumpkin/seq-08/color/frame-000284.color.png 0.999604 0.015896 -0.0232119 0.0093857 -0.0160517 0.99985 -0.00653523 0.00379959 0.0231046 0.00690525 0.999709 -0.0323302 0.0 0.0 0.0 1.0
pumpkin/seq-08/color/frame-000284.color.png pumpkin/seq-08/color/frame-000287.color.png 0.999977 0.0064861 -0.0019503 -0.00607598 -0.00648997 0.999977 -0.00199297 -0.00568761 0.00193734 0.00200557 0.999996 -0.0112904 0.0 0.0 0.0 1.0
pumpkin/seq-08/color/frame-000287.color.png pumpkin/seq-08/color/frame-000290.color.png 0.999815 -0.0104343 -0.016167 0.00389755 0.0104729 0.999942 0.00230506 -0.05157 0.016142 -0.00247393 0.999867 -0.0163833 0.0 0.0 0.0 1.0
pumpkin/seq-08/color/frame-000290.color.png pumpkin/seq-08/color/frame-000293.color.png 0.999976 0.00210058 -0.00662061 -1.85966e-05 -0.00217536 0.999934 -0.0113047 -0.00494272 0.00659644 0.0113189 0.999914 -0.0160578 0.0 0.0 0.0 1.0
pumpkin/seq-08/color/frame-000293.color.png pumpkin/seq-08/color/frame-000296.color.png 0.999933 0.00295556 -0.0111534 0.00174248 -0.00291045 0.999988 0.00405789 -0.0265052 0.0111653 -0.0040252 0.999929 -0.016648 0.0 0.0 0.0 1.0
pumpkin/seq-08/color/frame-000296.color.png pumpkin/seq-08/color/frame-000299.color.png 0.999741 0.0218128 -0.00641799 -0.00642133 -0.0218855 0.999695 -0.0114793 0.0108373 0.00616562 0.0116167 0.999914 -0.0146879 0.0 0.0 0.0 1.0
pumpkin/seq-08/color/frame-000299.color.png pumpkin/seq-08/color/frame-000302.color.png 0.999404 0.0335667 0.00801626 -0.000289798 -0.0336221 0.999411 0.00687561 0.00539637 -0.00778074 -0.00714103 0.999944 0.00250828 0.0 0.0 0.0 1.0
pumpkin/seq-08/color/frame-000302.color.png pumpkin/seq-08/color/frame-000305.color.png 0.999782 0.0207494 0.00245734 -0.015043 -0.0207139 0.999692 -0.0136845 0.00151145 -0.00274054 0.0136306 0.999903 -0.000814617 0.0 0.0 0.0 1.0
pumpkin/seq-08/color/frame-000305.color.png pumpkin/seq-08/color/frame-000308.color.png 0.999652 0.0255092 0.00674016 -0.000856757 -0.02545 0.999638 -0.00871452 -0.010865 -0.00696 0.00853992 0.999939 -0.00262675 0.0 0.0 0.0 1.0
pumpkin/seq-08/color/frame-000308.color.png pumpkin/seq-08/color/frame-000311.color.png 0.99963 0.0244429 0.0119402 -0.0115918 -0.0243247 0.999655 -0.00994993 -0.00296384 -0.0121793 0.00965583 0.999879 0.00962561 0.0 0.0 0.0 1.0
pumpkin/seq-08/color/frame-000311.color.png pumpkin/seq-08/color/frame-000314.color.png 0.999483 0.0265299 0.0181493 -0.0159247 -0.0263975 0.999623 -0.00749367 -0.00080052 -0.0183413 0.00701068 0.999807 0.014424 0.0 0.0 0.0 1.0
pumpkin/seq-08/color/frame-000314.color.png pumpkin/seq-08/color/frame-000317.color.png 0.998976 0.0408474 0.019474 -0.0212055 -0.0410477 0.999107 0.00999862 -0.0142496 -0.0190481 -0.0107877 0.99976 0.0199919 0.0 0.0 0.0 1.0
pumpkin/seq-08/color/frame-000317.color.png pumpkin/seq-08/color/frame-000320.color.png 0.999445 0.0321846 0.00859401 -0.0409899 -0.0320482 0.999365 -0.0155644 -0.0170275 -0.00908948 0.0152803 0.999842 0.0117505 0.0 0.0 0.0 1.0
pumpkin/seq-08/color/frame-000320.color.png pumpkin/seq-08/color/frame-000323.color.png 0.999627 0.0263692 0.00718165 -0.0538748 -0.0263505 0.999649 -0.00270389 -0.0326372 -0.00725045 0.00251368 0.999971 0.00902858 0.0 0.0 0.0 1.0
pumpkin/seq-08/color/frame-000323.color.png pumpkin/seq-08/color/frame-000326.color.png 0.999939 0.0108851 -0.00177394 -0.0408379 -0.0109058 0.999867 -0.0121242 -0.00369626 0.00164174 0.0121427 0.999925 0.00509533 0.0 0.0 0.0 1.0
pumpkin/seq-08/color/frame-000326.color.png pumpkin/seq-08/color/frame-000329.color.png 0.999946 0.00745008 0.00731139 -0.0540133 -0.00755693 0.999863 0.0146985 -0.042107 -0.00720088 -0.0147529 0.999865 0.0210833 0.0 0.0 0.0 1.0
pumpkin/seq-08/color/frame-000329.color.png pumpkin/seq-08/color/frame-000332.color.png 0.999979 -0.00184714 0.00618673 -0.0559937 0.001918 0.999932 -0.0114652 -0.0208226 -0.00616514 0.0114769 0.999915 0.0222678 0.0 0.0 0.0 1.0
pumpkin/seq-08/color/frame-000332.color.png pumpkin/seq-08/color/frame-000335.color.png 0.999746 -0.000516278 0.0225385 -0.0627245 0.000222166 0.999915 0.0130517 -0.00334728 -0.0225433 -0.0130434 0.999661 0.0210253 0.0 0.0 0.0 1.0
pumpkin/seq-08/color/frame-000335.color.png pumpkin/seq-08/color/frame-000338.color.png 0.999818 0.00591175 -0.0181603 -0.0788859 -0.00520854 0.999244 0.0385316 -0.033213 0.0183743 -0.03843 0.999092 0.0105847 0.0 0.0 0.0 1.0
pumpkin/seq-08/color/frame-000338.color.png pumpkin/seq-08/color/frame-000341.color.png 0.99956 0.0144214 -0.0259236 -0.0408509 -0.0146912 0.99984 -0.0102457 0.0141895 0.0257718 0.0106221 0.999611 0.0157637 0.0 0.0 0.0 1.0
pumpkin/seq-08/color/frame-000341.color.png pumpkin/seq-08/color/frame-000344.color.png 0.999881 -0.0142163 -0.00597115 -0.063981 0.014135 0.99981 -0.0134659 -0.00410682 0.00616144 0.0133799 0.999891 0.0215046 0.0 0.0 0.0 1.0
pumpkin/seq-08/color/frame-000344.color.png pumpkin/seq-08/color/frame-000347.color.png 0.999924 -0.00840485 -0.00896181 -0.0630516 0.00843633 0.999958 0.00348307 -0.00519687 0.00893216 -0.0035584 0.999954 0.0105281 0.0 0.0 0.0 1.0
pumpkin/seq-08/color/frame-000347.color.png pumpkin/seq-08/color/frame-000350.color.png 0.9994 -0.0169188 -0.0302301 -0.0781642 0.0172191 0.999805 0.00970184 -0.00246358 0.0300601 -0.0102166 0.999496 -0.00589226 0.0 0.0 0.0 1.0
pumpkin/seq-08/color/frame-000350.color.png pumpkin/seq-08/color/frame-000353.color.png 0.999425 -0.0108167 -0.0321276 -0.0688606 0.0112265 0.999858 0.0126036 -0.00852358 0.0319866 -0.012957 0.999404 -0.00604968 0.0 0.0 0.0 1.0
pumpkin/seq-08/color/frame-000353.color.png pumpkin/seq-08/color/frame-000356.color.png 0.99959 -0.0194251 -0.0210199 -0.0752602 0.0195759 0.999784 0.00698999 0.00190073 0.0208795 -0.00739863 0.999755 -0.00552127 0.0 0.0 0.0 1.0
pumpkin/seq-08/color/frame-000356.color.png pumpkin/seq-08/color/frame-000359.color.png 0.999084 -0.0279749 -0.032385 -0.075671 0.0280246 0.999607 0.00108295 0.00328851 0.032342 -0.00198953 0.999475 0.00583552 0.0 0.0 0.0 1.0
pumpkin/seq-08/color/frame-000359.color.png pumpkin/seq-08/color/frame-000362.color.png 0.999178 -0.0384029 -0.0130057 -0.0758356 0.0383483 0.999255 -0.00442198 -0.00165558 0.0131658 0.00391957 0.999906 0.0172515 0.0 0.0 0.0 1.0
pumpkin/seq-08/color/frame-000362.color.png pumpkin/seq-08/color/frame-000365.color.png 0.999414 -0.0329165 0.00937378 -0.0453467 0.0329257 0.999457 -0.000842077 0.0159422 -0.00934095 0.00115027 0.999956 0.0151363 0.0 0.0 0.0 1.0
pumpkin/seq-08/color/frame-000365.color.png pumpkin/seq-08/color/frame-000368.color.png 0.995331 -0.0957541 0.0121081 -0.0914844 0.095711 0.995401 0.00409872 -0.0158846 -0.0124449 -0.0029207 0.999918 0.0149436 0.0 0.0 0.0 1.0
pumpkin/seq-08/color/frame-000368.color.png pumpkin/seq-08/color/frame-000371.color.png 0.997504 -0.0674689 0.0208458 -0.0732476 0.067735 0.997627 -0.0123346 0.00107616 -0.0199641 0.0137158 0.999707 0.0210585 0.0 0.0 0.0 1.0
pumpkin/seq-08/color/frame-000371.color.png pumpkin/seq-08/color/frame-000374.color.png 0.99961 -0.0272966 0.00582274 -0.0118198 0.0273569 0.99957 -0.010523 0.0253906 -0.00553301 0.0106782 0.999928 0.0222224 0.0 0.0 0.0 1.0
pumpkin/seq-08/color/frame-000374.color.png pumpkin/seq-08/color/frame-000377.color.png 0.999355 -0.0251031 0.025667 -0.0435999 0.0253868 0.999619 -0.0107894 0.0107495 -0.0253864 0.011434 0.999612 0.0133148 0.0 0.0 0.0 1.0
pumpkin/seq-08/color/frame-000377.color.png pumpkin/seq-08/color/frame-000380.color.png 0.999909 -0.0110641 -0.00766175 -0.0142652 0.0110123 0.999916 -0.00676173 0.0229457 0.00773595 0.00667674 0.999948 0.0177029 0.0 0.0 0.0 1.0
pumpkin/seq-08/color/frame-000380.color.png pumpkin/seq-08/color/frame-000383.color.png 0.999686 -0.023633 0.00833511 -0.037839 0.0236638 0.999713 -0.00362088 0.0209736 -0.00824716 0.00381698 0.999959 0.023361 0.0 0.0 0.0 1.0
pumpkin/seq-08/color/frame-000383.color.png pumpkin/seq-08/color/frame-000386.color.png 0.999592 -0.00797099 0.0274205 -0.0181092 0.00830137 0.999894 -0.011956 0.0275162 -0.0273223 0.0121787 0.999552 0.0306856 0.0 0.0 0.0 1.0
pumpkin/seq-08/color/frame-000386.color.png pumpkin/seq-08/color/frame-000389.color.png 0.9991 -0.0359996 0.0224434 -0.0315767 0.0358475 0.999332 0.00714385 0.0208262 -0.0226855 -0.00633288 0.999723 0.0282672 0.0 0.0 0.0 1.0
pumpkin/seq-08/color/frame-000389.color.png pumpkin/seq-08/color/frame-000392.color.png 0.99839 -0.0268036 0.0499879 -0.0363487 0.027579 0.999509 -0.0148878 0.0328452 -0.0495643 0.0162424 0.998639 0.0339449 0.0 0.0 0.0 1.0
pumpkin/seq-08/color/frame-000392.color.png pumpkin/seq-08/color/frame-000395.color.png 0.998819 -0.0145688 0.0463568 -0.0417846 0.0157741 0.999544 -0.0257437 0.0179986 -0.0459606 0.0264446 0.998593 0.0244284 0.0 0.0 0.0 1.0
pumpkin/seq-08/color/frame-000395.color.png pumpkin/seq-08/color/frame-000398.color.png 0.99945 -0.0111094 0.0312363 -0.0514852 0.0114266 0.999885 -0.00999446 0.0285845 -0.0311217 0.0103459 0.999462 0.0152944 0.0 0.0 0.0 1.0
pumpkin/seq-08/color/frame-000398.color.png pumpkin/seq-08/color/frame-000401.color.png 0.999691 -0.0190782 0.0159285 -0.0284931 0.0190093 0.999809 0.00446863 0.0111347 -0.0160107 -0.00416446 0.999863 0.00822067 0.0 0.0 0.0 1.0
pumpkin/seq-08/color/frame-000401.color.png pumpkin/seq-08/color/frame-000404.color.png 0.999107 -0.00363471 0.04209 -0.0413984 0.00397535 0.99996 -0.00801221 0.024904 -0.0420592 0.00817239 0.999082 0.0074804 0.0 0.0 0.0 1.0
pumpkin/seq-08/color/frame-000404.color.png pumpkin/seq-08/color/frame-000407.color.png 0.99948 -0.00849737 0.0310934 -0.0313613 0.00878668 0.999919 -0.00917992 0.0110928 -0.0310129 0.00944835 0.999474 -0.00627857 0.0 0.0 0.0 1.0
pumpkin/seq-08/color/frame-000407.color.png pumpkin/seq-08/color/frame-000410.color.png 0.998268 0.00103042 0.058822 -0.0488601 0.000152203 0.999798 -0.0200974 0.0167743 -0.0588308 0.0200716 0.998066 -0.0102608 0.0 0.0 0.0 1.0
pumpkin/seq-08/color/frame-000410.color.png pumpkin/seq-08/color/frame-000413.color.png 0.999019 0.000802284 0.0442764 -0.0403658 -0.000216924 0.999913 -0.0132237 0.0157044 -0.0442832 0.0132011 0.998932 -0.00886423 0.0 0.0 0.0 1.0
pumpkin/seq-08/color/frame-000413.color.png pumpkin/seq-08/color/frame-000416.color.png 0.998985 -0.00673796 0.0445357 -0.0390591 0.00674924 0.999977 -0.00010249 0.0227468 -0.0445339 0.000402953 0.999008 -0.0141387 0.0 0.0 0.0 1.0
pumpkin/seq-08/color/frame-000416.color.png pumpkin/seq-08/color/frame-000419.color.png 0.99836 -0.0155275 0.0551056 -0.0621261 0.0162647 0.999784 -0.0129549 0.0280504 -0.0548926 0.01383 0.998396 -0.0118948 0.0 0.0 0.0 1.0
pumpkin/seq-08/color/frame-000419.color.png pumpkin/seq-08/color/frame-000422.color.png 0.99927 -0.00989331 0.0369075 -0.0455253 0.0102459 0.999904 -0.00937596 0.0312334 -0.0368112 0.00974727 0.999275 -0.0144136 0.0 0.0 0.0 1.0
pumpkin/seq-08/color/frame-000422.color.png pumpkin/seq-08/color/frame-000425.color.png 0.998775 -0.0112044 0.0482029 -0.042296 0.0112537 0.999936 -0.000752115 0.0252079 -0.0481915 0.00129365 0.998837 -0.0194856 0.0 0.0 0.0 1.0
pumpkin/seq-08/color/frame-000425.color.png pumpkin/seq-08/color/frame-000428.color.png 0.999557 -0.0231654 0.0186862 -0.0280425 0.0229092 0.999642 0.0138061 0.0095166 -0.0189993 -0.0133719 0.99973 -0.0254928 0.0 0.0 0.0 1.0
pumpkin/seq-08/color/frame-000428.color.png pumpkin/seq-08/color/frame-000431.color.png 0.999705 0.000105205 0.0242684 -0.0338651 -0.00023714 0.999985 0.00543432 0.00488329 -0.0242675 -0.00543849 0.999691 -0.0178924 0.0 0.0 0.0 1.0
pumpkin/seq-08/color/frame-000431.color.png pumpkin/seq-08/color/frame-000434.color.png 0.999803 -0.00112416 0.0198143 -0.0294405 0.000989666 0.999977 0.00679698 0.0162649 -0.0198215 -0.00677602 0.99978 -0.0169032 0.0 0.0 0.0 1.0
pumpkin/seq-08/color/frame-000434.color.png pumpkin/seq-08/color/frame-000437.color.png 0.999643 0.00920031 0.0250971 -0.0269835 -0.00969918 0.999756 0.0198273 0.00832863 -0.0249085 -0.0200637 0.999488 -0.0318126 0.0 0.0 0.0 1.0
pumpkin/seq-08/color/frame-000437.color.png pumpkin/seq-08/color/frame-000440.color.png 0.999662 -0.00723795 0.0249837 -0.032333 0.006873 0.999869 0.0146629 0.0329914 -0.0250865 -0.0144862 0.99958 -0.0232815 0.0 0.0 0.0 1.0
pumpkin/seq-08/color/frame-000440.color.png pumpkin/seq-08/color/frame-000443.color.png 0.999692 -0.0145111 0.0201341 -0.0275022 0.0140051 0.999588 0.0250521 0.0280526 -0.0204893 -0.0247624 0.999483 -0.023268 0.0 0.0 0.0 1.0
pumpkin/seq-08/color/frame-000443.color.png pumpkin/seq-08/color/frame-000446.color.png 0.999139 -0.0298034 0.028869 -0.0369083 0.0290938 0.999272 0.0246936 0.043895 -0.0295839 -0.0238324 0.999278 -0.0149797 0.0 0.0 0.0 1.0
pumpkin/seq-08/color/frame-000446.color.png pumpkin/seq-08/color/frame-000449.color.png 0.998508 -0.0478438 0.02632 -0.0372554 0.0476095 0.998821 0.00945967 0.0721558 -0.0267415 -0.00819248 0.999609 -0.0197047 0.0 0.0 0.0 1.0
pumpkin/seq-08/color/frame-000449.color.png pumpkin/seq-08/color/frame-000452.color.png 0.998568 -0.0343974 0.040973 -0.0820821 0.0337213 0.999285 0.0170771 0.0633644 -0.0415311 -0.015671 0.999014 0.00614495 0.0 0.0 0.0 1.0
pumpkin/seq-08/color/frame-000452.color.png pumpkin/seq-08/color/frame-000455.color.png 0.999502 -0.0258643 0.0180989 -0.0337666 0.0253954 0.999348 0.0256744 0.0232306 -0.0187512 -0.025202 0.999507 -0.0129275 0.0 0.0 0.0 1.0
pumpkin/seq-08/color/frame-000455.color.png pumpkin/seq-08/color/frame-000458.color.png 0.999443 -0.0284812 0.0173988 -0.029212 0.028169 0.999443 0.01793 0.00935491 -0.0178997 -0.0174298 0.999688 -0.0111181 0.0 0.0 0.0 1.0
pumpkin/seq-08/color/frame-000458.color.png pumpkin/seq-08/color/frame-000461.color.png 0.999632 -0.0180545 0.0202371 -0.0220207 0.0176955 0.999685 0.0177864 0.0069018 -0.0205519 -0.0174218 0.999637 -0.0167274 0.0 0.0 0.0 1.0
pumpkin/seq-08/color/frame-000461.color.png pumpkin/seq-08/color/frame-000464.color.png 0.999411 -0.0187542 0.02872 -0.0533734 0.0185719 0.999806 0.00660227 0.0062035 -0.0288384 -0.00606503 0.999566 -0.0179688 0.0 0.0 0.0 1.0
pumpkin/seq-08/color/frame-000464.color.png pumpkin/seq-08/color/frame-000467.color.png 0.999951 -0.00484316 0.00869002 -0.0192704 0.00471991 0.999889 0.0141445 -0.00555606 -0.00875759 -0.0141027 0.999862 -0.0020383 0.0 0.0 0.0 1.0
pumpkin/seq-08/color/frame-000467.color.png pumpkin/seq-08/color/frame-000470.color.png 0.999936 -0.00704705 0.00879737 -0.0186636 0.00701888 0.99997 0.00323126 -0.0142663 -0.00881993 -0.00316935 0.999956 0.00728736 0.0 0.0 0.0 1.0
pumpkin/seq-08/color/frame-000470.color.png pumpkin/seq-08/color/frame-000473.color.png 0.999583 -0.0151759 0.0245594 -0.0505106 0.0149773 0.999854 0.0082547 -0.0310069 -0.024681 -0.0078834 0.999664 0.00654359 0.0 0.0 0.0 1.0
pumpkin/seq-08/color/frame-000473.color.png pumpkin/seq-08/color/frame-000476.color.png 0.999774 0.0132076 0.0166852 -0.0351713 -0.0130662 0.999878 -0.00855678 -0.0399818 -0.0167962 0.00833682 0.999824 -0.000764251 0.0 0.0 0.0 1.0
pumpkin/seq-08/color/frame-000476.color.png pumpkin/seq-08/color/frame-000479.color.png 0.999994 0.00278747 -0.00203666 -0.0235378 -0.00279961 0.999978 -0.00600301 -0.0421199 0.00201991 0.00600864 0.99998 0.00629842 0.0 0.0 0.0 1.0
pumpkin/seq-08/color/frame-000479.color.png pumpkin/seq-08/color/frame-000482.color.png 0.999735 0.0220321 0.00663761 -0.020864 -0.0219497 0.999684 -0.0122407 -0.0397527 -0.00690517 0.0120919 0.999903 -0.00487308 0.0 0.0 0.0 1.0
pumpkin/seq-08/color/frame-000482.color.png pumpkin/seq-08/color/frame-000485.color.png 0.999972 0.00291695 0.0068402 -0.0149065 -0.00291031 0.999995 -0.000980141 -0.0401723 -0.00684311 0.000960154 0.999976 -0.00336005 0.0 0.0 0.0 1.0
pumpkin/seq-08/color/frame-000485.color.png pumpkin/seq-08/color/frame-000488.color.png 0.999609 0.0221931 0.0170365 -0.0157449 -0.0218664 0.999578 -0.0191271 -0.0365453 -0.0174539 0.018747 0.999672 -0.0088712 0.0 0.0 0.0 1.0
pumpkin/seq-08/color/frame-000488.color.png pumpkin/seq-08/color/frame-000491.color.png 0.99944 0.0232363 0.0240868 -0.0117999 -0.0232311 0.99973 -0.000495578 -0.0579596 -0.0240916 -6.41895e-05 0.99971 -0.01757 0.0 0.0 0.0 1.0
pumpkin/seq-08/color/frame-000491.color.png pumpkin/seq-08/color/frame-000494.color.png 0.999609 0.023903 0.014525 0.016937 -0.0236975 0.999619 -0.0141576 -0.0613917 -0.0148581 0.0138077 0.999794 -0.040333 0.0 0.0 0.0 1.0
pumpkin/seq-08/color/frame-000494.color.png pumpkin/seq-08/color/frame-000497.color.png 0.998576 0.0412717 0.0337968 0.0140854 -0.0404993 0.998909 -0.0232289 -0.0740893 -0.0347185 0.0218271 0.999159 -0.0523903 0.0 0.0 0.0 1.0
pumpkin/seq-08/color/frame-000497.color.png pumpkin/seq-08/color/frame-000500.color.png 0.998604 0.0342414 0.0402215 0.0213104 -0.0331602 0.999079 -0.0272471 -0.063649 -0.0411174 0.0258753 0.998819 -0.0351215 0.0 0.0 0.0 1.0
pumpkin/seq-08/color/frame-000500.color.png pumpkin/seq-08/color/frame-000503.color.png 0.998214 0.0460746 0.0380316 0.00625288 -0.0444843 0.998141 -0.0416534 -0.070469 -0.0398801 0.0398872 0.998408 -0.0261121 0.0 0.0 0.0 1.0
pumpkin/seq-08/color/frame-000503.color.png pumpkin/seq-08/color/frame-000506.color.png 0.998606 0.051793 0.0101288 0.0355809 -0.0515669 0.99844 -0.0214309 -0.0666203 -0.0112229 0.0208787 0.999719 -0.00838573 0.0 0.0 0.0 1.0
pumpkin/seq-08/color/frame-000506.color.png pumpkin/seq-08/color/frame-000509.color.png 0.998337 0.0546658 -0.0183048 0.0316609 -0.0549682 0.998353 -0.0164515 -0.0912445 0.0173753 0.0174303 0.999697 0.0155831 0.0 0.0 0.0 1.0
pumpkin/seq-08/color/frame-000509.color.png pumpkin/seq-08/color/frame-000512.color.png 0.997135 0.0752673 -0.00747391 0.0504751 -0.0752889 0.997158 -0.00264474 -0.127499 0.00725362 0.00319984 0.999969 -0.00193837 0.0 0.0 0.0 1.0
pumpkin/seq-08/color/frame-000512.color.png pumpkin/seq-08/color/frame-000515.color.png 0.998716 0.04364 -0.0257337 0.0706807 -0.0443378 0.998646 -0.0272018 -0.0648108 0.024512 0.0283079 0.999299 -0.0037735 0.0 0.0 0.0 1.0
pumpkin/seq-08/color/frame-000515.color.png pumpkin/seq-08/color/frame-000518.color.png 0.999534 0.0247127 -0.0179309 0.0444838 -0.0251921 0.999317 -0.0270226 -0.0195292 0.0172508 0.0274617 0.999474 0.0307839 0.0 0.0 0.0 1.0
pumpkin/seq-08/color/frame-000518.color.png pumpkin/seq-08/color/frame-000521.color.png 0.998874 0.0417781 -0.0224624 0.0791785 -0.0413713 0.998977 0.0182807 -0.0860279 0.0232031 -0.0173308 0.999581 -0.0213129 0.0 0.0 0.0 1.0
pumpkin/seq-08/color/frame-000521.color.png pumpkin/seq-08/color/frame-000524.color.png 0.998365 0.0368402 -0.0437157 0.0830433 -0.0360591 0.999178 0.0185237 -0.0453183 0.0443622 -0.0169171 0.998872 -0.0060947 0.0 0.0 0.0 1.0
pumpkin/seq-08/color/frame-000524.color.png pumpkin/seq-08/color/frame-000527.color.png 0.998724 0.0278029 -0.0421676 0.0689002 -0.0274911 0.99959 0.00795552 -0.0320164 0.0423717 -0.00678613 0.999079 -0.0131928 0.0 0.0 0.0 1.0
pumpkin/seq-08/color/frame-000527.color.png pumpkin/seq-08/color/frame-000530.color.png 0.999624 0.0274047 -0.00025354 0.0563374 -0.0274032 0.999613 0.00485658 -0.0252069 0.000386541 -0.00484787 0.999988 -0.0141421 0.0 0.0 0.0 1.0
pumpkin/seq-08/color/frame-000530.color.png pumpkin/seq-08/color/frame-000533.color.png 0.9994 0.0184758 -0.0293019 0.0425798 -0.0176772 0.999471 0.0272848 -0.0388597 0.0297905 -0.0267503 0.999198 -0.0171472 0.0 0.0 0.0 1.0
pumpkin/seq-08/color/frame-000533.color.png pumpkin/seq-08/color/frame-000536.color.png 0.999594 0.00792227 -0.0273816 0.0541123 -0.00747117 0.999835 0.0165395 -0.00647789 0.0275083 -0.0163283 0.999488 -0.0114763 0.0 0.0 0.0 1.0
pumpkin/seq-08/color/frame-000536.color.png pumpkin/seq-08/color/frame-000539.color.png 0.999786 0.00867342 -0.0188085 0.0533408 -0.00851791 0.999929 0.00833085 -0.00258464 0.0188793 -0.00816884 0.999788 -0.00656278 0.0 0.0 0.0 1.0
pumpkin/seq-08/color/frame-000539.color.png pumpkin/seq-08/color/frame-000542.color.png 0.999566 -0.00353997 -0.0292393 0.0573053 0.00404018 0.999846 0.0170683 0.0199016 0.0291745 -0.0171791 0.999427 -0.00565457 0.0 0.0 0.0 1.0
pumpkin/seq-08/color/frame-000542.color.png pumpkin/seq-08/color/frame-000545.color.png 0.999991 -0.00408857 0.00139951 0.0577692 0.00407374 0.999937 0.0104845 -0.00729626 -0.0014424 -0.0104786 0.999944 -0.00838083 0.0 0.0 0.0 1.0
pumpkin/seq-08/color/frame-000545.color.png pumpkin/seq-08/color/frame-000548.color.png 0.999736 -0.000242417 -0.0229775 0.0611924 0.000832195 0.99967 0.0256606 0.00467759 0.0229638 -0.0256729 0.999407 -0.00782289 0.0 0.0 0.0 1.0
pumpkin/seq-08/color/frame-000548.color.png pumpkin/seq-08/color/frame-000551.color.png 0.998721 -0.0220211 -0.0455189 0.0730181 0.0228225 0.999592 0.0171621 0.0131168 0.0451224 -0.018179 0.998816 -0.0126074 0.0 0.0 0.0 1.0
pumpkin/seq-08/color/frame-000551.color.png pumpkin/seq-08/color/frame-000554.color.png 0.99981 -0.00641426 -0.0183974 0.0429512 0.00668795 0.999867 0.0148554 0.0337951 0.0182997 -0.0149757 0.99972 0.00738066 0.0 0.0 0.0 1.0
pumpkin/seq-08/color/frame-000554.color.png pumpkin/seq-08/color/frame-000557.color.png 0.999108 -0.0241051 -0.0346597 0.034424 0.0242735 0.999696 0.00444479 0.0176429 0.034542 -0.00528215 0.999389 0.00215647 0.0 0.0 0.0 1.0
pumpkin/seq-08/color/frame-000557.color.png pumpkin/seq-08/color/frame-000560.color.png 0.998037 -0.00553987 -0.0623875 0.0463323 0.00560071 0.999984 0.000800233 0.0299551 0.0623821 -0.00114809 0.998052 0.0150055 0.0 0.0 0.0 1.0
pumpkin/seq-08/color/frame-000560.color.png pumpkin/seq-08/color/frame-000563.color.png 0.999369 -0.0141692 -0.032557 0.0210195 0.0141183 0.999899 -0.00179341 0.0124128 0.0325791 0.00133263 0.999468 0.00994813 0.0 0.0 0.0 1.0
pumpkin/seq-08/color/frame-000563.color.png pumpkin/seq-08/color/frame-000566.color.png 0.999203 -0.0112479 -0.0382973 0.0232534 0.0111549 0.999934 -0.0026417 0.0147689 0.0383244 0.00221243 0.999263 -0.0013857 0.0 0.0 0.0 1.0
pumpkin/seq-08/color/frame-000566.color.png pumpkin/seq-08/color/frame-000569.color.png 0.9999 0.0108213 -0.00910704 0.0394691 -0.0106523 0.999774 0.0184098 0.0226594 0.00930424 -0.018311 0.999789 -0.00768241 0.0 0.0 0.0 1.0
pumpkin/seq-08/color/frame-000569.color.png pumpkin/seq-08/color/frame-000572.color.png 0.999497 -0.00239185 -0.0316121 0.022608 0.00239415 0.999997 3.45129e-05 0.0299347 0.0316119 -0.000110218 0.9995 0.000989303 0.0 0.0 0.0 1.0
pumpkin/seq-08/color/frame-000572.color.png pumpkin/seq-08/color/frame-000575.color.png 0.999931 -0.00252792 -0.011491 0.0380537 0.00274637 0.999815 0.0190349 0.00846767 0.0114407 -0.0190651 0.999753 -0.0202964 0.0 0.0 0.0 1.0
pumpkin/seq-08/color/frame-000575.color.png pumpkin/seq-08/color/frame-000578.color.png 0.999714 -0.0025593 -0.0237692 0.0383073 0.00263537 0.999991 0.00316948 0.026492 0.0237609 -0.0032312 0.999712 -0.00667506 0.0 0.0 0.0 1.0
pumpkin/seq-08/color/frame-000578.color.png pumpkin/seq-08/color/frame-000581.color.png 0.999946 0.000534282 -0.0104117 0.0264888 -0.000275722 0.999692 0.0248187 0.00579554 0.0104218 -0.0248145 0.999638 -0.0272976 0.0 0.0 0.0 1.0
pumpkin/seq-08/color/frame-000581.color.png pumpkin/seq-08/color/frame-000584.color.png 0.999725 0.000892118 -0.0234446 0.0389292 -0.000274469 0.999653 0.0263354 0.0155762 0.02346 -0.0263217 0.999378 -0.0192841 0.0 0.0 0.0 1.0
pumpkin/seq-08/color/frame-000584.color.png pumpkin/seq-08/color/frame-000587.color.png 0.999641 0.00691179 -0.0258672 0.0181553 -0.00668249 0.999938 0.00894078 0.0525431 0.0259274 -0.00876474 0.999626 -0.00834957 0.0 0.0 0.0 1.0
pumpkin/seq-08/color/frame-000587.color.png pumpkin/seq-08/color/frame-000590.color.png 0.999435 -0.00498037 -0.0332251 0.0247406 0.00567357 0.999767 0.0208023 0.0104236 0.0331137 -0.020979 0.999231 -0.0182329 0.0 0.0 0.0 1.0
pumpkin/seq-08/color/frame-000590.color.png pumpkin/seq-08/color/frame-000593.color.png 0.999731 2.8566e-06 -0.0231746 0.018447 0.000304184 0.999912 0.0132456 0.0507977 0.0231726 -0.0132492 0.999644 -0.00859541 0.0 0.0 0.0 1.0
pumpkin/seq-08/color/frame-000593.color.png pumpkin/seq-08/color/frame-000596.color.png 0.999933 0.00341794 -0.011023 0.0236182 -0.0032075 0.999813 0.0190523 0.0201221 0.0110861 -0.0190157 0.999758 -0.00745684 0.0 0.0 0.0 1.0
pumpkin/seq-08/color/frame-000596.color.png pumpkin/seq-08/color/frame-000599.color.png 0.999828 -0.0023854 -0.0184109 0.0216946 0.00254828 0.999958 0.00882827 0.0258614 0.018389 -0.00887366 0.999792 0.000916541 0.0 0.0 0.0 1.0
pumpkin/seq-08/color/frame-000599.color.png pumpkin/seq-08/color/frame-000602.color.png 0.999918 -0.0126472 0.00223026 0.0142016 0.0126365 0.999909 0.00474439 0.0224669 -0.00229007 -0.00471582 0.999986 0.0100956 0.0 0.0 0.0 1.0
pumpkin/seq-08/color/frame-000602.color.png pumpkin/seq-08/color/frame-000605.color.png 0.999944 -0.00462932 0.00954673 0.0136604 0.0047074 0.999955 -0.00817267 0.0261099 -0.00950847 0.00821715 0.999921 0.0143868 0.0 0.0 0.0 1.0
pumpkin/seq-08/color/frame-000605.color.png pumpkin/seq-08/color/frame-000608.color.png 0.999865 0.00826648 0.014193 0.029957 -0.00819601 0.999954 -0.0050158 0.030493 -0.0142338 0.0048988 0.999887 0.00922526 0.0 0.0 0.0 1.0
pumpkin/seq-08/color/frame-000608.color.png pumpkin/seq-08/color/frame-000611.color.png 0.99976 -0.0181119 0.0123547 0.0119453 0.0178407 0.999605 0.0217138 0.000844628 -0.0127431 -0.0214882 0.999688 0.00375652 0.0 0.0 0.0 1.0
pumpkin/seq-08/color/frame-000611.color.png pumpkin/seq-08/color/frame-000614.color.png 0.999955 0.00153984 0.00939881 0.0256439 -0.00179195 0.999637 0.0268739 0.0206569 -0.009354 -0.0268895 0.999595 0.0046781 0.0 0.0 0.0 1.0
pumpkin/seq-08/color/frame-000614.color.png pumpkin/seq-08/color/frame-000617.color.png 0.999482 -0.0317666 -0.0051245 0.0145317 0.031818 0.999441 0.0102851 0.0175757 0.00479489 -0.0104428 0.999934 0.00524768 0.0 0.0 0.0 1.0
pumpkin/seq-08/color/frame-000617.color.png pumpkin/seq-08/color/frame-000620.color.png 0.99997 -0.00743666 -0.00214201 0.0297665 0.00744707 0.99996 0.00489343 0.0303561 0.00210554 -0.00490923 0.999986 0.00372474 0.0 0.0 0.0 1.0
pumpkin/seq-08/color/frame-000620.color.png pumpkin/seq-08/color/frame-000623.color.png 0.999675 -0.0254375 0.00194181 0.00190544 0.0254162 0.999624 0.010287 0.00138156 -0.00220276 -0.0102342 0.999945 0.00622275 0.0 0.0 0.0 1.0
pumpkin/seq-08/color/frame-000623.color.png pumpkin/seq-08/color/frame-000626.color.png 0.999904 -0.00995327 -0.0095942 0.0343881 0.00998486 0.999945 0.00324897 0.0374956 0.00956136 -0.00334445 0.999949 0.00850035 0.0 0.0 0.0 1.0
pumpkin/seq-08/color/frame-000626.color.png pumpkin/seq-08/color/frame-000629.color.png 0.999854 -0.0149029 0.00841507 0.00545591 0.0147038 0.999622 0.0232449 -0.0129158 -0.00875834 -0.0231178 0.999694 0.00744762 0.0 0.0 0.0 1.0
pumpkin/seq-08/color/frame-000629.color.png pumpkin/seq-08/color/frame-000632.color.png 0.999667 -0.0173683 -0.0190797 0.025956 0.0172718 0.999837 -0.00521084 0.0114791 0.0191671 0.00487957 0.999804 -0.00796133 0.0 0.0 0.0 1.0
pumpkin/seq-08/color/frame-000632.color.png pumpkin/seq-08/color/frame-000635.color.png 0.999475 -0.00329691 -0.0322255 0.0224376 0.00343607 0.999985 0.00426396 0.0136443 0.032211 -0.00437244 0.999471 -0.0137168 0.0 0.0 0.0 1.0
pumpkin/seq-08/color/frame-000635.color.png pumpkin/seq-08/color/frame-000638.color.png 0.99914 0.00869605 -0.0405492 0.0212398 -0.00854264 0.999956 0.0039552 0.029375 0.0405818 -0.00360541 0.99917 -0.0207697 0.0 0.0 0.0 1.0
pumpkin/seq-08/color/frame-000638.color.png pumpkin/seq-08/color/frame-000641.color.png 0.998452 0.00424583 -0.0554531 0.0400324 -0.00415364 0.99999 0.00177774 0.0203116 0.0554601 -0.00154463 0.99846 -0.0288309 0.0 0.0 0.0 1.0
pumpkin/seq-08/color/frame-000641.color.png pumpkin/seq-08/color/frame-000644.color.png 0.999066 0.00937375 -0.0421826 0.0222285 -0.00856059 0.999775 0.0194169 0.00860312 0.0423551 -0.0190377 0.998921 -0.0304605 0.0 0.0 0.0 1.0
pumpkin/seq-08/color/frame-000644.color.png pumpkin/seq-08/color/frame-000647.color.png 0.998738 -0.00296714 -0.0501329 0.0382671 0.0032295 0.999982 0.00515307 0.0186163 0.0501167 -0.00530845 0.998729 -0.0270918 0.0 0.0 0.0 1.0
pumpkin/seq-08/color/frame-000647.color.png pumpkin/seq-08/color/frame-000650.color.png 0.999347 0.010116 -0.0346857 0.027593 -0.00974516 0.999894 0.0108442 0.0142923 0.0347917 -0.0104991 0.999339 -0.0278296 0.0 0.0 0.0 1.0
pumpkin/seq-08/color/frame-000650.color.png pumpkin/seq-08/color/frame-000653.color.png 0.999424 -0.00551311 -0.0334976 0.0327766 0.00535509 0.999974 -0.00480535 0.0160197 0.0335232 0.00462317 0.999427 -0.0313357 0.0 0.0 0.0 1.0
pumpkin/seq-08/color/frame-000653.color.png pumpkin/seq-08/color/frame-000656.color.png 0.999563 0.0207464 -0.021038 0.0227333 -0.0206593 0.999777 0.00434863 0.0446541 0.0211235 -0.00391211 0.999769 -0.0256935 0.0 0.0 0.0 1.0
pumpkin/seq-08/color/frame-000656.color.png pumpkin/seq-08/color/frame-000659.color.png 0.999643 -0.000307812 -0.0267282 0.0253096 0.000553277 0.999958 0.00917688 0.018915 0.0267242 -0.0091884 0.999601 -0.0137712 0.0 0.0 0.0 1.0
pumpkin/seq-08/color/frame-000659.color.png pumpkin/seq-08/color/frame-000662.color.png 0.999895 0.00754462 -0.0123825 0.0306116 -0.00734208 0.99984 0.0163214 0.0161736 0.0125037 -0.0162288 0.99979 -0.0140614 0.0 0.0 0.0 1.0
pumpkin/seq-08/color/frame-000662.color.png pumpkin/seq-08/color/frame-000665.color.png 0.999899 0.00950776 -0.0105254 0.0379422 -0.0094275 0.999926 0.00765031 0.024029 0.0105973 -0.00755028 0.999915 0.00325143 0.0 0.0 0.0 1.0
pumpkin/seq-08/color/frame-000665.color.png pumpkin/seq-08/color/frame-000668.color.png 0.999909 0.0112391 -0.00745131 0.0393918 -0.011178 0.999904 0.00818846 0.0171754 0.00754263 -0.00810446 0.999939 -0.00625198 0.0 0.0 0.0 1.0
pumpkin/seq-08/color/frame-000668.color.png pumpkin/seq-08/color/frame-000671.color.png 0.999841 0.0177406 -0.00188479 0.0304562 -0.0177117 0.999739 0.0144094 0.0284043 0.00213992 -0.0143736 0.999894 -0.0111818 0.0 0.0 0.0 1.0
pumpkin/seq-08/color/frame-000671.color.png pumpkin/seq-08/color/frame-000674.color.png 0.999747 0.0223635 0.00229837 0.0208282 -0.0223943 0.999646 0.0143993 0.0254515 -0.00197553 -0.0144471 0.999894 0.000207126 0.0 0.0 0.0 1.0
pumpkin/seq-08/color/frame-000674.color.png pumpkin/seq-08/color/frame-000677.color.png 0.999783 0.0207163 0.00234952 0.0264659 -0.0207451 0.999701 0.0129515 0.00689149 -0.00208052 -0.0129974 0.999913 -0.0016987 0.0 0.0 0.0 1.0
pumpkin/seq-08/color/frame-000677.color.png pumpkin/seq-08/color/frame-000680.color.png 0.999705 0.0240721 -0.00321462 0.0222781 -0.0240659 0.999708 0.00197467 0.0171887 0.00326121 -0.00189669 0.999993 -0.00823654 0.0 0.0 0.0 1.0
pumpkin/seq-08/color/frame-000680.color.png pumpkin/seq-08/color/frame-000683.color.png 0.999475 0.0323417 -0.00165419 0.0215977 -0.0323303 0.999456 0.00647045 0.00104307 0.00186257 -0.00641362 0.999978 0.00170997 0.0 0.0 0.0 1.0
pumpkin/seq-08/color/frame-000683.color.png pumpkin/seq-08/color/frame-000686.color.png 0.999723 0.0226044 0.00657517 0.0181437 -0.0225552 0.999718 -0.00746754 0.00436976 -0.00674211 0.0073172 0.999951 0.00297603 0.0 0.0 0.0 1.0
pumpkin/seq-08/color/frame-000686.color.png pumpkin/seq-08/color/frame-000689.color.png 0.999475 0.0311759 0.00876594 0.0291365 -0.0310394 0.999401 -0.015298 0.0225369 -0.00923758 0.015018 0.999845 0.0161998 0.0 0.0 0.0 1.0
pumpkin/seq-08/color/frame-000689.color.png pumpkin/seq-08/color/frame-000692.color.png 0.99965 0.018966 0.0184609 0.0196894 -0.0188019 0.999783 -0.00902124 -0.00672516 -0.018628 0.00867095 0.999789 0.0116582 0.0 0.0 0.0 1.0
pumpkin/seq-08/color/frame-000692.color.png pumpkin/seq-08/color/frame-000695.color.png 0.999457 0.0234679 0.0231226 0.0151616 -0.0229452 0.999481 -0.0226148 0.00473875 -0.0236414 0.022072 0.999477 0.0171569 0.0 0.0 0.0 1.0
pumpkin/seq-08/color/frame-000695.color.png pumpkin/seq-08/color/frame-000698.color.png 0.999489 0.0194477 0.0253537 0.0004704 -0.0186413 0.999325 -0.0316669 0.0017086 -0.0259524 0.0311781 0.999177 0.00974962 0.0 0.0 0.0 1.0
pumpkin/seq-08/color/frame-000698.color.png pumpkin/seq-08/color/frame-000701.color.png 0.999792 0.0160036 0.0126651 0.00928497 -0.0156275 0.99945 -0.0292555 -0.016457 -0.0131263 0.0290514 0.999492 -0.00948773 0.0 0.0 0.0 1.0
pumpkin/seq-08/color/frame-000701.color.png pumpkin/seq-08/color/frame-000704.color.png 0.999541 0.0266496 0.014443 0.0040673 -0.0265909 0.999637 -0.00424409 -0.0162337 -0.0145508 0.00385811 0.999887 0.00468731 0.0 0.0 0.0 1.0
pumpkin/seq-08/color/frame-000704.color.png pumpkin/seq-08/color/frame-000707.color.png 0.999654 0.0241686 0.0104247 -0.00383091 -0.0240955 0.999685 -0.00708057 -0.00269546 -0.0105925 0.00682693 0.999921 0.00431192 0.0 0.0 0.0 1.0
pumpkin/seq-08/color/frame-000707.color.png pumpkin/seq-08/color/frame-000710.color.png 0.999452 0.032321 0.00711387 6.38962e-05 -0.0322576 0.999441 -0.00884859 0.00326087 -0.00739589 0.00861425 0.999936 -0.00672698 0.0 0.0 0.0 1.0
pumpkin/seq-08/color/frame-000710.color.png pumpkin/seq-08/color/frame-000713.color.png 0.999727 0.0232278 -0.00236704 0.00208819 -0.0232741 0.99949 -0.0218807 -0.000831857 0.00185759 0.0219299 0.999758 -0.00696674 0.0 0.0 0.0 1.0
pumpkin/seq-08/color/frame-000713.color.png pumpkin/seq-08/color/frame-000716.color.png 0.999842 0.017784 0.000790189 -0.00593281 -0.0177629 0.999613 -0.0213959 -0.0121452 -0.00117039 0.0213785 0.999771 -0.00974333 0.0 0.0 0.0 1.0
pumpkin/seq-08/color/frame-000716.color.png pumpkin/seq-08/color/frame-000719.color.png 0.999583 0.0284671 0.0048549 0.00119424 -0.0283733 0.999428 -0.0184074 0.00666347 -0.00537613 0.018262 0.999819 -0.00276539 0.0 0.0 0.0 1.0
pumpkin/seq-08/color/frame-000719.color.png pumpkin/seq-08/color/frame-000722.color.png 0.999654 0.0244149 0.00980949 -0.00825298 -0.0242544 0.999575 -0.0161656 0.00469396 -0.0102 0.0159221 0.999821 -0.00306132 0.0 0.0 0.0 1.0
pumpkin/seq-08/color/frame-000722.color.png pumpkin/seq-08/color/frame-000725.color.png 0.999781 0.020862 0.00163726 -0.00831211 -0.0208289 0.999619 -0.0181384 -0.0278555 -0.00201504 0.0181003 0.999834 -0.00616506 0.0 0.0 0.0 1.0
pumpkin/seq-08/color/frame-000725.color.png pumpkin/seq-08/color/frame-000728.color.png 0.999697 0.0246326 -0.000410555 -0.00806653 -0.024636 0.999512 -0.0191994 -0.0204217 -6.25754e-05 0.0192037 0.999816 -0.00710154 0.0 0.0 0.0 1.0
pumpkin/seq-08/color/frame-000728.color.png pumpkin/seq-08/color/frame-000731.color.png 0.999545 0.0297329 0.00502348 -0.016935 -0.0296311 0.999376 -0.0192452 -0.0233005 -0.00559256 0.0190876 0.999802 -0.00959179 0.0 0.0 0.0 1.0
pumpkin/seq-08/color/frame-000731.color.png pumpkin/seq-08/color/frame-000734.color.png 0.999496 0.0316912 0.00201255 -0.00415671 -0.0316116 0.998996 -0.0317318 -0.00509578 -0.00301616 0.0316522 0.999494 0.00317457 0.0 0.0 0.0 1.0
pumpkin/seq-08/color/frame-000734.color.png pumpkin/seq-08/color/frame-000737.color.png 0.999611 0.0269356 -0.00725712 -0.0151237 -0.0270748 0.999437 -0.0198178 -0.0350451 0.00671923 0.0200066 0.999777 -0.0147376 0.0 0.0 0.0 1.0
pumpkin/seq-08/color/frame-000737.color.png pumpkin/seq-08/color/frame-000740.color.png 0.998941 0.0411713 -0.0205475 -0.022031 -0.0418795 0.998498 -0.0353203 -0.023836 0.0190624 0.0361434 0.999165 -0.0163156 0.0 0.0 0.0 1.0
pumpkin/seq-08/color/frame-000740.color.png pumpkin/seq-08/color/frame-000743.color.png 0.99874 0.0280208 -0.0416333 -0.0254217 -0.0294029 0.999024 -0.0329631 -0.0129921 0.040669 0.0341457 0.998589 -0.0272621 0.0 0.0 0.0 1.0
pumpkin/seq-08/color/frame-000743.color.png pumpkin/seq-08/color/frame-000746.color.png 0.998252 0.0177631 -0.0563666 -0.0539567 -0.0192201 0.999492 -0.0254149 -0.0181354 0.0558865 0.0264538 0.998087 -0.0419658 0.0 0.0 0.0 1.0
pumpkin/seq-08/color/frame-000746.color.png pumpkin/seq-08/color/frame-000749.color.png 0.998352 0.0165742 -0.0549355 -0.0280337 -0.0176373 0.999665 -0.0189205 0.00411683 0.0546036 0.0198582 0.998311 -0.0244203 0.0 0.0 0.0 1.0
pumpkin/seq-08/color/frame-000749.color.png pumpkin/seq-08/color/frame-000752.color.png 0.998565 0.00375054 -0.0534209 -0.0436164 -0.00395117 0.999986 -0.00365165 -0.00290293 0.0534064 0.0038576 0.998565 -0.0395291 0.0 0.0 0.0 1.0
pumpkin/seq-08/color/frame-000752.color.png pumpkin/seq-08/color/frame-000755.color.png 0.998895 0.00133258 -0.0469716 -0.0436372 -0.0015099 0.999992 -0.00374045 0.00925499 0.0469662 0.00380722 0.998889 -0.0314789 0.0 0.0 0.0 1.0
pumpkin/seq-08/color/frame-000755.color.png pumpkin/seq-08/color/frame-000758.color.png 0.998349 0.00371227 -0.0573153 -0.0438106 -0.00390687 0.999987 -0.00328526 -0.00223452 0.0573023 0.00350375 0.998351 -0.0408688 0.0 0.0 0.0 1.0
pumpkin/seq-08/color/frame-000758.color.png pumpkin/seq-08/color/frame-000761.color.png 0.999336 0.00809178 -0.0355182 -0.0266095 -0.00772394 0.999915 0.0104859 0.00529581 0.0355999 -0.0102046 0.999314 -0.0371819 0.0 0.0 0.0 1.0
pumpkin/seq-08/color/frame-000761.color.png pumpkin/seq-08/color/frame-000764.color.png 0.99925 -0.00789895 -0.0379145 -0.0533201 0.00782562 0.999967 -0.00208245 0.00580013 0.0379297 0.00178421 0.999279 -0.026384 0.0 0.0 0.0 1.0
pumpkin/seq-08/color/frame-000764.color.png pumpkin/seq-08/color/frame-000767.color.png 0.998921 -0.0378089 -0.0269709 -0.046231 0.0379936 0.999258 0.0063676 -0.0175079 0.0267101 -0.00738549 0.999616 -0.00270644 0.0 0.0 0.0 1.0
pumpkin/seq-08/color/frame-000767.color.png pumpkin/seq-08/color/frame-000770.color.png 0.998854 -0.0474982 0.00589505 -0.0503699 0.0474089 0.998771 0.0144797 -0.0330033 -0.00657553 -0.0141836 0.999878 0.0257447 0.0 0.0 0.0 1.0
pumpkin/seq-08/color/frame-000770.color.png pumpkin/seq-08/color/frame-000773.color.png 0.997925 -0.0526538 0.0370506 -0.0482309 0.0518608 0.998411 0.0220424 -0.0310398 -0.0381523 -0.0200751 0.99907 0.0404063 0.0 0.0 0.0 1.0
pumpkin/seq-08/color/frame-000773.color.png pumpkin/seq-08/color/frame-000776.color.png 0.99771 -0.0604615 0.0303171 -0.0739121 0.0601996 0.998141 0.00948287 -0.0235894 -0.0308342 -0.00763613 0.999496 0.0111509 0.0 0.0 0.0 1.0
pumpkin/seq-08/color/frame-000776.color.png pumpkin/seq-08/color/frame-000779.color.png 0.997374 -0.0713542 0.0124355 -0.0863608 0.0709708 0.997058 0.0289413 -0.0306114 -0.014464 -0.0279827 0.999504 0.00492495 0.0 0.0 0.0 1.0
pumpkin/seq-08/color/frame-000779.color.png pumpkin/seq-08/color/frame-000782.color.png 0.998021 -0.0609066 0.0156193 -0.0875529 0.0605571 0.997923 0.021956 -0.00664157 -0.0169242 -0.0209667 0.999637 0.0127093 0.0 0.0 0.0 1.0
pumpkin/seq-08/color/frame-000782.color.png pumpkin/seq-08/color/frame-000785.color.png 0.99822 -0.0586871 0.010664 -0.100982 0.0583921 0.997952 0.0261304 -0.00904369 -0.0121756 -0.0254612 0.999602 -0.00481847 0.0 0.0 0.0 1.0
pumpkin/seq-08/color/frame-000785.color.png pumpkin/seq-08/color/frame-000788.color.png 0.998494 -0.0526506 0.0154346 -0.0713051 0.0522631 0.998332 0.0245182 -0.00392783 -0.0166998 -0.0236747 0.99958 0.00118643 0.0 0.0 0.0 1.0
pumpkin/seq-08/color/frame-000788.color.png pumpkin/seq-08/color/frame-000791.color.png 0.999432 -0.0316314 0.011613 -0.0523143 0.0315036 0.999443 0.0110243 -0.00999045 -0.0119552 -0.0106521 0.999872 0.0166612 0.0 0.0 0.0 1.0
pumpkin/seq-08/color/frame-000791.color.png pumpkin/seq-08/color/frame-000794.color.png 0.999207 -0.0394728 0.00516 -0.0448567 0.0393408 0.998948 0.0235774 -0.0209455 -0.00608527 -0.0233557 0.999709 -0.00274646 0.0 0.0 0.0 1.0
pumpkin/seq-08/color/frame-000794.color.png pumpkin/seq-08/color/frame-000797.color.png 0.998284 -0.0583733 0.00459499 -0.0730018 0.0582864 0.998152 0.0172053 0.0143266 -0.00559084 -0.016908 0.999842 0.000203878 0.0 0.0 0.0 1.0
pumpkin/seq-08/color/frame-000797.color.png pumpkin/seq-08/color/frame-000800.color.png 0.999365 -0.03405 0.0105254 -0.0359482 0.0338599 0.999269 0.0177454 0.00869012 -0.0111219 -0.0173777 0.999787 0.0127258 0.0 0.0 0.0 1.0
pumpkin/seq-08/color/frame-000800.color.png pumpkin/seq-08/color/frame-000803.color.png 0.997602 -0.0692124 8.10844e-05 -0.0553864 0.06921 0.997576 0.00717137 -0.00511959 -0.000577271 -0.00714855 0.999974 0.0152484 0.0 0.0 0.0 1.0
pumpkin/seq-08/color/frame-000803.color.png pumpkin/seq-08/color/frame-000806.color.png 0.996921 -0.0757004 -0.0204566 -0.0405746 0.075957 0.997038 0.0120682 -0.0230997 0.0194825 -0.0135849 0.999718 0.000675678 0.0 0.0 0.0 1.0
pumpkin/seq-08/color/frame-000806.color.png pumpkin/seq-08/color/frame-000809.color.png 0.999614 -0.0273054 0.00520282 -0.047116 0.0273347 0.99961 -0.00565061 0.0319525 -0.00504655 0.00579065 0.999971 0.0204704 0.0 0.0 0.0 1.0
pumpkin/seq-08/color/frame-000809.color.png pumpkin/seq-08/color/frame-000812.color.png 0.997732 -0.067231 -0.00327786 -0.0482293 0.0672299 0.997737 -0.0004374 0.0243606 0.00329991 0.000216033 0.999995 0.0422569 0.0 0.0 0.0 1.0
pumpkin/seq-08/color/frame-000812.color.png pumpkin/seq-08/color/frame-000815.color.png 0.998691 -0.0330374 0.0390469 -0.0468802 0.0331503 0.999448 -0.00224706 0.0306078 -0.0389511 0.00353854 0.999235 0.031552 0.0 0.0 0.0 1.0
pumpkin/seq-08/color/frame-000815.color.png pumpkin/seq-08/color/frame-000818.color.png 0.998381 -0.0454135 0.0342408 -0.0301114 0.0444604 0.998616 0.0281012 0.0031037 -0.0354696 -0.0265334 0.999018 0.0101078 0.0 0.0 0.0 1.0
pumpkin/seq-08/color/frame-000818.color.png pumpkin/seq-08/color/frame-000821.color.png 0.999625 -0.00567805 0.026784 -0.0428075 0.00510833 0.99976 0.0212933 0.030078 -0.0268985 -0.0211485 0.999414 0.00743339 0.0 0.0 0.0 1.0
pumpkin/seq-08/color/frame-000821.color.png pumpkin/seq-08/color/frame-000824.color.png 0.999697 -0.0227784 0.00930443 -0.0383272 0.0225272 0.999401 0.0262612 0.0359058 -0.00989705 -0.0260437 0.999612 0.0251257 0.0 0.0 0.0 1.0
pumpkin/seq-08/color/frame-000824.color.png pumpkin/seq-08/color/frame-000827.color.png 0.999082 -0.00563833 0.0424751 -0.0316297 0.00505557 0.999892 0.0138145 0.0203022 -0.0425484 -0.013587 0.999002 0.00676052 0.0 0.0 0.0 1.0
pumpkin/seq-08/color/frame-000827.color.png pumpkin/seq-08/color/frame-000830.color.png 0.999687 -0.0136227 0.0209654 -0.0642965 0.0131496 0.999659 0.0225445 0.00360927 -0.0212654 -0.0222618 0.999526 -0.00624387 0.0 0.0 0.0 1.0
pumpkin/seq-08/color/frame-000830.color.png pumpkin/seq-08/color/frame-000833.color.png 0.999984 -0.00534807 0.00186574 -0.0432464 0.00533789 0.999971 0.00541662 0.0191309 -0.00189465 -0.00540658 0.999984 0.00728042 0.0 0.0 0.0 1.0
pumpkin/seq-08/color/frame-000833.color.png pumpkin/seq-08/color/frame-000836.color.png 0.999796 0.00403603 0.019798 -0.0485957 -0.00425179 0.999932 0.0108684 0.0124761 -0.0197527 -0.0109504 0.999745 0.0070955 0.0 0.0 0.0 1.0
pumpkin/seq-08/color/frame-000836.color.png pumpkin/seq-08/color/frame-000839.color.png 0.99983 -0.0112485 0.0146165 -0.0489711 0.0111622 0.99992 0.00597518 0.0190909 -0.0146826 -0.00581103 0.999875 -0.000811368 0.0 0.0 0.0 1.0
pumpkin/seq-08/color/frame-000839.color.png pumpkin/seq-08/color/frame-000842.color.png 0.999464 -0.00218593 0.0326614 -0.065813 0.00208457 0.999993 0.00313398 0.0298347 -0.032668 -0.00306421 0.999462 0.00167235 0.0 0.0 0.0 1.0
pumpkin/seq-08/color/frame-000842.color.png pumpkin/seq-08/color/frame-000845.color.png 0.999191 -0.0180737 0.0359215 -0.0537248 0.0177305 0.999794 0.00985516 0.0592272 -0.0360922 -0.00921028 0.999306 -0.003021 0.0 0.0 0.0 1.0
pumpkin/seq-08/color/frame-000845.color.png pumpkin/seq-08/color/frame-000848.color.png 0.999227 -0.0204862 0.0335513 -0.037267 0.019584 0.999444 0.0269957 0.0281131 -0.0340856 -0.0263177 0.999072 -0.0154245 0.0 0.0 0.0 1.0
pumpkin/seq-08/color/frame-000848.color.png pumpkin/seq-08/color/frame-000851.color.png 0.999477 -0.0135273 0.0293752 -0.0434869 0.0131857 0.999843 0.0117947 0.023127 -0.0295302 -0.0114013 0.999499 -0.00445715 0.0 0.0 0.0 1.0
pumpkin/seq-08/color/frame-000851.color.png pumpkin/seq-08/color/frame-000854.color.png 0.999942 -0.00925937 0.0055371 -0.0211816 0.00916729 0.999823 0.0164405 0.0310845 -0.00568839 -0.0163888 0.999849 -0.00251705 0.0 0.0 0.0 1.0
pumpkin/seq-08/color/frame-000854.color.png pumpkin/seq-08/color/frame-000857.color.png 0.999973 -0.0015033 0.00721883 -0.0301983 0.00133572 0.999731 0.0231506 0.0193472 -0.00725166 -0.0231404 0.999706 -0.00825793 0.0 0.0 0.0 1.0
pumpkin/seq-08/color/frame-000857.color.png pumpkin/seq-08/color/frame-000860.color.png 0.99969 0.00513091 0.0243596 -0.0454752 -0.00569342 0.999717 0.0230798 0.0185787 -0.0242344 -0.0232113 0.999437 -0.0146027 0.0 0.0 0.0 1.0
pumpkin/seq-08/color/frame-000860.color.png pumpkin/seq-08/color/frame-000863.color.png 0.999899 -0.0126174 0.00650709 -0.0314502 0.0123601 0.999195 0.0381678 0.0349931 -0.00698341 -0.0380835 0.99925 -0.0123977 0.0 0.0 0.0 1.0
pumpkin/seq-08/color/frame-000863.color.png pumpkin/seq-08/color/frame-000866.color.png 0.999878 -0.0108469 0.011248 -0.0339843 0.0106198 0.999743 0.0200524 0.0173618 -0.0114627 -0.0199305 0.999736 -0.00907652 0.0 0.0 0.0 1.0
pumpkin/seq-08/color/frame-000866.color.png pumpkin/seq-08/color/frame-000869.color.png 0.999894 -0.0128838 0.006822 -0.0392907 0.0127515 0.999736 0.0191018 0.0233234 -0.00706633 -0.0190128 0.999794 -0.00543115 0.0 0.0 0.0 1.0
pumpkin/seq-08/color/frame-000869.color.png pumpkin/seq-08/color/frame-000872.color.png 0.999746 0.0225392 0.000248287 -0.0449353 -0.0225326 0.99903 0.0378256 -0.00139683 0.000604624 -0.0378216 0.999284 -0.00293782 0.0 0.0 0.0 1.0
pumpkin/seq-08/color/frame-000872.color.png pumpkin/seq-08/color/frame-000875.color.png 0.999766 0.0215988 -0.0012801 -0.0339946 -0.021553 0.999354 0.0287642 -0.0143712 0.00190046 -0.0287298 0.999585 9.74536e-06 0.0 0.0 0.0 1.0
pumpkin/seq-08/color/frame-000875.color.png pumpkin/seq-08/color/frame-000878.color.png 0.999542 0.0300612 -0.00346415 -0.0427104 -0.0299496 0.99914 0.028675 -0.024777 0.00432307 -0.0285582 0.999583 0.00511342 0.0 0.0 0.0 1.0
pumpkin/seq-08/color/frame-000878.color.png pumpkin/seq-08/color/frame-000881.color.png 0.99985 0.0171589 0.00238781 -0.0288835 -0.0172019 0.999666 0.0192685 -0.00941631 -0.00205631 -0.0193067 0.999812 -0.00103482 0.0 0.0 0.0 1.0
pumpkin/seq-08/color/frame-000881.color.png pumpkin/seq-08/color/frame-000884.color.png 0.999604 0.0178212 0.021799 -0.0472475 -0.0181264 0.999739 0.0138857 -0.0103683 -0.0215459 -0.0142753 0.999666 -0.0156762 0.0 0.0 0.0 1.0
pumpkin/seq-08/color/frame-000884.color.png pumpkin/seq-08/color/frame-000887.color.png 0.999632 -0.011329 0.0246333 -0.0341659 0.0109686 0.999831 0.0147185 -0.00122269 -0.0247958 -0.0144429 0.999588 -0.0200606 0.0 0.0 0.0 1.0
pumpkin/seq-08/color/frame-000887.color.png pumpkin/seq-08/color/frame-000890.color.png 0.999695 -0.0024323 0.0245795 -0.0475183 0.00232907 0.999988 0.00422591 0.00981988 -0.0245896 -0.00416738 0.999689 -0.0123675 0.0 0.0 0.0 1.0
pumpkin/seq-08/color/frame-000890.color.png pumpkin/seq-08/color/frame-000893.color.png 0.999897 -0.0123188 0.00731498 -0.0145091 0.0122254 0.999845 0.0126711 0.0154511 -0.00746992 -0.0125804 0.999893 -0.0137881 0.0 0.0 0.0 1.0
pumpkin/seq-08/color/frame-000893.color.png pumpkin/seq-08/color/frame-000896.color.png 0.999241 -0.0137819 0.0364323 -0.0407878 0.0126731 0.999455 0.0304922 -0.0114996 -0.0368326 -0.0300073 0.998871 -0.0383508 0.0 0.0 0.0 1.0
pumpkin/seq-08/color/frame-000896.color.png pumpkin/seq-08/color/frame-000899.color.png 0.999615 0.00524085 0.0272529 -0.0118957 -0.00554892 0.999921 0.0112406 -0.00869243 -0.0271919 -0.0113874 0.999565 -0.0446593 0.0 0.0 0.0 1.0
pumpkin/seq-08/color/frame-000899.color.png pumpkin/seq-08/color/frame-000902.color.png 0.999457 0.00482938 0.0326097 -0.0419689 -0.00523557 0.99991 0.0123831 -0.0171853 -0.0325469 -0.0125471 0.999391 -0.0317009 0.0 0.0 0.0 1.0
pumpkin/seq-08/color/frame-000902.color.png pumpkin/seq-08/color/frame-000905.color.png 0.999504 0.00213614 0.0314061 -0.0159433 -0.00239608 0.999963 0.00824074 -0.0148091 -0.0313874 -0.00831191 0.999473 -0.0424824 0.0 0.0 0.0 1.0
pumpkin/seq-08/color/frame-000905.color.png pumpkin/seq-08/color/frame-000908.color.png 0.998869 0.00658409 0.0470835 -0.024927 -0.00658049 0.999978 -0.000229904 -0.0369447 -0.0470839 -8.01137e-05 0.998891 -0.0565455 0.0 0.0 0.0 1.0
pumpkin/seq-08/color/frame-000908.color.png pumpkin/seq-08/color/frame-000911.color.png 0.999036 0.0172603 0.0403644 -0.014174 -0.0170064 0.999833 -0.00662509 -0.0280628 -0.040472 0.00593218 0.999163 -0.0560775 0.0 0.0 0.0 1.0
pumpkin/seq-08/color/frame-000911.color.png pumpkin/seq-08/color/frame-000914.color.png 0.999077 0.0036654 0.0427907 -0.00316179 -0.00265357 0.999716 -0.0236799 -0.0197226 -0.0428654 0.0235445 0.998803 -0.0499118 0.0 0.0 0.0 1.0
pumpkin/seq-08/color/frame-000914.color.png pumpkin/seq-08/color/frame-000917.color.png 0.999296 0.00398438 0.0373036 -0.0151894 -0.00360295 0.999941 -0.0102846 -0.0321509 -0.0373423 0.010143 0.999251 -0.0369765 0.0 0.0 0.0 1.0
pumpkin/seq-08/color/frame-000917.color.png pumpkin/seq-08/color/frame-000920.color.png 0.998316 0.0350052 0.0462601 -0.0269865 -0.0342528 0.999269 -0.0169591 -0.0564387 -0.0468201 0.0153459 0.998785 -0.0397662 0.0 0.0 0.0 1.0
pumpkin/seq-08/color/frame-000920.color.png pumpkin/seq-08/color/frame-000923.color.png 0.99969 0.0160309 0.0190494 -0.0063082 -0.0157213 0.999744 -0.0163018 -0.0184238 -0.0193058 0.0159973 0.999686 -0.0256925 0.0 0.0 0.0 1.0
pumpkin/seq-08/color/frame-000923.color.png pumpkin/seq-08/color/frame-000926.color.png 0.999482 0.00258348 0.0320775 0.00131714 -0.00223365 0.999938 -0.0109325 -0.0265415 -0.0321039 0.0108552 0.999426 -0.0422889 0.0 0.0 0.0 1.0
pumpkin/seq-08/color/frame-000926.color.png pumpkin/seq-08/color/frame-000929.color.png 0.999632 0.00825092 0.0258572 0.0110226 -0.00785562 0.999851 -0.0153531 -0.007725 -0.0259799 0.0151443 0.999548 -0.0480173 0.0 0.0 0.0 1.0
pumpkin/seq-08/color/frame-000929.color.png pumpkin/seq-08/color/frame-000932.color.png 0.999345 0.0102404 0.0347108 0.00336206 -0.0100838 0.999938 -0.00468353 -0.0526534 -0.0347566 0.00433045 0.999386 -0.0347228 0.0 0.0 0.0 1.0
pumpkin/seq-08/color/frame-000932.color.png pumpkin/seq-08/color/frame-000935.color.png 0.999868 -0.00406072 0.0157672 0.0210574 0.00416545 0.999969 -0.0066154 -0.0216093 -0.0157398 0.00668022 0.999854 -0.0205566 0.0 0.0 0.0 1.0
pumpkin/seq-08/color/frame-000935.color.png pumpkin/seq-08/color/frame-000938.color.png 0.999072 0.0338458 0.0266191 0.0190398 -0.0329952 0.99895 -0.0317716 -0.102475 -0.0276667 0.0308638 0.999141 -0.0238319 0.0 0.0 0.0 1.0
pumpkin/seq-08/color/frame-000938.color.png pumpkin/seq-08/color/frame-000941.color.png 0.999092 0.0334008 0.0264501 0.0171013 -0.0326268 0.999042 -0.0291771 -0.0448363 -0.0273992 0.0282876 0.999224 -0.0163241 0.0 0.0 0.0 1.0
pumpkin/seq-08/color/frame-000941.color.png pumpkin/seq-08/color/frame-000944.color.png 0.998771 0.0215209 0.0446399 0.0370557 -0.020984 0.999702 -0.0124585 -0.0763752 -0.0448949 0.0115064 0.998926 -0.0541607 0.0 0.0 0.0 1.0
pumpkin/seq-08/color/frame-000944.color.png pumpkin/seq-08/color/frame-000947.color.png 0.998749 0.0422922 0.0266657 0.0319934 -0.0417414 0.99891 -0.020887 -0.0737228 -0.0275199 0.0197479 0.999426 -0.0230458 0.0 0.0 0.0 1.0
pumpkin/seq-08/color/frame-000947.color.png pumpkin/seq-08/color/frame-000950.color.png 0.999135 0.0413617 -0.00425434 0.0285246 -0.0414055 0.999084 -0.0107956 -0.0813462 0.00380386 0.0109624 0.999933 -0.0129918 0.0 0.0 0.0 1.0
pumpkin/seq-08/color/frame-000950.color.png pumpkin/seq-08/color/frame-000953.color.png 0.998899 0.0429767 -0.0188117 0.0426015 -0.0430071 0.999074 -0.00121397 -0.0647219 0.0187421 0.00202163 0.999822 0.0158066 0.0 0.0 0.0 1.0
pumpkin/seq-08/color/frame-000953.color.png pumpkin/seq-08/color/frame-000956.color.png 0.996678 0.0703001 -0.0411145 0.0598585 -0.0706424 0.997478 -0.00693163 -0.112585 0.0405236 0.00981305 0.99913 0.0422004 0.0 0.0 0.0 1.0
pumpkin/seq-08/color/frame-000956.color.png pumpkin/seq-08/color/frame-000959.color.png 0.995857 0.0898747 -0.0138044 0.0849016 -0.0901925 0.995624 -0.0244436 -0.128673 0.0115471 0.0255874 0.999606 0.0192167 0.0 0.0 0.0 1.0
pumpkin/seq-08/color/frame-000959.color.png pumpkin/seq-08/color/frame-000962.color.png 0.996194 0.082753 -0.0273672 0.0886582 -0.0835343 0.99609 -0.0287547 -0.0957937 0.0248806 0.0309313 0.999212 0.00690915 0.0 0.0 0.0 1.0
pumpkin/seq-08/color/frame-000962.color.png pumpkin/seq-08/color/frame-000965.color.png 0.994355 0.0640139 -0.0846163 0.0918813 -0.0647384 0.997885 -0.00584294 -0.0293475 0.0840633 0.0112879 0.996396 0.0241392 0.0 0.0 0.0 1.0
pumpkin/seq-08/color/frame-000965.color.png pumpkin/seq-08/color/frame-000968.color.png 0.996026 0.0488081 -0.0745059 0.0340219 -0.0483324 0.998798 0.00817675 -0.031433 0.0748155 -0.00454334 0.997187 0.0533665 0.0 0.0 0.0 1.0
pumpkin/seq-08/color/frame-000968.color.png pumpkin/seq-08/color/frame-000971.color.png 0.996872 0.0324945 -0.0720375 0.0294326 -0.0319288 0.99945 0.0089901 -0.0290307 0.0722899 -0.0066618 0.997361 0.0568573 0.0 0.0 0.0 1.0
pumpkin/seq-08/color/frame-000971.color.png pumpkin/seq-08/color/frame-000974.color.png 0.99805 0.0373986 -0.0499832 0.0201389 -0.037015 0.999278 0.00857907 -0.0374094 0.0502679 -0.00671222 0.998713 0.042862 0.0 0.0 0.0 1.0
pumpkin/seq-08/color/frame-000974.color.png pumpkin/seq-08/color/frame-000977.color.png 0.997888 0.00573407 -0.0647058 0.0230796 -0.00518801 0.99995 0.00860384 -0.0182185 0.0647519 -0.00825001 0.997867 0.0215139 0.0 0.0 0.0 1.0
pumpkin/seq-08/color/frame-000977.color.png pumpkin/seq-08/color/frame-000980.color.png 0.998262 0.000464632 -0.0589344 -0.0141571 -0.000658283 0.999995 -0.00326656 -0.000264466 0.0589325 0.00329964 0.998257 0.0637942 0.0 0.0 0.0 1.0
pumpkin/seq-08/color/frame-000980.color.png pumpkin/seq-08/color/frame-000983.color.png 0.998023 0.0241821 -0.0580126 0.0496055 -0.0229383 0.999494 0.0220111 -0.0221704 0.0585155 -0.0206368 0.998073 0.0226067 0.0 0.0 0.0 1.0
pumpkin/seq-08/color/frame-000983.color.png pumpkin/seq-08/color/frame-000986.color.png 0.999623 0.0070876 -0.0265339 -0.00430995 -0.00665928 0.999847 0.0161965 -0.000700176 0.0266446 -0.0160136 0.999517 0.0359712 0.0 0.0 0.0 1.0
pumpkin/seq-08/color/frame-000986.color.png pumpkin/seq-08/color/frame-000989.color.png 0.999116 0.0116193 -0.040393 0.0307933 -0.00980067 0.998942 0.044933 -0.026589 0.0408724 -0.0444974 0.998173 0.00567026 0.0 0.0 0.0 1.0
pumpkin/seq-08/color/frame-000989.color.png pumpkin/seq-08/color/frame-000992.color.png 0.999539 0.0267243 -0.0143878 -0.00805122 -0.0266201 0.999618 0.00738651 0.0387365 0.0145797 -0.0070001 0.999869 0.030705 0.0 0.0 0.0 1.0
pumpkin/seq-08/color/frame-000992.color.png pumpkin/seq-08/color/frame-000995.color.png 0.999345 0.000397808 -0.0361732 0.00677073 0.000617196 0.999606 0.0280447 -0.0071739 0.0361701 -0.0280487 0.998952 0.0169564 0.0 0.0 0.0 1.0
pumpkin/seq-08/color/frame-000995.color.png pumpkin/seq-08/color/frame-000998.color.png 0.999606 0.00236112 -0.0279594 0.0181273 -0.00151898 0.999546 0.0301032 -0.0156444 0.0280178 -0.0300489 0.999156 0.00935861 0.0 0.0 0.0 1.0
