office/seq-04/color/frame-000001.color.png office/seq-04/color/frame-000004.color.png 0.999962 0.00777048 0.00392492 0.000770079 -0.00780573 0.999929 0.00904628 -0.0017655 -0.00385434 -0.00907657 0.999951 0.00696767 0.0 0.0 0.0 1.0
office/seq-04/color/frame-000004.color.png office/seq-04/color/frame-000007.color.png 0.999905 0.0103921 0.0090351 -0.00583951 -0.010452 0.999924 0.00661423 0.0043522 -0.00896568 -0.00670803 0.999937 0.00917059 0.0 0.0 0.0 1.0
office/seq-04/color/frame-000007.color.png office/seq-04/color/frame-000010.color.png 0.999913 0.0121603 -0.00514727 -0.00134379 -0.0120598 0.999744 0.0191268 0.0032296 0.00537854 -0.019063 0.999804 0.0138534 0.0 0.0 0.0 1.0
office/seq-04/color/frame-000010.color.png office/seq-04/color/frame-000013.color.png 0.999978 0.00102275 0.00653869 0.00162098 -0.00122202 0.999533 0.030544 -0.0269141 -0.00650439 -0.0305513 0.999512 0.030422 0.0 0.0 0.0 1.0
office/seq-04/color/frame-000013.color.png office/seq-04/color/frame-000016.color.png 0.999732 -0.00840237 0.021579 0.00300584 0.00781393 0.999599 0.02721 -0.00527386 -0.021799 -0.0270341 0.999397 0.0257359 0.0 0.0 0.0 1.0
office/seq-04/color/frame-000016.color.png office/seq-04/color/frame-000019.color.png 0.999765 -0.00433792 0.0212471 0.00247875 0.00396009 0.999834 0.0177932 -0.0207323 -0.0213207 -0.0177048 0.999616 0.0317139 0.0 0.0 0.0 1.0
office/seq-04/color/frame-000019.color.png office/seq-04/color/frame-000022.color.png 0.999817 -0.00926629 0.0167466 -0.0103873 0.00884963 0.999654 0.0247858 -0.0170165 -0.0169705 -0.024633 0.999553 0.0263855 0.0 0.0 0.0 1.0
office/seq-04/color/frame-000022.color.png office/seq-04/color/frame-000025.color.png 0.999821 0.0100953 0.0160065 -0.00924254 -0.0106322 0.999371 0.0338209 -0.0248283 -0.0156551 -0.0339851 0.9993 0.0284209 0.0 0.0 0.0 1.0
office/seq-04/color/frame-000025.color.png office/seq-04/color/frame-000028.color.png 0.999963 -0.00250249 0.00817374 -0.0156862 0.00223161 0.999454 0.0329825 -0.0397139 -0.00825182 -0.032963 0.999423 0.0336708 0.0 0.0 0.0 1.0
office/seq-04/color/frame-000028.color.png office/seq-04/color/frame-000031.color.png 0.999995 -0.000917491 -0.00290104 -0.00151295 0.00101077 0.999477 0.032318 -0.0440166 0.00286987 -0.0323207 0.999473 0.0413752 0.0 0.0 0.0 1.0
office/seq-04/color/frame-000031.color.png office/seq-04/color/frame-000034.color.png 0.999981 0.00227775 0.00572211 -0.00915533 -0.00236038 0.999892 0.0144765 -0.0392605 -0.00568851 -0.0144898 0.999879 0.0277778 0.0 0.0 0.0 1.0
office/seq-04/color/frame-000034.color.png office/seq-04/color/frame-000037.color.png 0.999699 -0.0219226 0.0109811 -0.00199106 0.0219479 0.999757 -0.00218933 -0.0270903 -0.0109304 0.0024297 0.999937 0.0313092 0.0 0.0 0.0 1.0
office/seq-04/color/frame-000037.color.png office/seq-04/color/frame-000040.color.png 0.999991 -0.00402685 -0.000900143 0.00739148 0.00402047 0.999968 -0.0069848 -0.0147017 0.000928218 0.0069811 0.999975 0.0213349 0.0 0.0 0.0 1.0
office/seq-04/color/frame-000040.color.png office/seq-04/color/frame-000043.color.png 0.999998 -0.00156553 0.00148631 0.0093169 0.00156408 0.999998 0.000981282 -0.0138576 -0.00148782 -0.000978963 0.999998 0.0254213 0.0 0.0 0.0 1.0
office/seq-04/color/frame-000043.color.png office/seq-04/color/frame-000046.color.png 0.999949 0.00228979 0.00983887 0.0171019 -0.00228679 0.999997 -0.000316755 -0.00931875 -0.00983957 0.000294257 0.999952 0.0264117 0.0 0.0 0.0 1.0
office/seq-04/color/frame-000046.color.png office/seq-04/color/frame-000049.color.png 0.999871 -0.00902951 0.0132997 0.0227641 0.0089179 0.999925 0.00842799 -0.0414539 -0.0133748 -0.00830829 0.999876 0.0257486 0.0 0.0 0.0 1.0
office/seq-04/color/frame-000049.color.png office/seq-04/color/frame-000052.color.png 0.99941 -0.0256153 0.0228734 0.00535124 0.0258891 0.999596 -0.0117543 -0.00693807 -0.022563 0.0123395 0.999669 0.0224957 0.0 0.0 0.0 1.0
office/seq-04/color/frame-000052.color.png office/seq-04/color/frame-000055.color.png 0.99951 -0.0113875 0.0291656 0.0207496 0.011816 0.999824 -0.0145637 0.0134527 -0.0289946 0.0149012 0.999468 0.0154432 0.0 0.0 0.0 1.0
office/seq-04/color/frame-000055.color.png office/seq-04/color/frame-000058.color.png 0.999817 -0.00563888 0.0182706 0.0023159 0.00541214 0.999908 0.0124367 -0.0251968 -0.0183391 -0.0123355 0.999756 0.0172898 0.0 0.0 0.0 1.0
office/seq-04/color/frame-000058.color.png office/seq-04/color/frame-000061.color.png 0.99979 -0.0168468 0.0117025 0.00353535 0.0168951 0.999849 -0.00403846 -0.00312653 -0.0116326 0.00423536 0.999923 0.0176112 0.0 0.0 0.0 1.0
office/seq-04/color/frame-000061.color.png office/seq-04/color/frame-000064.color.png 0.999904 -0.00855127 0.0108707 0.0140635 0.00848587 0.999946 0.00604869 -0.00950751 -0.0109218 -0.00595589 0.999923 0.0290592 0.0 0.0 0.0 1.0
office/seq-04/color/frame-000064.color.png office/seq-04/color/frame-000067.color.png 0.999959 -0.00250646 0.00874417 0.00810261 0.00256965 0.999971 -0.00722659 0.00352463 -0.00872577 0.00724878 0.999936 0.0248094 0.0 0.0 0.0 1.0
office/seq-04/color/frame-000067.color.png office/seq-04/color/frame-000070.color.png 0.999967 -0.00310093 -0.00751705 0.0408863 0.00317389 0.999948 0.00971146 -0.0220985 0.00748649 -0.00973501 0.999924 0.0191937 0.0 0.0 0.0 1.0
office/seq-04/color/frame-000070.color.png office/seq-04/color/frame-000073.color.png 0.99993 -0.00645457 0.00991949 0.00150351 0.00636981 0.999943 0.00854893 -0.0233646 -0.00997404 -0.00848523 0.999914 0.0338667 0.0 0.0 0.0 1.0
office/seq-04/color/frame-000073.color.png office/seq-04/color/frame-000076.color.png 0.999982 -0.000396436 0.00596779 0.0131737 0.000412987 0.999996 -0.00276769 -0.0068396 -0.00596673 0.00277018 0.999978 0.0342668 0.0 0.0 0.0 1.0
office/seq-04/color/frame-000076.color.png office/seq-04/color/frame-000079.color.png 0.999963 0.00241008 0.0082978 0.00429189 -0.00232967 0.99995 -0.00968619 -0.00202119 -0.00832072 0.00966652 0.999919 0.0331642 0.0 0.0 0.0 1.0
office/seq-04/color/frame-000079.color.png office/seq-04/color/frame-000082.color.png 0.999979 0.000264111 0.00640793 0.00399087 -0.000219411 0.999976 -0.0069746 -0.00520378 -0.00640964 0.00697306 0.999955 0.0430449 0.0 0.0 0.0 1.0
office/seq-04/color/frame-000082.color.png office/seq-04/color/frame-000085.color.png 0.999996 -0.00182683 -0.00201877 0.00961703 0.0018147 0.99998 -0.00598333 -0.0179234 0.00202967 0.00597962 0.99998 0.0396546 0.0 0.0 0.0 1.0
office/seq-04/color/frame-000085.color.png office/seq-04/color/frame-000088.color.png 0.99996 0.00449952 0.00765828 -0.000139832 -0.00447025 0.999983 -0.003835 -0.0154512 -0.00767539 0.00380059 0.999963 0.0426148 0.0 0.0 0.0 1.0
office/seq-04/color/frame-000088.color.png office/seq-04/color/frame-000091.color.png 0.999957 0.00918612 -0.000946356 0.00632878 -0.00919376 0.999922 -0.0084754 -0.00298265 0.000868415 0.00848376 0.999964 0.0394806 0.0 0.0 0.0 1.0
office/seq-04/color/frame-000091.color.png office/seq-04/color/frame-000094.color.png 0.99997 0.00673908 -0.00367661 0.00540593 -0.00676527 0.999952 -0.00715331 -0.00554416 0.00362828 0.00717799 0.999968 0.0369349 0.0 0.0 0.0 1.0
office/seq-04/color/frame-000094.color.png office/seq-04/color/frame-000097.color.png 0.999944 0.00754023 -0.00744519 0.00246982 -0.00752819 0.99997 0.00163956 -0.0093551 0.00745733 -0.00158341 0.999971 0.0275475 0.0 0.0 0.0 1.0
office/seq-04/color/frame-000097.color.png office/seq-04/color/frame-000100.color.png 0.999879 0.00981999 -0.0120875 0.00992031 -0.00981239 0.999952 0.000690719 -0.011405 0.0120936 -0.000572063 0.999927 0.0327862 0.0 0.0 0.0 1.0
office/seq-04/color/frame-000100.color.png office/seq-04/color/frame-000103.color.png 0.999675 0.0145806 -0.0209072 0.0237423 -0.0146475 0.999888 -0.00305103 -0.00185776 0.0208603 0.00335628 0.999777 0.02327 0.0 0.0 0.0 1.0
office/seq-04/color/frame-000103.color.png office/seq-04/color/frame-000106.color.png 0.999657 0.0113215 -0.0236167 0.0237921 -0.0114293 0.999925 -0.00443356 0.00150713 0.0235647 0.00470194 0.999711 0.0201802 0.0 0.0 0.0 1.0
office/seq-04/color/frame-000106.color.png office/seq-04/color/frame-000109.color.png 0.99949 0.0136149 -0.0288957 0.0353011 -0.0139382 0.999842 -0.0110161 0.0104979 0.0287412 0.0114132 0.999522 0.0242758 0.0 0.0 0.0 1.0
office/seq-04/color/frame-000109.color.png office/seq-04/color/frame-000112.color.png 0.999525 0.013559 -0.0276597 0.0298434 -0.0137296 0.999888 -0.00598835 -0.00328991 0.0275754 0.00636529 0.9996 0.0195912 0.0 0.0 0.0 1.0
office/seq-04/color/frame-000112.color.png office/seq-04/color/frame-000115.color.png 0.999484 0.0108695 -0.0302117 0.0359674 -0.0110075 0.99993 -0.00440445 -0.0101742 0.0301617 0.00473471 0.999534 0.0230497 0.0 0.0 0.0 1.0
office/seq-04/color/frame-000115.color.png office/seq-04/color/frame-000118.color.png 0.999365 0.0201822 -0.0293649 0.0383641 -0.0205065 0.999732 -0.0107856 0.0111279 0.0291393 0.0113809 0.999511 0.0186651 0.0 0.0 0.0 1.0
office/seq-04/color/frame-000118.color.png office/seq-04/color/frame-000121.color.png 0.999589 0.0149588 -0.0244595 0.0310407 -0.0147633 0.999858 0.00815705 -0.0141395 0.024578 -0.00779261 0.999668 0.0104777 0.0 0.0 0.0 1.0
office/seq-04/color/frame-000121.color.png office/seq-04/color/frame-000124.color.png 0.99935 0.0223509 -0.0282846 0.0326459 -0.0224132 0.999747 -0.00188778 -0.00204265 0.0282353 0.00252049 0.999598 0.0142387 0.0 0.0 0.0 1.0
office/seq-04/color/frame-000124.color.png office/seq-04/color/frame-000127.color.png 0.998972 0.0242706 -0.0382851 0.0425338 -0.0244674 0.99969 -0.00468167 0.00323248 0.0381595 0.00561359 0.999256 0.0121298 0.0 0.0 0.0 1.0
office/seq-04/color/frame-000127.color.png office/seq-04/color/frame-000130.color.png 0.998642 0.0248033 -0.0458153 0.0442536 -0.0254429 0.999586 -0.0134295 0.0154502 0.0454633 0.0145769 0.99886 0.0105858 0.0 0.0 0.0 1.0
office/seq-04/color/frame-000130.color.png office/seq-04/color/frame-000133.color.png 0.998745 0.0189511 -0.0463553 0.046681 -0.0191457 0.99981 -0.00375681 0.00975603 0.0462753 0.00463962 0.998918 0.00503826 0.0 0.0 0.0 1.0
office/seq-04/color/frame-000133.color.png office/seq-04/color/frame-000136.color.png 0.999618 0.00422644 -0.0273325 0.0137138 -0.00439268 0.999972 -0.00602466 0.00576282 0.0273063 0.00614239 0.999608 0.0021311 0.0 0.0 0.0 1.0
office/seq-04/color/frame-000136.color.png office/seq-04/color/frame-000139.color.png 0.999884 0.0121553 -0.00918072 -0.00975505 -0.0121984 0.999915 -0.00466217 0.0117791 0.00912327 0.00477364 0.999947 -0.0115877 0.0 0.0 0.0 1.0
office/seq-04/color/frame-000139.color.png office/seq-04/color/frame-000142.color.png 0.999979 0.000360821 -0.00645864 -0.0187284 -0.000358339 1.0 0.000390933 -0.00337839 0.00645877 -0.00038862 0.999979 -0.00438094 0.0 0.0 0.0 1.0
office/seq-04/color/frame-000142.color.png office/seq-04/color/frame-000145.color.png 0.999893 -0.0140584 -0.0039021 -0.0324068 0.014041 0.999891 -0.00447269 -0.00600672 0.00396452 0.00441742 0.999982 -0.00751054 0.0 0.0 0.0 1.0
office/seq-04/color/frame-000145.color.png office/seq-04/color/frame-000148.color.png 0.999935 -0.0039759 0.0107185 -0.0476974 0.00395051 0.999989 0.0023892 -0.00619072 -0.0107279 -0.00234669 0.99994 -0.0165474 0.0 0.0 0.0 1.0
office/seq-04/color/frame-000148.color.png office/seq-04/color/frame-000151.color.png 0.999898 -0.0121361 0.00756941 -0.0375642 0.0121772 0.999911 -0.00540849 0.0158918 -0.00750308 0.0055001 0.999957 -0.0115921 0.0 0.0 0.0 1.0
office/seq-04/color/frame-000151.color.png office/seq-04/color/frame-000154.color.png 0.999757 -0.00612473 0.0211771 -0.0569159 0.00621087 0.999973 -0.00400399 0.00967026 -0.021152 0.00413458 0.999768 -0.0172436 0.0 0.0 0.0 1.0
office/seq-04/color/frame-000154.color.png office/seq-04/color/frame-000157.color.png 0.999828 -0.0140523 0.0121473 -0.0486632 0.014066 0.999901 -0.00104519 -0.00434142 -0.0121314 0.00121586 0.999926 -0.0156717 0.0 0.0 0.0 1.0
office/seq-04/color/frame-000157.color.png office/seq-04/color/frame-000160.color.png 0.999983 -0.00547264 0.00199731 -0.0332816 0.00547511 0.999984 -0.00123551 -0.00439221 -0.0019905 0.00124641 0.999997 -0.01871 0.0 0.0 0.0 1.0
office/seq-04/color/frame-000160.color.png office/seq-04/color/frame-000163.color.png 0.999915 0.0110977 0.00680252 -0.0368633 -0.0110486 0.999913 -0.00722362 -0.000190914 -0.00688208 0.00714782 0.999951 -0.0253675 0.0 0.0 0.0 1.0
office/seq-04/color/frame-000163.color.png office/seq-04/color/frame-000166.color.png 0.999991 0.00431587 -0.000663528 -0.0233917 -0.00432275 0.999933 -0.0107339 0.0109839 0.000617135 0.0107368 0.999942 -0.0171142 0.0 0.0 0.0 1.0
office/seq-04/color/frame-000166.color.png office/seq-04/color/frame-000169.color.png 0.999858 0.0156353 -0.00636875 -0.00853533 -0.0157045 0.999817 -0.0109607 0.0202813 0.00619622 0.0110591 0.99992 -0.0302396 0.0 0.0 0.0 1.0
office/seq-04/color/frame-000169.color.png office/seq-04/color/frame-000172.color.png 0.99998 0.00482724 0.00402392 -0.0166841 -0.00481594 0.999984 -0.00281782 0.0119882 -0.00403746 0.00279837 0.999988 -0.0271464 0.0 0.0 0.0 1.0
office/seq-04/color/frame-000172.color.png office/seq-04/color/frame-000175.color.png 0.999991 0.00376758 0.00170609 -0.0152746 -0.00376814 0.999993 0.000353729 0.0106212 -0.00170473 -0.000360146 0.999998 -0.0247868 0.0 0.0 0.0 1.0
office/seq-04/color/frame-000175.color.png office/seq-04/color/frame-000178.color.png 0.999949 0.0046517 -0.00890659 -0.00412318 -0.0046285 0.999986 0.00262703 0.00898063 0.00891866 -0.00258569 0.999957 -0.0380041 0.0 0.0 0.0 1.0
office/seq-04/color/frame-000178.color.png office/seq-04/color/frame-000181.color.png 0.999953 0.00530425 -0.00813979 -0.00408633 -0.00521899 0.999932 0.0104639 -0.00477254 0.00819474 -0.0104209 0.999912 -0.0341174 0.0 0.0 0.0 1.0
office/seq-04/color/frame-000181.color.png office/seq-04/color/frame-000184.color.png 0.999933 0.006671 -0.00950281 -0.0107172 -0.00671552 0.999967 -0.00466444 0.0217369 0.00947137 0.00472792 0.999944 -0.0281519 0.0 0.0 0.0 1.0
office/seq-04/color/frame-000184.color.png office/seq-04/color/frame-000187.color.png 0.999725 0.00302193 -0.0232361 0.00438678 -0.00287941 0.999977 0.00616482 0.0132001 0.0232542 -0.00609621 0.999711 -0.0400859 0.0 0.0 0.0 1.0
office/seq-04/color/frame-000187.color.png office/seq-04/color/frame-000190.color.png 0.999914 0.00237748 -0.0129109 0.00211629 -0.00227754 0.999967 0.00775027 0.00570321 0.0129289 -0.0077202 0.999887 -0.0303733 0.0 0.0 0.0 1.0
office/seq-04/color/frame-000190.color.png office/seq-04/color/frame-000193.color.png 0.999894 0.00245334 -0.0143762 -0.00851047 -0.00233199 0.999962 0.00845337 0.000405431 0.0143964 -0.00841894 0.999861 -0.0324787 0.0 0.0 0.0 1.0
office/seq-04/color/frame-000193.color.png office/seq-04/color/frame-000196.color.png 0.999934 -0.000395695 -0.0114825 0.00114465 0.00043298 0.999995 0.00324616 0.0021227 0.0114812 -0.00325092 0.999929 -0.0233796 0.0 0.0 0.0 1.0
office/seq-04/color/frame-000196.color.png office/seq-04/color/frame-000199.color.png 0.999941 -0.000729098 -0.0108181 -0.00905448 0.000598325 0.999927 -0.0120868 0.016251 0.0108261 0.0120796 0.999868 -0.025961 0.0 0.0 0.0 1.0
office/seq-04/color/frame-000199.color.png office/seq-04/color/frame-000202.color.png 0.999882 0.0114512 -0.0101928 -0.00810447 -0.0115342 0.999901 -0.00811965 0.0137869 0.0100987 0.00823626 0.999915 -0.0234851 0.0 0.0 0.0 1.0
office/seq-04/color/frame-000202.color.png office/seq-04/color/frame-000205.color.png 0.999867 0.0161921 0.00173641 -0.0236026 -0.0161813 0.999851 -0.00603806 0.0253964 -0.00183394 0.00600916 0.99998 -0.03465 0.0 0.0 0.0 1.0
office/seq-04/color/frame-000205.color.png office/seq-04/color/frame-000208.color.png 0.999967 0.00709189 -0.00404465 -0.0202057 -0.00706747 0.999957 0.00601449 0.00446928 0.00408711 -0.00598569 0.999974 -0.0328341 0.0 0.0 0.0 1.0
office/seq-04/color/frame-000208.color.png office/seq-04/color/frame-000211.color.png 0.999994 -0.00305742 -0.00147009 -0.0182342 0.00307265 0.99994 0.0104881 0.00987583 0.00143795 -0.0104925 0.999944 -0.0294447 0.0 0.0 0.0 1.0
office/seq-04/color/frame-000211.color.png office/seq-04/color/frame-000214.color.png 0.999941 -0.0102162 -0.00360253 -0.0230605 0.0102619 0.999864 0.0129116 0.00732079 0.00347015 -0.0129479 0.99991 -0.0376348 0.0 0.0 0.0 1.0
office/seq-04/color/frame-000214.color.png office/seq-04/color/frame-000217.color.png 0.999959 0.00167223 -0.00890933 -0.00887951 -0.00157907 0.999944 0.0104554 0.00912151 0.00892636 -0.0104409 0.999906 -0.0262459 0.0 0.0 0.0 1.0
office/seq-04/color/frame-000217.color.png office/seq-04/color/frame-000220.color.png 0.999947 0.00954909 -0.00394429 -0.0214813 -0.00950135 0.999883 0.0119498 -0.00794008 0.00405793 -0.0119117 0.999921 -0.031311 0.0 0.0 0.0 1.0
office/seq-04/color/frame-000220.color.png office/seq-04/color/frame-000223.color.png 0.99998 0.00573837 0.00268454 -0.0313397 -0.00571917 0.999958 -0.00710412 0.0110899 -0.00272522 0.00708865 0.999971 -0.0418123 0.0 0.0 0.0 1.0
office/seq-04/color/frame-000223.color.png office/seq-04/color/frame-000226.color.png 0.999988 0.00471063 -0.00122372 -0.0161372 -0.00471532 0.999982 -0.00380679 0.00848129 0.00120581 0.00381247 0.999992 -0.0348479 0.0 0.0 0.0 1.0
office/seq-04/color/frame-000226.color.png office/seq-04/color/frame-000229.color.png 0.99994 0.00444989 -0.0100231 -0.0052833 -0.00446285 0.999989 -0.0012704 0.008414 0.0100173 0.0013151 0.999949 -0.028239 0.0 0.0 0.0 1.0
office/seq-04/color/frame-000229.color.png office/seq-04/color/frame-000232.color.png 0.999771 0.0115679 -0.0180143 -0.0128264 -0.0115676 0.999933 0.00012097 0.0112298 0.0180145 8.74436e-05 0.999838 -0.0259518 0.0 0.0 0.0 1.0
office/seq-04/color/frame-000232.color.png office/seq-04/color/frame-000235.color.png 0.999676 0.0111101 -0.0228918 -0.00450152 -0.0110377 0.999934 0.00328334 0.00559884 0.0229267 -0.00302961 0.999732 -0.0169828 0.0 0.0 0.0 1.0
office/seq-04/color/frame-000235.color.png office/seq-04/color/frame-000238.color.png 0.999741 0.01131 -0.0197442 -0.0172668 -0.0110615 0.999859 0.0126468 0.00465465 0.0198844 -0.0124252 0.999725 -0.0117243 0.0 0.0 0.0 1.0
office/seq-04/color/frame-000238.color.png office/seq-04/color/frame-000241.color.png 0.999498 0.00745609 -0.0308028 -0.00340694 -0.0073415 0.999966 0.00383167 0.00829414 0.0308303 -0.00360359 0.999518 -0.0220306 0.0 0.0 0.0 1.0
office/seq-04/color/frame-000241.color.png office/seq-04/color/frame-000244.color.png 0.999754 0.00412044 -0.021798 -0.00817293 -0.00386862 0.999925 0.0115812 0.00735733 0.0218442 -0.011494 0.999695 -0.0144796 0.0 0.0 0.0 1.0
office/seq-04/color/frame-000244.color.png office/seq-04/color/frame-000247.color.png 0.999798 0.00131685 -0.0200343 -0.0127869 -0.00132063 0.999999 -0.000177103 0.00949064 0.0200341 0.000203515 0.999799 -0.00848464 0.0 0.0 0.0 1.0
office/seq-04/color/frame-000247.color.png office/seq-04/color/frame-000250.color.png 0.999726 0.00482944 -0.0229234 -0.00756884 -0.00471349 0.999976 0.00510919 0.00105771 0.0229475 -0.00499972 0.999724 -0.00753079 0.0 0.0 0.0 1.0
office/seq-04/color/frame-000250.color.png office/seq-04/color/frame-000253.color.png 0.999685 0.0117581 -0.0221855 -0.0282074 -0.0117549 0.999931 0.00027111 0.000865459 0.0221873 -1.02567e-05 0.999754 -0.0129527 0.0 0.0 0.0 1.0
office/seq-04/color/frame-000253.color.png office/seq-04/color/frame-000256.color.png 0.999716 0.0124726 -0.0203102 -0.0109184 -0.0124964 0.999921 -0.00104277 -0.0066983 0.0202956 0.00129629 0.999793 0.000201877 0.0 0.0 0.0 1.0
office/seq-04/color/frame-000256.color.png office/seq-04/color/frame-000259.color.png 0.999885 0.00603162 -0.0139512 -0.0153359 -0.00599347 0.999978 0.00277225 -0.000749528 0.0139676 -0.00268834 0.999899 -0.0037209 0.0 0.0 0.0 1.0
office/seq-04/color/frame-000259.color.png office/seq-04/color/frame-000262.color.png 0.999925 0.00557406 -0.0108683 -0.0186458 -0.00559316 0.999983 -0.00172267 0.00232157 0.0108586 0.0017833 0.999939 -0.00179814 0.0 0.0 0.0 1.0
office/seq-04/color/frame-000262.color.png office/seq-04/color/frame-000265.color.png 0.999989 0.00398813 -0.00263542 -0.0185394 -0.00398163 0.999989 0.00245617 0.00218111 0.00264514 -0.00244566 0.999994 -0.0118481 0.0 0.0 0.0 1.0
office/seq-04/color/frame-000265.color.png office/seq-04/color/frame-000268.color.png 0.999935 -0.00315232 -0.0109686 -0.016413 0.00322095 0.999975 0.00624216 0.00962125 0.0109487 -0.00627711 0.99992 -0.00170844 0.0 0.0 0.0 1.0
office/seq-04/color/frame-000268.color.png office/seq-04/color/frame-000271.color.png 0.999881 0.00461834 -0.0146891 -0.0186318 -0.00447222 0.99994 0.00996679 0.00313573 0.0147342 -0.00989988 0.999843 -0.00475183 0.0 0.0 0.0 1.0
office/seq-04/color/frame-000271.color.png office/seq-04/color/frame-000274.color.png 0.999638 0.0121303 -0.0240173 -0.0149727 -0.0120138 0.999915 0.00499184 -0.00838399 0.0240759 -0.00470151 0.999699 0.0104909 0.0 0.0 0.0 1.0
office/seq-04/color/frame-000274.color.png office/seq-04/color/frame-000277.color.png 0.999714 0.00400378 -0.0235583 -0.0137544 -0.00371 0.999915 0.0124969 0.00197768 0.0236063 -0.0124059 0.999644 0.0138081 0.0 0.0 0.0 1.0
office/seq-04/color/frame-000277.color.png office/seq-04/color/frame-000280.color.png 0.999665 0.0105293 -0.0236287 -0.0116524 -0.0103168 0.999905 0.00909534 -0.00588877 0.0237223 -0.00884852 0.999679 0.0111831 0.0 0.0 0.0 1.0
office/seq-04/color/frame-000280.color.png office/seq-04/color/frame-000283.color.png 0.99949 0.0177007 -0.0265603 -0.0167812 -0.0175579 0.99983 0.00560236 -0.00816135 0.026655 -0.00513316 0.999632 0.013727 0.0 0.0 0.0 1.0
office/seq-04/color/frame-000283.color.png office/seq-04/color/frame-000286.color.png 0.998994 0.0264416 -0.036208 -0.00370395 -0.026377 0.99965 0.00225854 -0.0204754 0.0362548 -0.00130117 0.999342 0.0329542 0.0 0.0 0.0 1.0
office/seq-04/color/frame-000286.color.png office/seq-04/color/frame-000289.color.png 0.999009 0.0228382 -0.0382142 -0.00624084 -0.0229501 0.999734 -0.00249002 -0.0153102 0.0381473 0.00336457 0.999266 0.0397338 0.0 0.0 0.0 1.0
office/seq-04/color/frame-000289.color.png office/seq-04/color/frame-000292.color.png 0.998989 0.0136941 -0.0428148 0.0130879 -0.0137138 0.999906 -0.000167559 -0.0165274 0.0428086 0.000754517 0.999083 0.0466466 0.0 0.0 0.0 1.0
office/seq-04/color/frame-000292.color.png office/seq-04/color/frame-000295.color.png 0.998765 0.0307606 -0.0390097 0.0146571 -0.0306748 0.999526 0.00279602 -0.0305797 0.0390773 -0.00159591 0.999235 0.0403668 0.0 0.0 0.0 1.0
office/seq-04/color/frame-000295.color.png office/seq-04/color/frame-000298.color.png 0.999354 0.0183449 -0.0308962 0.0131362 -0.0184718 0.999822 -0.0038302 -0.016207 0.0308203 0.00439849 0.999515 0.0296028 0.0 0.0 0.0 1.0
office/seq-04/color/frame-000298.color.png office/seq-04/color/frame-000301.color.png 0.999314 0.0239323 -0.0282774 0.00826472 -0.0239738 0.999712 -0.00112701 -0.0212854 0.0282423 0.00180411 0.9996 0.0343676 0.0 0.0 0.0 1.0
office/seq-04/color/frame-000301.color.png office/seq-04/color/frame-000304.color.png 0.999121 0.0265476 -0.0324566 0.0121359 -0.0266759 0.999638 -0.00351921 -0.0248369 0.0323514 0.00438195 0.999467 0.0300936 0.0 0.0 0.0 1.0
office/seq-04/color/frame-000304.color.png office/seq-04/color/frame-000307.color.png 0.999066 0.0255651 -0.034823 0.0180773 -0.0254719 0.999671 0.00311455 -0.0269898 0.0348912 -0.00222465 0.999389 0.0338637 0.0 0.0 0.0 1.0
office/seq-04/color/frame-000307.color.png office/seq-04/color/frame-000310.color.png 0.997957 0.0272664 -0.0577871 0.0255942 -0.0276828 0.999596 -0.0064192 -0.025075 0.0575888 0.00800576 0.998308 0.05358 0.0 0.0 0.0 1.0
office/seq-04/color/frame-000310.color.png office/seq-04/color/frame-000313.color.png 0.999357 0.0161429 -0.0320061 0.0137091 -0.0161588 0.999869 -0.000233548 -0.0131179 0.0319982 0.00075059 0.999488 0.0306561 0.0 0.0 0.0 1.0
office/seq-04/color/frame-000313.color.png office/seq-04/color/frame-000316.color.png 0.999337 0.0211804 -0.029614 0.0123644 -0.0211627 0.999776 0.000909085 -0.0196758 0.0296266 -0.000281774 0.999561 0.0293934 0.0 0.0 0.0 1.0
office/seq-04/color/frame-000316.color.png office/seq-04/color/frame-000319.color.png 0.999616 0.0079146 -0.0265629 0.0110682 -0.00778873 0.999958 0.00484083 -0.00909197 0.0266 -0.00463202 0.999635 0.0240371 0.0 0.0 0.0 1.0
office/seq-04/color/frame-000319.color.png office/seq-04/color/frame-000322.color.png 0.999507 0.00898327 -0.0300969 0.00823486 -0.0091412 0.999945 -0.00511878 -0.00545901 0.0300493 0.00539147 0.999534 0.0323966 0.0 0.0 0.0 1.0
office/seq-04/color/frame-000322.color.png office/seq-04/color/frame-000325.color.png 0.999484 0.0117693 -0.0298952 0.00907815 -0.0120262 0.999892 -0.0084213 -0.00974299 0.0297929 0.0087764 0.999518 0.0276027 0.0 0.0 0.0 1.0
office/seq-04/color/frame-000325.color.png office/seq-04/color/frame-000328.color.png 0.999568 0.0146734 -0.0254753 0.00777793 -0.0146076 0.999889 0.00276905 -0.0151274 0.025513 -0.00239585 0.999672 0.0305994 0.0 0.0 0.0 1.0
office/seq-04/color/frame-000328.color.png office/seq-04/color/frame-000331.color.png 0.998422 0.0266074 -0.0494473 0.00740796 -0.0267535 0.99964 -0.00229561 -0.0201431 0.0493686 0.00361494 0.998774 0.0746864 0.0 0.0 0.0 1.0
office/seq-04/color/frame-000331.color.png office/seq-04/color/frame-000334.color.png 0.999341 0.0161845 -0.0324807 0.00630623 -0.0163608 0.999853 -0.00516765 -0.0117592 0.0323923 0.0056956 0.999459 0.0397018 0.0 0.0 0.0 1.0
office/seq-04/color/frame-000334.color.png office/seq-04/color/frame-000337.color.png 0.999322 0.0134639 -0.0342642 0.000409365 -0.0132586 0.999893 0.0062088 -0.0158823 0.0343441 -0.00575024 0.999393 0.045508 0.0 0.0 0.0 1.0
office/seq-04/color/frame-000337.color.png office/seq-04/color/frame-000340.color.png 0.998563 0.0202673 -0.0496151 0.00538486 -0.0207758 0.999737 -0.00975294 -0.0173446 0.0494043 0.0107697 0.998721 0.0561559 0.0 0.0 0.0 1.0
office/seq-04/color/frame-000340.color.png office/seq-04/color/frame-000343.color.png 0.999227 0.0153041 -0.0362193 0.00746673 -0.0154078 0.999878 -0.00258416 -0.0139885 0.0361753 0.00314021 0.999341 0.0445798 0.0 0.0 0.0 1.0
office/seq-04/color/frame-000343.color.png office/seq-04/color/frame-000346.color.png 0.999141 0.0163154 -0.0380981 0.00347793 -0.0164048 0.999863 -0.00203835 -0.0148756 0.0380597 0.00266162 0.999272 0.0403814 0.0 0.0 0.0 1.0
office/seq-04/color/frame-000346.color.png office/seq-04/color/frame-000349.color.png 0.998026 0.0188934 -0.0598993 0.0129311 -0.0197082 0.999721 -0.013042 -0.0179788 0.0596362 0.0141968 0.998119 0.0624011 0.0 0.0 0.0 1.0
office/seq-04/color/frame-000349.color.png office/seq-04/color/frame-000352.color.png 0.999187 0.00550328 -0.0399499 0.00935698 -0.00549283 0.999985 0.000372156 -0.00774808 0.0399514 -0.000152513 0.999202 0.0423732 0.0 0.0 0.0 1.0
office/seq-04/color/frame-000352.color.png office/seq-04/color/frame-000355.color.png 0.99876 0.00420327 -0.0495967 0.00991368 -0.00361564 0.999922 0.0119313 -0.0151955 0.049643 -0.0117372 0.998698 0.0554081 0.0 0.0 0.0 1.0
office/seq-04/color/frame-000355.color.png office/seq-04/color/frame-000358.color.png 0.998765 0.00169217 -0.0496511 0.0190172 -0.00164525 0.999998 0.000985443 -0.00511038 0.0496527 -0.000902515 0.998766 0.0420389 0.0 0.0 0.0 1.0
office/seq-04/color/frame-000358.color.png office/seq-04/color/frame-000361.color.png 0.999377 0.00690505 -0.0345986 0.0104141 -0.00676581 0.999969 0.00414488 -0.00962728 0.0346261 -0.00390827 0.999393 0.023687 0.0 0.0 0.0 1.0
office/seq-04/color/frame-000361.color.png office/seq-04/color/frame-000364.color.png 0.998578 0.0129929 -0.0516969 0.027566 -0.013099 0.999913 -0.0017149 -0.0113203 0.0516701 0.00238962 0.998661 0.0375094 0.0 0.0 0.0 1.0
office/seq-04/color/frame-000364.color.png office/seq-04/color/frame-000367.color.png 0.998082 0.015513 -0.0599342 0.0238487 -0.0152797 0.999874 0.00434923 -0.012597 0.0599941 -0.00342511 0.998193 0.0595345 0.0 0.0 0.0 1.0
office/seq-04/color/frame-000367.color.png office/seq-04/color/frame-000370.color.png 0.998045 0.0222585 -0.0584061 0.0301632 -0.0210433 0.999551 0.0213388 -0.0364086 0.0588548 -0.0200679 0.998065 0.0687133 0.0 0.0 0.0 1.0
office/seq-04/color/frame-000370.color.png office/seq-04/color/frame-000373.color.png 0.99792 0.0179164 -0.0619233 0.0332417 -0.0178703 0.999839 0.00130087 -0.0204379 0.0619367 -0.000191674 0.99808 0.066667 0.0 0.0 0.0 1.0
office/seq-04/color/frame-000373.color.png office/seq-04/color/frame-000376.color.png 0.998273 0.0208565 -0.054913 0.0505174 -0.0209746 0.999779 -0.0015747 -0.0386366 0.0548679 0.00272381 0.99849 0.0560761 0.0 0.0 0.0 1.0
office/seq-04/color/frame-000376.color.png office/seq-04/color/frame-000379.color.png 0.998775 0.0314405 -0.0382228 0.0424994 -0.0317099 0.999476 -0.00646626 -0.028993 0.0379995 0.00767037 0.999248 0.0400058 0.0 0.0 0.0 1.0
office/seq-04/color/frame-000379.color.png office/seq-04/color/frame-000382.color.png 0.998762 0.0241472 -0.0434872 0.0403096 -0.0241202 0.999708 0.00114806 -0.0330086 0.0435023 -9.7689e-05 0.999053 0.0367254 0.0 0.0 0.0 1.0
office/seq-04/color/frame-000382.color.png office/seq-04/color/frame-000385.color.png 0.998664 0.0130746 -0.0499868 0.0530313 -0.0126387 0.999879 0.00902845 -0.0193851 0.0500988 -0.00838458 0.998709 0.0618778 0.0 0.0 0.0 1.0
office/seq-04/color/frame-000385.color.png office/seq-04/color/frame-000388.color.png 0.999368 0.0173424 -0.0310368 0.0361998 -0.0170548 0.999809 0.00950761 -0.0270764 0.0311958 -0.00897242 0.999473 0.032681 0.0 0.0 0.0 1.0
office/seq-04/color/frame-000388.color.png office/seq-04/color/frame-000391.color.png 0.999704 0.0136535 -0.0201229 0.0218511 -0.0136345 0.999906 0.00107344 -0.0044992 0.0201357 -0.000798631 0.999797 0.00627625 0.0 0.0 0.0 1.0
office/seq-04/color/frame-000391.color.png office/seq-04/color/frame-000394.color.png 0.999746 0.00975877 -0.0203142 0.0265433 -0.00962841 0.999932 0.0065073 -0.00247195 0.0203762 -0.00631006 0.999772 0.0123932 0.0 0.0 0.0 1.0
office/seq-04/color/frame-000394.color.png office/seq-04/color/frame-000397.color.png 0.999742 0.00893452 -0.0208566 0.0298223 -0.008584 0.999821 0.01683 -0.0111172 0.0210033 -0.0166466 0.999641 0.00424317 0.0 0.0 0.0 1.0
office/seq-04/color/frame-000397.color.png office/seq-04/color/frame-000400.color.png 0.999738 0.00508697 -0.0223047 0.0262658 -0.00488645 0.999947 0.00903647 -0.00441617 0.0223496 -0.00892508 0.99971 0.00758892 0.0 0.0 0.0 1.0
office/seq-04/color/frame-000400.color.png office/seq-04/color/frame-000403.color.png 0.999817 0.0101989 -0.0161511 0.0262149 -0.010021 0.999889 0.01106 -0.00889319 0.0162621 -0.0108961 0.999808 0.00591406 0.0 0.0 0.0 1.0
office/seq-04/color/frame-000403.color.png office/seq-04/color/frame-000406.color.png 0.999815 0.0119258 -0.01508 0.0241809 -0.0118589 0.999919 0.00451448 -0.00913811 0.0151326 -0.00433483 0.999876 0.00227126 0.0 0.0 0.0 1.0
office/seq-04/color/frame-000406.color.png office/seq-04/color/frame-000409.color.png 0.999976 0.00364042 -0.00584952 0.0288215 -0.00362081 0.999988 0.00338722 0.00365064 0.00586166 -0.00336601 0.999977 -0.00215292 0.0 0.0 0.0 1.0
office/seq-04/color/frame-000409.color.png office/seq-04/color/frame-000412.color.png 0.999961 0.00827929 0.0029488 0.0257729 -0.0082778 0.999965 -0.000522495 0.00162312 -0.00295291 0.000498103 0.999995 -0.00378284 0.0 0.0 0.0 1.0
office/seq-04/color/frame-000412.color.png office/seq-04/color/frame-000415.color.png 0.999964 -0.00575925 0.00623717 0.0291475 0.00570193 0.999942 0.00917503 0.0035339 -0.00628978 -0.00913905 0.999938 -0.00643018 0.0 0.0 0.0 1.0
office/seq-04/color/frame-000415.color.png office/seq-04/color/frame-000418.color.png 0.99993 -0.0012011 0.0118038 0.0324715 0.00120968 0.999999 -0.000716573 0.00317714 -0.0118029 0.000730734 0.99993 0.00295037 0.0 0.0 0.0 1.0
office/seq-04/color/frame-000418.color.png office/seq-04/color/frame-000421.color.png 0.999734 0.0104946 0.0205347 0.0265504 -0.0103842 0.999931 -0.00547134 0.0137099 -0.0205907 0.00525664 0.999774 -0.00244471 0.0 0.0 0.0 1.0
office/seq-04/color/frame-000421.color.png office/seq-04/color/frame-000424.color.png 0.999894 0.0101428 0.0103995 0.0309024 -0.00998754 0.999839 -0.0148777 0.00251269 -0.0105487 0.0147723 0.999835 -0.0073064 0.0 0.0 0.0 1.0
office/seq-04/color/frame-000424.color.png office/seq-04/color/frame-000427.color.png 0.999797 0.0108713 0.0169664 0.0105929 -0.0107719 0.999924 -0.00593543 0.00635985 -0.0170295 0.00575147 0.999839 -0.0109884 0.0 0.0 0.0 1.0
office/seq-04/color/frame-000427.color.png office/seq-04/color/frame-000430.color.png 0.999896 0.0132556 -0.00575742 0.0245467 -0.0132935 0.99989 -0.00656374 0.00321364 0.00566981 0.00663953 0.999962 0.0013974 0.0 0.0 0.0 1.0
office/seq-04/color/frame-000430.color.png office/seq-04/color/frame-000433.color.png 0.999633 0.0225634 -0.0150144 0.0297356 -0.0226737 0.999717 -0.00721702 0.0146825 0.0148472 0.00755465 0.999861 -0.0101196 0.0 0.0 0.0 1.0
office/seq-04/color/frame-000433.color.png office/seq-04/color/frame-000436.color.png 0.999415 0.0335086 -0.00677885 0.0206285 -0.0335719 0.999392 -0.00945533 0.011906 0.00645788 0.00967743 0.999932 -0.00707769 0.0 0.0 0.0 1.0
office/seq-04/color/frame-000436.color.png office/seq-04/color/frame-000439.color.png 0.999596 0.0128037 -0.0253729 0.0158061 -0.0127398 0.999915 0.00267809 0.00195619 0.0254051 -0.00235371 0.999674 0.000106573 0.0 0.0 0.0 1.0
office/seq-04/color/frame-000439.color.png office/seq-04/color/frame-000442.color.png 0.999581 0.0197191 -0.0211886 0.0191315 -0.0197945 0.999798 -0.0033575 0.00125864 0.0211181 0.00377559 0.99977 -0.00455728 0.0 0.0 0.0 1.0
office/seq-04/color/frame-000442.color.png office/seq-04/color/frame-000445.color.png 0.999943 0.00609414 -0.00880614 0.0077568 -0.00606957 0.999978 0.00282368 0.022075 0.00882326 -0.00277011 0.999957 -0.00981787 0.0 0.0 0.0 1.0
office/seq-04/color/frame-000445.color.png office/seq-04/color/frame-000448.color.png 0.999842 0.00916121 -0.015222 -0.00942901 -0.00936025 0.999871 -0.0130568 0.0130656 0.0151002 0.0131972 0.999799 -0.0213599 0.0 0.0 0.0 1.0
office/seq-04/color/frame-000448.color.png office/seq-04/color/frame-000451.color.png 0.999997 -0.00201728 -0.00153836 -0.00241257 0.00202522 0.999985 0.00510183 0.00782411 0.00152813 -0.00510475 0.999986 -0.0161805 0.0 0.0 0.0 1.0
office/seq-04/color/frame-000451.color.png office/seq-04/color/frame-000454.color.png 0.999966 -0.00763784 -0.00307532 -0.00980005 0.00763708 0.999971 -0.000221389 0.0213881 0.00307695 0.000197739 0.999995 -0.0379134 0.0 0.0 0.0 1.0
office/seq-04/color/frame-000454.color.png office/seq-04/color/frame-000457.color.png 0.999999 0.00167748 -8.95008e-05 -0.00828081 -0.00167772 0.999988 -0.00448909 0.0244045 8.1958e-05 0.00448929 0.99999 -0.0475641 0.0 0.0 0.0 1.0
office/seq-04/color/frame-000457.color.png office/seq-04/color/frame-000460.color.png 0.999973 0.00103448 0.00725894 -0.0132619 -0.0011466 0.99988 0.0154439 0.00828911 -0.00724209 -0.0154519 0.999854 -0.0376329 0.0 0.0 0.0 1.0
office/seq-04/color/frame-000460.color.png office/seq-04/color/frame-000463.color.png 0.999692 -0.00439457 0.0244389 -0.0255629 0.00446667 0.999986 -0.00289522 0.0129613 -0.0244258 0.00300351 0.999697 -0.0663406 0.0 0.0 0.0 1.0
office/seq-04/color/frame-000463.color.png office/seq-04/color/frame-000466.color.png 0.999723 -0.0155109 0.0176936 -0.00497171 0.0152939 0.999807 0.0123368 0.0165367 -0.0178816 -0.0120627 0.999767 -0.0426842 0.0 0.0 0.0 1.0
office/seq-04/color/frame-000466.color.png office/seq-04/color/frame-000469.color.png 0.999813 -0.00539396 0.0185619 -0.016398 0.0054292 0.999984 -0.00185105 0.00991155 -0.0185515 0.00195155 0.999826 -0.0354751 0.0 0.0 0.0 1.0
office/seq-04/color/frame-000469.color.png office/seq-04/color/frame-000472.color.png 0.999889 -0.0022884 0.0147259 -0.0166145 0.00225734 0.999995 0.00212137 0.00330058 -0.0147306 -0.0020879 0.999889 -0.033665 0.0 0.0 0.0 1.0
office/seq-04/color/frame-000472.color.png office/seq-04/color/frame-000475.color.png 0.999864 -0.00668881 0.0150545 -0.0149632 0.00666246 0.999976 0.00179588 0.00707255 -0.0150662 -0.00169548 0.999885 -0.0289346 0.0 0.0 0.0 1.0
office/seq-04/color/frame-000475.color.png office/seq-04/color/frame-000478.color.png 0.999881 -0.00486448 0.0146075 -0.0151352 0.00483041 0.999986 0.0023668 0.0102841 -0.0146187 -0.00229582 0.999891 -0.0330312 0.0 0.0 0.0 1.0
office/seq-04/color/frame-000478.color.png office/seq-04/color/frame-000481.color.png 0.99991 0.00333469 0.0129948 -0.0216159 -0.00338913 0.999986 0.00417106 0.00714337 -0.0129808 -0.00421479 0.999907 -0.0327672 0.0 0.0 0.0 1.0
office/seq-04/color/frame-000481.color.png office/seq-04/color/frame-000484.color.png 0.999918 0.00406457 0.0121392 -0.0163147 -0.00397281 0.999964 -0.00757589 0.00185309 -0.0121695 0.0075271 0.999898 -0.0301468 0.0 0.0 0.0 1.0
office/seq-04/color/frame-000484.color.png office/seq-04/color/frame-000487.color.png 0.999774 -0.000208858 0.0212319 -0.0243945 0.000320216 0.999986 -0.00523902 0.010479 -0.0212306 0.00524457 0.999761 -0.0359141 0.0 0.0 0.0 1.0
office/seq-04/color/frame-000487.color.png office/seq-04/color/frame-000490.color.png 0.999852 0.00611214 0.0161174 -0.019989 -0.00579162 0.999786 -0.0198571 0.0024422 -0.0162354 0.0197608 0.999673 -0.0323395 0.0 0.0 0.0 1.0
office/seq-04/color/frame-000490.color.png office/seq-04/color/frame-000493.color.png 0.999892 0.00441456 0.0140059 -0.0213938 -0.00427095 0.999938 -0.0102656 0.000156716 -0.0140504 0.0102047 0.999849 -0.0329244 0.0 0.0 0.0 1.0
office/seq-04/color/frame-000493.color.png office/seq-04/color/frame-000496.color.png 0.9999 0.00508557 0.0131799 -0.0258896 -0.0049545 0.999938 -0.00996186 0.000732578 -0.0132297 0.00989557 0.999864 -0.0292088 0.0 0.0 0.0 1.0
office/seq-04/color/frame-000496.color.png office/seq-04/color/frame-000499.color.png 1.0 -0.000824456 -6.76221e-05 -0.0219913 0.000824852 0.999987 0.00508785 -0.00177231 6.34087e-05 -0.00508792 0.999987 -0.0265457 0.0 0.0 0.0 1.0
office/seq-04/color/frame-000499.color.png office/seq-04/color/frame-000502.color.png 0.999911 0.0018609 0.0132212 -0.0179412 -0.00180657 0.99999 -0.00412465 -0.00381923 -0.0132286 0.00410044 0.999904 -0.029288 0.0 0.0 0.0 1.0
office/seq-04/color/frame-000502.color.png office/seq-04/color/frame-000505.color.png 0.999952 0.00414512 0.00888316 -0.0148454 -0.00410538 0.999982 -0.00448477 -0.00415496 -0.00890166 0.00444808 0.99995 -0.0371118 0.0 0.0 0.0 1.0
office/seq-04/color/frame-000505.color.png office/seq-04/color/frame-000508.color.png 0.999967 0.00532067 0.00609686 -0.0138224 -0.00531299 0.999985 -0.00126542 -0.00734475 -0.00610357 0.00123301 0.999981 -0.0187482 0.0 0.0 0.0 1.0
office/seq-04/color/frame-000508.color.png office/seq-04/color/frame-000511.color.png 0.999965 -0.0027713 0.00783545 -0.00763661 0.0028188 0.999978 -0.00605954 -0.000629991 -0.0078186 0.0060814 0.999951 -0.0201853 0.0 0.0 0.0 1.0
office/seq-04/color/frame-000511.color.png office/seq-04/color/frame-000514.color.png 0.999915 -0.00318015 0.0126491 -0.00897408 0.0032168 0.999991 -0.00287438 0.00268268 -0.0126397 0.00291476 0.999916 -0.0259214 0.0 0.0 0.0 1.0
office/seq-04/color/frame-000514.color.png office/seq-04/color/frame-000517.color.png 0.999953 -0.00221531 0.00939282 -0.00777495 0.00222159 0.999997 -0.000665155 -0.000365257 -0.00939136 0.000686003 0.999956 -0.0109749 0.0 0.0 0.0 1.0
office/seq-04/color/frame-000517.color.png office/seq-04/color/frame-000520.color.png 0.999706 -0.00987251 0.0221398 -0.00756252 0.00983991 0.99995 0.00158107 0.00914764 -0.0221544 -0.00136279 0.999754 -0.0273423 0.0 0.0 0.0 1.0
office/seq-04/color/frame-000520.color.png office/seq-04/color/frame-000523.color.png 0.999655 -0.0132525 0.0226591 -0.00217348 0.0132859 0.999911 -0.00132083 0.0117787 -0.0226395 0.00162146 0.999742 -0.0284501 0.0 0.0 0.0 1.0
office/seq-04/color/frame-000523.color.png office/seq-04/color/frame-000526.color.png 0.999792 -0.0108706 0.0172676 -0.00412321 0.010819 0.999937 0.00307617 0.00751358 -0.0173 -0.00288856 0.999846 -0.0228343 0.0 0.0 0.0 1.0
office/seq-04/color/frame-000526.color.png office/seq-04/color/frame-000529.color.png 0.998834 -0.0279107 0.0393801 0.00312746 0.0272759 0.999491 0.0165666 0.0325513 -0.0398226 -0.0154732 0.999087 -0.0466959 0.0 0.0 0.0 1.0
office/seq-04/color/frame-000529.color.png office/seq-04/color/frame-000532.color.png 0.999071 -0.0149069 0.0404315 -0.0114073 0.0146697 0.999873 0.00615866 0.00500026 -0.040518 -0.00555979 0.999163 -0.0500195 0.0 0.0 0.0 1.0
office/seq-04/color/frame-000532.color.png office/seq-04/color/frame-000535.color.png 0.999448 -0.0229643 0.0240059 0.000184476 0.0226938 0.999677 0.0114804 0.0287206 -0.0242618 -0.0109293 0.999646 -0.0174405 0.0 0.0 0.0 1.0
office/seq-04/color/frame-000535.color.png office/seq-04/color/frame-000538.color.png 0.999411 -0.0199916 0.0278763 0.00381458 0.0198271 0.999784 0.00615928 0.019658 -0.0279934 -0.00560299 0.999592 -0.0268259 0.0 0.0 0.0 1.0
office/seq-04/color/frame-000538.color.png office/seq-04/color/frame-000541.color.png 0.998699 -0.0278015 0.0427535 0.00828302 0.027651 0.999609 0.00410729 0.0280997 -0.042851 -0.00291985 0.999077 -0.0413289 0.0 0.0 0.0 1.0
office/seq-04/color/frame-000541.color.png office/seq-04/color/frame-000544.color.png 0.999661 -0.0117529 0.0232421 0.00256836 0.0117822 0.99993 -0.00111843 0.00909202 -0.0232273 0.00139193 0.999729 -0.0220861 0.0 0.0 0.0 1.0
office/seq-04/color/frame-000544.color.png office/seq-04/color/frame-000547.color.png 0.999434 -0.0169558 0.0290547 0.00352079 0.016964 0.999856 -3.85431e-05 0.0175076 -0.0290498 0.000531478 0.999578 -0.0287901 0.0 0.0 0.0 1.0
office/seq-04/color/frame-000547.color.png office/seq-04/color/frame-000550.color.png 0.999559 -0.0161717 0.0248914 0.000602663 0.0162513 0.999863 -0.00300228 0.0165262 -0.0248395 0.00340539 0.999686 -0.0323322 0.0 0.0 0.0 1.0
office/seq-04/color/frame-000550.color.png office/seq-04/color/frame-000553.color.png 0.999369 -0.0242067 0.0259902 0.00422132 0.0240163 0.999683 0.00761776 0.0226542 -0.0261663 -0.00698876 0.999633 -0.0216818 0.0 0.0 0.0 1.0
office/seq-04/color/frame-000553.color.png office/seq-04/color/frame-000556.color.png 0.999213 -0.0293308 0.0266966 0.00882292 0.029102 0.999537 0.00892047 0.0238588 -0.0269459 -0.00813657 0.999604 -0.0177119 0.0 0.0 0.0 1.0
office/seq-04/color/frame-000556.color.png office/seq-04/color/frame-000559.color.png 0.999681 -0.0131712 0.0215554 0.00573719 0.0131497 0.999913 0.00114355 0.00420067 -0.0215686 -0.000859706 0.999767 -0.0182388 0.0 0.0 0.0 1.0
office/seq-04/color/frame-000559.color.png office/seq-04/color/frame-000562.color.png 0.999376 -0.0218978 0.0277072 0.00569546 0.0217659 0.99975 0.0050516 0.0118126 -0.0278108 -0.00444538 0.999603 -0.0165053 0.0 0.0 0.0 1.0
office/seq-04/color/frame-000562.color.png office/seq-04/color/frame-000565.color.png 0.998892 -0.0319694 0.0345308 0.0117272 0.0318216 0.999482 0.00482069 0.0237322 -0.034667 -0.00371649 0.999392 -0.0208027 0.0 0.0 0.0 1.0
office/seq-04/color/frame-000565.color.png office/seq-04/color/frame-000568.color.png 0.999643 -0.0192803 0.0184711 0.00534546 0.0192507 0.999813 0.00177346 0.011998 -0.0185019 -0.00141727 0.999828 -0.00728145 0.0 0.0 0.0 1.0
office/seq-04/color/frame-000568.color.png office/seq-04/color/frame-000571.color.png 0.999515 -0.0250033 0.0185762 0.0068751 0.0248803 0.999667 0.0068254 0.0147472 -0.0187406 -0.00635994 0.999804 0.000376463 0.0 0.0 0.0 1.0
office/seq-04/color/frame-000571.color.png office/seq-04/color/frame-000574.color.png 0.999524 -0.0173511 0.0254934 0.015034 0.0175513 0.999817 -0.00765016 0.00569732 -0.025356 0.0080939 0.999646 -0.0297239 0.0 0.0 0.0 1.0
office/seq-04/color/frame-000574.color.png office/seq-04/color/frame-000577.color.png 0.999727 -0.0176415 0.0153255 0.00504476 0.0175608 0.999831 0.00539058 0.00925951 -0.015418 -0.00511989 0.999868 0.00800234 0.0 0.0 0.0 1.0
office/seq-04/color/frame-000577.color.png office/seq-04/color/frame-000580.color.png 0.999776 -0.01668 0.0129969 -0.00702655 0.0166144 0.999849 0.00513705 0.00353754 -0.0130807 -0.00492001 0.999902 0.00378039 0.0 0.0 0.0 1.0
office/seq-04/color/frame-000580.color.png office/seq-04/color/frame-000583.color.png 0.999788 -0.0203433 -0.00314781 0.00320852 0.0203592 0.99978 0.00505859 0.00934611 0.00304426 -0.00512145 0.999982 0.0216198 0.0 0.0 0.0 1.0
office/seq-04/color/frame-000583.color.png office/seq-04/color/frame-000586.color.png 0.999563 -0.0280019 0.00947417 -0.00271845 0.0280114 0.999607 -0.000873013 0.0160817 -0.00944601 0.00113783 0.999955 0.00977135 0.0 0.0 0.0 1.0
office/seq-04/color/frame-000586.color.png office/seq-04/color/frame-000589.color.png 0.999792 -0.0182361 0.00911189 -0.00106746 0.0182521 0.999832 -0.00167271 -0.00675747 -0.00907988 0.00183868 0.999957 0.0213911 0.0 0.0 0.0 1.0
office/seq-04/color/frame-000589.color.png office/seq-04/color/frame-000592.color.png 0.999676 -0.0245628 0.00665761 -0.00473565 0.0245684 0.999698 -0.000751449 0.0195632 -0.00663712 0.000914778 0.999978 0.0143614 0.0 0.0 0.0 1.0
office/seq-04/color/frame-000592.color.png office/seq-04/color/frame-000595.color.png 0.999769 -0.0214959 0.000441405 -0.0132582 0.0214964 0.999768 -0.00127826 -5.0813e-06 -0.000413854 0.00128741 0.999999 0.0327065 0.0 0.0 0.0 1.0
office/seq-04/color/frame-000595.color.png office/seq-04/color/frame-000598.color.png 0.999872 -0.0159591 -0.00135173 -0.0188023 0.0159521 0.99986 -0.00505126 0.0106295 0.00143215 0.00502909 0.999986 0.0328009 0.0 0.0 0.0 1.0
office/seq-04/color/frame-000598.color.png office/seq-04/color/frame-000601.color.png 0.999927 -0.00929271 -0.00766788 -0.00173873 0.0092602 0.999948 -0.00426989 0.00174819 0.00770719 0.00419854 0.999962 0.0350789 0.0 0.0 0.0 1.0
office/seq-04/color/frame-000601.color.png office/seq-04/color/frame-000604.color.png 0.999998 -3.7743e-06 -0.00181505 -0.023152 -5.98765e-08 0.999998 -0.0021147 -0.0214344 0.00181501 0.00211476 0.999996 0.0390765 0.0 0.0 0.0 1.0
office/seq-04/color/frame-000604.color.png office/seq-04/color/frame-000607.color.png 0.999967 -0.00704077 0.00394576 -0.0244916 0.00706154 0.999961 -0.00528596 0.00583681 -0.00390838 0.00531358 0.999978 0.0186872 0.0 0.0 0.0 1.0
office/seq-04/color/frame-000607.color.png office/seq-04/color/frame-000610.color.png 0.999893 -0.0133138 0.00608708 -0.0330959 0.0133554 0.999887 -0.00683859 0.0220288 -0.00599528 0.0069192 0.999958 0.00889792 0.0 0.0 0.0 1.0
office/seq-04/color/frame-000610.color.png office/seq-04/color/frame-000613.color.png 0.99996 -0.00892798 -0.000240637 -0.0162238 0.00892847 0.999958 0.00220749 0.00957102 0.000220903 -0.00220953 0.999997 0.0163037 0.0 0.0 0.0 1.0
office/seq-04/color/frame-000613.color.png office/seq-04/color/frame-000616.color.png 0.999966 -0.00819461 0.00114211 -0.0365039 0.00819235 0.999964 0.0020071 0.0144225 -0.00115849 -0.00199775 0.999997 0.00921893 0.0 0.0 0.0 1.0
office/seq-04/color/frame-000616.color.png office/seq-04/color/frame-000619.color.png 0.999943 -0.010657 -0.000357727 -0.0308838 0.0106586 0.999931 0.00502246 0.0181676 0.0003042 -0.00502592 0.999987 0.00741234 0.0 0.0 0.0 1.0
office/seq-04/color/frame-000619.color.png office/seq-04/color/frame-000622.color.png 0.999925 -0.0115298 0.00411842 -0.0264 0.0115427 0.999928 -0.00312498 0.0143797 -0.0040821 0.00317226 0.999987 -0.0032745 0.0 0.0 0.0 1.0
office/seq-04/color/frame-000622.color.png office/seq-04/color/frame-000625.color.png 0.999728 -0.0228631 0.00455915 -0.0412122 0.0228662 0.999738 -0.000625428 0.0334162 -0.00454365 0.000729587 0.999989 -0.00793135 0.0 0.0 0.0 1.0
office/seq-04/color/frame-000625.color.png office/seq-04/color/frame-000628.color.png 0.99999 -0.00385192 -0.00241018 -0.0257094 0.00383753 0.999975 -0.00594007 0.00106326 0.00243301 0.00593074 0.999979 0.00920652 0.0 0.0 0.0 1.0
office/seq-04/color/frame-000628.color.png office/seq-04/color/frame-000631.color.png 0.999959 -0.00814308 0.00400129 -0.0418378 0.00816999 0.999944 -0.00673058 0.0170137 -0.00394625 0.00676301 0.999969 -0.00862768 0.0 0.0 0.0 1.0
office/seq-04/color/frame-000631.color.png office/seq-04/color/frame-000634.color.png 0.999895 -0.0115669 -0.00874268 -0.0222315 0.0115245 0.999922 -0.0048834 0.0214295 0.00879849 0.0047821 0.99995 0.00981677 0.0 0.0 0.0 1.0
office/seq-04/color/frame-000634.color.png office/seq-04/color/frame-000637.color.png 0.99991 0.00754854 -0.0111166 -0.0304608 -0.00760666 0.999958 -0.00519065 0.000902325 0.0110769 0.00527478 0.999925 0.0139885 0.0 0.0 0.0 1.0
office/seq-04/color/frame-000637.color.png office/seq-04/color/frame-000640.color.png 0.999975 0.00170078 -0.00681425 -0.0202645 -0.00169763 0.999999 0.000457827 0.0121984 0.00681504 -0.000446261 0.999977 0.00766218 0.0 0.0 0.0 1.0
office/seq-04/color/frame-000640.color.png office/seq-04/color/frame-000643.color.png 0.999751 0.0146041 -0.0168537 -0.0338509 -0.0145339 0.999885 0.00428077 -0.00578061 0.0169143 -0.0040347 0.999849 0.0313091 0.0 0.0 0.0 1.0
office/seq-04/color/frame-000643.color.png office/seq-04/color/frame-000646.color.png 0.999862 0.0154428 -0.00609812 -0.0247083 -0.0154319 0.999879 0.00183465 -0.0118621 0.00612568 -0.00174032 0.99998 0.0128781 0.0 0.0 0.0 1.0
office/seq-04/color/frame-000646.color.png office/seq-04/color/frame-000649.color.png 0.999782 0.00780234 -0.0193426 -0.0323471 -0.00785222 0.999966 -0.00250934 -0.00383339 0.0193224 0.00266072 0.99981 0.0389709 0.0 0.0 0.0 1.0
office/seq-04/color/frame-000649.color.png office/seq-04/color/frame-000652.color.png 0.999846 0.00606916 -0.0164742 -0.0232295 -0.00602197 0.999978 0.00291399 -0.00870699 0.0164915 -0.00281431 0.99986 0.0347274 0.0 0.0 0.0 1.0
office/seq-04/color/frame-000652.color.png office/seq-04/color/frame-000655.color.png 0.999905 0.00847208 -0.0109077 -0.0254205 -0.00844473 0.999961 0.00255221 -0.0135108 0.0109289 -0.00245994 0.999937 0.025553 0.0 0.0 0.0 1.0
office/seq-04/color/frame-000655.color.png office/seq-04/color/frame-000658.color.png 0.999731 -0.00376277 -0.0228907 -0.0362136 0.00364945 0.999981 -0.00499004 0.00365466 0.022909 0.00490523 0.999725 0.0505127 0.0 0.0 0.0 1.0
office/seq-04/color/frame-000658.color.png office/seq-04/color/frame-000661.color.png 0.999935 -0.000274923 -0.0114294 -0.0238531 0.000291741 0.999999 0.00147041 -0.00458709 0.011429 -0.00147364 0.999933 0.0325484 0.0 0.0 0.0 1.0
office/seq-04/color/frame-000661.color.png office/seq-04/color/frame-000664.color.png 0.99993 -0.00280074 -0.0115131 -0.0304484 0.00284774 0.999988 0.00406578 0.000765659 0.0115016 -0.00409822 0.999925 0.0361999 0.0 0.0 0.0 1.0
office/seq-04/color/frame-000664.color.png office/seq-04/color/frame-000667.color.png 0.999957 0.00420091 -0.00830257 -0.0222054 -0.00417665 0.999987 0.00293063 -0.0171366 0.00831476 -0.00289591 0.999961 0.0315725 0.0 0.0 0.0 1.0
office/seq-04/color/frame-000667.color.png office/seq-04/color/frame-000670.color.png 0.999992 -0.0038734 0.000231089 -0.0196711 0.00387332 0.999992 0.000127152 0.00806497 -0.000231586 -0.000126253 1.0 0.0117575 0.0 0.0 0.0 1.0
office/seq-04/color/frame-000670.color.png office/seq-04/color/frame-000673.color.png 0.999985 0.0049326 -0.00250493 -0.0265323 -0.00493709 0.999986 -0.00180721 -0.0158282 0.00249603 0.00181964 0.999995 0.028169 0.0 0.0 0.0 1.0
office/seq-04/color/frame-000673.color.png office/seq-04/color/frame-000676.color.png 0.999996 -0.00152968 -0.00238237 -0.0151155 0.00152802 0.999999 -0.000680367 0.000563018 0.00238336 0.000676703 0.999997 0.0215037 0.0 0.0 0.0 1.0
office/seq-04/color/frame-000676.color.png office/seq-04/color/frame-000679.color.png 0.999978 0.00656248 0.000931629 -0.0211855 -0.00656456 0.999976 0.00223773 -0.0138172 -0.000916926 -0.00224378 0.999997 0.0261569 0.0 0.0 0.0 1.0
office/seq-04/color/frame-000679.color.png office/seq-04/color/frame-000682.color.png 0.999985 0.00341732 0.00424907 -0.00190592 -0.00342672 0.999992 0.00221555 -0.0134628 -0.00424144 -0.00223005 0.999988 0.00700249 0.0 0.0 0.0 1.0
office/seq-04/color/frame-000682.color.png office/seq-04/color/frame-000685.color.png 0.999957 -8.54126e-05 0.00927699 -0.00811005 7.34868e-05 0.999999 0.00128445 -0.00396856 -0.00927712 -0.00128371 0.999956 0.0031414 0.0 0.0 0.0 1.0
office/seq-04/color/frame-000685.color.png office/seq-04/color/frame-000688.color.png 0.999621 -0.0019051 0.0274534 -0.00864279 0.00189072 0.999998 0.000549293 -0.00258235 -0.0274543 -0.000497305 0.999623 -0.0229633 0.0 0.0 0.0 1.0
office/seq-04/color/frame-000688.color.png office/seq-04/color/frame-000691.color.png 0.99987 -0.00426611 0.0155479 -0.00163841 0.00424779 0.99999 0.00121228 0.00560241 -0.0155529 -0.00114602 0.999878 -0.00870989 0.0 0.0 0.0 1.0
office/seq-04/color/frame-000691.color.png office/seq-04/color/frame-000694.color.png 0.999544 -0.00175452 0.0301313 -0.00797951 0.00199599 0.999966 -0.00798931 -0.00408777 -0.0301163 0.00804583 0.999514 -0.0314908 0.0 0.0 0.0 1.0
office/seq-04/color/frame-000694.color.png office/seq-04/color/frame-000697.color.png 0.999761 -0.00450905 0.0213826 0.000141621 0.00455641 0.999987 -0.00216579 -0.00289215 -0.0213725 0.00226264 0.999769 -0.0205872 0.0 0.0 0.0 1.0
office/seq-04/color/frame-000697.color.png office/seq-04/color/frame-000700.color.png 0.999813 -0.00539125 0.0185791 0.00652695 0.00541477 0.999985 -0.00121091 -0.00459549 -0.0185723 0.00131136 0.999827 -0.0117634 0.0 0.0 0.0 1.0
office/seq-04/color/frame-000700.color.png office/seq-04/color/frame-000703.color.png 0.999631 -0.00739326 0.0261392 0.00348544 0.00758993 0.999943 -0.00743411 0.00974531 -0.0260828 0.00762964 0.999631 -0.0313521 0.0 0.0 0.0 1.0
office/seq-04/color/frame-000703.color.png office/seq-04/color/frame-000706.color.png 0.999212 -0.0069548 0.039075 0.00367916 0.00731021 0.999933 -0.00895977 0.00973764 -0.0390101 0.00923842 0.999196 -0.046613 0.0 0.0 0.0 1.0
office/seq-04/color/frame-000706.color.png office/seq-04/color/frame-000709.color.png 0.999599 -0.00347026 0.0281012 0.00312388 0.00354454 0.99999 -0.0025952 0.00018996 -0.0280919 0.0026937 0.999602 -0.03688 0.0 0.0 0.0 1.0
office/seq-04/color/frame-000709.color.png office/seq-04/color/frame-000712.color.png 0.999471 -0.0045212 0.0322008 0.00976467 0.00455948 0.999989 -0.00111641 0.00660118 -0.0321955 0.0012627 0.999481 -0.0552127 0.0 0.0 0.0 1.0
office/seq-04/color/frame-000712.color.png office/seq-04/color/frame-000715.color.png 0.999655 0.00463094 0.0258619 0.00467741 -0.00470289 0.999985 0.0027255 -0.0177162 -0.0258489 -0.00284622 0.999662 -0.0261716 0.0 0.0 0.0 1.0
office/seq-04/color/frame-000715.color.png office/seq-04/color/frame-000718.color.png 0.999689 0.00198034 0.0248698 0.00986397 -0.00210383 0.999986 0.00494146 -0.00771928 -0.0248597 -0.00499221 0.999678 -0.0261166 0.0 0.0 0.0 1.0
office/seq-04/color/frame-000718.color.png office/seq-04/color/frame-000721.color.png 0.999649 0.0013165 0.0264759 0.00765121 -0.00113894 0.999977 -0.00672149 -0.0014549 -0.0264841 0.00668893 0.999627 -0.0331341 0.0 0.0 0.0 1.0
office/seq-04/color/frame-000721.color.png office/seq-04/color/frame-000724.color.png 0.99937 -0.000447582 0.0354854 0.0116374 0.000424728 1.0 0.000650477 -0.00273949 -0.0354857 -0.000634923 0.99937 -0.0423804 0.0 0.0 0.0 1.0
office/seq-04/color/frame-000724.color.png office/seq-04/color/frame-000727.color.png 0.999686 0.00464078 0.0246335 0.0114717 -0.00466262 0.999989 0.000831437 -0.00760746 -0.0246294 -0.00094608 0.999696 -0.0332428 0.0 0.0 0.0 1.0
office/seq-04/color/frame-000727.color.png office/seq-04/color/frame-000730.color.png 0.999844 0.0078568 0.0158456 0.00524008 -0.0079254 0.999959 0.00427085 -0.0150048 -0.0158114 -0.00439562 0.999865 -0.00745171 0.0 0.0 0.0 1.0
office/seq-04/color/frame-000730.color.png office/seq-04/color/frame-000733.color.png 0.999905 0.00332357 0.0133935 0.00682437 -0.003356 0.999992 0.00239728 -0.00767004 -0.0133854 -0.00244208 0.999908 -0.0214603 0.0 0.0 0.0 1.0
office/seq-04/color/frame-000733.color.png office/seq-04/color/frame-000736.color.png 0.999956 0.00148785 0.00920443 0.00954819 -0.00154788 0.999978 0.00652619 0.00760873 -0.00919452 -0.00654009 0.999936 0.00943883 0.0 0.0 0.0 1.0
office/seq-04/color/frame-000736.color.png office/seq-04/color/frame-000739.color.png 0.999798 0.0073132 0.0187397 0.00732017 -0.00749403 0.999926 0.00959446 -0.0186122 -0.018668 -0.00973303 0.999778 -0.0193139 0.0 0.0 0.0 1.0
office/seq-04/color/frame-000739.color.png office/seq-04/color/frame-000742.color.png 0.999878 0.0106166 0.0114455 0.00992596 -0.0106628 0.999935 0.00398302 -0.0171659 -0.0114025 -0.00410455 0.999927 -0.00289428 0.0 0.0 0.0 1.0
office/seq-04/color/frame-000742.color.png office/seq-04/color/frame-000745.color.png 0.999845 0.0135293 0.0112844 0.00832486 -0.0135711 0.999901 0.00364742 -0.0207275 -0.0112339 -0.00379994 0.99993 0.00336972 0.0 0.0 0.0 1.0
office/seq-04/color/frame-000745.color.png office/seq-04/color/frame-000748.color.png 0.999907 0.0107767 0.00839428 0.0096482 -0.0108767 0.999869 0.0119512 -0.0265731 -0.00826442 -0.0120414 0.999893 0.00169963 0.0 0.0 0.0 1.0
office/seq-04/color/frame-000748.color.png office/seq-04/color/frame-000751.color.png 0.999923 0.0100975 0.0071703 0.014979 -0.0101402 0.999931 0.00595568 -0.0199613 -0.00710964 -0.00602796 0.999957 0.00279108 0.0 0.0 0.0 1.0
office/seq-04/color/frame-000751.color.png office/seq-04/color/frame-000754.color.png 0.999952 0.00756948 0.00626591 0.012256 -0.007639 0.999909 0.0111456 -0.0163988 -0.006181 -0.011193 0.999918 0.0105025 0.0 0.0 0.0 1.0
office/seq-04/color/frame-000754.color.png office/seq-04/color/frame-000757.color.png 0.999982 0.00344622 0.00487297 0.0143425 -0.00347422 0.999977 0.00574083 -0.0137261 -0.00485312 -0.00575766 0.999972 0.0126194 0.0 0.0 0.0 1.0
office/seq-04/color/frame-000757.color.png office/seq-04/color/frame-000760.color.png 0.999996 -0.00143465 0.00233333 0.00809932 0.00143131 0.999998 0.00144318 -0.00285192 -0.00233543 -0.00143983 0.999996 0.00991309 0.0 0.0 0.0 1.0
office/seq-04/color/frame-000760.color.png office/seq-04/color/frame-000763.color.png 0.999941 0.00306036 0.0104461 0.0141774 -0.00312071 0.999978 0.00576848 -0.0193829 -0.0104282 -0.00580075 0.999929 0.00264966 0.0 0.0 0.0 1.0
office/seq-04/color/frame-000763.color.png office/seq-04/color/frame-000766.color.png 0.999996 0.00117732 0.0026806 0.00834799 -0.00118247 0.999997 0.00191495 -0.00782794 -0.00267831 -0.00191811 0.999995 0.003719 0.0 0.0 0.0 1.0
office/seq-04/color/frame-000766.color.png office/seq-04/color/frame-000769.color.png 0.999976 -0.001548 0.00677509 0.0164325 0.00155682 0.999998 -0.00130816 -0.00546505 -0.00677306 0.00131867 0.999976 0.00742134 0.0 0.0 0.0 1.0
office/seq-04/color/frame-000769.color.png office/seq-04/color/frame-000772.color.png 0.999956 0.00139362 0.00931168 0.0173393 -0.00150288 0.99993 0.011744 -0.0155009 -0.0092947 -0.0117575 0.999888 0.00334677 0.0 0.0 0.0 1.0
office/seq-04/color/frame-000772.color.png office/seq-04/color/frame-000775.color.png 0.999975 0.00321672 0.0063521 0.00668728 -0.00324322 0.999986 0.00418363 -0.011923 -0.00633854 -0.00420412 0.999971 -0.00211307 0.0 0.0 0.0 1.0
office/seq-04/color/frame-000775.color.png office/seq-04/color/frame-000778.color.png 0.999972 0.00589323 0.00464767 0.021219 -0.00589828 0.999982 0.00105536 -0.0161607 -0.00464129 -0.00108273 0.999989 0.0106037 0.0 0.0 0.0 1.0
office/seq-04/color/frame-000778.color.png office/seq-04/color/frame-000781.color.png 0.999792 0.0134848 0.0152852 0.0131301 -0.0135392 0.999902 0.00345231 -0.0273253 -0.0152372 -0.00365859 0.999877 -0.0090661 0.0 0.0 0.0 1.0
office/seq-04/color/frame-000781.color.png office/seq-04/color/frame-000784.color.png 0.99999 0.00314519 0.0031389 0.00765657 -0.00314787 0.999995 0.000841407 -0.00882021 -0.00313629 -0.000851307 0.999995 0.00101149 0.0 0.0 0.0 1.0
office/seq-04/color/frame-000784.color.png office/seq-04/color/frame-000787.color.png 0.999848 0.00567828 0.0165015 0.00982344 -0.00578932 0.999961 0.00669648 -0.0147386 -0.0164628 -0.00679098 0.999841 -0.0144748 0.0 0.0 0.0 1.0
office/seq-04/color/frame-000787.color.png office/seq-04/color/frame-000790.color.png 0.999967 0.00219179 0.00777525 0.0140753 -0.00226957 0.999947 0.0100052 -0.0146472 -0.00775298 -0.0100226 0.99992 -0.00330207 0.0 0.0 0.0 1.0
office/seq-04/color/frame-000790.color.png office/seq-04/color/frame-000793.color.png 0.999954 -0.00271961 0.00918326 0.00799644 0.00265627 0.999973 0.00690538 -0.00616604 -0.00920181 -0.00688066 0.999934 -0.00939196 0.0 0.0 0.0 1.0
office/seq-04/color/frame-000793.color.png office/seq-04/color/frame-000796.color.png 0.999976 -0.00689866 0.00111378 0.0148361 0.00688716 0.999925 0.0100897 0.00214425 -0.00118325 -0.0100818 0.999949 -0.00183532 0.0 0.0 0.0 1.0
office/seq-04/color/frame-000796.color.png office/seq-04/color/frame-000799.color.png 0.999926 -0.00734263 0.00966075 0.010049 0.00728154 0.999953 0.0063341 0.00104091 -0.00970668 -0.00626335 0.999933 -0.0109058 0.0 0.0 0.0 1.0
office/seq-04/color/frame-000799.color.png office/seq-04/color/frame-000802.color.png 0.999984 -0.00393565 0.0040504 0.00465477 0.00393251 0.999992 0.00079158 0.00401089 -0.00405366 -0.000775577 0.999991 -0.00486842 0.0 0.0 0.0 1.0
office/seq-04/color/frame-000802.color.png office/seq-04/color/frame-000805.color.png 0.999879 -0.00670583 0.0140573 0.0121489 0.00671201 0.999977 -0.000399 0.00841445 -0.0140543 0.00049331 0.999901 -0.0135697 0.0 0.0 0.0 1.0
office/seq-04/color/frame-000805.color.png office/seq-04/color/frame-000808.color.png 0.999724 -0.0229331 0.00515715 0.0157889 0.0229281 0.999737 0.00103295 0.0224094 -0.00517949 -0.000914413 0.999986 -0.00619933 0.0 0.0 0.0 1.0
office/seq-04/color/frame-000808.color.png office/seq-04/color/frame-000811.color.png 0.999857 -0.0125247 0.0113332 0.0137699 0.012527 0.999922 -0.000134072 0.00940803 -0.0113305 0.000275989 0.999936 -0.0153737 0.0 0.0 0.0 1.0
office/seq-04/color/frame-000811.color.png office/seq-04/color/frame-000814.color.png 0.999856 -0.00588389 0.0158945 0.0143709 0.00598589 0.999962 -0.00638285 0.00543806 -0.0158563 0.00647705 0.999853 -0.0192494 0.0 0.0 0.0 1.0
office/seq-04/color/frame-000814.color.png office/seq-04/color/frame-000817.color.png 0.999862 -0.00825661 0.0144221 0.0151821 0.00836299 0.999938 -0.00732163 0.00638068 -0.0143608 0.00744128 0.999869 -0.0202441 0.0 0.0 0.0 1.0
office/seq-04/color/frame-000817.color.png office/seq-04/color/frame-000820.color.png 0.999979 -0.00488168 0.00436186 0.0198654 0.00489638 0.999982 -0.00336748 0.0109552 -0.00434535 0.00338877 0.999985 -0.0101365 0.0 0.0 0.0 1.0
office/seq-04/color/frame-000820.color.png office/seq-04/color/frame-000823.color.png 0.999963 0.00438837 0.00734618 0.0106456 -0.00441262 0.999985 0.00328132 -0.00614902 -0.00733159 -0.00331363 0.999968 -0.010691 0.0 0.0 0.0 1.0
office/seq-04/color/frame-000823.color.png office/seq-04/color/frame-000826.color.png 0.999954 0.000273479 0.00955371 0.0212837 -0.000412126 0.999894 0.0145243 -0.0100639 -0.00954865 -0.0145276 0.999849 -0.0167371 0.0 0.0 0.0 1.0
office/seq-04/color/frame-000826.color.png office/seq-04/color/frame-000829.color.png 0.999925 0.011347 0.00464652 0.0253147 -0.0113488 0.999936 0.000318336 -0.0172487 -0.00464258 -0.000371075 0.999989 -0.00653934 0.0 0.0 0.0 1.0
office/seq-04/color/frame-000829.color.png office/seq-04/color/frame-000832.color.png 0.99996 0.00328772 0.00829415 0.0266818 -0.00328295 0.999994 -0.000592065 -0.00174564 -0.00829608 0.00056485 0.999965 -0.00782096 0.0 0.0 0.0 1.0
office/seq-04/color/frame-000832.color.png office/seq-04/color/frame-000835.color.png 0.999872 0.00423747 0.015421 0.0214725 -0.00421875 0.99999 -0.00123934 -0.00396737 -0.0154262 0.00117413 0.99988 -0.0148588 0.0 0.0 0.0 1.0
office/seq-04/color/frame-000835.color.png office/seq-04/color/frame-000838.color.png 0.999931 0.00403682 0.0110171 0.0160369 -0.00404137 0.999992 0.000383927 -0.00348657 -0.0110154 -0.000428449 0.999939 -0.00824457 0.0 0.0 0.0 1.0
office/seq-04/color/frame-000838.color.png office/seq-04/color/frame-000841.color.png 0.999964 -0.0034124 0.00777984 0.0192932 0.00339409 0.999991 0.00238302 0.000380009 -0.00778787 -0.00235652 0.999967 -0.000376225 0.0 0.0 0.0 1.0
office/seq-04/color/frame-000841.color.png office/seq-04/color/frame-000844.color.png 0.999862 -0.00220547 0.0164664 0.0102115 0.00221315 0.999997 -0.000450402 -0.0041998 -0.0164654 0.000486837 0.999864 -0.0111561 0.0 0.0 0.0 1.0
office/seq-04/color/frame-000844.color.png office/seq-04/color/frame-000847.color.png 0.999918 -0.00846643 0.00963615 0.00966311 0.00845389 0.999963 0.0013366 0.0011223 -0.00964704 -0.0012551 0.999953 0.00306845 0.0 0.0 0.0 1.0
office/seq-04/color/frame-000847.color.png office/seq-04/color/frame-000850.color.png 0.999962 -0.00657445 0.00573164 0.0072093 0.00659554 0.999971 -0.0036817 0.00294125 -0.00570728 0.0037194 0.999977 0.000157237 0.0 0.0 0.0 1.0
office/seq-04/color/frame-000850.color.png office/seq-04/color/frame-000853.color.png 0.999972 -0.00724838 -0.00209287 0.0194366 0.00725743 0.999964 0.00429759 -0.00151703 0.00206162 -0.00431267 0.999989 0.0163985 0.0 0.0 0.0 1.0
office/seq-04/color/frame-000853.color.png office/seq-04/color/frame-000856.color.png 0.999978 -0.00549686 -0.0037065 0.0148016 0.00548392 0.999979 -0.00348975 0.00347987 0.00372551 0.00346928 0.999987 0.0194865 0.0 0.0 0.0 1.0
office/seq-04/color/frame-000856.color.png office/seq-04/color/frame-000859.color.png 0.999951 -0.00723745 -0.00673377 0.0158628 0.0072171 0.999969 -0.00304193 0.00352117 0.00675574 0.00299328 0.999973 0.0231127 0.0 0.0 0.0 1.0
office/seq-04/color/frame-000859.color.png office/seq-04/color/frame-000862.color.png 0.999974 0.00523553 -0.00496672 0.0180237 -0.00523667 0.999986 -0.000231703 -0.0118444 0.00496536 0.000257685 0.999988 0.0285841 0.0 0.0 0.0 1.0
office/seq-04/color/frame-000862.color.png office/seq-04/color/frame-000865.color.png 0.999942 -0.00183103 -0.0106062 0.0123683 0.00178088 0.999987 -0.00472147 0.00639179 0.0106147 0.00470229 0.999933 0.0335348 0.0 0.0 0.0 1.0
office/seq-04/color/frame-000865.color.png office/seq-04/color/frame-000868.color.png 0.999838 0.00356578 -0.0176233 0.0329826 -0.00367936 0.999973 -0.00641559 0.00172183 0.0175998 0.0064794 0.999824 0.058058 0.0 0.0 0.0 1.0
office/seq-04/color/frame-000868.color.png office/seq-04/color/frame-000871.color.png 0.9997 -0.0103934 -0.0221973 0.0287187 0.0100625 0.999837 -0.0149745 0.00866356 0.0223493 0.0147466 0.999641 0.0441545 0.0 0.0 0.0 1.0
office/seq-04/color/frame-000871.color.png office/seq-04/color/frame-000874.color.png 0.999848 -0.00413532 -0.0169593 0.0232712 0.00400242 0.999961 -0.00785995 0.00842676 0.0169912 0.00779082 0.999825 0.0398912 0.0 0.0 0.0 1.0
office/seq-04/color/frame-000874.color.png office/seq-04/color/frame-000877.color.png 0.999686 0.00130062 -0.0250117 0.0432584 -0.00134062 0.999998 -0.00158128 -0.00226891 0.0250097 0.0016143 0.999686 0.047038 0.0 0.0 0.0 1.0
office/seq-04/color/frame-000877.color.png office/seq-04/color/frame-000880.color.png 0.999858 0.00699167 -0.0153611 0.0237452 -0.00697773 0.999975 0.000963481 -0.013045 0.0153674 -0.000856154 0.999881 0.0312583 0.0 0.0 0.0 1.0
office/seq-04/color/frame-000880.color.png office/seq-04/color/frame-000883.color.png 0.999835 0.00553046 -0.0172908 0.028762 -0.00571801 0.999925 -0.0108172 0.0077973 0.0172296 0.0109143 0.999792 0.0309151 0.0 0.0 0.0 1.0
office/seq-04/color/frame-000883.color.png office/seq-04/color/frame-000886.color.png 0.999918 -0.00687795 -0.0108227 0.0182535 0.00684089 0.999971 -0.00344882 0.00849834 0.0108462 0.00337444 0.999936 0.0157535 0.0 0.0 0.0 1.0
office/seq-04/color/frame-000886.color.png office/seq-04/color/frame-000889.color.png 0.999912 -0.0077117 -0.0107843 0.0149511 0.00767397 0.999964 -0.00354425 0.00638026 0.0108112 0.00346127 0.999935 0.013031 0.0 0.0 0.0 1.0
office/seq-04/color/frame-000889.color.png office/seq-04/color/frame-000892.color.png 0.999947 -0.00718563 -0.00731187 0.0195956 0.00714078 0.999956 -0.00614877 0.0140913 0.00735581 0.0060962 0.999955 0.0113949 0.0 0.0 0.0 1.0
office/seq-04/color/frame-000892.color.png office/seq-04/color/frame-000895.color.png 0.999923 -0.0102413 -0.00705389 0.0183894 0.0100971 0.999745 -0.0201967 0.0249369 0.00725899 0.0201239 0.999771 0.00904864 0.0 0.0 0.0 1.0
office/seq-04/color/frame-000895.color.png office/seq-04/color/frame-000898.color.png 0.999875 -0.011106 -0.0112726 0.0201412 0.0109679 0.999865 -0.0122304 0.0275398 0.0114069 0.0121052 0.999862 0.0101103 0.0 0.0 0.0 1.0
office/seq-04/color/frame-000898.color.png office/seq-04/color/frame-000901.color.png 0.999916 -0.0128292 0.00162098 0.00853616 0.012843 0.999878 -0.00883156 0.01651 -0.0015075 0.00885173 0.99996 -0.00102288 0.0 0.0 0.0 1.0
office/seq-04/color/frame-000901.color.png office/seq-04/color/frame-000904.color.png 0.999632 -0.0265619 -0.00558394 0.0309954 0.0264717 0.999527 -0.015672 0.0315849 0.0059976 0.0155184 0.999862 -0.00237215 0.0 0.0 0.0 1.0
office/seq-04/color/frame-000904.color.png office/seq-04/color/frame-000907.color.png 0.999974 -0.00648023 -0.00300999 0.0322151 0.0064422 0.999901 -0.0124755 0.0269508 0.00309038 0.0124558 0.999918 0.00917524 0.0 0.0 0.0 1.0
office/seq-04/color/frame-000907.color.png office/seq-04/color/frame-000910.color.png 0.999963 -0.00810412 -0.00304194 0.0172656 0.00809508 0.999963 -0.00294177 0.0128781 0.00306584 0.002917 0.999991 -0.00207907 0.0 0.0 0.0 1.0
office/seq-04/color/frame-000910.color.png office/seq-04/color/frame-000913.color.png 0.999792 0.00293104 -0.0201882 0.0468146 -0.00309139 0.999964 -0.00791843 0.0155084 0.0201643 0.00797918 0.999765 0.0192322 0.0 0.0 0.0 1.0
office/seq-04/color/frame-000913.color.png office/seq-04/color/frame-000916.color.png 0.999905 -0.000329347 -0.0137829 0.0275472 0.000285583 0.999995 -0.00318 0.00941867 0.013784 0.00317576 0.9999 0.0206848 0.0 0.0 0.0 1.0
office/seq-04/color/frame-000916.color.png office/seq-04/color/frame-000919.color.png 0.999894 -0.000815855 -0.0145409 0.0192677 0.000780751 0.999997 -0.00241962 0.00338793 0.0145429 0.00240808 0.999891 0.0108102 0.0 0.0 0.0 1.0
office/seq-04/color/frame-000919.color.png office/seq-04/color/frame-000922.color.png 0.999796 0.000739438 -0.0201958 0.0282227 -0.000833205 0.999989 -0.00463587 0.00522727 0.020192 0.00465174 0.999785 0.0186341 0.0 0.0 0.0 1.0
office/seq-04/color/frame-000922.color.png office/seq-04/color/frame-000925.color.png 0.999476 -0.00701015 -0.0316027 0.0347746 0.00659303 0.99989 -0.0132849 0.0190342 0.0316924 0.0130696 0.999412 0.0321595 0.0 0.0 0.0 1.0
office/seq-04/color/frame-000925.color.png office/seq-04/color/frame-000928.color.png 0.999763 -0.00511744 -0.021141 0.0310284 0.00496548 0.999961 -0.0072335 0.0102861 0.0211771 0.00712681 0.99975 0.0283546 0.0 0.0 0.0 1.0
office/seq-04/color/frame-000928.color.png office/seq-04/color/frame-000931.color.png 0.999884 -0.006121 -0.0139573 0.0158533 0.00595898 0.999915 -0.0116193 0.0122848 0.0140273 0.0115348 0.999835 0.0185334 0.0 0.0 0.0 1.0
office/seq-04/color/frame-000931.color.png office/seq-04/color/frame-000934.color.png 0.999632 -0.0180738 -0.0202394 0.0320055 0.0179636 0.999823 -0.0056115 0.0259358 0.0203373 0.00524588 0.999779 0.0311502 0.0 0.0 0.0 1.0
office/seq-04/color/frame-000934.color.png office/seq-04/color/frame-000937.color.png 0.999935 -0.00366333 -0.0108381 0.026099 0.00368882 0.99999 0.0023297 0.0126256 0.0108294 -0.00236957 0.999938 0.0250126 0.0 0.0 0.0 1.0
office/seq-04/color/frame-000937.color.png office/seq-04/color/frame-000940.color.png 0.999968 -0.0053752 -0.00594805 0.0109758 0.00538837 0.999983 0.00219825 0.00944881 0.00593624 -0.00223023 0.99998 0.0130032 0.0 0.0 0.0 1.0
office/seq-04/color/frame-000940.color.png office/seq-04/color/frame-000943.color.png 0.999974 0.00506993 -0.00510219 0.0196062 -0.00505691 0.999984 0.00257097 -0.00337905 0.00511503 -0.00254506 0.999984 0.0166628 0.0 0.0 0.0 1.0
office/seq-04/color/frame-000943.color.png office/seq-04/color/frame-000946.color.png 0.999955 -0.00937567 0.00109282 0.0203314 0.00936715 0.999927 0.00760924 0.00798026 -0.00116406 -0.00759864 0.99997 0.0244985 0.0 0.0 0.0 1.0
office/seq-04/color/frame-000946.color.png office/seq-04/color/frame-000949.color.png 0.999885 -0.00831742 0.0127076 -0.00239164 0.00825341 0.999953 0.00507881 0.00999928 -0.0127492 -0.00497336 0.999906 0.0151266 0.0 0.0 0.0 1.0
office/seq-04/color/frame-000949.color.png office/seq-04/color/frame-000952.color.png 0.99991 -0.000187113 0.0134506 0.00267389 0.000134292 0.999992 0.00392401 -0.00031209 -0.0134512 -0.00392191 0.999902 0.00953192 0.0 0.0 0.0 1.0
office/seq-04/color/frame-000952.color.png office/seq-04/color/frame-000955.color.png 0.999959 -0.00400791 0.00816791 -0.00858948 0.00401482 0.999992 -0.000818277 0.0153809 -0.00816451 0.000851098 0.999966 0.0175834 0.0 0.0 0.0 1.0
office/seq-04/color/frame-000955.color.png office/seq-04/color/frame-000958.color.png 0.999943 -0.00277398 0.0103113 0.00365258 0.00279941 0.999993 -0.00245404 0.0125376 -0.0103044 0.00248276 0.999944 0.0036186 0.0 0.0 0.0 1.0
office/seq-04/color/frame-000958.color.png office/seq-04/color/frame-000961.color.png 0.999968 7.96037e-05 0.00795494 -0.00983702 -8.39047e-05 1.0 0.00053867 0.00764428 -0.00795492 -0.000539311 0.999968 0.0116465 0.0 0.0 0.0 1.0
office/seq-04/color/frame-000961.color.png office/seq-04/color/frame-000964.color.png 0.999929 -0.00524083 0.0106645 -0.00705107 0.0052202 0.999984 0.00195992 0.00960132 -0.0106746 -0.00190409 0.999941 0.0102462 0.0 0.0 0.0 1.0
office/seq-04/color/frame-000964.color.png office/seq-04/color/frame-000967.color.png 0.999745 -0.0141101 0.0176195 -0.00892358 0.0139841 0.999876 0.00724843 0.0137015 -0.0177195 -0.00700025 0.999819 0.0100317 0.0 0.0 0.0 1.0
office/seq-04/color/frame-000967.color.png office/seq-04/color/frame-000970.color.png 0.999975 -0.00694222 -0.00145063 0.01372 0.00695273 0.999949 0.00737329 0.0124251 0.00139927 -0.00738312 0.999972 0.0365709 0.0 0.0 0.0 1.0
office/seq-04/color/frame-000970.color.png office/seq-04/color/frame-000973.color.png 0.999871 0.00244746 0.0158886 -0.0153398 -0.00252179 0.999986 0.00466316 -0.00187869 -0.0158769 -0.00470268 0.999863 0.00923169 0.0 0.0 0.0 1.0
office/seq-04/color/frame-000973.color.png office/seq-04/color/frame-000976.color.png 0.999813 -0.0107349 0.0160873 -0.0133608 0.0106804 0.999937 0.00346943 0.00876419 -0.0161236 -0.0032969 0.999865 0.00967205 0.0 0.0 0.0 1.0
office/seq-04/color/frame-000976.color.png office/seq-04/color/frame-000979.color.png 0.999912 -0.00648479 0.0115762 -0.0030544 0.00642856 0.999967 0.00488079 0.00514683 -0.0116075 -0.00480598 0.999921 0.0142708 0.0 0.0 0.0 1.0
office/seq-04/color/frame-000979.color.png office/seq-04/color/frame-000982.color.png 0.999877 -6.29138e-05 0.0156756 -0.0207477 3.6963e-05 0.999999 0.00165946 0.00499095 -0.0156756 -0.00165866 0.999876 0.00381672 0.0 0.0 0.0 1.0
office/seq-04/color/frame-000982.color.png office/seq-04/color/frame-000985.color.png 0.999973 -0.00687279 0.00270069 -0.000135209 0.00686107 0.999967 0.00432035 0.00533612 -0.00273032 -0.00430168 0.999987 0.0147982 0.0 0.0 0.0 1.0
office/seq-04/color/frame-000985.color.png office/seq-04/color/frame-000988.color.png 0.999895 -0.00220563 -0.0143339 0.0268075 0.00238476 0.999919 0.0124924 -0.00498527 0.0143051 -0.0125253 0.999819 0.00789821 0.0 0.0 0.0 1.0
office/seq-04/color/frame-000988.color.png office/seq-04/color/frame-000991.color.png 0.999736 -0.00185616 -0.0229195 0.0267927 0.00200941 0.999976 0.00666523 0.011616 0.0229065 -0.00670956 0.999715 0.0168175 0.0 0.0 0.0 1.0
office/seq-04/color/frame-000991.color.png office/seq-04/color/frame-000994.color.png 0.99964 0.00447342 -0.0264606 0.0255427 -0.00420366 0.999939 0.010241 -0.00815159 0.0265048 -0.0101261 0.999597 0.00960457 0.0 0.0 0.0 1.0
office/seq-04/color/frame-000994.color.png office/seq-04/color/frame-000997.color.png 0.999555 0.00388167 -0.0295656 0.0350745 -0.00384436 0.999992 0.00131843 0.00581499 0.0295705 -0.00120421 0.999562 0.0016309 0.0 0.0 0.0 1.0
