office/seq-04/color/frame-000002.color.png office/seq-04/color/frame-000005.color.png 0.999968 0.00763916 0.00237874 0.00233032 -0.00766218 0.999922 0.0098247 -0.0137643 -0.0023035 -0.00984261 0.999949 0.0130278 0.0 0.0 0.0 1.0
office/seq-04/color/frame-000005.color.png office/seq-04/color/frame-000008.color.png 0.999932 0.00829317 0.00814113 -0.0107306 -0.00839644 0.999884 0.0127336 0.00197616 -0.00803458 -0.0128011 0.999886 0.0109345 0.0 0.0 0.0 1.0
office/seq-04/color/frame-000008.color.png office/seq-04/color/frame-000011.color.png 0.999915 0.0129991 -0.00038431 0.000575124 -0.0129823 0.999487 0.0292727 -0.00101757 0.000764632 -0.0292652 0.999571 0.0213321 0.0 0.0 0.0 1.0
office/seq-04/color/frame-000011.color.png office/seq-04/color/frame-000014.color.png 0.99994 0.00600501 0.00911241 0.00608296 -0.00616003 0.999835 0.0170806 -0.0090641 -0.00900834 -0.0171357 0.999813 0.0280796 0.0 0.0 0.0 1.0
office/seq-04/color/frame-000014.color.png office/seq-04/color/frame-000017.color.png 0.999699 -0.0134051 0.0205602 0.00130697 0.0127335 0.999392 0.032456 -0.0175565 -0.0209828 -0.0321844 0.999262 0.0259536 0.0 0.0 0.0 1.0
office/seq-04/color/frame-000017.color.png office/seq-04/color/frame-000020.color.png 0.999665 -0.00507928 0.0253736 -0.0069446 0.00474272 0.9999 0.0133067 -0.00329114 -0.0254387 -0.0131819 0.999589 0.0243988 0.0 0.0 0.0 1.0
office/seq-04/color/frame-000020.color.png office/seq-04/color/frame-000023.color.png 0.999807 -0.00264835 0.0194742 -0.0100745 0.00185938 0.999181 0.0404212 -0.0434878 -0.0195653 -0.0403772 0.998993 0.0423265 0.0 0.0 0.0 1.0
office/seq-04/color/frame-000023.color.png office/seq-04/color/frame-000026.color.png 0.999925 0.00659474 0.0103629 -0.00765763 -0.00690828 0.99951 0.0305179 -0.0194481 -0.0101565 -0.0305872 0.99948 0.0240553 0.0 0.0 0.0 1.0
office/seq-04/color/frame-000026.color.png office/seq-04/color/frame-000029.color.png 0.999999 -0.00175376 1.7983e-05 -0.00884403 0.00175294 0.999757 0.0219735 -0.0276361 -5.65084e-05 -0.0219734 0.999759 0.0303185 0.0 0.0 0.0 1.0
office/seq-04/color/frame-000029.color.png office/seq-04/color/frame-000032.color.png 0.999994 -0.00341718 -0.000747146 -0.00500029 0.00343826 0.999534 0.0303205 -0.0523908 0.000643179 -0.0303229 0.99954 0.0399981 0.0 0.0 0.0 1.0
office/seq-04/color/frame-000032.color.png office/seq-04/color/frame-000035.color.png 0.999946 -0.0071064 0.00758396 -0.00416852 0.00707038 0.999964 0.00476686 -0.025506 -0.00761755 -0.00471292 0.99996 0.0242514 0.0 0.0 0.0 1.0
office/seq-04/color/frame-000035.color.png office/seq-04/color/frame-000038.color.png 0.99981 -0.0188335 0.00497935 0.00577625 0.0188318 0.999823 0.000386978 -0.0389024 -0.00498575 -0.000293156 0.999987 0.0342473 0.0 0.0 0.0 1.0
office/seq-04/color/frame-000038.color.png office/seq-04/color/frame-000041.color.png 0.999993 -0.00159353 -0.00351068 0.0134963 0.00156172 0.999958 -0.00904566 -0.000736877 0.00352493 0.0090401 0.999953 0.0206099 0.0 0.0 0.0 1.0
office/seq-04/color/frame-000041.color.png office/seq-04/color/frame-000044.color.png 0.999986 0.00222051 0.00471321 0.00486633 -0.00223252 0.999994 0.0025431 -0.0291126 -0.00470753 -0.00255361 0.999986 0.028974 0.0 0.0 0.0 1.0
office/seq-04/color/frame-000044.color.png office/seq-04/color/frame-000047.color.png 0.999912 -0.000526913 0.0132316 0.0212883 0.000450731 0.999983 0.00575967 -0.00293398 -0.0132345 -0.0057532 0.999896 0.0213092 0.0 0.0 0.0 1.0
office/seq-04/color/frame-000047.color.png office/seq-04/color/frame-000050.color.png 0.999809 -0.00739448 0.0180891 0.0104867 0.00762906 0.999887 -0.0129332 -0.00232351 -0.0179914 0.0130687 0.999753 0.024877 0.0 0.0 0.0 1.0
office/seq-04/color/frame-000050.color.png office/seq-04/color/frame-000053.color.png 0.99956 -0.0204106 0.021501 0.00868754 0.0206631 0.999719 -0.0115878 -0.00907469 -0.0212585 0.0120269 0.999702 0.0191196 0.0 0.0 0.0 1.0
office/seq-04/color/frame-000053.color.png office/seq-04/color/frame-000056.color.png 0.998946 -0.0302081 0.034567 0.012461 0.0297823 0.999475 0.0127673 -0.0433312 -0.0349345 -0.0117244 0.999321 0.0265855 0.0 0.0 0.0 1.0
office/seq-04/color/frame-000056.color.png office/seq-04/color/frame-000059.color.png 0.999847 -0.00527495 0.0166999 0.00639678 0.00522107 0.999981 0.00326896 -0.00526065 -0.0167169 -0.00318127 0.999855 0.0191233 0.0 0.0 0.0 1.0
office/seq-04/color/frame-000059.color.png office/seq-04/color/frame-000062.color.png 0.999877 -0.0139588 0.00712469 0.0135884 0.0139601 0.999903 -0.00013768 -0.000418693 -0.00712208 0.000237136 0.999975 0.0142989 0.0 0.0 0.0 1.0
office/seq-04/color/frame-000062.color.png office/seq-04/color/frame-000065.color.png 0.999996 -0.0015332 0.0025397 0.025655 0.00153236 0.999999 0.000328913 -0.0126944 -0.0025402 -0.000325042 0.999997 0.0308305 0.0 0.0 0.0 1.0
office/seq-04/color/frame-000065.color.png office/seq-04/color/frame-000068.color.png 0.999945 -0.00716231 0.00772403 0.00773293 0.00717116 0.999974 -0.00112128 -0.00983706 -0.00771577 0.00117663 0.99997 0.0251386 0.0 0.0 0.0 1.0
office/seq-04/color/frame-000068.color.png office/seq-04/color/frame-000071.color.png 0.999997 0.00120806 0.00220263 0.0168301 -0.00122277 0.999977 0.00670047 -0.00675768 -0.00219452 -0.00670316 0.999975 0.0183116 0.0 0.0 0.0 1.0
office/seq-04/color/frame-000071.color.png office/seq-04/color/frame-000074.color.png 0.999977 -0.00104882 0.00663558 0.011172 0.0010478 0.999999 0.00016021 -0.00977379 -0.00663579 -0.000153215 0.999978 0.0352736 0.0 0.0 0.0 1.0
office/seq-04/color/frame-000074.color.png office/seq-04/color/frame-000077.color.png 0.999933 -0.00180134 0.0114461 0.000511736 0.00187155 0.999979 -0.00612635 -0.00422379 -0.0114348 0.00614736 0.999916 0.0363659 0.0 0.0 0.0 1.0
office/seq-04/color/frame-000077.color.png office/seq-04/color/frame-000080.color.png 0.999966 -0.000416636 0.00822632 0.00454877 0.000447398 0.999993 -0.00373964 -0.0125957 -0.00822469 0.00374321 0.999959 0.035214 0.0 0.0 0.0 1.0
office/seq-04/color/frame-000080.color.png office/seq-04/color/frame-000083.color.png 0.99999 -0.00157671 0.00425569 0.000661522 0.00158641 0.999996 -0.00227903 -0.020442 -0.00425203 0.00228574 0.999988 0.0398684 0.0 0.0 0.0 1.0
office/seq-04/color/frame-000083.color.png office/seq-04/color/frame-000086.color.png 0.999986 0.00394166 -0.00348611 0.0191224 -0.00396534 0.999969 -0.00681184 -0.0124279 0.00345915 0.00682557 0.999971 0.0409644 0.0 0.0 0.0 1.0
office/seq-04/color/frame-000086.color.png office/seq-04/color/frame-000089.color.png 0.999965 0.00681992 0.00485009 0.00166696 -0.00678998 0.999958 -0.00615397 -0.0118638 -0.00489183 0.00612086 0.999969 0.0411052 0.0 0.0 0.0 1.0
office/seq-04/color/frame-000089.color.png office/seq-04/color/frame-000092.color.png 0.999979 0.00602209 -0.0025296 0.00636518 -0.00603347 0.999972 -0.00451364 -0.0126583 0.00250233 0.00452883 0.999987 0.0390179 0.0 0.0 0.0 1.0
office/seq-04/color/frame-000092.color.png office/seq-04/color/frame-000095.color.png 0.99993 0.0104804 -0.00544033 0.00650829 -0.0105151 0.999924 -0.00638338 -0.00255615 0.00537305 0.00644009 0.999965 0.0376124 0.0 0.0 0.0 1.0
office/seq-04/color/frame-000095.color.png office/seq-04/color/frame-000098.color.png 0.999938 0.00206038 -0.0109136 0.0076398 -0.00197048 0.999964 0.00824317 -0.024693 0.0109302 -0.00822112 0.999907 0.0254056 0.0 0.0 0.0 1.0
office/seq-04/color/frame-000098.color.png office/seq-04/color/frame-000101.color.png 0.999821 0.011334 -0.0151254 0.0137311 -0.0114088 0.999923 -0.00486342 -0.00119662 0.0150691 0.00503511 0.999874 0.0263771 0.0 0.0 0.0 1.0
office/seq-04/color/frame-000101.color.png office/seq-04/color/frame-000104.color.png 0.999688 0.0135325 -0.0209773 0.0223881 -0.0136228 0.999898 -0.00416892 -0.000682503 0.0209188 0.00445337 0.999771 0.0246137 0.0 0.0 0.0 1.0
office/seq-04/color/frame-000104.color.png office/seq-04/color/frame-000107.color.png 0.999602 0.00974164 -0.0264855 0.0326805 -0.00985501 0.999943 -0.00415354 0.00308374 0.0264435 0.00441295 0.999641 0.0215073 0.0 0.0 0.0 1.0
office/seq-04/color/frame-000107.color.png office/seq-04/color/frame-000110.color.png 0.999631 0.0128117 -0.0239666 0.0220987 -0.0128861 0.999913 -0.00295352 -0.0129344 0.0239266 0.00326123 0.999708 0.0200245 0.0 0.0 0.0 1.0
office/seq-04/color/frame-000110.color.png office/seq-04/color/frame-000113.color.png 0.99938 0.0135985 -0.0324613 0.0415825 -0.0140139 0.999822 -0.0126021 0.0108729 0.0322841 0.0130492 0.999393 0.0192077 0.0 0.0 0.0 1.0
office/seq-04/color/frame-000113.color.png office/seq-04/color/frame-000116.color.png 0.9994 0.0187882 -0.0290819 0.0370185 -0.0190032 0.999794 -0.00713321 0.00343996 0.0289419 0.00768161 0.999552 0.0201408 0.0 0.0 0.0 1.0
office/seq-04/color/frame-000116.color.png office/seq-04/color/frame-000119.color.png 0.999431 0.0208946 -0.0264699 0.0343409 -0.0210941 0.999751 -0.00727742 0.011926 0.0263113 0.00783165 0.999623 0.0153469 0.0 0.0 0.0 1.0
office/seq-04/color/frame-000119.color.png office/seq-04/color/frame-000122.color.png 0.999558 0.0134783 -0.0265009 0.0331285 -0.0133527 0.999899 0.00491219 -0.0115809 0.0265644 -0.0045561 0.999637 0.0141039 0.0 0.0 0.0 1.0
office/seq-04/color/frame-000122.color.png office/seq-04/color/frame-000125.color.png 0.999157 0.0241121 -0.0332342 0.0403541 -0.024277 0.999695 -0.00456613 0.000778377 0.0331139 0.00536908 0.999437 0.0133507 0.0 0.0 0.0 1.0
office/seq-04/color/frame-000125.color.png office/seq-04/color/frame-000128.color.png 0.999115 0.0173305 -0.0383166 0.0369494 -0.0173501 0.99985 -0.000179199 -0.0114923 0.0383077 0.000843824 0.999266 0.0046277 0.0 0.0 0.0 1.0
office/seq-04/color/frame-000128.color.png office/seq-04/color/frame-000131.color.png 0.998585 0.0279594 -0.0452363 0.0416046 -0.0286637 0.999477 -0.0149968 0.0271189 0.0447933 0.0162722 0.998864 0.0126755 0.0 0.0 0.0 1.0
office/seq-04/color/frame-000131.color.png office/seq-04/color/frame-000134.color.png 0.99911 0.0162797 -0.0389053 0.0281542 -0.0163941 0.999862 -0.00262345 0.00144804 0.0388573 0.00325892 0.99924 0.0011431 0.0 0.0 0.0 1.0
office/seq-04/color/frame-000134.color.png office/seq-04/color/frame-000137.color.png 0.999629 0.00665395 -0.0264115 0.0194634 -0.00684885 0.99995 -0.00729481 0.00773722 0.0263616 0.00747303 0.999625 -0.00287712 0.0 0.0 0.0 1.0
office/seq-04/color/frame-000137.color.png office/seq-04/color/frame-000140.color.png 0.99992 0.0059566 -0.011143 -0.00103846 -0.00594844 0.999982 0.000765536 0.00455689 0.0111474 -0.000699214 0.999938 -0.00365639 0.0 0.0 0.0 1.0
office/seq-04/color/frame-000140.color.png office/seq-04/color/frame-000143.color.png 0.999997 -0.00236151 -0.000309629 -0.0371463 0.00236085 0.999995 -0.00213705 -0.00111651 0.000314608 0.00213634 0.999998 -0.00998962 0.0 0.0 0.0 1.0
office/seq-04/color/frame-000143.color.png office/seq-04/color/frame-000146.color.png 0.999966 -0.00826196 0.000228848 -0.0384526 0.00826375 0.999925 -0.00909274 0.00996119 -0.000153676 0.0090943 0.999959 -0.00530887 0.0 0.0 0.0 1.0
office/seq-04/color/frame-000146.color.png office/seq-04/color/frame-000149.color.png 0.999938 -0.00599586 0.0093579 -0.044483 0.00601523 0.99998 -0.00205053 0.00244838 -0.00934542 0.00210671 0.999954 -0.0102657 0.0 0.0 0.0 1.0
office/seq-04/color/frame-000149.color.png office/seq-04/color/frame-000152.color.png 0.999766 -0.0150718 0.0154931 -0.0540636 0.015022 0.999882 0.00332899 -0.0121791 -0.0155414 -0.00309546 0.999874 -0.0183779 0.0 0.0 0.0 1.0
office/seq-04/color/frame-000152.color.png office/seq-04/color/frame-000155.color.png 0.999755 -0.00654619 0.0211443 -0.0552794 0.00654612 0.999979 7.45099e-05 0.00724196 -0.0211443 6.39053e-05 0.999777 -0.0163252 0.0 0.0 0.0 1.0
office/seq-04/color/frame-000155.color.png office/seq-04/color/frame-000158.color.png 0.999904 -0.0109087 0.00856426 -0.0395357 0.0109402 0.999933 -0.00363902 0.00281143 -0.00852399 0.00373237 0.999957 -0.0186812 0.0 0.0 0.0 1.0
office/seq-04/color/frame-000158.color.png office/seq-04/color/frame-000161.color.png 0.999989 0.000231243 -0.00475233 -0.0141281 -0.0002506 0.999992 -0.00407331 0.000132442 0.00475134 0.00407448 0.99998 -0.0147021 0.0 0.0 0.0 1.0
office/seq-04/color/frame-000161.color.png office/seq-04/color/frame-000164.color.png 0.999954 0.00953491 0.00095025 -0.0254337 -0.00952826 0.999932 -0.00677268 -0.00148714 -0.00101478 0.0067633 0.999977 -0.0230361 0.0 0.0 0.0 1.0
office/seq-04/color/frame-000164.color.png office/seq-04/color/frame-000167.color.png 0.999986 0.00252994 -0.00473315 -0.0134833 -0.00258187 0.999936 -0.0110002 0.0124672 0.00470502 0.0110123 0.999928 -0.0153657 0.0 0.0 0.0 1.0
office/seq-04/color/frame-000167.color.png office/seq-04/color/frame-000170.color.png 0.999845 0.0174561 0.00244301 -0.0259333 -0.0174076 0.999675 -0.0186266 0.0374784 -0.00276733 0.0185812 0.999823 -0.0378071 0.0 0.0 0.0 1.0
office/seq-04/color/frame-000170.color.png office/seq-04/color/frame-000173.color.png 0.999988 0.00163491 0.00461114 -0.0188381 -0.00165606 0.999988 0.00458804 0.000839233 -0.00460358 -0.00459562 0.999979 -0.0288242 0.0 0.0 0.0 1.0
office/seq-04/color/frame-000173.color.png office/seq-04/color/frame-000176.color.png 0.999992 0.00388869 -0.000961669 -0.0117719 -0.00388664 0.99999 0.00216537 0.00286561 0.000970061 -0.00216158 0.999997 -0.0247463 0.0 0.0 0.0 1.0
office/seq-04/color/frame-000176.color.png office/seq-04/color/frame-000179.color.png 0.999974 0.0051394 -0.00514717 -0.0140278 -0.00510644 0.999967 0.00639654 0.00968689 0.00517988 -0.0063701 0.999966 -0.0442343 0.0 0.0 0.0 1.0
office/seq-04/color/frame-000179.color.png office/seq-04/color/frame-000182.color.png 0.999948 0.00536173 -0.0086747 -0.00864908 -0.00530125 0.999962 0.00697508 -0.00898767 0.00871175 -0.00692875 0.999938 -0.0325361 0.0 0.0 0.0 1.0
office/seq-04/color/frame-000182.color.png office/seq-04/color/frame-000185.color.png 0.999806 0.00914023 -0.0174345 -0.00418916 -0.0092154 0.999949 -0.00423444 0.0305986 0.0173949 0.00439432 0.999839 -0.0339761 0.0 0.0 0.0 1.0
office/seq-04/color/frame-000185.color.png office/seq-04/color/frame-000188.color.png 0.999865 -0.00543583 -0.0154908 -0.00627545 0.00555184 0.999957 0.00745699 0.00133529 0.0154496 -0.00754197 0.999852 -0.0380559 0.0 0.0 0.0 1.0
office/seq-04/color/frame-000188.color.png office/seq-04/color/frame-000191.color.png 0.999916 0.000111236 -0.0129222 0.00458676 5.72308e-05 0.999915 0.0130345 -0.000861079 0.0129225 -0.0130342 0.999831 -0.0286657 0.0 0.0 0.0 1.0
office/seq-04/color/frame-000191.color.png office/seq-04/color/frame-000194.color.png 0.999833 0.00276036 -0.0180895 -0.00218067 -0.0027321 0.999995 0.00158698 0.00769049 0.0180938 -0.00153729 0.999835 -0.0321556 0.0 0.0 0.0 1.0
office/seq-04/color/frame-000194.color.png office/seq-04/color/frame-000197.color.png 0.999921 -0.00257856 -0.0122738 -0.00463808 0.00250829 0.99998 -0.00573917 0.0125361 0.0122883 0.00570793 0.999908 -0.0269017 0.0 0.0 0.0 1.0
office/seq-04/color/frame-000197.color.png office/seq-04/color/frame-000200.color.png 0.999974 0.00326348 -0.0063759 -0.00944254 -0.00329537 0.999982 -0.00499556 0.0116117 0.00635951 0.00501642 0.999967 -0.0219941 0.0 0.0 0.0 1.0
office/seq-04/color/frame-000200.color.png office/seq-04/color/frame-000203.color.png 0.999837 0.0151833 -0.00979402 -0.00827691 -0.0152421 0.999866 -0.00595333 0.00236589 0.00970232 0.00610166 0.999934 -0.0186884 0.0 0.0 0.0 1.0
office/seq-04/color/frame-000203.color.png office/seq-04/color/frame-000206.color.png 0.999931 0.01154 -0.00236066 -0.0129601 -0.0115342 0.999931 0.00242585 0.00839391 0.00238855 -0.00239847 0.999994 -0.0303082 0.0 0.0 0.0 1.0
office/seq-04/color/frame-000206.color.png office/seq-04/color/frame-000209.color.png 0.999967 0.00537619 -0.00606536 -0.0105152 -0.00534164 0.999969 0.00570422 0.00944197 0.00609582 -0.00567165 0.999965 -0.0373227 0.0 0.0 0.0 1.0
office/seq-04/color/frame-000209.color.png office/seq-04/color/frame-000212.color.png 0.999976 -0.00686821 0.000849646 -0.0261916 0.00685745 0.999903 0.0121492 0.00608909 -0.000933026 -0.0121431 0.999926 -0.0296552 0.0 0.0 0.0 1.0
office/seq-04/color/frame-000212.color.png office/seq-04/color/frame-000215.color.png 0.999959 -0.00909277 0.000389706 -0.0375297 0.00908871 0.999915 0.00929245 0.0176387 -0.000474183 -0.0092885 0.999957 -0.0386332 0.0 0.0 0.0 1.0
office/seq-04/color/frame-000215.color.png office/seq-04/color/frame-000218.color.png 0.999963 0.00373303 -0.00780786 -0.00969562 -0.00360886 0.999868 0.01585 -0.0056814 0.007866 -0.0158213 0.999844 -0.0281675 0.0 0.0 0.0 1.0
office/seq-04/color/frame-000218.color.png office/seq-04/color/frame-000221.color.png 0.999943 0.00965251 -0.00462073 -0.0180618 -0.00963253 0.999944 0.00433673 0.00549692 0.00466234 -0.00429199 0.99998 -0.0354708 0.0 0.0 0.0 1.0
office/seq-04/color/frame-000221.color.png office/seq-04/color/frame-000224.color.png 0.999939 0.0105288 0.00319437 -0.0259317 -0.0105022 0.999911 -0.00823717 0.00883546 -0.0032808 0.00820314 0.999961 -0.0373599 0.0 0.0 0.0 1.0
office/seq-04/color/frame-000224.color.png office/seq-04/color/frame-000227.color.png 0.999984 0.00388343 -0.00414983 -0.0166254 -0.00391124 0.99997 -0.00670895 0.0113407 0.00412366 0.00672507 0.999969 -0.0351726 0.0 0.0 0.0 1.0
office/seq-04/color/frame-000227.color.png office/seq-04/color/frame-000230.color.png 0.99992 0.00757224 -0.0101 -0.00720477 -0.00754226 0.999967 0.0029994 0.00468934 0.0101224 -0.00292296 0.999945 -0.0218429 0.0 0.0 0.0 1.0
office/seq-04/color/frame-000230.color.png office/seq-04/color/frame-000233.color.png 0.999684 0.0114353 -0.022391 -0.0073179 -0.0114595 0.999934 -0.000953517 0.0101665 0.0223786 0.0012098 0.999749 -0.021847 0.0 0.0 0.0 1.0
office/seq-04/color/frame-000233.color.png office/seq-04/color/frame-000236.color.png 0.999606 0.014461 -0.0240446 0.00340015 -0.0141954 0.999837 0.0111785 -0.00379026 0.0242023 -0.0108328 0.999648 -0.0310767 0.0 0.0 0.0 1.0
office/seq-04/color/frame-000236.color.png office/seq-04/color/frame-000239.color.png 0.999722 0.0117705 -0.0204251 -0.011865 -0.0116903 0.999924 0.00404543 0.0141751 0.0204711 -0.00380555 0.999783 -0.0146715 0.0 0.0 0.0 1.0
office/seq-04/color/frame-000239.color.png office/seq-04/color/frame-000242.color.png 0.999535 0.00202886 -0.030433 -0.0104188 -0.00184647 0.99998 0.00602214 0.0179733 0.0304446 -0.0059631 0.999519 -0.0259906 0.0 0.0 0.0 1.0
office/seq-04/color/frame-000242.color.png office/seq-04/color/frame-000245.color.png 0.999604 0.00296958 -0.0279888 0.000296235 -0.00269894 0.999949 0.00969917 -0.000758976 0.0280162 -0.00961982 0.999561 -0.00434351 0.0 0.0 0.0 1.0
office/seq-04/color/frame-000245.color.png office/seq-04/color/frame-000248.color.png 0.999862 0.00361995 -0.0162149 -0.0198824 -0.00362683 0.999993 -0.00039313 0.00987327 0.0162134 0.000451918 0.999869 -0.0132554 0.0 0.0 0.0 1.0
office/seq-04/color/frame-000248.color.png office/seq-04/color/frame-000251.color.png 0.999534 0.00612459 -0.0299192 -0.00958049 -0.00599532 0.999972 0.00440854 0.0035719 0.0299454 -0.00422713 0.999543 -0.00968567 0.0 0.0 0.0 1.0
office/seq-04/color/frame-000251.color.png office/seq-04/color/frame-000254.color.png 0.999772 0.0164694 -0.0135968 -0.0229329 -0.0164772 0.999864 -0.000466564 -0.00295174 0.0135873 0.00069053 0.999907 -0.0116969 0.0 0.0 0.0 1.0
office/seq-04/color/frame-000254.color.png office/seq-04/color/frame-000257.color.png 0.999789 0.0085357 -0.0186773 -0.0124755 -0.00857056 0.999962 -0.00178236 -0.000318542 0.0186613 0.00194204 0.999824 -0.00161324 0.0 0.0 0.0 1.0
office/seq-04/color/frame-000257.color.png office/seq-04/color/frame-000260.color.png 0.999872 0.00706837 -0.0143679 -0.0159761 -0.00704272 0.999974 0.00182858 -0.000424758 0.0143803 -0.00172713 0.999895 -0.00248938 0.0 0.0 0.0 1.0
office/seq-04/color/frame-000260.color.png office/seq-04/color/frame-000263.color.png 0.999921 0.00255916 -0.0122825 -0.0122067 -0.00259138 0.999993 -0.00260723 0.00386934 0.0122757 0.00263888 0.999921 -0.00327275 0.0 0.0 0.0 1.0
office/seq-04/color/frame-000263.color.png office/seq-04/color/frame-000266.color.png 0.999988 0.00113596 -0.00467423 -0.0152321 -0.00111674 0.999991 0.00410358 0.00790496 0.00467893 -0.00409838 0.999981 6.15031e-05 0.0 0.0 0.0 1.0
office/seq-04/color/frame-000266.color.png office/seq-04/color/frame-000269.color.png 0.999952 0.000634288 -0.0097836 -0.0248498 -0.000586997 0.999988 0.00484368 0.00801647 0.00978653 -0.00483765 0.99994 -0.00264975 0.0 0.0 0.0 1.0
office/seq-04/color/frame-000269.color.png office/seq-04/color/frame-000272.color.png 0.999864 0.00723344 -0.0147932 -0.0222569 -0.00704563 0.999894 0.0127082 -0.000709817 0.0148836 -0.0126022 0.99981 -0.00212383 0.0 0.0 0.0 1.0
office/seq-04/color/frame-000272.color.png office/seq-04/color/frame-000275.color.png 0.99961 0.0113895 -0.0254869 -0.00973159 -0.0112681 0.999924 0.00490105 -0.00697845 0.0255408 -0.00461198 0.999663 0.0107215 0.0 0.0 0.0 1.0
office/seq-04/color/frame-000275.color.png office/seq-04/color/frame-000278.color.png 0.999694 0.00445719 -0.0243248 -0.0143785 -0.00417107 0.999922 0.0118022 0.00133325 0.0243755 -0.0116972 0.999634 0.0129951 0.0 0.0 0.0 1.0
office/seq-04/color/frame-000278.color.png office/seq-04/color/frame-000281.color.png 0.999525 0.0113161 -0.0286538 -0.00656164 -0.0110532 0.999896 0.00931543 -0.00638053 0.0287562 -0.00899429 0.999546 0.0196508 0.0 0.0 0.0 1.0
office/seq-04/color/frame-000281.color.png office/seq-04/color/frame-000284.color.png 0.999241 0.0230913 -0.0313685 -0.0127282 -0.0229336 0.999722 0.00537927 -0.0187149 0.0314841 -0.00465585 0.999493 0.0180117 0.0 0.0 0.0 1.0
office/seq-04/color/frame-000284.color.png office/seq-04/color/frame-000287.color.png 0.999001 0.0286627 -0.0342969 -0.0033465 -0.0285812 0.999587 0.00286346 -0.0191295 0.0343648 -0.00188028 0.999408 0.0302281 0.0 0.0 0.0 1.0
office/seq-04/color/frame-000287.color.png office/seq-04/color/frame-000290.color.png 0.999117 0.014294 -0.0395222 0.00127387 -0.0143549 0.999896 -0.00125558 -0.0122708 0.0395001 0.00182176 0.999218 0.0371694 0.0 0.0 0.0 1.0
office/seq-04/color/frame-000290.color.png office/seq-04/color/frame-000293.color.png 0.998862 0.0181664 -0.0440928 0.0167059 -0.0182888 0.99983 -0.00237702 -0.020119 0.0440422 0.00318068 0.999025 0.0490805 0.0 0.0 0.0 1.0
office/seq-04/color/frame-000293.color.png office/seq-04/color/frame-000296.color.png 0.998755 0.028892 -0.0406725 0.0131939 -0.0289389 0.999581 -0.000562446 -0.0230465 0.0406391 0.00173885 0.999173 0.0430499 0.0 0.0 0.0 1.0
office/seq-04/color/frame-000296.color.png office/seq-04/color/frame-000299.color.png 0.999306 0.0227398 -0.0294863 0.0120655 -0.0228556 0.999732 -0.0035947 -0.0212299 0.0293968 0.00426606 0.999559 0.027684 0.0 0.0 0.0 1.0
office/seq-04/color/frame-000299.color.png office/seq-04/color/frame-000302.color.png 0.999122 0.0206195 -0.0364623 0.0185787 -0.020653 0.999787 -0.00054571 -0.021258 0.0364432 0.00129839 0.999335 0.0343914 0.0 0.0 0.0 1.0
office/seq-04/color/frame-000302.color.png office/seq-04/color/frame-000305.color.png 0.998976 0.0312693 -0.0326971 0.0164917 -0.0312967 0.99951 -0.000322232 -0.0314134 0.032671 0.0013451 0.999465 0.0316438 0.0 0.0 0.0 1.0
office/seq-04/color/frame-000305.color.png office/seq-04/color/frame-000308.color.png 0.999221 0.0201308 -0.0339551 0.013802 -0.0201812 0.999796 -0.00114147 -0.0186826 0.0339252 0.00182575 0.999423 0.0306036 0.0 0.0 0.0 1.0
office/seq-04/color/frame-000308.color.png office/seq-04/color/frame-000311.color.png 0.999081 0.0146119 -0.0403038 0.0134507 -0.01482 0.999878 -0.00487005 -0.00755738 0.0402277 0.00546298 0.999176 0.0434254 0.0 0.0 0.0 1.0
office/seq-04/color/frame-000311.color.png office/seq-04/color/frame-000314.color.png 0.99938 0.0166345 -0.0310261 0.0147243 -0.0166426 0.999861 -2.60811e-06 -0.0153556 0.0310218 0.000518912 0.999519 0.0274223 0.0 0.0 0.0 1.0
office/seq-04/color/frame-000314.color.png office/seq-04/color/frame-000317.color.png 0.998741 0.0236223 -0.0442602 0.015572 -0.0234338 0.999714 0.00477094 -0.0204174 0.0443603 -0.00372766 0.999009 0.0464023 0.0 0.0 0.0 1.0
office/seq-04/color/frame-000317.color.png office/seq-04/color/frame-000320.color.png 0.999483 0.00679952 -0.0314193 0.0141448 -0.00684495 0.999976 -0.00133791 -0.00225182 0.0314095 0.00155225 0.999505 0.0343673 0.0 0.0 0.0 1.0
office/seq-04/color/frame-000320.color.png office/seq-04/color/frame-000323.color.png 0.999365 0.0116186 -0.0336879 0.0104232 -0.0118557 0.999906 -0.00684401 -0.0126431 0.0336052 0.00723902 0.999409 0.0333923 0.0 0.0 0.0 1.0
office/seq-04/color/frame-000323.color.png office/seq-04/color/frame-000326.color.png 0.999596 0.0142209 -0.0246137 0.00625598 -0.0142739 0.999896 -0.00197741 -0.0142438 0.0245829 0.00232794 0.999695 0.0243805 0.0 0.0 0.0 1.0
office/seq-04/color/frame-000326.color.png office/seq-04/color/frame-000329.color.png 0.99951 0.0137764 -0.0280927 0.00744003 -0.0138599 0.9999 -0.00278568 -0.00896974 0.0280516 0.00317373 0.999601 0.0345152 0.0 0.0 0.0 1.0
office/seq-04/color/frame-000329.color.png office/seq-04/color/frame-000332.color.png 0.999483 0.0196687 -0.025445 0.000788927 -0.0197418 0.999802 -0.00262405 -0.0170428 0.0253884 0.00312495 0.999673 0.0300053 0.0 0.0 0.0 1.0
office/seq-04/color/frame-000332.color.png office/seq-04/color/frame-000335.color.png 0.998887 0.0226553 -0.0413601 -0.00412637 -0.0227418 0.99974 -0.00162244 -0.0161912 0.0413125 0.00256137 0.999143 0.0526471 0.0 0.0 0.0 1.0
office/seq-04/color/frame-000335.color.png office/seq-04/color/frame-000338.color.png 0.99902 0.00960385 -0.043198 0.0125874 -0.00985416 0.999936 -0.00558544 -0.00526309 0.0431416 0.00600556 0.999051 0.0489643 0.0 0.0 0.0 1.0
office/seq-04/color/frame-000338.color.png office/seq-04/color/frame-000341.color.png 0.999391 0.0181713 -0.0297864 -0.00430453 -0.0182504 0.999831 -0.0023851 -0.0197818 0.0297379 0.0029272 0.999554 0.0380496 0.0 0.0 0.0 1.0
office/seq-04/color/frame-000341.color.png office/seq-04/color/frame-000344.color.png 0.998351 0.0242423 -0.0520342 0.00572592 -0.0244692 0.999694 -0.00372943 -0.0221621 0.0519279 0.0049966 0.998638 0.0600051 0.0 0.0 0.0 1.0
office/seq-04/color/frame-000344.color.png office/seq-04/color/frame-000347.color.png 0.999131 0.0139027 -0.0392982 0.00675482 -0.014042 0.999896 -0.00327088 -0.0150471 0.0392487 0.00381985 0.999222 0.038277 0.0 0.0 0.0 1.0
office/seq-04/color/frame-000347.color.png office/seq-04/color/frame-000350.color.png 0.99773 0.0185699 -0.0647358 0.0102462 -0.0189854 0.999803 -0.00580797 -0.0216948 0.0646152 0.00702367 0.997886 0.0742728 0.0 0.0 0.0 1.0
office/seq-04/color/frame-000350.color.png office/seq-04/color/frame-000353.color.png 0.99945 0.00182501 -0.0331042 0.00698906 -0.00174895 0.999996 0.00232529 -0.0043425 0.0331083 -0.00226601 0.999449 0.0349923 0.0 0.0 0.0 1.0
office/seq-04/color/frame-000353.color.png office/seq-04/color/frame-000356.color.png 0.999225 0.00146813 -0.0393389 0.00785685 -0.00123536 0.999982 0.00594021 -0.0098184 0.0393468 -0.00588718 0.999208 0.027676 0.0 0.0 0.0 1.0
office/seq-04/color/frame-000356.color.png office/seq-04/color/frame-000359.color.png 0.998876 0.00206451 -0.0473521 0.022198 -0.00199804 0.999997 0.00145201 -0.00501269 0.047355 -0.00135563 0.998877 0.0339135 0.0 0.0 0.0 1.0
office/seq-04/color/frame-000359.color.png office/seq-04/color/frame-000362.color.png 0.99913 0.00617778 -0.041243 0.0176222 -0.00619083 0.999981 -0.000189711 -0.00954607 0.041241 0.00044482 0.999149 0.0331516 0.0 0.0 0.0 1.0
office/seq-04/color/frame-000362.color.png office/seq-04/color/frame-000365.color.png 0.998295 0.0175984 -0.0556515 0.0252761 -0.0176099 0.999845 0.000281115 -0.0145949 0.0556478 0.000699426 0.99845 0.0475663 0.0 0.0 0.0 1.0
office/seq-04/color/frame-000365.color.png office/seq-04/color/frame-000368.color.png 0.998078 0.0163497 -0.0597702 0.0182784 -0.0154101 0.999751 0.0161466 -0.0214533 0.0600192 -0.0151946 0.998082 0.0617303 0.0 0.0 0.0 1.0
office/seq-04/color/frame-000368.color.png office/seq-04/color/frame-000371.color.png 0.998172 0.021887 -0.056329 0.0380843 -0.0210679 0.999664 0.0150935 -0.0313872 0.0566405 -0.0138791 0.998298 0.0615815 0.0 0.0 0.0 1.0
office/seq-04/color/frame-000371.color.png office/seq-04/color/frame-000374.color.png 0.99816 0.00924461 -0.0599316 0.0317951 -0.00940564 0.999953 -0.00240291 -0.00918674 0.0599065 0.00296201 0.9982 0.0545393 0.0 0.0 0.0 1.0
office/seq-04/color/frame-000374.color.png office/seq-04/color/frame-000377.color.png 0.998457 0.0220155 -0.0509899 0.0434145 -0.0222716 0.999742 -0.00445971 -0.0238487 0.0508785 0.00558843 0.998689 0.052818 0.0 0.0 0.0 1.0
office/seq-04/color/frame-000377.color.png office/seq-04/color/frame-000380.color.png 0.998816 0.0303344 -0.0380265 0.0428831 -0.0304262 0.999535 -0.00183809 -0.0293785 0.0379531 0.00299308 0.999275 0.0335052 0.0 0.0 0.0 1.0
office/seq-04/color/frame-000380.color.png office/seq-04/color/frame-000383.color.png 0.999086 0.0137453 -0.0404615 0.0329738 -0.0135967 0.9999 0.00394953 -0.00919524 0.0405118 -0.00339586 0.999173 0.0311428 0.0 0.0 0.0 1.0
office/seq-04/color/frame-000383.color.png office/seq-04/color/frame-000386.color.png 0.998927 0.0217446 -0.0408837 0.0502404 -0.021556 0.999755 0.00504737 -0.036266 0.0409834 -0.0041606 0.999151 0.0483778 0.0 0.0 0.0 1.0
office/seq-04/color/frame-000386.color.png office/seq-04/color/frame-000389.color.png 0.999531 0.0165644 -0.0257545 0.0311794 -0.0164254 0.999849 0.00559595 -0.02349 0.0258432 -0.00517041 0.999653 0.0240576 0.0 0.0 0.0 1.0
office/seq-04/color/frame-000389.color.png office/seq-04/color/frame-000392.color.png 0.999654 0.0109315 -0.0239189 0.0303679 -0.0109155 0.99994 0.000795825 -0.0106297 0.0239261 -0.000534417 0.999714 0.0121715 0.0 0.0 0.0 1.0
office/seq-04/color/frame-000392.color.png office/seq-04/color/frame-000395.color.png 0.999785 0.0103468 -0.0179575 0.0279697 -0.0101802 0.999905 0.009342 -0.00699109 0.0180524 -0.00915718 0.999795 0.00155029 0.0 0.0 0.0 1.0
office/seq-04/color/frame-000395.color.png office/seq-04/color/frame-000398.color.png 0.999602 0.0120956 -0.0254715 0.0265434 -0.0118854 0.999894 0.00839531 -0.0163901 0.0255703 -0.0080893 0.99964 0.00939131 0.0 0.0 0.0 1.0
office/seq-04/color/frame-000398.color.png office/seq-04/color/frame-000401.color.png 0.999853 -0.00373624 -0.0167278 0.0221428 0.00391455 0.999936 0.0106378 0.0189166 0.0166871 -0.0107016 0.999803 -0.00415593 0.0 0.0 0.0 1.0
office/seq-04/color/frame-000401.color.png office/seq-04/color/frame-000404.color.png 0.999863 0.00983578 -0.0133084 0.0293309 -0.00970063 0.999901 0.0101748 -0.00232241 0.0134073 -0.0100444 0.99986 0.00438198 0.0 0.0 0.0 1.0
office/seq-04/color/frame-000404.color.png office/seq-04/color/frame-000407.color.png 0.99989 0.00558552 -0.0137288 0.0236088 -0.00555515 0.999982 0.00224808 0.00389391 0.0137412 -0.00217164 0.999903 0.00390157 0.0 0.0 0.0 1.0
office/seq-04/color/frame-000407.color.png office/seq-04/color/frame-000410.color.png 0.999956 0.00617623 -0.00709211 0.0310661 -0.00615924 0.999978 0.00242411 0.00122046 0.00710686 -0.00238038 0.999972 0.00362214 0.0 0.0 0.0 1.0
office/seq-04/color/frame-000410.color.png office/seq-04/color/frame-000413.color.png 0.999979 0.00441493 0.00480014 0.0233771 -0.00442437 0.999988 0.00195934 0.00276041 -0.00479147 -0.00198047 0.999987 -0.00802103 0.0 0.0 0.0 1.0
office/seq-04/color/frame-000413.color.png office/seq-04/color/frame-000416.color.png 0.999972 -0.00326793 0.00673013 0.0288235 0.00320306 0.999949 0.00962371 0.00139761 -0.00676117 -0.00960193 0.999931 -0.000702173 0.0 0.0 0.0 1.0
office/seq-04/color/frame-000416.color.png office/seq-04/color/frame-000419.color.png 0.999887 0.00874705 0.0121863 0.0247929 -0.00870906 0.999957 -0.00316948 -0.00572154 -0.0122135 0.0030629 0.999921 0.00861254 0.0 0.0 0.0 1.0
office/seq-04/color/frame-000419.color.png office/seq-04/color/frame-000422.color.png 0.99973 0.00738334 0.0220347 0.0306729 -0.00714543 0.999916 -0.0108545 0.0157557 -0.0221129 0.0106942 0.999698 -0.0218697 0.0 0.0 0.0 1.0
office/seq-04/color/frame-000422.color.png office/seq-04/color/frame-000425.color.png 0.999847 0.0125841 0.0121907 0.0266568 -0.0123946 0.999803 -0.0155186 0.0088138 -0.0123836 0.0153652 0.999805 -0.00562286 0.0 0.0 0.0 1.0
office/seq-04/color/frame-000425.color.png office/seq-04/color/frame-000428.color.png 0.999973 0.00508846 0.00534118 0.0119659 -0.00510329 0.999983 0.00279816 0.00813693 -0.00532686 -0.00282527 0.999982 7.48038e-06 0.0 0.0 0.0 1.0
office/seq-04/color/frame-000428.color.png office/seq-04/color/frame-000431.color.png 0.999655 0.0259988 -0.00360829 0.02209 -0.026022 0.99964 -0.00655223 -0.00380009 0.00343657 0.00664393 0.999972 -0.00188947 0.0 0.0 0.0 1.0
office/seq-04/color/frame-000431.color.png office/seq-04/color/frame-000434.color.png 0.999126 0.0341991 -0.0240472 0.0226893 -0.0342449 0.999412 -0.00149448 -0.00735971 0.023982 0.00231672 0.99971 0.0124334 0.0 0.0 0.0 1.0
office/seq-04/color/frame-000434.color.png office/seq-04/color/frame-000437.color.png 0.999374 0.0315967 -0.015894 0.00750855 -0.0317435 0.999455 -0.00907134 0.00334877 0.0155988 0.00957005 0.999832 -0.00795528 0.0 0.0 0.0 1.0
office/seq-04/color/frame-000437.color.png office/seq-04/color/frame-000440.color.png 0.999759 -0.00202847 -0.0218452 0.0318995 0.00222277 0.999958 0.00887354 0.0340741 0.0218263 -0.0089198 0.999722 0.00146502 0.0 0.0 0.0 1.0
office/seq-04/color/frame-000440.color.png office/seq-04/color/frame-000443.color.png 0.999838 0.014254 -0.0109669 0.0151278 -0.0143354 0.99987 -0.00737698 0.00769624 0.0108603 0.00753295 0.999913 -0.0160389 0.0 0.0 0.0 1.0
office/seq-04/color/frame-000443.color.png office/seq-04/color/frame-000446.color.png 0.999773 0.0145428 -0.0155759 0.00158913 -0.0145239 0.999894 0.00133021 0.00304073 0.0155936 -0.0011037 0.999878 -0.00216547 0.0 0.0 0.0 1.0
office/seq-04/color/frame-000446.color.png office/seq-04/color/frame-000449.color.png 0.999933 -0.00140707 -0.0114536 -0.00324641 0.00127034 0.999928 -0.0119462 0.0180804 0.0114696 0.0119309 0.999863 -0.0259221 0.0 0.0 0.0 1.0
office/seq-04/color/frame-000449.color.png office/seq-04/color/frame-000452.color.png 0.999986 -0.00521401 0.0013224 -0.00321448 0.00521288 0.999986 0.000818677 0.0127047 -0.00132659 -0.000811807 0.999999 -0.0206548 0.0 0.0 0.0 1.0
office/seq-04/color/frame-000452.color.png office/seq-04/color/frame-000455.color.png 0.999983 0.00155052 -0.0055979 -0.0134676 -0.00153327 0.999994 0.00307679 0.0144632 0.00560243 -0.00306821 0.99998 -0.0421226 0.0 0.0 0.0 1.0
office/seq-04/color/frame-000455.color.png office/seq-04/color/frame-000458.color.png 0.999942 0.00686425 0.00829789 -0.0239506 -0.00680722 0.999953 -0.00686781 0.0140714 -0.00834466 0.00681094 0.999942 -0.0591618 0.0 0.0 0.0 1.0
office/seq-04/color/frame-000458.color.png office/seq-04/color/frame-000461.color.png 0.999949 0.00246091 0.00976442 -0.0127687 -0.00257584 0.999927 0.0117681 0.00829037 -0.00973466 -0.0117927 0.999883 -0.0352287 0.0 0.0 0.0 1.0
office/seq-04/color/frame-000461.color.png office/seq-04/color/frame-000464.color.png 0.999281 -0.0218408 0.0309942 -0.00334406 0.0218347 0.999761 0.000529488 0.0250351 -0.0309984 0.000147624 0.999519 -0.0797311 0.0 0.0 0.0 1.0
office/seq-04/color/frame-000464.color.png office/seq-04/color/frame-000467.color.png 0.999872 -0.00883451 0.0133295 -0.013326 0.00874314 0.999938 0.00690806 0.00900358 -0.0133897 -0.0067906 0.999887 -0.035245 0.0 0.0 0.0 1.0
office/seq-04/color/frame-000467.color.png office/seq-04/color/frame-000470.color.png 0.999724 -0.00696566 0.0224299 -0.0138859 0.00692319 0.999974 0.00196588 0.0118986 -0.022443 -0.00181013 0.999746 -0.0390166 0.0 0.0 0.0 1.0
office/seq-04/color/frame-000470.color.png office/seq-04/color/frame-000473.color.png 0.999886 -0.00714924 0.0133341 -0.0138345 0.00717789 0.999972 -0.00210081 0.0103415 -0.0133187 0.00219638 0.999909 -0.0337094 0.0 0.0 0.0 1.0
office/seq-04/color/frame-000473.color.png office/seq-04/color/frame-000476.color.png 0.999915 -0.00715981 0.010885 -0.0116249 0.00711853 0.999967 0.00381818 0.00719464 -0.0109118 -0.00374037 0.999933 -0.0217052 0.0 0.0 0.0 1.0
office/seq-04/color/frame-000476.color.png office/seq-04/color/frame-000479.color.png 0.999831 0.0035833 0.0180207 -0.022348 -0.00360248 0.999993 0.00103805 0.00498564 -0.0180169 -0.0011029 0.999837 -0.0420464 0.0 0.0 0.0 1.0
office/seq-04/color/frame-000479.color.png office/seq-04/color/frame-000482.color.png 0.999945 -0.00134095 0.0104241 -0.0182991 0.00128182 0.999983 0.00567191 0.0108492 -0.0104315 -0.00565815 0.99993 -0.0281354 0.0 0.0 0.0 1.0
office/seq-04/color/frame-000482.color.png office/seq-04/color/frame-000485.color.png 0.999864 0.00348595 0.016125 -0.0220045 -0.00334203 0.999954 -0.0089455 0.0096797 -0.0161555 0.00889035 0.99983 -0.0318104 0.0 0.0 0.0 1.0
office/seq-04/color/frame-000485.color.png office/seq-04/color/frame-000488.color.png 0.999846 0.000170825 0.0175594 -0.0210636 -0.00014688 0.999999 -0.00136396 0.00631855 -0.0175595 0.0013611 0.999845 -0.0283499 0.0 0.0 0.0 1.0
office/seq-04/color/frame-000488.color.png office/seq-04/color/frame-000491.color.png 0.999799 0.00790419 0.0184114 -0.0216939 -0.00759245 0.999828 -0.0169441 0.00739841 -0.0185423 0.0168009 0.999687 -0.0283836 0.0 0.0 0.0 1.0
office/seq-04/color/frame-000491.color.png office/seq-04/color/frame-000494.color.png 0.999914 0.00580126 0.0117435 -0.0243271 -0.00561853 0.999864 -0.0155312 -0.0050377 -0.011832 0.0154638 0.99981 -0.0349467 0.0 0.0 0.0 1.0
office/seq-04/color/frame-000494.color.png office/seq-04/color/frame-000497.color.png 0.999918 0.00204927 0.0126279 -0.0214208 -0.00209872 0.99999 0.0039073 0.00724294 -0.0126197 -0.00393346 0.999913 -0.0277328 0.0 0.0 0.0 1.0
office/seq-04/color/frame-000497.color.png office/seq-04/color/frame-000500.color.png 0.999999 0.000546598 -0.00147465 -0.0246987 -0.000550999 0.999995 -0.00297791 -0.0111399 0.00147301 0.00297868 0.999994 -0.0251993 0.0 0.0 0.0 1.0
office/seq-04/color/frame-000500.color.png office/seq-04/color/frame-000503.color.png 0.999957 -0.00335161 0.0086312 -0.0167068 0.00335278 0.999994 -0.000126446 0.00365416 -0.00863077 0.000155473 0.999963 -0.0239092 0.0 0.0 0.0 1.0
office/seq-04/color/frame-000503.color.png office/seq-04/color/frame-000506.color.png 0.999959 0.00492627 0.00756023 -0.00990295 -0.00492857 0.999988 0.000284348 -0.00403379 -0.00755873 -0.000321627 0.999971 -0.0249721 0.0 0.0 0.0 1.0
office/seq-04/color/frame-000506.color.png office/seq-04/color/frame-000509.color.png 0.999952 0.00742645 0.00637056 -0.00974989 -0.00742139 0.999972 -0.000828689 -0.0107226 -0.00637654 0.000781298 0.999979 -0.0132858 0.0 0.0 0.0 1.0
office/seq-04/color/frame-000509.color.png office/seq-04/color/frame-000512.color.png 0.999902 -0.00691463 0.0121646 -0.00660968 0.0069771 0.999963 -0.00509991 0.00656509 -0.0121287 0.00518433 0.999913 -0.029715 0.0 0.0 0.0 1.0
office/seq-04/color/frame-000512.color.png office/seq-04/color/frame-000515.color.png 0.99994 -0.00293942 0.0105386 -0.0105036 0.00295633 0.999994 -0.00157872 0.00129346 -0.0105341 0.00160979 0.999943 -0.0191424 0.0 0.0 0.0 1.0
office/seq-04/color/frame-000515.color.png office/seq-04/color/frame-000518.color.png 0.999819 -0.00611505 0.0180398 -0.00153583 0.006177 0.999975 -0.00337861 0.0051366 -0.0180187 0.00348948 0.999832 -0.0227727 0.0 0.0 0.0 1.0
office/seq-04/color/frame-000518.color.png office/seq-04/color/frame-000521.color.png 0.999611 -0.00637015 0.0271649 -0.0137739 0.00662246 0.999936 -0.00921032 -0.00433019 -0.0271045 0.00938651 0.999588 -0.0466196 0.0 0.0 0.0 1.0
office/seq-04/color/frame-000521.color.png office/seq-04/color/frame-000524.color.png 0.999631 -0.0157485 0.0221447 0.00406384 0.0156079 0.999857 0.00650758 0.0194367 -0.022244 -0.00615944 0.999734 -0.0251383 0.0 0.0 0.0 1.0
office/seq-04/color/frame-000524.color.png office/seq-04/color/frame-000527.color.png 0.999648 -0.0169609 0.0203835 -0.00506043 0.0169072 0.999853 0.00281202 0.0124533 -0.0204281 -0.0024664 0.999788 -0.0267478 0.0 0.0 0.0 1.0
office/seq-04/color/frame-000527.color.png office/seq-04/color/frame-000530.color.png 0.998872 -0.0203531 0.0429073 0.00343639 0.0198788 0.999737 0.0114544 0.0231904 -0.0431292 -0.0105886 0.999013 -0.053934 0.0 0.0 0.0 1.0
office/seq-04/color/frame-000530.color.png office/seq-04/color/frame-000533.color.png 0.99951 -0.0151499 0.0273828 0.00183898 0.0149449 0.999859 0.00767454 0.00893188 -0.0274952 -0.00726155 0.999596 -0.029633 0.0 0.0 0.0 1.0
office/seq-04/color/frame-000533.color.png office/seq-04/color/frame-000536.color.png 0.998713 -0.0298443 0.0410125 0.0050239 0.0294314 0.99951 0.0106314 0.0278892 -0.0413096 -0.00941061 0.999102 -0.0385436 0.0 0.0 0.0 1.0
office/seq-04/color/frame-000536.color.png office/seq-04/color/frame-000539.color.png 0.999514 -0.0164068 0.0264992 0.00217712 0.0162634 0.999852 0.00561067 0.0139298 -0.0265874 -0.00517702 0.999633 -0.0217165 0.0 0.0 0.0 1.0
office/seq-04/color/frame-000539.color.png office/seq-04/color/frame-000542.color.png 0.998993 -0.0254195 0.0369736 0.00613695 0.0251785 0.999659 0.00696828 0.0302098 -0.037138 -0.00603031 0.999292 -0.031848 0.0 0.0 0.0 1.0
office/seq-04/color/frame-000542.color.png office/seq-04/color/frame-000545.color.png 0.999568 -0.0123451 0.026665 0.00805295 0.0125151 0.999902 -0.00621214 0.00550801 -0.0265857 0.00654318 0.999625 -0.0334909 0.0 0.0 0.0 1.0
office/seq-04/color/frame-000545.color.png office/seq-04/color/frame-000548.color.png 0.999389 -0.0179333 0.0300108 0.00713444 0.0179323 0.999839 0.000304104 0.0165092 -0.0300114 0.000234207 0.99955 -0.0278834 0.0 0.0 0.0 1.0
office/seq-04/color/frame-000548.color.png office/seq-04/color/frame-000551.color.png 0.999541 -0.0226061 0.0201495 -9.98974e-05 0.0226264 0.999744 -0.000777829 0.0301887 -0.0201267 0.00123337 0.999797 -0.02563 0.0 0.0 0.0 1.0
office/seq-04/color/frame-000551.color.png office/seq-04/color/frame-000554.color.png 0.99939 -0.0224179 0.0267703 0.00223929 0.0222505 0.999731 0.00653639 0.0167579 -0.0269096 -0.00593673 0.99962 -0.0212967 0.0 0.0 0.0 1.0
office/seq-04/color/frame-000554.color.png office/seq-04/color/frame-000557.color.png 0.999208 -0.0286367 0.0276315 0.010989 0.0284312 0.999565 0.00780323 0.0253208 -0.0278429 -0.00701139 0.999588 -0.0169318 0.0 0.0 0.0 1.0
office/seq-04/color/frame-000557.color.png office/seq-04/color/frame-000560.color.png 0.999751 -0.0147262 0.016753 0.00566447 0.0146311 0.999876 0.00578094 0.00979383 -0.0168361 -0.00553447 0.999843 -0.00991768 0.0 0.0 0.0 1.0
office/seq-04/color/frame-000560.color.png office/seq-04/color/frame-000563.color.png 0.999205 -0.0246667 0.0313133 0.00949204 0.0244989 0.999683 0.00573032 0.0141458 -0.0314448 -0.0049586 0.999493 -0.0158194 0.0 0.0 0.0 1.0
office/seq-04/color/frame-000563.color.png office/seq-04/color/frame-000566.color.png 0.999486 -0.0240855 0.0211337 0.00739557 0.0239877 0.9997 0.0048671 0.0241791 -0.0212445 -0.00435763 0.999765 -0.0109642 0.0 0.0 0.0 1.0
office/seq-04/color/frame-000566.color.png office/seq-04/color/frame-000569.color.png 0.999395 -0.0244598 0.0247207 0.00939721 0.0244242 0.9997 0.00174436 0.00788067 -0.024756 -0.00113955 0.999693 -0.0105616 0.0 0.0 0.0 1.0
office/seq-04/color/frame-000569.color.png office/seq-04/color/frame-000572.color.png 0.999687 -0.0188314 0.0164677 0.00220418 0.0186259 0.999748 0.0125386 0.00911954 -0.0166997 -0.0122279 0.999786 0.00966325 0.0 0.0 0.0 1.0
office/seq-04/color/frame-000572.color.png office/seq-04/color/frame-000575.color.png 0.999861 -0.0109347 0.0125605 0.00613195 0.011082 0.99987 -0.0117233 -0.00750597 -0.0124307 0.0118608 0.999852 -0.0137802 0.0 0.0 0.0 1.0
office/seq-04/color/frame-000575.color.png office/seq-04/color/frame-000578.color.png 0.999738 -0.0147608 0.0174884 0.00347418 0.0146648 0.999877 0.0056106 0.00699779 -0.017569 -0.00535267 0.999831 0.00399837 0.0 0.0 0.0 1.0
office/seq-04/color/frame-000578.color.png office/seq-04/color/frame-000581.color.png 0.999703 -0.0239679 0.00437139 -0.00879401 0.0239378 0.99969 0.0067859 0.0105018 -0.00453269 -0.00667921 0.999967 0.0154764 0.0 0.0 0.0 1.0
office/seq-04/color/frame-000581.color.png office/seq-04/color/frame-000584.color.png 0.999864 -0.0162978 0.00235732 0.00117278 0.0162937 0.999866 0.0017371 0.00292289 -0.00238531 -0.00169852 0.999996 0.0163509 0.0 0.0 0.0 1.0
office/seq-04/color/frame-000584.color.png office/seq-04/color/frame-000587.color.png 0.99959 -0.0268823 0.00981235 0.00359625 0.0268227 0.999621 0.00616144 0.00881481 -0.00997426 -0.00589577 0.999933 0.0184326 0.0 0.0 0.0 1.0
office/seq-04/color/frame-000587.color.png office/seq-04/color/frame-000590.color.png 0.999813 -0.0173376 0.00849436 -0.00455147 0.0173686 0.999843 -0.00359034 -0.0120214 -0.00843077 0.00373721 0.999958 0.0262846 0.0 0.0 0.0 1.0
office/seq-04/color/frame-000590.color.png office/seq-04/color/frame-000593.color.png 0.999762 -0.0217001 0.00226139 -0.00361562 0.0216914 0.999757 0.0038066 0.0188793 -0.0023435 -0.00375666 0.99999 0.0201213 0.0 0.0 0.0 1.0
office/seq-04/color/frame-000593.color.png office/seq-04/color/frame-000596.color.png 0.999475 -0.0323909 -0.000142187 -0.00991601 0.0323903 0.99947 -0.00330524 0.0226848 0.000249241 0.00329892 0.999995 0.0385972 0.0 0.0 0.0 1.0
office/seq-04/color/frame-000596.color.png office/seq-04/color/frame-000599.color.png 0.999929 -0.00965995 -0.00698156 -0.0195165 0.00961622 0.999934 -0.00625147 -0.00126331 0.00704147 0.00618393 0.999956 0.0359101 0.0 0.0 0.0 1.0
office/seq-04/color/frame-000599.color.png office/seq-04/color/frame-000602.color.png 0.999993 0.000279604 0.00369471 -0.0093056 -0.00026059 0.999987 -0.00513518 -0.00371833 -0.00369608 0.00513419 0.99998 0.0198161 0.0 0.0 0.0 1.0
office/seq-04/color/frame-000602.color.png office/seq-04/color/frame-000605.color.png 0.999908 -0.0132341 0.00303548 -0.0179907 0.0132488 0.9999 -0.00486504 0.012874 -0.00297083 0.00490484 0.999984 0.0252133 0.0 0.0 0.0 1.0
office/seq-04/color/frame-000605.color.png office/seq-04/color/frame-000608.color.png 0.99998 0.00484477 -0.00409922 -0.01704 -0.00488292 0.999944 -0.00934618 -0.0375283 0.00405369 0.00936597 0.999948 0.0347789 0.0 0.0 0.0 1.0
office/seq-04/color/frame-000608.color.png office/seq-04/color/frame-000611.color.png 0.999899 -0.0131323 0.0053798 -0.0255623 0.0131398 0.999913 -0.00137033 0.0255847 -0.00536129 0.00144089 0.999985 -0.00038296 0.0 0.0 0.0 1.0
office/seq-04/color/frame-000611.color.png office/seq-04/color/frame-000614.color.png 0.99988 -0.014948 0.00408913 -0.0299088 0.0149379 0.999885 0.00252024 0.029161 -0.00412638 -0.00245884 0.999988 0.00869198 0.0 0.0 0.0 1.0
office/seq-04/color/frame-000614.color.png office/seq-04/color/frame-000617.color.png 0.999945 -0.00991605 0.00331006 -0.0355458 0.00991265 0.99995 0.00102723 0.0160607 -0.00332008 -0.000994294 0.999994 0.00537752 0.0 0.0 0.0 1.0
office/seq-04/color/frame-000617.color.png office/seq-04/color/frame-000620.color.png 0.999974 -0.00694917 -0.0016315 -0.0288051 0.00695555 0.999968 0.00389787 0.0128619 0.00160439 -0.00390919 0.999991 0.00772172 0.0 0.0 0.0 1.0
office/seq-04/color/frame-000620.color.png office/seq-04/color/frame-000623.color.png 0.999912 -0.0131049 0.0022115 -0.0393453 0.0131142 0.999905 -0.00420995 0.00903213 -0.00215615 0.00423855 0.999989 0.0038745 0.0 0.0 0.0 1.0
office/seq-04/color/frame-000623.color.png office/seq-04/color/frame-000626.color.png 0.999798 -0.0200869 1.59183e-05 -0.0389608 0.0200869 0.999798 0.000211386 0.0282035 -2.01415e-05 -0.000210998 1.0 0.000819147 0.0 0.0 0.0 1.0
office/seq-04/color/frame-000626.color.png office/seq-04/color/frame-000629.color.png 0.999923 -0.0109237 0.00594642 -0.0279347 0.0109752 0.999902 -0.00867825 0.0206551 -0.00585105 0.00874295 0.999945 -0.0114487 0.0 0.0 0.0 1.0
office/seq-04/color/frame-000629.color.png office/seq-04/color/frame-000632.color.png 0.999999 0.00165255 1.887e-05 -0.0284758 -0.00165246 0.999987 -0.00481415 -0.0056022 -2.68541e-05 0.00481406 0.999988 0.00193694 0.0 0.0 0.0 1.0
office/seq-04/color/frame-000632.color.png office/seq-04/color/frame-000635.color.png 0.999884 -0.0123621 -0.00893436 -0.0279479 0.0122969 0.999898 -0.00731676 0.0296742 0.00902392 0.007206 0.999933 0.00324158 0.0 0.0 0.0 1.0
office/seq-04/color/frame-000635.color.png office/seq-04/color/frame-000638.color.png 0.999938 0.00634832 -0.0091961 -0.0359071 -0.00638553 0.999971 -0.00402319 0.00274518 0.00917032 0.00408173 0.99995 0.0114264 0.0 0.0 0.0 1.0
office/seq-04/color/frame-000638.color.png office/seq-04/color/frame-000641.color.png 0.999898 0.0101126 -0.0100647 -0.0224702 -0.0100604 0.999936 0.0052244 -0.00288773 0.0101169 -0.00512267 0.999936 0.0177658 0.0 0.0 0.0 1.0
office/seq-04/color/frame-000641.color.png office/seq-04/color/frame-000644.color.png 0.999802 0.0142204 -0.0139089 -0.0319318 -0.0141919 0.999897 0.00214947 0.000363164 0.013938 -0.00195158 0.999901 0.0265615 0.0 0.0 0.0 1.0
office/seq-04/color/frame-000644.color.png office/seq-04/color/frame-000647.color.png 0.999891 0.0081115 -0.0123483 -0.0260127 -0.00811924 0.999967 -0.000580456 -0.00654045 0.0123432 0.000680664 0.999924 0.0217092 0.0 0.0 0.0 1.0
office/seq-04/color/frame-000647.color.png office/seq-04/color/frame-000650.color.png 0.999927 0.00620748 -0.0103276 -0.022235 -0.00622265 0.99998 -0.00144254 -0.00223408 0.0103184 0.00150667 0.999946 0.0226823 0.0 0.0 0.0 1.0
office/seq-04/color/frame-000650.color.png office/seq-04/color/frame-000653.color.png 0.999767 0.00939116 -0.0194391 -0.0354759 -0.00930937 0.999947 0.00429765 -0.010691 0.0194784 -0.00411575 0.999802 0.0414721 0.0 0.0 0.0 1.0
office/seq-04/color/frame-000653.color.png office/seq-04/color/frame-000656.color.png 0.999858 0.00322186 -0.0165522 -0.0258057 -0.00321565 0.999995 0.00039578 -0.0096218 0.0165534 -0.000342481 0.999863 0.0353367 0.0 0.0 0.0 1.0
office/seq-04/color/frame-000656.color.png office/seq-04/color/frame-000659.color.png 0.999809 -0.00242461 -0.019408 -0.0321586 0.00233113 0.999986 -0.00483752 0.00133882 0.0194194 0.00479131 0.9998 0.0438602 0.0 0.0 0.0 1.0
office/seq-04/color/frame-000659.color.png office/seq-04/color/frame-000662.color.png 0.999978 -0.00183192 -0.00643742 -0.0219123 0.0018391 0.999998 0.00110388 -0.000871986 0.00643541 -0.00111567 0.999979 0.0225382 0.0 0.0 0.0 1.0
office/seq-04/color/frame-000662.color.png office/seq-04/color/frame-000665.color.png 0.99997 -0.00238299 -0.00737423 -0.0220692 0.00239922 0.999995 0.00219775 0.000990771 0.00736894 -0.00221527 0.99997 0.0242724 0.0 0.0 0.0 1.0
office/seq-04/color/frame-000665.color.png office/seq-04/color/frame-000668.color.png 0.999966 1.09469e-05 -0.00830045 -0.0324849 -1.37697e-05 1.0 -0.00033631 -0.00754113 0.00830042 0.000336258 0.999965 0.0378462 0.0 0.0 0.0 1.0
office/seq-04/color/frame-000668.color.png office/seq-04/color/frame-000671.color.png 0.999854 0.00748212 -0.0153448 -0.0129764 -0.00737616 0.999949 0.00694992 -0.0249787 0.0153961 -0.00683557 0.999858 0.0493885 0.0 0.0 0.0 1.0
office/seq-04/color/frame-000671.color.png office/seq-04/color/frame-000674.color.png 0.999997 0.00109251 0.0022758 -0.0168104 -0.00108845 0.999998 -0.00174217 -0.00278239 -0.00227768 0.00173969 0.999996 0.00978269 0.0 0.0 0.0 1.0
office/seq-04/color/frame-000674.color.png office/seq-04/color/frame-000677.color.png 0.999998 0.000975555 0.00144324 -0.0209723 -0.000972667 0.999997 -0.00200719 -0.00663801 -0.00144519 0.00200572 0.999997 0.0192313 0.0 0.0 0.0 1.0
office/seq-04/color/frame-000677.color.png office/seq-04/color/frame-000680.color.png 0.999999 0.00110296 -0.000187736 -0.0128541 -0.00110316 0.999999 -0.000623825 0.000255339 0.00018704 0.000624093 1.0 0.0197281 0.0 0.0 0.0 1.0
office/seq-04/color/frame-000680.color.png office/seq-04/color/frame-000683.color.png 0.999938 -0.00125431 0.0110978 -0.0132889 0.00123131 0.999997 0.00208065 -0.000529647 -0.0111004 -0.00206691 0.999936 0.00613488 0.0 0.0 0.0 1.0
office/seq-04/color/frame-000683.color.png office/seq-04/color/frame-000686.color.png 0.999946 0.00597342 0.00850802 -0.00300276 -0.0060149 0.99997 0.00486035 -0.0238154 -0.00847872 -0.00491126 0.999952 0.00734165 0.0 0.0 0.0 1.0
office/seq-04/color/frame-000686.color.png office/seq-04/color/frame-000689.color.png 0.999525 -0.00392567 0.0305681 -0.00785613 0.00390294 0.999992 0.000805091 0.00217132 -0.030571 -0.000685296 0.999532 -0.0298046 0.0 0.0 0.0 1.0
office/seq-04/color/frame-000689.color.png office/seq-04/color/frame-000692.color.png 0.999903 -0.000530176 0.0139287 -0.00127387 0.000581058 0.999993 -0.00365022 -0.000911459 -0.0139267 0.0036579 0.999896 -0.00332899 0.0 0.0 0.0 1.0
office/seq-04/color/frame-000692.color.png office/seq-04/color/frame-000695.color.png 0.999756 -0.00403065 0.0216986 -0.00449789 0.00413914 0.999979 -0.00495858 0.00215879 -0.0216781 0.00504715 0.999752 -0.0275814 0.0 0.0 0.0 1.0
office/seq-04/color/frame-000695.color.png office/seq-04/color/frame-000698.color.png 0.999518 -0.00982046 0.0294455 -0.00151479 0.00991815 0.999946 -0.00317229 0.00450075 -0.0294128 0.00346281 0.999561 -0.0238179 0.0 0.0 0.0 1.0
office/seq-04/color/frame-000698.color.png office/seq-04/color/frame-000701.color.png 0.999806 -0.00493599 0.0190424 0.00235379 0.00495011 0.999987 -0.000694991 -0.000340566 -0.0190387 0.000789162 0.999819 -0.00871174 0.0 0.0 0.0 1.0
office/seq-04/color/frame-000701.color.png office/seq-04/color/frame-000704.color.png 0.999598 -0.00559027 0.0277873 0.00332355 0.00580339 0.999954 -0.00759573 0.00530498 -0.0277436 0.00775389 0.999585 -0.0344695 0.0 0.0 0.0 1.0
office/seq-04/color/frame-000704.color.png office/seq-04/color/frame-000707.color.png 0.999666 -0.00300784 0.0256497 0.00306118 0.00313343 0.999983 -0.00485929 0.00317499 -0.0256346 0.004938 0.999659 -0.0315292 0.0 0.0 0.0 1.0
office/seq-04/color/frame-000707.color.png office/seq-04/color/frame-000710.color.png 0.999189 -0.00831879 0.0393961 0.00948739 0.00837664 0.999964 -0.00130151 0.0097755 -0.0393838 0.00163049 0.999223 -0.0497754 0.0 0.0 0.0 1.0
office/seq-04/color/frame-000710.color.png office/seq-04/color/frame-000713.color.png 0.99938 0.00263133 0.0351178 0.00940001 -0.00248141 0.999988 -0.0043113 -0.00776091 -0.0351287 0.00422146 0.999374 -0.0581118 0.0 0.0 0.0 1.0
office/seq-04/color/frame-000713.color.png office/seq-04/color/frame-000716.color.png 0.999636 -0.00272995 0.0268475 0.00870848 0.00258619 0.999982 0.00538603 -0.000557154 -0.0268617 -0.00531469 0.999625 -0.0323573 0.0 0.0 0.0 1.0
office/seq-04/color/frame-000716.color.png office/seq-04/color/frame-000719.color.png 0.999664 0.00462614 0.0254998 0.00744641 -0.00450577 0.999978 -0.00477525 -0.00731018 -0.0255214 0.00465884 0.999663 -0.0288588 0.0 0.0 0.0 1.0
office/seq-04/color/frame-000719.color.png office/seq-04/color/frame-000722.color.png 0.99959 2.49761e-05 0.0286514 0.00860035 5.8666e-05 0.999996 -0.00291719 -0.00210944 -0.0286514 0.00291764 0.999585 -0.0399061 0.0 0.0 0.0 1.0
office/seq-04/color/frame-000722.color.png office/seq-04/color/frame-000725.color.png 0.999777 -0.00128647 0.0210706 0.0107803 0.0012941 0.999999 -0.000346871 0.00200604 -0.0210701 0.000374127 0.999778 -0.0233912 0.0 0.0 0.0 1.0
office/seq-04/color/frame-000725.color.png office/seq-04/color/frame-000728.color.png 0.999545 0.00859252 0.0289085 0.00755513 -0.00870986 0.999954 0.00393748 -0.0195216 -0.0288734 -0.00418754 0.999574 -0.0432242 0.0 0.0 0.0 1.0
office/seq-04/color/frame-000728.color.png office/seq-04/color/frame-000731.color.png 0.99992 0.00533284 0.011497 0.00917554 -0.00538684 0.999975 0.00466312 -0.00570254 -0.0114718 -0.00472462 0.999923 0.00570774 0.0 0.0 0.0 1.0
office/seq-04/color/frame-000731.color.png office/seq-04/color/frame-000734.color.png 0.99974 0.00979541 0.0205833 0.00796747 -0.00996887 0.999916 0.00834576 -0.0193776 -0.0204998 -0.00854878 0.999753 -0.0225703 0.0 0.0 0.0 1.0
office/seq-04/color/frame-000734.color.png office/seq-04/color/frame-000737.color.png 0.99984 0.00598373 0.0168752 0.0076865 -0.00609377 0.999961 0.00647902 -0.0135458 -0.0168357 -0.00658088 0.999837 -0.0122321 0.0 0.0 0.0 1.0
office/seq-04/color/frame-000737.color.png office/seq-04/color/frame-000740.color.png 0.999929 0.00723282 0.00945465 0.011879 -0.00729898 0.999949 0.00697905 -0.0114348 -0.0094038 -0.00704753 0.999931 0.000761181 0.0 0.0 0.0 1.0
office/seq-04/color/frame-000740.color.png office/seq-04/color/frame-000743.color.png 0.999821 0.0135441 0.0131881 0.0131367 -0.0135862 0.999903 0.00310683 -0.02123 -0.0131447 -0.00328538 0.999908 -0.00701293 0.0 0.0 0.0 1.0
office/seq-04/color/frame-000743.color.png office/seq-04/color/frame-000746.color.png 0.999943 0.00761858 0.00744958 0.0125822 -0.00767122 0.999946 0.00706698 -0.0133669 -0.00739533 -0.00712381 0.999947 0.0129147 0.0 0.0 0.0 1.0
office/seq-04/color/frame-000746.color.png office/seq-04/color/frame-000749.color.png 0.999928 0.0103531 0.00604024 0.0126579 -0.0104164 0.99989 0.0105375 -0.0220341 -0.00593045 -0.0105997 0.999926 0.00603262 0.0 0.0 0.0 1.0
office/seq-04/color/frame-000749.color.png office/seq-04/color/frame-000752.color.png 0.999896 0.0125628 0.00715019 0.0130281 -0.0126328 0.999872 0.00982596 -0.0256037 -0.00702591 -0.00991533 0.999926 0.00882638 0.0 0.0 0.0 1.0
office/seq-04/color/frame-000752.color.png office/seq-04/color/frame-000755.color.png 0.99996 0.00612683 0.00652002 0.0144135 -0.00620019 0.999917 0.0113092 -0.0212435 -0.00645006 -0.0113491 0.999915 0.0075891 0.0 0.0 0.0 1.0
office/seq-04/color/frame-000755.color.png office/seq-04/color/frame-000758.color.png 1.0 -0.000331613 0.000822464 0.00684452 0.000330527 0.999999 0.00123986 -0.000527814 -0.000822875 -0.00123962 0.999999 0.0116467 0.0 0.0 0.0 1.0
office/seq-04/color/frame-000758.color.png office/seq-04/color/frame-000761.color.png 0.999934 0.000940072 0.0114331 0.0182499 -0.000966951 0.999997 0.00234264 -0.0175557 -0.011431 -0.00235359 0.999932 6.4224e-05 0.0 0.0 0.0 1.0
office/seq-04/color/frame-000761.color.png office/seq-04/color/frame-000764.color.png 0.999971 0.00268282 0.00716853 0.021323 -0.00272861 0.999976 0.00637815 -0.0156166 -0.00715126 -0.00639744 0.999954 0.00833687 0.0 0.0 0.0 1.0
office/seq-04/color/frame-000764.color.png office/seq-04/color/frame-000767.color.png 0.999996 -0.000923248 0.00281574 0.00809693 0.000920344 0.999999 0.00106135 -0.00409114 -0.00281684 -0.00105871 0.999995 0.00632167 0.0 0.0 0.0 1.0
office/seq-04/color/frame-000767.color.png office/seq-04/color/frame-000770.color.png 0.999978 0.00162742 0.00648557 0.0201436 -0.00165444 0.99999 0.00416309 -0.015156 -0.00647877 -0.00417367 0.99997 0.00679019 0.0 0.0 0.0 1.0
office/seq-04/color/frame-000770.color.png office/seq-04/color/frame-000773.color.png 0.999983 0.00253157 0.00529695 0.00838268 -0.00254752 0.999992 0.00301387 -0.0100751 -0.00528916 -0.00302737 0.999982 0.000337869 0.0 0.0 0.0 1.0
office/seq-04/color/frame-000773.color.png office/seq-04/color/frame-000776.color.png 0.999978 0.00427236 0.00511595 0.0195078 -0.00430263 0.999973 0.00589294 -0.0149593 -0.00509065 -0.00591486 0.999969 0.0101288 0.0 0.0 0.0 1.0
office/seq-04/color/frame-000776.color.png office/seq-04/color/frame-000779.color.png 0.999912 0.00894072 0.00975688 0.0213588 -0.00891087 0.999956 -0.00310015 -0.0175928 -0.00978415 0.00301299 0.999948 0.00236514 0.0 0.0 0.0 1.0
office/seq-04/color/frame-000779.color.png office/seq-04/color/frame-000782.color.png 0.999861 0.01105 0.0125152 -0.00358105 -0.0111098 0.999927 0.00471701 -0.0203804 -0.0124622 -0.00485545 0.999911 -0.0136753 0.0 0.0 0.0 1.0
office/seq-04/color/frame-000782.color.png office/seq-04/color/frame-000785.color.png 0.99994 0.00289805 0.0105587 0.0171945 -0.0029045 0.999996 0.000599775 -0.00961927 -0.010557 -0.000630384 0.999944 -0.00284043 0.0 0.0 0.0 1.0
office/seq-04/color/frame-000785.color.png office/seq-04/color/frame-000788.color.png 0.999947 0.00667574 0.00778554 0.0125031 -0.00678268 0.999882 0.0137924 -0.0194302 -0.00769263 -0.0138445 0.999875 -0.00160679 0.0 0.0 0.0 1.0
office/seq-04/color/frame-000788.color.png office/seq-04/color/frame-000791.color.png 0.999961 -0.00120416 0.00872699 0.0107627 0.00117179 0.999992 0.00370982 -0.0049527 -0.00873128 -0.00369944 0.999955 -0.00565544 0.0 0.0 0.0 1.0
office/seq-04/color/frame-000791.color.png office/seq-04/color/frame-000794.color.png 0.999988 -0.00367961 0.00322529 0.00561965 0.00365967 0.999974 0.00620423 -0.00168377 -0.00324812 -0.00619231 0.999976 -0.00282526 0.0 0.0 0.0 1.0
office/seq-04/color/frame-000794.color.png office/seq-04/color/frame-000797.color.png 0.999984 -0.00507722 0.00259579 0.0155767 0.00504367 0.999906 0.0127665 -0.00449845 -0.00266022 -0.0127533 0.999915 -0.00515145 0.0 0.0 0.0 1.0
office/seq-04/color/frame-000797.color.png office/seq-04/color/frame-000800.color.png 0.999935 -0.00676591 0.00917152 0.01052 0.00669949 0.999951 0.00723976 -0.000371367 -0.0092201 -0.00717786 0.999932 -0.00917637 0.0 0.0 0.0 1.0
office/seq-04/color/frame-000800.color.png office/seq-04/color/frame-000803.color.png 0.999938 -0.00797825 0.00781409 0.014895 0.00796584 0.999967 0.0016371 0.00858936 -0.00782696 -0.00157464 0.999968 -0.0058074 0.0 0.0 0.0 1.0
office/seq-04/color/frame-000803.color.png office/seq-04/color/frame-000806.color.png 0.999851 -0.00836134 0.0150959 0.0054003 0.00836319 0.999965 -6.42852e-05 0.000944912 -0.0150948 0.000190525 0.999886 -0.0187282 0.0 0.0 0.0 1.0
office/seq-04/color/frame-000806.color.png office/seq-04/color/frame-000809.color.png 0.99973 -0.020688 0.0106074 0.0134783 0.0206806 0.999786 0.000807456 0.0203176 -0.0106218 -0.000587888 0.999943 -0.0150215 0.0 0.0 0.0 1.0
office/seq-04/color/frame-000809.color.png office/seq-04/color/frame-000812.color.png 0.999901 -0.0102471 0.00966801 0.0167316 0.0102646 0.999946 -0.00176383 0.00823423 -0.00964949 0.00186289 0.999952 -0.00886056 0.0 0.0 0.0 1.0
office/seq-04/color/frame-000812.color.png office/seq-04/color/frame-000815.color.png 0.999848 -0.00427291 0.0168999 0.0155268 0.00432545 0.999986 -0.00307595 -0.00123447 -0.0168865 0.00314865 0.999852 -0.0218296 0.0 0.0 0.0 1.0
office/seq-04/color/frame-000815.color.png office/seq-04/color/frame-000818.color.png 0.999962 -0.00662197 0.00573373 0.00709343 0.00665912 0.999957 -0.00646302 0.0111085 -0.0056907 0.00650085 0.999963 -0.00796771 0.0 0.0 0.0 1.0
office/seq-04/color/frame-000818.color.png office/seq-04/color/frame-000821.color.png 0.999986 -0.00356877 0.00394119 0.0235603 0.00357201 0.999993 -0.000841387 0.00477928 -0.00393815 0.00085552 0.999992 -0.0104882 0.0 0.0 0.0 1.0
office/seq-04/color/frame-000821.color.png office/seq-04/color/frame-000824.color.png 0.999914 0.00418978 0.012463 0.0212941 -0.00429128 0.999958 0.00813987 -0.00700337 -0.0124284 -0.00819266 0.999889 -0.0178579 0.0 0.0 0.0 1.0
office/seq-04/color/frame-000824.color.png office/seq-04/color/frame-000827.color.png 0.999984 0.00169447 0.00535482 0.0224921 -0.00173622 0.999968 0.00778599 -0.00676236 -0.00534138 -0.00779519 0.999955 -0.0112047 0.0 0.0 0.0 1.0
office/seq-04/color/frame-000827.color.png office/seq-04/color/frame-000830.color.png 0.999944 0.00762237 0.00740484 0.0250528 -0.00759954 0.999966 -0.00309211 -0.00606865 -0.00742825 0.00303569 0.999968 -0.00702584 0.0 0.0 0.0 1.0
office/seq-04/color/frame-000830.color.png office/seq-04/color/frame-000833.color.png 0.999908 0.00623974 0.0120854 0.0224901 -0.0062263 0.99998 -0.00115669 -0.00811592 -0.0120924 0.00108135 0.999926 -0.0109766 0.0 0.0 0.0 1.0
office/seq-04/color/frame-000833.color.png office/seq-04/color/frame-000836.color.png 0.999847 0.00929056 0.0147972 0.0172585 -0.00931693 0.999955 0.0017169 -0.0116355 -0.0147806 -0.00185451 0.999889 -0.0181926 0.0 0.0 0.0 1.0
office/seq-04/color/frame-000836.color.png office/seq-04/color/frame-000839.color.png 0.999946 -0.000223756 0.0103822 0.0192618 0.00020148 0.999998 0.00215163 -0.00259301 -0.0103828 -0.00214942 0.999944 -0.00494042 0.0 0.0 0.0 1.0
office/seq-04/color/frame-000839.color.png office/seq-04/color/frame-000842.color.png 0.99993 -0.00528047 0.0105969 0.0133369 0.00527389 0.999986 0.000638725 0.00384521 -0.0106 -0.000582788 0.999944 -1.42157e-05 0.0 0.0 0.0 1.0
office/seq-04/color/frame-000842.color.png office/seq-04/color/frame-000845.color.png 0.999968 -0.0027985 0.00755443 0.00533241 0.00279621 0.999996 0.000324018 -0.00042963 -0.00755541 -0.000302918 0.999971 -0.00539577 0.0 0.0 0.0 1.0
office/seq-04/color/frame-000845.color.png office/seq-04/color/frame-000848.color.png 0.999867 -0.0117739 0.0112872 0.0167696 0.0117773 0.999931 -0.000242131 -0.000317186 -0.0112835 0.000375066 0.999936 0.00406808 0.0 0.0 0.0 1.0
office/seq-04/color/frame-000848.color.png office/seq-04/color/frame-000851.color.png 0.999963 -0.00736986 0.00429706 0.013431 0.00734991 0.999962 0.00461941 -0.00245449 -0.00433102 -0.00458762 0.99998 0.00643921 0.0 0.0 0.0 1.0
office/seq-04/color/frame-000851.color.png office/seq-04/color/frame-000854.color.png 0.999986 -0.00533754 0.000335226 0.00787085 0.00533803 0.999985 -0.00132467 0.00479308 -0.000328134 0.00132644 0.999999 0.0127619 0.0 0.0 0.0 1.0
office/seq-04/color/frame-000854.color.png office/seq-04/color/frame-000857.color.png 0.999952 -0.00724256 -0.00654866 0.016784 0.00724333 0.999974 9.38192e-05 -0.000944763 0.00654789 -0.000141257 0.999979 0.0240757 0.0 0.0 0.0 1.0
office/seq-04/color/frame-000857.color.png office/seq-04/color/frame-000860.color.png 0.999993 -0.000269635 -0.00359956 0.01109 0.000236341 0.999957 -0.00927436 0.00583616 0.00360177 0.00927352 0.99995 0.0239979 0.0 0.0 0.0 1.0
office/seq-04/color/frame-000860.color.png office/seq-04/color/frame-000863.color.png 0.999932 -0.000622266 -0.0116458 0.0221811 0.000638091 0.999999 0.00136701 -0.00295669 0.0116448 -0.00137434 0.999931 0.0347869 0.0 0.0 0.0 1.0
office/seq-04/color/frame-000863.color.png office/seq-04/color/frame-000866.color.png 0.99984 -0.00193239 -0.0178059 0.0288663 0.00175044 0.999946 -0.0102366 0.0061712 0.0178248 0.0102037 0.999789 0.0445527 0.0 0.0 0.0 1.0
office/seq-04/color/frame-000866.color.png office/seq-04/color/frame-000869.color.png 0.99995 0.00604598 -0.00799153 0.0172015 -0.00607787 0.999974 -0.0039657 -0.000676572 0.00796738 0.00401408 0.99996 0.0330943 0.0 0.0 0.0 1.0
office/seq-04/color/frame-000869.color.png office/seq-04/color/frame-000872.color.png 0.999776 -0.0104759 -0.018366 0.0204448 0.0102043 0.999838 -0.0148249 0.00960642 0.0185183 0.0146342 0.999721 0.0391958 0.0 0.0 0.0 1.0
office/seq-04/color/frame-000872.color.png office/seq-04/color/frame-000875.color.png 0.999546 -0.00307371 -0.0299709 0.0439479 0.00292052 0.999983 -0.00515366 -0.00264913 0.0299864 0.00506377 0.999537 0.0605978 0.0 0.0 0.0 1.0
office/seq-04/color/frame-000875.color.png office/seq-04/color/frame-000878.color.png 0.999952 0.00089396 -0.00975107 0.0238141 -0.000953629 0.999981 -0.00612903 0.0129297 0.00974523 0.00613806 0.999934 0.0290897 0.0 0.0 0.0 1.0
office/seq-04/color/frame-000878.color.png office/seq-04/color/frame-000881.color.png 0.999625 0.00562718 -0.026787 0.0259331 -0.00581213 0.99996 -0.00682903 -0.00273514 0.0267477 0.00698212 0.999618 0.0390453 0.0 0.0 0.0 1.0
office/seq-04/color/frame-000881.color.png office/seq-04/color/frame-000884.color.png 0.999979 0.00522586 -0.00386444 0.00998244 -0.00524578 0.999973 -0.0051794 0.0031226 0.00383714 0.00519964 0.999979 0.0134346 0.0 0.0 0.0 1.0
office/seq-04/color/frame-000884.color.png office/seq-04/color/frame-000887.color.png 0.999848 -0.0102867 -0.0140785 0.0251085 0.0102553 0.999945 -0.00229836 0.00836667 0.0141016 0.00215356 0.999898 0.02197 0.0 0.0 0.0 1.0
office/seq-04/color/frame-000887.color.png office/seq-04/color/frame-000890.color.png 0.999839 -0.00916134 -0.0154249 0.0241787 0.00900452 0.999907 -0.0102111 0.0157342 0.0155169 0.0100707 0.999829 0.0167619 0.0 0.0 0.0 1.0
office/seq-04/color/frame-000890.color.png office/seq-04/color/frame-000893.color.png 0.999976 -0.0051383 -0.00464133 0.015359 0.00512286 0.999981 -0.00331109 0.00748184 0.0046583 0.00328722 0.999984 0.00780541 0.0 0.0 0.0 1.0
office/seq-04/color/frame-000893.color.png office/seq-04/color/frame-000896.color.png 0.999937 -0.00955747 -0.00597533 0.01445 0.00944542 0.999784 -0.018526 0.024943 0.00615112 0.0184684 0.999811 0.00908726 0.0 0.0 0.0 1.0
office/seq-04/color/frame-000896.color.png office/seq-04/color/frame-000899.color.png 0.999725 -0.0169095 -0.016221 0.0406997 0.0166778 0.999758 -0.0143105 0.0303362 0.0164589 0.0140361 0.999766 0.0213569 0.0 0.0 0.0 1.0
office/seq-04/color/frame-000899.color.png office/seq-04/color/frame-000902.color.png 0.999798 -0.0197737 -0.00371173 0.0104993 0.0197368 0.999758 -0.00972611 0.0206437 0.00390322 0.00965083 0.999946 0.000133753 0.0 0.0 0.0 1.0
office/seq-04/color/frame-000902.color.png office/seq-04/color/frame-000905.color.png 0.999904 -0.0132443 -0.00416266 0.033157 0.0131842 0.999813 -0.0141267 0.0270723 0.00434907 0.0140704 0.999892 0.00149179 0.0 0.0 0.0 1.0
office/seq-04/color/frame-000905.color.png office/seq-04/color/frame-000908.color.png 0.999957 -0.00928784 -6.77756e-05 0.0265315 0.00928716 0.999929 -0.00746272 0.0168312 0.000137098 0.00746176 0.999972 0.00207305 0.0 0.0 0.0 1.0
office/seq-04/color/frame-000908.color.png office/seq-04/color/frame-000911.color.png 0.999993 -0.00201629 -0.00315136 0.0185755 0.00200615 0.999993 -0.00319787 0.012992 0.00315775 0.00319157 0.99999 -0.000494897 0.0 0.0 0.0 1.0
office/seq-04/color/frame-000911.color.png office/seq-04/color/frame-000914.color.png 0.999896 0.00310589 -0.0140982 0.0212714 -0.0032224 0.999961 -0.00825425 0.0121184 0.014072 0.0082988 0.999867 0.011459 0.0 0.0 0.0 1.0
office/seq-04/color/frame-000914.color.png office/seq-04/color/frame-000917.color.png 0.999708 -0.0125396 -0.0206702 0.0439071 0.0123268 0.99987 -0.0103865 0.0409256 0.0207977 0.0101287 0.999732 0.0241855 0.0 0.0 0.0 1.0
office/seq-04/color/frame-000917.color.png office/seq-04/color/frame-000920.color.png 0.999813 -0.0020222 -0.0192059 0.0254199 0.00195256 0.999992 -0.00364666 0.00456604 0.0192131 0.00360847 0.999809 0.0165758 0.0 0.0 0.0 1.0
office/seq-04/color/frame-000920.color.png office/seq-04/color/frame-000923.color.png 0.999834 0.000765814 -0.0182285 0.0237763 -0.000884765 0.999978 -0.00651702 0.00936325 0.018223 0.00653208 0.999813 0.019533 0.0 0.0 0.0 1.0
office/seq-04/color/frame-000923.color.png office/seq-04/color/frame-000926.color.png 0.999677 -0.00627253 -0.0246465 0.027571 0.00603794 0.999936 -0.00958227 0.0114581 0.024705 0.00943033 0.99965 0.0243434 0.0 0.0 0.0 1.0
office/seq-04/color/frame-000926.color.png office/seq-04/color/frame-000929.color.png 0.99961 -0.00613849 -0.0272536 0.0346817 0.0057023 0.999855 -0.0160534 0.0178477 0.0273481 0.0158917 0.9995 0.0321828 0.0 0.0 0.0 1.0
office/seq-04/color/frame-000929.color.png office/seq-04/color/frame-000932.color.png 0.999887 -0.00886391 -0.0121663 0.0224629 0.0087905 0.999943 -0.00607573 0.00864981 0.0122195 0.00596805 0.999908 0.0211177 0.0 0.0 0.0 1.0
office/seq-04/color/frame-000932.color.png office/seq-04/color/frame-000935.color.png 0.999877 -0.00169275 -0.0156016 0.0271485 0.00170679 0.999998 0.000889485 -0.00802806 0.0156001 -0.000915977 0.999878 0.0271659 0.0 0.0 0.0 1.0
office/seq-04/color/frame-000935.color.png office/seq-04/color/frame-000938.color.png 0.99998 0.00285748 -0.00567651 0.015622 -0.00284024 0.999991 0.00303938 0.00817713 0.00568521 -0.00302322 0.999979 0.0209296 0.0 0.0 0.0 1.0
office/seq-04/color/frame-000938.color.png office/seq-04/color/frame-000941.color.png 0.999932 -0.00374013 -0.011036 0.0197607 0.00374971 0.999993 0.000843964 0.0109238 0.0110327 -0.000885207 0.999939 0.0163808 0.0 0.0 0.0 1.0
office/seq-04/color/frame-000941.color.png office/seq-04/color/frame-000944.color.png 0.999979 -0.00622533 0.00169831 0.00762616 0.00622137 0.999978 0.00231389 0.0111739 -0.00171276 -0.0023033 0.999996 0.0172858 0.0 0.0 0.0 1.0
office/seq-04/color/frame-000944.color.png office/seq-04/color/frame-000947.color.png 0.999972 -0.00754211 -3.70822e-05 0.0124415 0.00754225 0.999957 0.00547809 0.00666831 -4.22927e-06 -0.00547823 0.999985 0.0144927 0.0 0.0 0.0 1.0
office/seq-04/color/frame-000947.color.png office/seq-04/color/frame-000950.color.png 0.999836 -0.00232986 0.0179546 0.0125746 0.0022767 0.999993 0.00297832 0.00547364 -0.0179614 -0.00293693 0.999834 0.0198346 0.0 0.0 0.0 1.0
office/seq-04/color/frame-000950.color.png office/seq-04/color/frame-000953.color.png 0.999902 0.00159573 0.0139044 -0.00595226 -0.00167216 0.999984 0.00548699 0.00174598 -0.0138955 -0.00550971 0.999888 0.0116732 0.0 0.0 0.0 1.0
office/seq-04/color/frame-000953.color.png office/seq-04/color/frame-000956.color.png 0.999979 -0.00452564 0.00468027 0.0081384 0.00454348 0.999982 -0.00382408 0.0106174 -0.00466284 0.00384524 0.999982 0.0124213 0.0 0.0 0.0 1.0
office/seq-04/color/frame-000956.color.png office/seq-04/color/frame-000959.color.png 0.999927 -0.00785419 0.00918637 -0.0063858 0.00779434 0.999948 0.00653611 0.0120808 -0.00923731 -0.00646406 0.999936 0.00777447 0.0 0.0 0.0 1.0
office/seq-04/color/frame-000959.color.png office/seq-04/color/frame-000962.color.png 0.999936 -0.00166026 0.0112021 -0.0143488 0.00166886 0.999998 -0.000762071 0.00874034 -0.0112008 0.000780788 0.999937 0.0128378 0.0 0.0 0.0 1.0
office/seq-04/color/frame-000962.color.png office/seq-04/color/frame-000965.color.png 0.999962 -0.00374322 0.00784359 0.00466599 0.00371545 0.999987 0.00355348 0.00284544 -0.00785676 -0.00352422 0.999963 0.00860977 0.0 0.0 0.0 1.0
office/seq-04/color/frame-000965.color.png office/seq-04/color/frame-000968.color.png 0.999928 -0.00667066 0.0099743 -0.000333518 0.00662928 0.999969 0.00417881 0.00709596 -0.0100019 -0.00411242 0.999941 0.00921738 0.0 0.0 0.0 1.0
office/seq-04/color/frame-000968.color.png office/seq-04/color/frame-000971.color.png 0.999933 0.00142748 0.0114798 -0.00169333 -0.00154966 0.999942 0.0106355 -0.00897242 -0.0114639 -0.0106526 0.999878 0.00957596 0.0 0.0 0.0 1.0
office/seq-04/color/frame-000971.color.png office/seq-04/color/frame-000974.color.png 0.999935 -0.000773128 0.0113759 -0.00469274 0.000717989 0.999988 0.0048509 0.00266053 -0.0113796 -0.00484235 0.999923 0.0144316 0.0 0.0 0.0 1.0
office/seq-04/color/frame-000974.color.png office/seq-04/color/frame-000977.color.png 0.99959 -0.0156787 0.0239747 -0.0220828 0.0155369 0.999861 0.00609363 0.0124002 -0.0240668 -0.00571864 0.999694 0.015618 0.0 0.0 0.0 1.0
office/seq-04/color/frame-000977.color.png office/seq-04/color/frame-000980.color.png 0.999904 -0.000280778 0.0138682 -0.0120773 0.00018986 0.999978 0.00655948 -0.00321089 -0.0138698 -0.00655618 0.999882 0.0118184 0.0 0.0 0.0 1.0
office/seq-04/color/frame-000980.color.png office/seq-04/color/frame-000983.color.png 0.999952 -0.00527522 0.00826015 -0.00182093 0.00527841 0.999986 -0.000368205 0.014454 -0.00825818 0.000411763 0.999966 0.0110036 0.0 0.0 0.0 1.0
office/seq-04/color/frame-000983.color.png office/seq-04/color/frame-000986.color.png 0.999962 -0.00677444 -0.00552175 0.0118467 0.00682431 0.999936 0.00905497 -0.00495005 0.00546004 -0.00909229 0.999944 0.0128236 0.0 0.0 0.0 1.0
office/seq-04/color/frame-000986.color.png office/seq-04/color/frame-000989.color.png 0.99994 0.000353055 -0.010986 0.0132689 -0.000235713 0.999943 0.0106827 -0.00738565 0.0109891 -0.0106794 0.999883 0.00786412 0.0 0.0 0.0 1.0
office/seq-04/color/frame-000989.color.png office/seq-04/color/frame-000992.color.png 0.999557 0.00651807 -0.0290481 0.0319225 -0.00604132 0.999846 0.0164718 -0.00820959 0.0291511 -0.016289 0.999442 0.010444 0.0 0.0 0.0 1.0
office/seq-04/color/frame-000992.color.png office/seq-04/color/frame-000995.color.png 0.999506 0.00265548 -0.0313193 0.0302313 -0.00266095 0.999996 -0.000134641 0.00990506 0.0313187 0.000217976 0.999509 0.00459099 0.0 0.0 0.0 1.0
office/seq-04/color/frame-000995.color.png office/seq-04/color/frame-000998.color.png 0.999547 0.00288635 -0.0299725 0.0272263 -0.00258884 0.999947 0.00996033 -0.00443659 0.0299998 -0.00987831 0.999501 0.00427878 0.0 0.0 0.0 1.0
