chess/seq-02/color/frame-000000.color.png chess/seq-02/color/frame-000003.color.png 0.999997 -0.00139946 -0.00178873 0.00116726 0.00141519 0.99996 0.00882086 7.76172e-05 0.00177631 -0.00882337 0.99996 -3.58876e-05 0.0 0.0 0.0 1.0
chess/seq-02/color/frame-000003.color.png chess/seq-02/color/frame-000006.color.png 0.999985 -0.00528295 0.00141204 0.00238134 0.00527203 0.999957 0.00762831 0.000153352 -0.00145228 -0.00762076 0.99997 0.000515033 0.0 0.0 0.0 1.0
chess/seq-02/color/frame-000006.color.png chess/seq-02/color/frame-000009.color.png 0.999997 -0.00224498 9.51463e-05 0.00297952 0.0022447 0.999993 0.00287579 0.00147173 -0.000101602 -0.00287557 0.999996 -0.00192255 0.0 0.0 0.0 1.0
chess/seq-02/color/frame-000009.color.png chess/seq-02/color/frame-000012.color.png 0.999999 7.92868e-05 -0.00174448 0.00220404 -7.97546e-05 1.0 -0.000268939 -0.000774848 0.00174446 0.000269077 0.999998 -0.00058883 0.0 0.0 0.0 1.0
chess/seq-02/color/frame-000012.color.png chess/seq-02/color/frame-000015.color.png 0.999803 0.000917835 -0.0198086 0.000344552 -0.000950486 0.999998 -0.0016389 -0.000593905 0.019807 0.0016574 0.999803 -0.00284093 0.0 0.0 0.0 1.0
chess/seq-02/color/frame-000015.color.png chess/seq-02/color/frame-000018.color.png 0.999395 0.0123556 -0.0324986 -0.00403029 -0.0124968 0.999913 -0.00414673 -0.00118251 0.0324446 0.00455035 0.999463 2.35671e-06 0.0 0.0 0.0 1.0
chess/seq-02/color/frame-000018.color.png chess/seq-02/color/frame-000021.color.png 0.997739 0.0362204 -0.0566089 -0.00589243 -0.0365297 0.999323 -0.00443683 0.00119272 0.0564098 0.0064947 0.998387 -0.00525625 0.0 0.0 0.0 1.0
chess/seq-02/color/frame-000021.color.png chess/seq-02/color/frame-000024.color.png 0.995835 0.0517327 -0.0750725 -0.0047258 -0.0521006 0.998637 -0.00294873 0.00110466 0.0748177 0.00684777 0.997174 -0.00074307 0.0 0.0 0.0 1.0
chess/seq-02/color/frame-000024.color.png chess/seq-02/color/frame-000027.color.png 0.997643 0.0290429 -0.062163 -0.00514841 -0.0296293 0.999525 -0.00853331 0.00153407 0.0618856 0.010355 0.998029 -0.0015331 0.0 0.0 0.0 1.0
chess/seq-02/color/frame-000027.color.png chess/seq-02/color/frame-000030.color.png 0.998319 0.0240254 -0.0527438 -0.00689081 -0.0243157 0.999692 -0.00486791 -0.000916762 0.0526107 0.00614222 0.998596 -0.00610624 0.0 0.0 0.0 1.0
chess/seq-02/color/frame-000030.color.png chess/seq-02/color/frame-000033.color.png 0.999255 0.0198726 -0.0330703 0.000475817 -0.0201698 0.999759 -0.00867718 -9.10033e-05 0.0328898 0.00933775 0.999415 -0.00173917 0.0 0.0 0.0 1.0
chess/seq-02/color/frame-000033.color.png chess/seq-02/color/frame-000036.color.png 0.999312 0.0174983 -0.0327131 -0.00520179 -0.0173986 0.999843 0.00332856 0.0023791 0.0327662 -0.00275711 0.999459 -0.00142938 0.0 0.0 0.0 1.0
chess/seq-02/color/frame-000036.color.png chess/seq-02/color/frame-000039.color.png 0.999982 0.00594833 -7.99676e-06 0.00303582 -0.00594823 0.99997 0.00491394 0.000672631 3.72026e-05 -0.0049138 0.999988 0.00675943 0.0 0.0 0.0 1.0
chess/seq-02/color/frame-000039.color.png chess/seq-02/color/frame-000042.color.png 0.998829 -0.0221758 0.0430029 0.00392955 0.0221031 0.999753 0.00216688 -0.00100271 -0.0430403 -0.00121384 0.999072 0.00671182 0.0 0.0 0.0 1.0
chess/seq-02/color/frame-000042.color.png chess/seq-02/color/frame-000045.color.png 0.99838 -0.0371621 0.0430963 0.0111273 0.0368529 0.999289 0.00794748 -0.00647643 -0.0433611 -0.00634638 0.999039 0.00564038 0.0 0.0 0.0 1.0
chess/seq-02/color/frame-000045.color.png chess/seq-02/color/frame-000048.color.png 0.996253 -0.0390623 0.0771588 0.0155792 0.0390096 0.999236 0.00219104 -0.00478816 -0.0771855 0.000827102 0.997016 0.00206897 0.0 0.0 0.0 1.0
chess/seq-02/color/frame-000048.color.png chess/seq-02/color/frame-000051.color.png 0.997391 -0.039997 0.0600911 0.00175868 0.0397912 0.999197 0.00461897 -0.00578041 -0.0602276 -0.00221582 0.998182 0.00763611 0.0 0.0 0.0 1.0
chess/seq-02/color/frame-000051.color.png chess/seq-02/color/frame-000054.color.png 0.99516 -0.0341257 0.0921559 0.00816427 0.0339673 0.999418 0.00328727 -0.00466935 -0.0922144 -0.000141068 0.995739 0.0122802 0.0 0.0 0.0 1.0
chess/seq-02/color/frame-000054.color.png chess/seq-02/color/frame-000057.color.png 0.997663 -0.035147 0.0585912 0.0036265 0.0347666 0.999367 0.00750035 -0.00378612 -0.0588177 -0.00544581 0.998254 0.00910107 0.0 0.0 0.0 1.0
chess/seq-02/color/frame-000057.color.png chess/seq-02/color/frame-000060.color.png 0.99768 -0.0292411 0.0614813 0.00602763 0.0287182 0.999544 0.00937151 -0.00411821 -0.0617273 -0.00758414 0.998064 0.0113874 0.0 0.0 0.0 1.0
chess/seq-02/color/frame-000060.color.png chess/seq-02/color/frame-000063.color.png 0.997645 -0.0328062 0.0602263 0.00156771 0.0318871 0.999361 0.0161586 -0.00919655 -0.0607179 -0.0142001 0.998054 0.00806104 0.0 0.0 0.0 1.0
chess/seq-02/color/frame-000063.color.png chess/seq-02/color/frame-000066.color.png 0.999586 -0.0215469 0.019086 -0.00181832 0.0214865 0.999763 0.00336547 -0.00248437 -0.019154 -0.00295399 0.999812 0.0100319 0.0 0.0 0.0 1.0
chess/seq-02/color/frame-000066.color.png chess/seq-02/color/frame-000069.color.png 0.999607 0.00450671 -0.0276862 -0.00787625 -0.00454705 0.999989 -0.00139443 -0.00769163 0.0276795 0.00151977 0.999616 0.00113011 0.0 0.0 0.0 1.0
chess/seq-02/color/frame-000069.color.png chess/seq-02/color/frame-000072.color.png 0.996643 0.0294984 -0.0763743 -0.0164354 -0.0299029 0.999544 -0.00415838 -0.00839668 0.0762168 0.00642824 0.997071 -0.0121693 0.0 0.0 0.0 1.0
chess/seq-02/color/frame-000072.color.png chess/seq-02/color/frame-000075.color.png 0.996103 0.0129044 -0.0872434 0.0061191 -0.0117151 0.999832 0.01413 -0.00907959 0.0874111 -0.0130529 0.996087 -0.00516943 0.0 0.0 0.0 1.0
chess/seq-02/color/frame-000075.color.png chess/seq-02/color/frame-000078.color.png 0.996105 0.015655 -0.0867757 -0.0103303 -0.0149672 0.999851 0.00857096 -0.0118491 0.086897 -0.00723878 0.996191 -0.0136166 0.0 0.0 0.0 1.0
chess/seq-02/color/frame-000078.color.png chess/seq-02/color/frame-000081.color.png 0.99546 0.0312933 -0.0898893 0.00526607 -0.0327326 0.999358 -0.0145825 -0.0202504 0.0893752 0.0174586 0.995845 -0.00555982 0.0 0.0 0.0 1.0
chess/seq-02/color/frame-000081.color.png chess/seq-02/color/frame-000084.color.png 0.994938 0.043866 -0.0904078 -0.00831068 -0.045213 0.998894 -0.0129047 -0.0238515 0.0897418 0.016927 0.995821 -0.0164675 0.0 0.0 0.0 1.0
chess/seq-02/color/frame-000084.color.png chess/seq-02/color/frame-000087.color.png 0.997341 0.0317277 -0.065606 0.0165334 -0.0331048 0.999252 -0.0200098 -0.0353883 0.0649221 0.0221284 0.997645 -0.00814164 0.0 0.0 0.0 1.0
chess/seq-02/color/frame-000087.color.png chess/seq-02/color/frame-000090.color.png 0.99917 0.0343125 -0.0219634 -0.00665163 -0.035388 0.998092 -0.0506081 -0.0298363 0.0201849 0.0513434 0.998477 -0.0128002 0.0 0.0 0.0 1.0
chess/seq-02/color/frame-000090.color.png chess/seq-02/color/frame-000093.color.png 0.999325 0.0117176 -0.0348085 -0.00103291 -0.0125721 0.999622 -0.0244314 -0.0239337 0.034509 0.0248525 0.999095 -0.00401914 0.0 0.0 0.0 1.0
chess/seq-02/color/frame-000093.color.png chess/seq-02/color/frame-000096.color.png 0.999679 0.00956265 -0.0234493 -9.59672e-05 -0.0102531 0.999512 -0.029502 -0.0351104 0.0231559 0.0297329 0.99929 0.000896662 0.0 0.0 0.0 1.0
chess/seq-02/color/frame-000096.color.png chess/seq-02/color/frame-000099.color.png 0.999988 -0.000546817 -0.0048328 -0.010014 0.000460926 0.999842 -0.0177563 -0.0387837 0.00484168 0.0177538 0.999831 -0.00282636 0.0 0.0 0.0 1.0
chess/seq-02/color/frame-000099.color.png chess/seq-02/color/frame-000102.color.png 0.999863 -0.0132881 -0.00988549 0.000710567 0.0131979 0.999871 -0.00912913 -0.0430291 0.0100055 0.0089974 0.999909 -0.000875931 0.0 0.0 0.0 1.0
chess/seq-02/color/frame-000102.color.png chess/seq-02/color/frame-000105.color.png 0.999896 -0.00666436 0.0128027 -0.000452505 0.00709108 0.999411 -0.0335789 -0.0271053 -0.0125714 0.0336661 0.999354 0.00439339 0.0 0.0 0.0 1.0
chess/seq-02/color/frame-000105.color.png chess/seq-02/color/frame-000108.color.png 0.999743 -0.0142069 0.017644 0.00344046 0.0142285 0.999898 -0.00109615 -0.0510491 -0.0176267 0.00134693 0.999844 0.0036412 0.0 0.0 0.0 1.0
chess/seq-02/color/frame-000108.color.png chess/seq-02/color/frame-000111.color.png 0.999823 -0.0106953 0.0154672 0.0120194 0.0108754 0.999873 -0.011609 -0.0260202 -0.0153411 0.0117752 0.999813 0.00393347 0.0 0.0 0.0 1.0
chess/seq-02/color/frame-000111.color.png chess/seq-02/color/frame-000114.color.png 0.99945 -0.0143309 0.0298957 0.0238871 0.0149311 0.999689 -0.0199496 -0.0153847 -0.0296005 0.020385 0.999354 0.00392848 0.0 0.0 0.0 1.0
chess/seq-02/color/frame-000114.color.png chess/seq-02/color/frame-000117.color.png 0.999334 -0.0159478 0.0328329 0.0254921 0.0157809 0.999861 0.0053352 -0.0287471 -0.0329134 -0.00481352 0.999447 -0.00691449 0.0 0.0 0.0 1.0
chess/seq-02/color/frame-000117.color.png chess/seq-02/color/frame-000120.color.png 0.997969 -0.0348958 0.0532994 0.0214909 0.0349295 0.99939 0.00029948 -0.0155202 -0.0532773 0.00156285 0.998578 0.0081955 0.0 0.0 0.0 1.0
chess/seq-02/color/frame-000120.color.png chess/seq-02/color/frame-000123.color.png 0.998693 -0.0222647 0.0459988 0.0245156 0.022248 0.999752 0.000874264 -0.0109303 -0.0460068 0.000150237 0.998941 0.00898025 0.0 0.0 0.0 1.0
chess/seq-02/color/frame-000123.color.png chess/seq-02/color/frame-000126.color.png 0.998461 -0.0271253 0.0483752 0.000757992 0.0275162 0.999594 -0.00743242 -0.000829488 -0.0481539 0.00875208 0.998802 0.0133017 0.0 0.0 0.0 1.0
chess/seq-02/color/frame-000126.color.png chess/seq-02/color/frame-000129.color.png 0.999558 -0.0250583 0.0159704 0.0471188 0.0250614 0.999686 2.74731e-06 -0.0197433 -0.0159655 0.000397446 0.999873 0.0161632 0.0 0.0 0.0 1.0
chess/seq-02/color/frame-000129.color.png chess/seq-02/color/frame-000132.color.png 0.999219 -0.0306096 0.0249972 0.00433843 0.030567 0.99953 0.00208538 -0.00522071 -0.0250493 -0.00131964 0.999685 0.0107883 0.0 0.0 0.0 1.0
chess/seq-02/color/frame-000132.color.png chess/seq-02/color/frame-000135.color.png 0.999431 -0.0312394 0.0126899 0.0253169 0.0311366 0.999481 0.00822107 -0.00113648 -0.0129401 -0.00782129 0.999886 0.00792857 0.0 0.0 0.0 1.0
chess/seq-02/color/frame-000135.color.png chess/seq-02/color/frame-000138.color.png 0.999867 -0.0161352 0.002408 0.0330495 0.0161023 0.999784 0.0131395 -0.0224271 -0.00261948 -0.013099 0.999911 0.0128514 0.0 0.0 0.0 1.0
chess/seq-02/color/frame-000138.color.png chess/seq-02/color/frame-000141.color.png 0.999617 -0.0233919 0.0147536 0.0142094 0.0235608 0.999658 -0.011381 0.0394745 -0.0144823 0.0117242 0.999826 0.0333537 0.0 0.0 0.0 1.0
chess/seq-02/color/frame-000141.color.png chess/seq-02/color/frame-000144.color.png 0.999927 -0.00972196 0.00719701 0.0238328 0.00968544 0.99994 0.00509096 -0.00321791 -0.00724607 -0.00502087 0.999961 0.0216187 0.0 0.0 0.0 1.0
chess/seq-02/color/frame-000144.color.png chess/seq-02/color/frame-000147.color.png 0.999855 -0.0150834 -0.00784064 0.0195753 0.0151487 0.999851 0.00833301 0.00422144 0.00771375 -0.0084506 0.999935 0.0148338 0.0 0.0 0.0 1.0
chess/seq-02/color/frame-000147.color.png chess/seq-02/color/frame-000150.color.png 0.999995 7.97129e-05 0.00322323 0.0183824 -0.000106248 0.999966 0.00823853 0.0201513 -0.00322244 -0.00823884 0.999961 0.0128665 0.0 0.0 0.0 1.0
chess/seq-02/color/frame-000150.color.png chess/seq-02/color/frame-000153.color.png 0.999995 0.00288714 -0.00133343 0.0127147 -0.00284897 0.99961 0.0277896 0.0149295 0.00141313 -0.0277856 0.999613 0.0178333 0.0 0.0 0.0 1.0
chess/seq-02/color/frame-000153.color.png chess/seq-02/color/frame-000156.color.png 0.999576 0.0156081 -0.0245814 0.0615489 -0.01492 0.999498 0.0279306 -0.0185106 0.025005 -0.027552 0.999308 -0.00293914 0.0 0.0 0.0 1.0
chess/seq-02/color/frame-000156.color.png chess/seq-02/color/frame-000159.color.png 0.999971 0.00610888 -0.00462001 0.00414917 -0.00608305 0.999966 0.0055844 0.0220119 0.00465396 -0.00555612 0.999974 0.00588754 0.0 0.0 0.0 1.0
chess/seq-02/color/frame-000159.color.png chess/seq-02/color/frame-000162.color.png 0.999739 0.0185441 0.0133719 -0.0026758 -0.0184836 0.999818 -0.0046373 0.0296045 -0.0134554 0.00438893 0.9999 0.0204907 0.0 0.0 0.0 1.0
chess/seq-02/color/frame-000162.color.png chess/seq-02/color/frame-000165.color.png 0.999854 0.0138987 0.00991047 -0.0128522 -0.0138745 0.999901 -0.00250225 0.0346761 -0.00994425 0.00236439 0.999948 0.0107693 0.0 0.0 0.0 1.0
chess/seq-02/color/frame-000165.color.png chess/seq-02/color/frame-000168.color.png 0.999932 0.0102199 -0.00561222 -0.0169428 -0.0101825 0.999926 0.00664904 0.0301613 0.00567974 -0.00659144 0.999962 -0.000761539 0.0 0.0 0.0 1.0
chess/seq-02/color/frame-000168.color.png chess/seq-02/color/frame-000171.color.png 0.999786 0.0203384 -0.00372464 -0.0174885 -0.020293 0.999724 0.0118563 0.0338484 0.00396474 -0.0117782 0.999923 0.00495823 0.0 0.0 0.0 1.0
chess/seq-02/color/frame-000171.color.png chess/seq-02/color/frame-000174.color.png 0.999923 0.0119883 -0.00315654 -0.027362 -0.0120135 0.999895 -0.00807838 0.0516619 0.00305938 0.00811569 0.999962 0.0177832 0.0 0.0 0.0 1.0
chess/seq-02/color/frame-000174.color.png chess/seq-02/color/frame-000177.color.png 0.999754 0.022118 0.00142554 -0.0239661 -0.0221345 0.999672 0.0128835 0.0353256 -0.00114009 -0.0129119 0.999916 -0.0051323 0.0 0.0 0.0 1.0
chess/seq-02/color/frame-000177.color.png chess/seq-02/color/frame-000180.color.png 0.999837 0.0180214 0.00135667 -0.0323478 -0.0180447 0.999641 0.0197833 0.0385657 -0.000999693 -0.0198046 0.999803 0.00070332 0.0 0.0 0.0 1.0
chess/seq-02/color/frame-000180.color.png chess/seq-02/color/frame-000183.color.png 0.999907 0.0136007 0.000546376 -0.0371326 -0.0136104 0.999556 0.0265059 0.0295483 -0.000185654 -0.0265109 0.999649 -0.00911698 0.0 0.0 0.0 1.0
chess/seq-02/color/frame-000183.color.png chess/seq-02/color/frame-000186.color.png 0.999924 -0.0042232 -0.0115552 -0.0535772 0.00461365 0.999412 0.0339749 0.022706 0.011405 -0.0340256 0.999356 0.00898266 0.0 0.0 0.0 1.0
chess/seq-02/color/frame-000186.color.png chess/seq-02/color/frame-000189.color.png 0.999909 0.000361648 -0.0135171 -0.0235444 0.000189682 0.999169 0.0407642 0.0113595 0.0135206 -0.040763 0.999077 -0.00602859 0.0 0.0 0.0 1.0
chess/seq-02/color/frame-000189.color.png chess/seq-02/color/frame-000192.color.png 0.999694 0.00189484 -0.0246524 -0.0289049 -0.000853556 0.99911 0.042181 0.0108983 0.0247103 -0.0421471 0.998806 -0.0159181 0.0 0.0 0.0 1.0
chess/seq-02/color/frame-000192.color.png chess/seq-02/color/frame-000195.color.png 0.999733 0.0160516 -0.0166288 -0.0383473 -0.015762 0.999724 0.0173996 0.0181191 0.0169035 -0.0171329 0.99971 -0.0110272 0.0 0.0 0.0 1.0
chess/seq-02/color/frame-000195.color.png chess/seq-02/color/frame-000198.color.png 0.99989 0.00318143 -0.0145062 -0.0329181 -0.00289317 0.999799 0.019851 0.00966293 0.0145665 -0.0198069 0.999698 -0.0126166 0.0 0.0 0.0 1.0
chess/seq-02/color/frame-000198.color.png chess/seq-02/color/frame-000201.color.png 0.999491 0.0070708 -0.0311017 -0.0204599 -0.00616389 0.999556 0.0291591 0.000707489 0.0312941 -0.0289525 0.999091 -0.0201508 0.0 0.0 0.0 1.0
chess/seq-02/color/frame-000201.color.png chess/seq-02/color/frame-000204.color.png 0.999947 -0.00653182 -0.0080143 -0.0224123 0.00667042 0.999827 0.0173902 -0.00559879 0.00789934 -0.0174428 0.999817 -0.0156754 0.0 0.0 0.0 1.0
chess/seq-02/color/frame-000204.color.png chess/seq-02/color/frame-000207.color.png 0.999592 -0.0149585 -0.0243408 -0.0247915 0.0151544 0.999854 0.00788311 -0.00415855 0.0242193 -0.00824878 0.999673 -0.0145678 0.0 0.0 0.0 1.0
chess/seq-02/color/frame-000207.color.png chess/seq-02/color/frame-000210.color.png 0.999856 0.00255262 -0.0167839 -0.0261882 -0.00258808 0.999994 -0.00209183 -0.0124807 0.0167785 0.00213498 0.999857 -0.0194137 0.0 0.0 0.0 1.0
chess/seq-02/color/frame-000210.color.png chess/seq-02/color/frame-000213.color.png 0.999516 -0.00184446 -0.0310396 -0.0193327 0.0017812 0.999996 -0.00206567 -0.0168806 0.0310432 0.00200938 0.999516 -0.0219961 0.0 0.0 0.0 1.0
chess/seq-02/color/frame-000213.color.png chess/seq-02/color/frame-000216.color.png 0.999178 0.00654279 -0.0400131 -0.0190643 -0.00748059 0.9997 -0.0233325 -0.0187948 0.0398484 0.0236126 0.998927 -0.0110424 0.0 0.0 0.0 1.0
chess/seq-02/color/frame-000216.color.png chess/seq-02/color/frame-000219.color.png 0.99878 0.00534199 -0.0490904 -0.00987094 -0.00691286 0.999468 -0.0318855 -0.0374787 0.0488939 0.0321859 0.998285 -0.0153108 0.0 0.0 0.0 1.0
chess/seq-02/color/frame-000219.color.png chess/seq-02/color/frame-000222.color.png 0.999589 0.0073879 -0.0277053 -0.0112435 -0.00846498 0.999205 -0.0389634 -0.0303851 0.0273954 0.0391819 0.998856 -0.00752575 0.0 0.0 0.0 1.0
chess/seq-02/color/frame-000222.color.png chess/seq-02/color/frame-000225.color.png 0.999758 0.000112329 -0.0219999 -0.0101772 -0.00106907 0.999054 -0.0434813 -0.0353227 0.0219742 0.0434943 0.998812 -0.00907317 0.0 0.0 0.0 1.0
chess/seq-02/color/frame-000225.color.png chess/seq-02/color/frame-000228.color.png 0.999969 -0.00494896 -0.00610798 -0.00588228 0.00472998 0.999363 -0.0353618 -0.0364055 0.00627915 0.0353318 0.999356 -0.00411107 0.0 0.0 0.0 1.0
chess/seq-02/color/frame-000228.color.png chess/seq-02/color/frame-000231.color.png 0.999877 -0.0138822 0.00733412 0.00446932 0.0142039 0.998849 -0.0458083 -0.0327778 -0.00668982 0.0459068 0.998923 -0.00721154 0.0 0.0 0.0 1.0
chess/seq-02/color/frame-000231.color.png chess/seq-02/color/frame-000234.color.png 0.99991 -0.0131697 0.00247046 -0.00334348 0.0132147 0.999729 -0.0191863 -0.0273408 -0.00221715 0.0192173 0.999813 -0.000755938 0.0 0.0 0.0 1.0
chess/seq-02/color/frame-000234.color.png chess/seq-02/color/frame-000237.color.png 0.999858 -0.00821005 -0.0147195 0.0108218 0.00784623 0.999666 -0.0246047 -0.0383808 0.0149167 0.0244857 0.999589 0.00114046 0.0 0.0 0.0 1.0
chess/seq-02/color/frame-000237.color.png chess/seq-02/color/frame-000240.color.png 0.999719 -0.0211206 0.0107445 0.00432142 0.021451 0.99927 -0.0316197 -0.0204707 -0.0100688 0.0318413 0.999442 0.00514069 0.0 0.0 0.0 1.0
chess/seq-02/color/frame-000240.color.png chess/seq-02/color/frame-000243.color.png 0.999786 -0.0146675 0.0145512 0.00525989 0.0150731 0.99949 -0.0281643 -0.026563 -0.0141307 0.0283777 0.999497 0.00886022 0.0 0.0 0.0 1.0
chess/seq-02/color/frame-000243.color.png chess/seq-02/color/frame-000246.color.png 0.999824 -0.0176858 0.00620015 0.0217879 0.0179016 0.999167 -0.036665 -0.0321859 -0.0055466 0.0367696 0.999308 0.0121279 0.0 0.0 0.0 1.0
chess/seq-02/color/frame-000246.color.png chess/seq-02/color/frame-000249.color.png 0.999917 -0.00634799 0.0112048 0.0255553 0.00653343 0.999841 -0.0165935 -0.0231375 -0.0110977 0.0166653 0.9998 0.0067635 0.0 0.0 0.0 1.0
chess/seq-02/color/frame-000249.color.png chess/seq-02/color/frame-000252.color.png 0.999976 0.000868323 0.00687727 0.0431836 -0.000706564 0.999724 -0.0234869 -0.0283056 -0.00689565 0.0234815 0.9997 0.0110589 0.0 0.0 0.0 1.0
chess/seq-02/color/frame-000252.color.png chess/seq-02/color/frame-000255.color.png 0.999629 0.000561655 0.0272329 0.0285343 9.46635e-05 0.99971 -0.024093 -0.0176758 -0.0272387 0.0240866 0.999339 0.019923 0.0 0.0 0.0 1.0
chess/seq-02/color/frame-000255.color.png chess/seq-02/color/frame-000258.color.png 0.999649 0.013018 0.0230882 0.0227256 -0.0127184 0.999834 -0.0130744 -0.0165994 -0.0232545 0.0127762 0.999648 0.0277024 0.0 0.0 0.0 1.0
chess/seq-02/color/frame-000258.color.png chess/seq-02/color/frame-000261.color.png 0.999128 -0.00712843 0.041137 0.0106556 0.0078467 0.999819 -0.0173244 -0.0190088 -0.0410062 0.017632 0.999003 0.0154656 0.0 0.0 0.0 1.0
chess/seq-02/color/frame-000261.color.png chess/seq-02/color/frame-000264.color.png 0.999369 -0.00814227 0.0345692 0.077424 0.00892904 0.999703 -0.0226672 -0.00489295 -0.0343744 0.0229617 0.999145 0.0206114 0.0 0.0 0.0 1.0
chess/seq-02/color/frame-000264.color.png chess/seq-02/color/frame-000267.color.png 0.999434 -0.0138561 0.0306664 0.0164442 0.0140044 0.999891 -0.00462596 0.0198213 -0.030599 0.00505282 0.999519 0.0193984 0.0 0.0 0.0 1.0
chess/seq-02/color/frame-000267.color.png chess/seq-02/color/frame-000270.color.png 0.999863 0.00502322 0.0157537 0.0706821 -0.00527284 0.999861 0.015844 -0.0157954 -0.0156719 -0.0159249 0.99975 0.0195244 0.0 0.0 0.0 1.0
chess/seq-02/color/frame-000270.color.png chess/seq-02/color/frame-000273.color.png 0.999808 -0.00953863 0.0171171 0.0176229 0.00920212 0.999765 0.019632 -0.00550181 -0.0173003 -0.0194706 0.999661 0.00994043 0.0 0.0 0.0 1.0
chess/seq-02/color/frame-000273.color.png chess/seq-02/color/frame-000276.color.png 0.999924 -0.00629088 0.0106192 0.0271091 0.00615955 0.999905 0.0123537 -0.00195742 -0.0106959 -0.0122873 0.999867 0.0255353 0.0 0.0 0.0 1.0
chess/seq-02/color/frame-000276.color.png chess/seq-02/color/frame-000279.color.png 0.999991 -0.00180281 0.00381842 0.0376751 0.00175237 0.999912 0.0131778 0.0169417 -0.00384187 -0.013171 0.999906 0.0264693 0.0 0.0 0.0 1.0
chess/seq-02/color/frame-000279.color.png chess/seq-02/color/frame-000282.color.png 0.999967 -0.00744484 0.00330452 0.0197094 0.00739144 0.999847 0.0158829 0.012495 -0.00342221 -0.015858 0.999868 0.0171728 0.0 0.0 0.0 1.0
chess/seq-02/color/frame-000282.color.png chess/seq-02/color/frame-000285.color.png 0.999795 -0.0188792 -0.00729333 4.14252e-05 0.0189976 0.999683 0.0165191 0.0158849 0.00697917 -0.0166542 0.999837 0.019981 0.0 0.0 0.0 1.0
chess/seq-02/color/frame-000285.color.png chess/seq-02/color/frame-000288.color.png 0.999912 0.00537332 0.0121271 0.0159574 -0.00563473 0.99975 0.0216259 0.0284817 -0.0120078 -0.0216924 0.999693 0.019612 0.0 0.0 0.0 1.0
chess/seq-02/color/frame-000288.color.png chess/seq-02/color/frame-000291.color.png 0.999947 -0.00847223 0.00581189 -0.000323862 0.00827006 0.999389 0.0339699 0.0257476 -0.00609612 -0.03392 0.999406 0.0178528 0.0 0.0 0.0 1.0
chess/seq-02/color/frame-000291.color.png chess/seq-02/color/frame-000294.color.png 0.999925 -0.00595371 0.010679 -0.00678042 0.00562657 0.999522 0.0304068 0.0203951 -0.0108549 -0.0303445 0.999481 0.0131127 0.0 0.0 0.0 1.0
chess/seq-02/color/frame-000294.color.png chess/seq-02/color/frame-000297.color.png 0.999992 0.00388672 0.000469193 -0.00941756 -0.00389782 0.999639 0.0265932 0.0378208 -0.000365625 -0.0265948 0.999646 0.0154225 0.0 0.0 0.0 1.0
chess/seq-02/color/frame-000297.color.png chess/seq-02/color/frame-000300.color.png 0.999905 -0.00417334 -0.0131294 -0.0187282 0.00462103 0.999402 0.0342551 0.0304143 0.0129787 -0.0343125 0.999327 0.00779954 0.0 0.0 0.0 1.0
chess/seq-02/color/frame-000300.color.png chess/seq-02/color/frame-000303.color.png 0.99994 0.00019735 -0.0109432 -0.0276707 0.000206706 0.999319 0.0369092 0.0253438 0.010943 -0.0369092 0.999259 -0.00180379 0.0 0.0 0.0 1.0
chess/seq-02/color/frame-000303.color.png chess/seq-02/color/frame-000306.color.png 0.999903 -0.00471738 -0.013126 -0.0177116 0.00516607 0.999396 0.0343626 0.0184952 0.012956 -0.0344271 0.999323 -0.000888199 0.0 0.0 0.0 1.0
chess/seq-02/color/frame-000306.color.png chess/seq-02/color/frame-000309.color.png 0.999889 0.00127456 -0.014875 -0.0181886 -0.000816526 0.999527 0.0307576 0.0129317 0.0149072 -0.0307421 0.999416 -0.0135537 0.0 0.0 0.0 1.0
chess/seq-02/color/frame-000309.color.png chess/seq-02/color/frame-000312.color.png 0.999762 0.00479014 -0.0212932 -0.0324299 -0.00425917 0.999681 0.0249122 0.0341647 0.0214058 -0.0248156 0.999463 -0.00298864 0.0 0.0 0.0 1.0
chess/seq-02/color/frame-000312.color.png chess/seq-02/color/frame-000315.color.png 0.99964 0.018963 -0.0189691 -0.028814 -0.0184191 0.999426 0.0284479 0.0260378 0.0194976 -0.0280883 0.999415 -0.0167578 0.0 0.0 0.0 1.0
chess/seq-02/color/frame-000315.color.png chess/seq-02/color/frame-000318.color.png 0.999461 0.0286816 -0.0159577 -0.0202554 -0.0283571 0.999394 0.0201985 0.0177399 0.0165274 -0.0197351 0.999669 -0.0156659 0.0 0.0 0.0 1.0
chess/seq-02/color/frame-000318.color.png chess/seq-02/color/frame-000321.color.png 0.998755 0.0376564 -0.0327122 -0.0215061 -0.0366897 0.998886 0.029666 0.00544725 0.0337928 -0.0284288 0.999025 -0.0211907 0.0 0.0 0.0 1.0
chess/seq-02/color/frame-000321.color.png chess/seq-02/color/frame-000324.color.png 0.998876 0.0184965 -0.0436408 -0.00708502 -0.0179686 0.999761 0.0124569 -0.00464058 0.0438608 -0.0116587 0.99897 -0.0301329 0.0 0.0 0.0 1.0
chess/seq-02/color/frame-000324.color.png chess/seq-02/color/frame-000327.color.png 0.998638 0.017533 -0.0491321 -0.0117833 -0.0179566 0.999805 -0.00819404 0.00108369 0.0489789 0.0090651 0.998759 -0.0312881 0.0 0.0 0.0 1.0
chess/seq-02/color/frame-000327.color.png chess/seq-02/color/frame-000330.color.png 0.998169 -0.00547446 -0.0602435 -0.00204903 0.0042923 0.999796 -0.0197348 -0.00931934 0.0603392 0.0194401 0.997989 -0.0305661 0.0 0.0 0.0 1.0
chess/seq-02/color/frame-000330.color.png chess/seq-02/color/frame-000333.color.png 0.999493 -0.00460675 -0.0314902 -0.00662492 0.0039576 0.999779 -0.0206454 -0.0154482 0.0315784 0.0205103 0.999291 -0.0518254 0.0 0.0 0.0 1.0
chess/seq-02/color/frame-000333.color.png chess/seq-02/color/frame-000336.color.png 0.999844 0.0146064 -0.00997162 0.00283086 -0.0147526 0.999782 -0.0147493 -0.0300231 0.00975396 0.0148941 0.999842 -0.0400012 0.0 0.0 0.0 1.0
chess/seq-02/color/frame-000336.color.png chess/seq-02/color/frame-000339.color.png 0.999985 0.00525086 -0.00173236 0.0155791 -0.00530117 0.999522 -0.0304449 -0.0202292 0.00157166 0.0304536 0.999535 -0.0179699 0.0 0.0 0.0 1.0
chess/seq-02/color/frame-000339.color.png chess/seq-02/color/frame-000342.color.png 0.99991 -0.00411191 0.0127448 0.021587 0.00449426 0.999536 -0.030119 -0.015509 -0.0126151 0.0301736 0.999465 -0.0207444 0.0 0.0 0.0 1.0
chess/seq-02/color/frame-000342.color.png chess/seq-02/color/frame-000345.color.png 0.998967 -0.00652626 0.0449726 0.0221969 0.00788264 0.999517 -0.0300497 -0.00387138 -0.0447547 0.0303731 0.998536 -0.00470343 0.0 0.0 0.0 1.0
chess/seq-02/color/frame-000345.color.png chess/seq-02/color/frame-000348.color.png 0.998853 -0.0103789 0.0467528 0.0273894 0.0111242 0.999815 -0.0157092 -0.00678177 -0.0465811 0.0162112 0.998783 -0.0115307 0.0 0.0 0.0 1.0
chess/seq-02/color/frame-000348.color.png chess/seq-02/color/frame-000351.color.png 0.999304 -0.0166379 0.0333976 0.0244915 0.0167198 0.999858 -0.00217511 -0.0202458 -0.0333567 0.002732 0.99944 -0.0168585 0.0 0.0 0.0 1.0
chess/seq-02/color/frame-000351.color.png chess/seq-02/color/frame-000354.color.png 0.999708 -0.0100253 0.0219819 0.037695 0.0104591 0.999751 -0.0197095 -0.0177595 -0.0217788 0.0199337 0.999564 -0.0222394 0.0 0.0 0.0 1.0
chess/seq-02/color/frame-000354.color.png chess/seq-02/color/frame-000357.color.png 0.999977 -0.00101601 0.0067353 0.0286538 0.00117128 0.999733 -0.0230914 -0.00431603 -0.00671003 0.0230988 0.999711 -0.0189551 0.0 0.0 0.0 1.0
chess/seq-02/color/frame-000357.color.png chess/seq-02/color/frame-000360.color.png 0.999995 0.00304979 -0.00012367 0.0337209 -0.00305111 0.999911 -0.0129539 0.00210208 8.41269e-05 0.0129543 0.999916 -0.0279203 0.0 0.0 0.0 1.0
chess/seq-02/color/frame-000360.color.png chess/seq-02/color/frame-000363.color.png 0.999901 0.00531857 -0.0130412 0.0263243 -0.00531604 0.999986 0.000230424 -0.00716484 0.0130422 -0.000161083 0.999915 -0.0274874 0.0 0.0 0.0 1.0
chess/seq-02/color/frame-000363.color.png chess/seq-02/color/frame-000366.color.png 0.999921 -0.00330755 -0.012112 0.0180345 0.00307572 0.999813 -0.0191108 -0.0086152 0.012173 0.0190721 0.999744 -0.0293183 0.0 0.0 0.0 1.0
chess/seq-02/color/frame-000366.color.png chess/seq-02/color/frame-000369.color.png 0.999997 0.00150295 0.00167556 0.0222598 -0.00146051 0.999685 -0.0250397 -0.0122277 -0.00171268 0.0250372 0.999685 -0.0381399 0.0 0.0 0.0 1.0
chess/seq-02/color/frame-000369.color.png chess/seq-02/color/frame-000372.color.png 0.999979 -0.00652711 0.000258615 0.0114025 0.00653008 0.999884 -0.01373 -0.00291935 -0.000168972 0.0137314 0.999906 -0.0332413 0.0 0.0 0.0 1.0
chess/seq-02/color/frame-000372.color.png chess/seq-02/color/frame-000375.color.png 0.999991 0.00408519 -0.00103816 0.0214024 -0.00408456 0.999991 0.000659515 0.00150108 0.00104086 -0.000655309 0.999999 -0.0456699 0.0 0.0 0.0 1.0
chess/seq-02/color/frame-000375.color.png chess/seq-02/color/frame-000378.color.png 0.999968 -0.00622975 0.00506123 0.0104098 0.00622818 0.999981 0.000329413 -0.00433576 -0.00506326 -0.000297904 0.999987 -0.0300385 0.0 0.0 0.0 1.0
chess/seq-02/color/frame-000378.color.png chess/seq-02/color/frame-000381.color.png 0.999986 -0.00325235 0.00414606 0.0181407 0.0032445 0.999993 0.00190842 -0.000265568 -0.00415218 -0.0018949 0.99999 -0.0544499 0.0 0.0 0.0 1.0
chess/seq-02/color/frame-000381.color.png chess/seq-02/color/frame-000384.color.png 0.999769 -0.0182465 -0.0113935 0.00386924 0.0184167 0.999718 0.0150184 -0.00932452 0.0111163 -0.0152248 0.999822 -0.0533949 0.0 0.0 0.0 1.0
chess/seq-02/color/frame-000384.color.png chess/seq-02/color/frame-000387.color.png 0.999968 0.00294882 0.00740299 0.0280821 -0.00294137 0.999995 -0.00101505 -0.00789919 -0.00740603 0.000993214 0.999972 -0.0369546 0.0 0.0 0.0 1.0
chess/seq-02/color/frame-000387.color.png chess/seq-02/color/frame-000390.color.png 0.999904 -0.0124206 0.00611444 0.0298839 0.0123648 0.999882 0.00907368 0.0100461 -0.00622644 -0.00899721 0.99994 -0.0433935 0.0 0.0 0.0 1.0
chess/seq-02/color/frame-000390.color.png chess/seq-02/color/frame-000393.color.png 0.9999 0.00422628 -0.0134903 0.0154188 -0.0042018 0.999989 0.00184056 -0.000938505 0.0134979 -0.0017837 0.999907 -0.0352985 0.0 0.0 0.0 1.0
chess/seq-02/color/frame-000393.color.png chess/seq-02/color/frame-000396.color.png 0.999814 0.011613 -0.0153817 0.0359123 -0.0118586 0.999802 -0.0159738 -0.0107062 0.0151932 0.0161532 0.999754 -0.0202961 0.0 0.0 0.0 1.0
chess/seq-02/color/frame-000396.color.png chess/seq-02/color/frame-000399.color.png 0.999426 0.0072638 -0.0331039 0.0181653 -0.00776985 0.999855 -0.0151829 -0.00711271 0.0329889 0.0154314 0.999337 -0.0294384 0.0 0.0 0.0 1.0
chess/seq-02/color/frame-000399.color.png chess/seq-02/color/frame-000402.color.png 0.999824 0.0137696 -0.0127259 0.0377464 -0.0140037 0.999731 -0.0184995 -0.0220672 0.0124677 0.0186744 0.999748 -0.0128909 0.0 0.0 0.0 1.0
chess/seq-02/color/frame-000402.color.png chess/seq-02/color/frame-000405.color.png 0.999972 -0.00737774 0.000770181 0.0207722 0.00738938 0.999838 -0.0164167 -0.0304495 -0.000648903 0.016422 0.999865 0.00931293 0.0 0.0 0.0 1.0
chess/seq-02/color/frame-000405.color.png chess/seq-02/color/frame-000408.color.png 0.999685 -0.0215713 0.0128333 0.0406678 0.0218376 0.999541 -0.0209832 -0.0379886 -0.0123747 0.0212569 0.999697 0.00460929 0.0 0.0 0.0 1.0
chess/seq-02/color/frame-000408.color.png chess/seq-02/color/frame-000411.color.png 0.999474 -0.00125883 0.0324168 0.0480558 0.00149411 0.999973 -0.00723384 -0.0154962 -0.032407 0.00727846 0.999448 0.0286782 0.0 0.0 0.0 1.0
chess/seq-02/color/frame-000411.color.png chess/seq-02/color/frame-000414.color.png 0.999896 -0.00620767 -0.0129892 0.0363729 0.00609971 0.999947 -0.00833143 -0.0105305 0.0130402 0.00825136 0.999881 0.00823677 0.0 0.0 0.0 1.0
chess/seq-02/color/frame-000414.color.png chess/seq-02/color/frame-000417.color.png 0.999862 0.000757195 -0.0165861 0.0319366 -0.000987004 0.999904 -0.0138526 -0.00209954 0.0165741 0.013867 0.999766 -0.00229067 0.0 0.0 0.0 1.0
chess/seq-02/color/frame-000417.color.png chess/seq-02/color/frame-000420.color.png 0.998849 0.0330383 -0.0347775 0.0482183 -0.0335061 0.999355 -0.012955 0.0295282 0.0343269 0.0141053 0.999311 -0.0192169 0.0 0.0 0.0 1.0
chess/seq-02/color/frame-000420.color.png chess/seq-02/color/frame-000423.color.png 0.998224 0.0482211 -0.0349779 0.0643577 -0.0473802 0.998577 0.0244868 0.0477454 0.036109 -0.0227861 0.999088 -0.0323898 0.0 0.0 0.0 1.0
chess/seq-02/color/frame-000423.color.png chess/seq-02/color/frame-000426.color.png 0.998808 0.0403066 -0.02754 0.0404179 -0.0402108 0.999183 0.00402284 0.0307011 0.0276797 -0.00291065 0.999613 -0.0163447 0.0 0.0 0.0 1.0
chess/seq-02/color/frame-000426.color.png chess/seq-02/color/frame-000429.color.png 0.999115 0.0184285 -0.0378144 0.0209096 -0.0180764 0.99979 0.00963018 0.0273419 0.0379838 -0.00893807 0.999238 -0.0281128 0.0 0.0 0.0 1.0
chess/seq-02/color/frame-000429.color.png chess/seq-02/color/frame-000432.color.png 0.998598 0.0387282 -0.0360771 0.0398756 -0.0383112 0.999192 0.0121778 0.0222092 0.0365195 -0.0107786 0.999275 -0.0245252 0.0 0.0 0.0 1.0
chess/seq-02/color/frame-000432.color.png chess/seq-02/color/frame-000435.color.png 0.999921 -0.000314672 -0.0126024 0.0279903 0.00042471 0.999962 0.00873442 -0.00837064 0.0125992 -0.00873909 0.999882 0.0104436 0.0 0.0 0.0 1.0
chess/seq-02/color/frame-000435.color.png chess/seq-02/color/frame-000438.color.png 0.999927 9.42915e-06 -0.0120847 0.0355588 -3.16496e-05 0.999998 -0.00184341 -0.0153071 0.0120846 0.00184365 0.999925 0.0200182 0.0 0.0 0.0 1.0
chess/seq-02/color/frame-000438.color.png chess/seq-02/color/frame-000441.color.png 0.999601 0.0195145 -0.0204269 0.0379517 -0.0195907 0.999802 -0.00353901 -0.00642073 0.020354 0.00393777 0.999785 0.00817996 0.0 0.0 0.0 1.0
chess/seq-02/color/frame-000441.color.png chess/seq-02/color/frame-000444.color.png 0.9998 0.0193522 -0.00511005 0.0226482 -0.0193882 0.999787 -0.00708738 0.00990096 0.00497168 0.00718508 0.999962 0.0411595 0.0 0.0 0.0 1.0
chess/seq-02/color/frame-000444.color.png chess/seq-02/color/frame-000447.color.png 0.999053 0.0277878 -0.03349 0.0373578 -0.0277468 0.999614 0.00168786 0.0017153 0.0335239 -0.000757034 0.999438 -0.000200748 0.0 0.0 0.0 1.0
chess/seq-02/color/frame-000447.color.png chess/seq-02/color/frame-000450.color.png 0.999577 0.0247953 -0.015187 0.0350956 -0.0247175 0.99968 0.00528818 0.00488657 0.0153132 -0.00491058 0.999871 0.0225905 0.0 0.0 0.0 1.0
chess/seq-02/color/frame-000450.color.png chess/seq-02/color/frame-000453.color.png 0.999104 0.015523 -0.039377 0.0276978 -0.0145275 0.999571 0.0254409 -0.0169395 0.0397551 -0.024846 0.9989 -0.0298922 0.0 0.0 0.0 1.0
chess/seq-02/color/frame-000453.color.png chess/seq-02/color/frame-000456.color.png 0.999176 0.00909773 -0.039547 0.0482116 -0.00928742 0.999946 -0.00461427 0.0170463 0.0395029 0.00497776 0.999207 -0.00644125 0.0 0.0 0.0 1.0
chess/seq-02/color/frame-000456.color.png chess/seq-02/color/frame-000459.color.png 0.999733 0.0173647 -0.0152258 0.0342847 -0.0174619 0.999828 -0.00627276 0.0103804 0.0151142 0.00653701 0.999864 0.0036644 0.0 0.0 0.0 1.0
chess/seq-02/color/frame-000459.color.png chess/seq-02/color/frame-000462.color.png 0.999244 0.0222114 -0.0319046 0.0694834 -0.0227483 0.999604 -0.0165668 0.0121118 0.031524 0.0172801 0.999354 0.0228738 0.0 0.0 0.0 1.0
chess/seq-02/color/frame-000462.color.png chess/seq-02/color/frame-000465.color.png 0.99985 0.016036 0.00652696 0.0368184 -0.0160894 0.999837 0.00821285 0.00623596 -0.00639428 -0.00831661 0.999945 0.00862436 0.0 0.0 0.0 1.0
chess/seq-02/color/frame-000465.color.png chess/seq-02/color/frame-000468.color.png 0.998657 0.0244544 -0.045667 0.0436114 -0.0255451 0.999399 -0.0234538 0.00910789 0.0450659 0.0245889 0.998681 0.0011235 0.0 0.0 0.0 1.0
chess/seq-02/color/frame-000468.color.png chess/seq-02/color/frame-000471.color.png 0.999917 -0.00171566 -0.0127743 0.0155395 0.00153952 0.999904 -0.013777 -0.0198774 0.0127967 0.013756 0.999824 0.016495 0.0 0.0 0.0 1.0
chess/seq-02/color/frame-000471.color.png chess/seq-02/color/frame-000474.color.png 0.999988 -0.00471902 0.00109496 0.00749338 0.00473141 0.999922 -0.0115275 -0.0450836 -0.00104035 0.0115326 0.999933 0.0448136 0.0 0.0 0.0 1.0
chess/seq-02/color/frame-000474.color.png chess/seq-02/color/frame-000477.color.png 0.999858 0.0134739 0.0101382 0.0169944 -0.0130787 0.999189 -0.0380824 -0.0204702 -0.0106431 0.0379444 0.999223 0.0848313 0.0 0.0 0.0 1.0
chess/seq-02/color/frame-000477.color.png chess/seq-02/color/frame-000480.color.png 0.999953 0.000103337 0.00972814 -0.00274134 0.000237819 0.999385 -0.0350715 -0.0204849 -0.00972582 0.0350721 0.999337 0.0890587 0.0 0.0 0.0 1.0
chess/seq-02/color/frame-000480.color.png chess/seq-02/color/frame-000483.color.png 0.999956 0.0077997 -0.00524658 0.00356483 -0.00786611 0.999888 -0.0127592 -0.0230415 0.0051465 0.0128 0.999905 0.0620572 0.0 0.0 0.0 1.0
chess/seq-02/color/frame-000483.color.png chess/seq-02/color/frame-000486.color.png 0.999839 -0.010419 -0.0146104 0.0119414 0.0105806 0.999883 0.0110297 -0.00973052 0.0144938 -0.0111824 0.999832 0.0825607 0.0 0.0 0.0 1.0
chess/seq-02/color/frame-000486.color.png chess/seq-02/color/frame-000489.color.png 0.999898 0.0113334 -0.00873207 0.00691831 -0.0113427 0.999935 -0.00101697 0.00261021 0.00872005 0.00111581 0.999961 0.0484587 0.0 0.0 0.0 1.0
chess/seq-02/color/frame-000489.color.png chess/seq-02/color/frame-000492.color.png 0.998665 -0.0281291 -0.0433328 0.00955653 0.0287131 0.999504 0.0129151 -0.0512073 0.042948 -0.0141422 0.998977 -0.00750569 0.0 0.0 0.0 1.0
chess/seq-02/color/frame-000492.color.png chess/seq-02/color/frame-000495.color.png 0.999919 0.0119895 0.00417999 0.0296896 -0.0120395 0.999854 0.0121502 -0.00210083 -0.00403369 -0.0121995 0.999917 0.0761283 0.0 0.0 0.0 1.0
chess/seq-02/color/frame-000495.color.png chess/seq-02/color/frame-000498.color.png 0.999829 0.00286272 0.0182641 -0.00749564 -0.00251032 0.999811 -0.0192859 0.0269055 -0.0183158 0.0192368 0.999647 0.120375 0.0 0.0 0.0 1.0
chess/seq-02/color/frame-000498.color.png chess/seq-02/color/frame-000501.color.png 0.999475 -0.0323839 -0.000436747 -0.0201542 0.032385 0.99947 0.00324936 -0.0423284 0.000331234 -0.00326189 0.999995 0.0528395 0.0 0.0 0.0 1.0
chess/seq-02/color/frame-000501.color.png chess/seq-02/color/frame-000504.color.png 0.99947 -0.0324213 -0.00272892 -0.0129218 0.0323171 0.998961 -0.0321271 -0.0177487 0.00376768 0.0320219 0.99948 0.0902886 0.0 0.0 0.0 1.0
chess/seq-02/color/frame-000504.color.png chess/seq-02/color/frame-000507.color.png 0.998943 -0.026706 0.037423 -0.0444322 0.0266093 0.999641 0.00307936 0.00349516 -0.037492 -0.00208034 0.999295 0.0946999 0.0 0.0 0.0 1.0
chess/seq-02/color/frame-000507.color.png chess/seq-02/color/frame-000510.color.png 0.99979 -0.000173228 0.0204767 -0.0321289 -0.000723192 0.999042 0.0437576 0.0030182 -0.0204646 -0.0437632 0.998832 0.0385415 0.0 0.0 0.0 1.0
chess/seq-02/color/frame-000510.color.png chess/seq-02/color/frame-000513.color.png 0.999676 0.0217456 0.0132079 -0.0174392 -0.022577 0.997534 0.0664525 0.014764 -0.0117303 -0.0667292 0.997702 0.0294324 0.0 0.0 0.0 1.0
chess/seq-02/color/frame-000513.color.png chess/seq-02/color/frame-000516.color.png 0.999863 0.0119717 0.0114641 -0.0224881 -0.0125977 0.99834 0.0561937 0.0255361 -0.0107725 -0.0563304 0.998354 0.00219947 0.0 0.0 0.0 1.0
chess/seq-02/color/frame-000516.color.png chess/seq-02/color/frame-000519.color.png 0.999919 0.0113061 -0.00586426 -0.0178803 -0.0110055 0.998739 0.0489849 0.0332412 0.00641064 -0.0489164 0.998782 -0.0302968 0.0 0.0 0.0 1.0
chess/seq-02/color/frame-000519.color.png chess/seq-02/color/frame-000522.color.png 0.999385 0.0340797 -0.00821557 -0.0179684 -0.0337888 0.998875 0.0332817 0.0423244 0.0093405 -0.0329836 0.999412 -0.0373026 0.0 0.0 0.0 1.0
chess/seq-02/color/frame-000522.color.png chess/seq-02/color/frame-000525.color.png 0.999482 0.0288097 -0.0143691 -0.00413132 -0.0283688 0.999147 0.0299931 0.0573838 0.0152211 -0.0295699 0.999447 -0.0501761 0.0 0.0 0.0 1.0
chess/seq-02/color/frame-000525.color.png chess/seq-02/color/frame-000528.color.png 0.999601 0.0279367 -0.00408393 -0.0250856 -0.0278724 0.999499 0.0150217 0.0652267 0.00450158 -0.0149019 0.999879 -0.0399883 0.0 0.0 0.0 1.0
chess/seq-02/color/frame-000528.color.png chess/seq-02/color/frame-000531.color.png 0.999855 0.01573 0.00656701 -0.0258023 -0.0157904 0.999833 0.00924078 0.0370882 -0.0064205 -0.00934318 0.999936 -0.0285245 0.0 0.0 0.0 1.0
chess/seq-02/color/frame-000531.color.png chess/seq-02/color/frame-000534.color.png 0.999777 0.0210818 -0.000760817 -0.0217988 -0.0210674 0.999658 0.0155096 0.0347969 0.00108743 -0.0154901 0.999879 -0.0314196 0.0 0.0 0.0 1.0
chess/seq-02/color/frame-000534.color.png chess/seq-02/color/frame-000537.color.png 0.999149 0.0412441 0.000361455 -0.0217085 -0.0412457 0.999085 0.0113356 0.0606654 0.000106424 -0.0113408 0.999936 -0.0449958 0.0 0.0 0.0 1.0
chess/seq-02/color/frame-000537.color.png chess/seq-02/color/frame-000540.color.png 0.999935 0.0101434 -0.00515442 -0.026341 -0.010072 0.999855 0.0137027 0.0161684 0.00529277 -0.0136499 0.999893 -0.0481104 0.0 0.0 0.0 1.0
chess/seq-02/color/frame-000540.color.png chess/seq-02/color/frame-000543.color.png 0.999059 0.0228591 -0.036851 -0.00365698 -0.0232379 0.999681 -0.00988482 0.0371308 0.0366133 0.0107319 0.999272 -0.0749555 0.0 0.0 0.0 1.0
chess/seq-02/color/frame-000543.color.png chess/seq-02/color/frame-000546.color.png 0.997418 0.0256617 -0.0670747 0.0257959 -0.0245917 0.999558 0.0167293 0.0167191 0.0674743 -0.0150366 0.997608 -0.130702 0.0 0.0 0.0 1.0
chess/seq-02/color/frame-000546.color.png chess/seq-02/color/frame-000549.color.png 0.999432 0.026582 -0.0207221 -0.0165523 -0.0264541 0.99963 0.00641781 0.0150666 0.0208851 -0.00586599 0.999765 -0.0710396 0.0 0.0 0.0 1.0
chess/seq-02/color/frame-000549.color.png chess/seq-02/color/frame-000552.color.png 0.999608 0.0114784 -0.0255278 -0.00478041 -0.0116878 0.999899 -0.00806341 -0.00990924 0.0254327 0.00835857 0.999642 -0.0734244 0.0 0.0 0.0 1.0
chess/seq-02/color/frame-000552.color.png chess/seq-02/color/frame-000555.color.png 0.999961 -0.00802055 -0.00368281 -0.0122092 0.00799846 0.99995 -0.0059824 -0.0264519 0.00373061 0.00595276 0.999975 -0.0250518 0.0 0.0 0.0 1.0
chess/seq-02/color/frame-000555.color.png chess/seq-02/color/frame-000558.color.png 0.99918 -0.0396177 0.00840835 -0.0296621 0.0395641 0.999196 0.00646365 -0.0817319 -0.0086577 -0.00612572 0.999944 -0.0244824 0.0 0.0 0.0 1.0
chess/seq-02/color/frame-000558.color.png chess/seq-02/color/frame-000561.color.png 0.999517 -0.0308949 0.00344037 -0.0266944 0.0308282 0.999363 0.0179639 -0.0850808 -0.00399323 -0.0178492 0.999833 -0.0225599 0.0 0.0 0.0 1.0
chess/seq-02/color/frame-000561.color.png chess/seq-02/color/frame-000564.color.png 0.999331 -0.0331796 0.0153729 -0.0262889 0.0328342 0.999214 0.0222024 -0.0893945 -0.0160974 -0.0216828 0.999635 -0.00925463 0.0 0.0 0.0 1.0
chess/seq-02/color/frame-000564.color.png chess/seq-02/color/frame-000567.color.png 0.998704 -0.0492534 0.0128213 -0.0270187 0.0493237 0.998769 -0.00521993 -0.0968581 -0.0125486 0.00584562 0.999904 0.00534087 0.0 0.0 0.0 1.0
chess/seq-02/color/frame-000567.color.png chess/seq-02/color/frame-000570.color.png 0.998428 -0.0523475 0.0200555 -0.0331426 0.0524393 0.998616 -0.00407676 -0.0970271 -0.0198142 0.00512197 0.999791 0.0260907 0.0 0.0 0.0 1.0
chess/seq-02/color/frame-000570.color.png chess/seq-02/color/frame-000573.color.png 0.999018 -0.040605 0.0177266 -0.0215232 0.0409216 0.999002 -0.0178844 -0.069514 -0.0169827 0.0185923 0.999683 0.0361679 0.0 0.0 0.0 1.0
chess/seq-02/color/frame-000573.color.png chess/seq-02/color/frame-000576.color.png 0.998435 -0.0369583 0.0419694 -0.0433568 0.0383718 0.998706 -0.0333889 -0.0939074 -0.0406811 0.0349471 0.998561 0.0586682 0.0 0.0 0.0 1.0
chess/seq-02/color/frame-000576.color.png chess/seq-02/color/frame-000579.color.png 0.998877 -0.0451358 0.0144334 -0.00493813 0.0453123 0.998899 -0.0121451 -0.091961 -0.0138695 0.0127855 0.999822 0.0425885 0.0 0.0 0.0 1.0
chess/seq-02/color/frame-000579.color.png chess/seq-02/color/frame-000582.color.png 0.99922 -0.0306134 0.0249334 -0.0163692 0.0311361 0.999298 -0.020854 -0.0619757 -0.0242773 0.021614 0.999472 0.0538651 0.0 0.0 0.0 1.0
chess/seq-02/color/frame-000582.color.png chess/seq-02/color/frame-000585.color.png 0.999642 -0.0138761 0.0228831 0.0286802 0.014531 0.999482 -0.0287071 -0.0415114 -0.0224729 0.0290293 0.999326 0.0808041 0.0 0.0 0.0 1.0
chess/seq-02/color/frame-000585.color.png chess/seq-02/color/frame-000588.color.png 0.999602 -0.00645288 0.027446 0.013788 0.00689188 0.999849 -0.0159301 -0.019879 -0.027339 0.016113 0.999496 0.076966 0.0 0.0 0.0 1.0
chess/seq-02/color/frame-000588.color.png chess/seq-02/color/frame-000591.color.png 0.999989 -0.00372439 0.00287449 0.0223516 0.00375932 0.999918 -0.012275 -0.00941628 -0.00282854 0.0122856 0.99992 0.0485772 0.0 0.0 0.0 1.0
chess/seq-02/color/frame-000591.color.png chess/seq-02/color/frame-000594.color.png 0.999767 0.00618888 0.0206522 0.0250818 -0.00545852 0.999364 -0.0352306 0.0277788 -0.0208571 0.0351097 0.999166 0.084735 0.0 0.0 0.0 1.0
chess/seq-02/color/frame-000594.color.png chess/seq-02/color/frame-000597.color.png 0.999859 0.00589602 0.0157041 0.00893116 -0.00607768 0.999915 0.0115438 -0.00747693 -0.0156347 -0.0116376 0.99981 0.0155531 0.0 0.0 0.0 1.0
chess/seq-02/color/frame-000597.color.png chess/seq-02/color/frame-000600.color.png 0.999898 0.0114575 0.00853444 0.0321773 -0.0113797 0.999894 -0.0091062 0.0356216 -0.0086378 0.00900818 0.999922 0.0648505 0.0 0.0 0.0 1.0
chess/seq-02/color/frame-000600.color.png chess/seq-02/color/frame-000603.color.png 0.999538 -0.00340969 0.030217 -0.00708902 0.00374141 0.999933 -0.0109255 0.0251182 -0.0301777 0.0110335 0.999484 0.0430411 0.0 0.0 0.0 1.0
chess/seq-02/color/frame-000603.color.png chess/seq-02/color/frame-000606.color.png 0.999996 -0.00204607 0.00180528 0.0228935 0.00201146 0.999818 0.0189833 -0.01636 -0.00184387 -0.0189796 0.999818 0.0355588 0.0 0.0 0.0 1.0
chess/seq-02/color/frame-000606.color.png chess/seq-02/color/frame-000609.color.png 0.999987 -0.00342376 -0.00368712 0.0259167 0.00342213 0.999994 -0.000444933 0.011341 0.00368869 0.000432302 0.999993 0.0479698 0.0 0.0 0.0 1.0
chess/seq-02/color/frame-000609.color.png chess/seq-02/color/frame-000612.color.png 0.999768 -0.00628662 0.0205767 0.006145 0.00695197 0.99945 -0.0324273 0.0424854 -0.0203614 0.0325628 0.999262 0.0815135 0.0 0.0 0.0 1.0
chess/seq-02/color/frame-000612.color.png chess/seq-02/color/frame-000615.color.png 0.999858 -0.00710956 0.015283 0.0119659 0.00701528 0.999956 0.00621334 -0.000321627 -0.0153267 -0.00610525 0.999864 0.0563954 0.0 0.0 0.0 1.0
chess/seq-02/color/frame-000615.color.png chess/seq-02/color/frame-000618.color.png 0.999927 -0.00929186 -0.0077548 0.0127573 0.00929078 0.999957 -0.00017724 0.00390589 0.00775612 0.000105162 0.99997 0.0300291 0.0 0.0 0.0 1.0
chess/seq-02/color/frame-000618.color.png chess/seq-02/color/frame-000621.color.png 0.999903 -0.0126016 0.00586426 0.00229549 0.0126424 0.999896 -0.00696814 0.00665843 -0.00577586 0.0070416 0.999959 0.0396778 0.0 0.0 0.0 1.0
chess/seq-02/color/frame-000621.color.png chess/seq-02/color/frame-000624.color.png 0.999988 -0.00380543 0.00326991 0.0026083 0.00383758 0.999944 -0.0098964 0.0313076 -0.00323203 0.00990888 0.999946 0.0382605 0.0 0.0 0.0 1.0
chess/seq-02/color/frame-000624.color.png chess/seq-02/color/frame-000627.color.png 0.99953 0.0265566 0.0152968 0.0128561 -0.0263588 0.999568 -0.0129938 0.0788578 -0.0156353 0.0125845 0.999799 0.0582013 0.0 0.0 0.0 1.0
chess/seq-02/color/frame-000627.color.png chess/seq-02/color/frame-000630.color.png 0.999779 0.0193393 -0.00825325 0.0227003 -0.0191529 0.999573 0.0220889 0.0275512 0.00867693 -0.0219258 0.999722 -0.00877762 0.0 0.0 0.0 1.0
chess/seq-02/color/frame-000630.color.png chess/seq-02/color/frame-000633.color.png 0.999889 0.0148604 -0.00141592 0.00465941 -0.0148239 0.999625 0.0230253 0.0233478 0.00175759 -0.0230017 0.999734 -0.00947243 0.0 0.0 0.0 1.0
chess/seq-02/color/frame-000633.color.png chess/seq-02/color/frame-000636.color.png 0.999769 0.0213862 -0.00196066 0.0108048 -0.0213298 0.999452 0.0253144 0.0420417 0.00250111 -0.0252667 0.999678 -0.0168835 0.0 0.0 0.0 1.0
chess/seq-02/color/frame-000636.color.png chess/seq-02/color/frame-000639.color.png 0.999756 0.0219795 -0.00213208 -0.000617623 -0.0219681 0.999745 0.00523185 0.0666449 0.00224636 -0.00518374 0.999984 -0.0116453 0.0 0.0 0.0 1.0
chess/seq-02/color/frame-000639.color.png chess/seq-02/color/frame-000642.color.png 0.999743 0.018458 -0.0131404 0.0116254 -0.0180313 0.999329 0.0318857 0.00609964 0.0137201 -0.0316406 0.999405 -0.0292735 0.0 0.0 0.0 1.0
chess/seq-02/color/frame-000642.color.png chess/seq-02/color/frame-000645.color.png 0.999981 0.00574179 -0.00208079 -0.0212334 -0.0056768 0.999536 0.0299249 0.00511855 0.00225173 -0.0299126 0.99955 -0.0310854 0.0 0.0 0.0 1.0
chess/seq-02/color/frame-000645.color.png chess/seq-02/color/frame-000648.color.png 0.999499 0.0311372 -0.00570515 -0.0177413 -0.0310751 0.99946 0.0106953 0.102422 0.00603503 -0.0105127 0.999927 -0.0399105 0.0 0.0 0.0 1.0
chess/seq-02/color/frame-000648.color.png chess/seq-02/color/frame-000651.color.png 0.99981 0.0116161 -0.0156348 -0.0190458 -0.0113877 0.999828 0.0146206 0.0445535 0.015802 -0.0144398 0.999771 -0.0420614 0.0 0.0 0.0 1.0
chess/seq-02/color/frame-000651.color.png chess/seq-02/color/frame-000654.color.png 0.999373 0.0316648 -0.0158312 -0.00721467 -0.031307 0.99926 0.0223593 0.0494266 0.0165276 -0.0218497 0.999625 -0.050802 0.0 0.0 0.0 1.0
chess/seq-02/color/frame-000654.color.png chess/seq-02/color/frame-000657.color.png 0.999923 0.0115609 -0.00454263 -0.0240209 -0.0115069 0.999865 0.0117381 0.0276328 0.00467774 -0.0116849 0.999921 -0.0349895 0.0 0.0 0.0 1.0
chess/seq-02/color/frame-000657.color.png chess/seq-02/color/frame-000660.color.png 0.999727 0.0227369 0.00536009 -0.0245985 -0.0227565 0.999735 0.003613 0.043217 -0.00527657 -0.00373394 0.999979 -0.0215191 0.0 0.0 0.0 1.0
chess/seq-02/color/frame-000660.color.png chess/seq-02/color/frame-000663.color.png 0.999989 0.00451406 -0.00104792 -0.0221528 -0.00448393 0.999623 0.0271011 -0.000731379 0.00116973 -0.0270961 0.999632 -0.0360302 0.0 0.0 0.0 1.0
chess/seq-02/color/frame-000663.color.png chess/seq-02/color/frame-000666.color.png 0.999936 -0.00872174 -0.00714576 -0.0331221 0.00872069 0.999962 -0.00017938 0.00400791 0.00714712 0.000117021 0.999975 -0.0361699 0.0 0.0 0.0 1.0
chess/seq-02/color/frame-000666.color.png chess/seq-02/color/frame-000669.color.png 0.999559 0.00106344 -0.0296872 -0.0121628 -0.000594165 0.999875 0.0158139 -0.00172773 0.0297002 -0.0157893 0.999434 -0.0737669 0.0 0.0 0.0 1.0
chess/seq-02/color/frame-000669.color.png chess/seq-02/color/frame-000672.color.png 0.999499 0.0187259 -0.0255286 -0.00352693 -0.0184067 0.99975 0.0126818 0.00993446 0.0257599 -0.0122056 0.999594 -0.0576779 0.0 0.0 0.0 1.0
chess/seq-02/color/frame-000672.color.png chess/seq-02/color/frame-000675.color.png 0.999698 0.00994413 -0.0224641 -0.00636768 -0.00996425 0.99995 -0.000784563 0.00241402 0.022455 0.00100814 0.999747 -0.0513156 0.0 0.0 0.0 1.0
chess/seq-02/color/frame-000675.color.png chess/seq-02/color/frame-000678.color.png 0.999641 0.0104237 -0.0246743 -0.00146556 -0.0106516 0.999902 -0.00911963 0.00134221 0.0245769 0.00937908 0.999654 -0.0535924 0.0 0.0 0.0 1.0
chess/seq-02/color/frame-000678.color.png chess/seq-02/color/frame-000681.color.png 0.999151 0.0054611 -0.0408454 0.00672609 -0.0049668 0.999913 0.0121911 -0.0392174 0.0409084 -0.0119778 0.999091 -0.0941641 0.0 0.0 0.0 1.0
chess/seq-02/color/frame-000681.color.png chess/seq-02/color/frame-000684.color.png 0.999103 0.00131229 -0.0423186 0.0184256 -0.000674709 0.999886 0.0150772 -0.0385416 0.0423337 -0.0150352 0.99899 -0.0784119 0.0 0.0 0.0 1.0
chess/seq-02/color/frame-000684.color.png chess/seq-02/color/frame-000687.color.png 0.99896 -0.00385018 -0.0454344 0.0214489 0.00545078 0.999367 0.0351577 -0.0662573 0.0452703 -0.0353688 0.998348 -0.0850127 0.0 0.0 0.0 1.0
chess/seq-02/color/frame-000687.color.png chess/seq-02/color/frame-000690.color.png 0.998812 -0.0329392 -0.0359094 0.0164359 0.0337585 0.999178 0.0224521 -0.0817478 0.0351404 -0.0236376 0.999103 -0.0797427 0.0 0.0 0.0 1.0
chess/seq-02/color/frame-000690.color.png chess/seq-02/color/frame-000693.color.png 0.999278 -0.0380047 -0.000286227 -0.00728679 0.0380033 0.99927 -0.00399488 -0.0630346 0.000437837 0.00398117 0.999992 0.000551134 0.0 0.0 0.0 1.0
chess/seq-02/color/frame-000693.color.png chess/seq-02/color/frame-000696.color.png 0.999039 -0.0299591 0.0319835 -0.017825 0.0307957 0.999188 -0.0259929 -0.0285437 -0.0311788 0.0269528 0.99915 0.0356403 0.0 0.0 0.0 1.0
chess/seq-02/color/frame-000696.color.png chess/seq-02/color/frame-000699.color.png 0.998485 -0.000534043 0.0550209 -0.0127633 0.00205246 0.999618 -0.0275441 0.0135015 -0.0549851 0.0276153 0.998105 0.0813507 0.0 0.0 0.0 1.0
chess/seq-02/color/frame-000699.color.png chess/seq-02/color/frame-000702.color.png 0.99764 0.0137517 0.0672775 -0.0370179 -0.0131417 0.999868 -0.00950141 0.019203 -0.0673994 0.00859489 0.997689 0.104214 0.0 0.0 0.0 1.0
chess/seq-02/color/frame-000702.color.png chess/seq-02/color/frame-000705.color.png 0.999319 0.00539271 0.0365138 -0.023017 -0.0050567 0.999944 -0.00928874 0.00620216 -0.0365618 0.00909771 0.99929 0.0672084 0.0 0.0 0.0 1.0
chess/seq-02/color/frame-000705.color.png chess/seq-02/color/frame-000708.color.png 0.999878 0.00496119 0.0148429 -0.0199682 -0.00474745 0.999885 -0.0143983 0.0151264 -0.0149128 0.0143261 0.999786 0.0708314 0.0 0.0 0.0 1.0
chess/seq-02/color/frame-000708.color.png chess/seq-02/color/frame-000711.color.png 0.999965 0.00496573 -0.00671524 -0.00991899 -0.00504567 0.999916 -0.0119381 0.00714707 0.00665549 0.0119715 0.999906 0.0353554 0.0 0.0 0.0 1.0
chess/seq-02/color/frame-000711.color.png chess/seq-02/color/frame-000714.color.png 0.999169 0.0194427 -0.0358359 0.0195459 -0.0194104 0.999811 0.00124955 0.0172785 0.0358534 -0.00055292 0.999357 0.0103419 0.0 0.0 0.0 1.0
chess/seq-02/color/frame-000714.color.png chess/seq-02/color/frame-000717.color.png 0.999663 0.0110627 -0.0234989 0.010893 -0.0108171 0.999886 0.0105497 -0.00737309 0.0236128 -0.010292 0.999668 -0.00888324 0.0 0.0 0.0 1.0
chess/seq-02/color/frame-000717.color.png chess/seq-02/color/frame-000720.color.png 0.998815 0.0377339 -0.0307227 0.0242077 -0.0371959 0.999148 0.0178966 -0.00837439 0.0313719 -0.0167327 0.999368 -0.00708055 0.0 0.0 0.0 1.0
chess/seq-02/color/frame-000720.color.png chess/seq-02/color/frame-000723.color.png 0.998894 0.0459303 -0.0101006 0.0326157 -0.0456123 0.998517 0.0297291 0.00935698 0.0114511 -0.0292354 0.999507 0.0174835 0.0 0.0 0.0 1.0
chess/seq-02/color/frame-000723.color.png chess/seq-02/color/frame-000726.color.png 0.999352 0.0352402 -0.00730137 0.0213768 -0.0350572 0.999101 0.0238443 0.00911361 0.00813506 -0.0235729 0.999689 0.011591 0.0 0.0 0.0 1.0
chess/seq-02/color/frame-000726.color.png chess/seq-02/color/frame-000729.color.png 0.999514 0.0310153 0.00309643 0.0112859 -0.0310408 0.999482 0.00853471 0.0270321 -0.00283002 -0.00862675 0.999959 0.0259526 0.0 0.0 0.0 1.0
chess/seq-02/color/frame-000729.color.png chess/seq-02/color/frame-000732.color.png 0.999709 0.0240993 0.000408114 0.00742298 -0.0240986 0.999709 -0.00147816 0.0229802 -0.000443658 0.00146801 0.999999 0.0163642 0.0 0.0 0.0 1.0
chess/seq-02/color/frame-000732.color.png chess/seq-02/color/frame-000735.color.png 0.999926 -0.00156 -0.0120997 0.00732327 0.00151164 0.999991 -0.0039968 0.000643134 0.0121058 0.00397815 0.999919 0.00292039 0.0 0.0 0.0 1.0
chess/seq-02/color/frame-000735.color.png chess/seq-02/color/frame-000738.color.png 0.999924 0.0106711 0.00616367 -0.00816876 -0.0106975 0.999934 0.00427489 -0.00235838 -0.00611754 -0.00434058 0.999972 0.0144337 0.0 0.0 0.0 1.0
chess/seq-02/color/frame-000738.color.png chess/seq-02/color/frame-000741.color.png 0.999902 -0.0128874 0.00543598 -0.0234609 0.01286 0.999905 0.00503646 -0.0221792 -0.00550053 -0.00496594 0.999972 0.0232573 0.0 0.0 0.0 1.0
chess/seq-02/color/frame-000741.color.png chess/seq-02/color/frame-000744.color.png 0.999792 -0.00685282 0.0192217 -0.03781 0.00708033 0.999905 -0.0117875 0.00304949 -0.019139 0.0119212 0.999746 0.0407485 0.0 0.0 0.0 1.0
chess/seq-02/color/frame-000744.color.png chess/seq-02/color/frame-000747.color.png 0.999772 0.00050647 0.0213289 -0.0415241 -0.000556932 0.999997 0.00235878 -0.00205982 -0.0213277 -0.00237017 0.99977 0.0375013 0.0 0.0 0.0 1.0
chess/seq-02/color/frame-000747.color.png chess/seq-02/color/frame-000750.color.png 0.999639 -0.00952655 0.0251368 -0.0611301 0.00957916 0.999952 -0.00197477 0.00411874 -0.0251167 0.00221484 0.999682 0.0439277 0.0 0.0 0.0 1.0
chess/seq-02/color/frame-000750.color.png chess/seq-02/color/frame-000753.color.png 0.99994 -0.00182228 0.010794 -0.0327028 0.00188268 0.999983 -0.00559539 0.00172561 -0.0107835 0.00561535 0.999926 0.0212395 0.0 0.0 0.0 1.0
chess/seq-02/color/frame-000753.color.png chess/seq-02/color/frame-000756.color.png 0.999976 0.0054719 0.00424453 -0.0300052 -0.00550378 0.999956 0.00754009 0.000911057 -0.00420321 -0.00756321 0.999962 0.0098846 0.0 0.0 0.0 1.0
chess/seq-02/color/frame-000756.color.png chess/seq-02/color/frame-000759.color.png 0.999853 0.0139529 -0.0100149 -0.00919467 -0.0139345 0.999901 0.00188305 0.0157033 0.0100403 -0.00174324 0.999948 1.27554e-05 0.0 0.0 0.0 1.0
chess/seq-02/color/frame-000759.color.png chess/seq-02/color/frame-000762.color.png 0.999103 0.0170805 -0.0387449 0.0292473 -0.0172107 0.999847 -0.00302804 0.0236506 0.0386873 0.0036921 0.999245 -0.0261657 0.0 0.0 0.0 1.0
chess/seq-02/color/frame-000762.color.png chess/seq-02/color/frame-000765.color.png 0.999219 0.0313819 -0.0240194 0.0177253 -0.0315743 0.999472 -0.00767523 0.0364624 0.0237658 0.00842764 0.999682 -0.00580436 0.0 0.0 0.0 1.0
chess/seq-02/color/frame-000765.color.png chess/seq-02/color/frame-000768.color.png 0.999851 0.0166722 -0.00436921 -0.00301224 -0.0166828 0.999858 -0.00238826 0.0203391 0.00432884 0.00246076 0.999987 0.000461221 0.0 0.0 0.0 1.0
chess/seq-02/color/frame-000768.color.png chess/seq-02/color/frame-000771.color.png 0.99989 0.012935 -0.00727759 -0.00403959 -0.0129813 0.999896 -0.00636377 0.0195042 0.00719457 0.00645753 0.999953 0.00351626 0.0 0.0 0.0 1.0
chess/seq-02/color/frame-000771.color.png chess/seq-02/color/frame-000774.color.png 0.999965 0.00830919 0.000636895 -0.010615 -0.00831048 0.999964 0.0019399 0.0071159 -0.000620826 -0.00194513 0.999998 0.00361562 0.0 0.0 0.0 1.0
chess/seq-02/color/frame-000774.color.png chess/seq-02/color/frame-000777.color.png 0.999931 0.0117893 0.000435752 -0.0100706 -0.0117898 0.99993 0.00137767 0.00984251 -0.000419435 -0.00138273 0.999999 0.00202256 0.0 0.0 0.0 1.0
chess/seq-02/color/frame-000777.color.png chess/seq-02/color/frame-000780.color.png 0.999884 0.0132542 -0.00751192 0.00122124 -0.0132835 0.999904 -0.00386105 0.0166789 0.00745997 0.00396041 0.999964 0.00338489 0.0 0.0 0.0 1.0
chess/seq-02/color/frame-000780.color.png chess/seq-02/color/frame-000783.color.png 0.999736 0.0195344 -0.0121352 0.00768656 -0.0195688 0.999805 -0.00271725 0.0206491 0.0120797 0.00295398 0.999923 -0.00239515 0.0 0.0 0.0 1.0
chess/seq-02/color/frame-000783.color.png chess/seq-02/color/frame-000786.color.png 0.999915 0.0104289 -0.00780356 2.60472e-05 -0.0104353 0.999945 -0.00077642 0.011932 0.00779515 0.000857803 0.999969 -0.000837982 0.0 0.0 0.0 1.0
chess/seq-02/color/frame-000786.color.png chess/seq-02/color/frame-000789.color.png 0.999912 0.00907456 -0.00965776 -0.000388622 -0.0090295 0.999948 0.00470836 0.00323445 0.00969989 -0.00462075 0.999942 -0.00719196 0.0 0.0 0.0 1.0
chess/seq-02/color/frame-000789.color.png chess/seq-02/color/frame-000792.color.png 0.999848 0.010799 -0.0137025 0.00639474 -0.0107881 0.999942 0.000870487 0.00866902 0.0137111 -0.00072252 0.999906 -0.00673193 0.0 0.0 0.0 1.0
chess/seq-02/color/frame-000792.color.png chess/seq-02/color/frame-000795.color.png 0.999728 0.0143522 -0.0183785 0.014572 -0.0144104 0.999892 -0.00303997 0.0145893 0.018333 0.00330402 0.999827 -0.0068621 0.0 0.0 0.0 1.0
chess/seq-02/color/frame-000795.color.png chess/seq-02/color/frame-000798.color.png 0.999726 0.0131131 -0.0194112 0.0164489 -0.0131968 0.999904 -0.00418374 0.0152037 0.0193544 0.00443874 0.999803 -0.00722909 0.0 0.0 0.0 1.0
chess/seq-02/color/frame-000798.color.png chess/seq-02/color/frame-000801.color.png 0.999697 0.0182622 -0.0165101 0.0164559 -0.018518 0.999709 -0.0154734 0.0281334 0.0162227 0.0157744 0.999744 -0.00211471 0.0 0.0 0.0 1.0
chess/seq-02/color/frame-000801.color.png chess/seq-02/color/frame-000804.color.png 0.999475 0.021616 -0.0241481 0.0267903 -0.021983 0.999645 -0.0150419 0.0297955 0.0238145 0.0155649 0.999595 -0.00416344 0.0 0.0 0.0 1.0
chess/seq-02/color/frame-000804.color.png chess/seq-02/color/frame-000807.color.png 0.999536 0.0143729 -0.0268475 0.029574 -0.0145455 0.999875 -0.00624187 0.0169333 0.0267544 0.00662949 0.99962 -0.00810057 0.0 0.0 0.0 1.0
chess/seq-02/color/frame-000807.color.png chess/seq-02/color/frame-000810.color.png 0.999935 0.00786949 -0.00827457 0.0104899 -0.00792665 0.999945 -0.00690058 0.0139305 0.00821975 0.00696567 0.999942 0.00519365 0.0 0.0 0.0 1.0
chess/seq-02/color/frame-000810.color.png chess/seq-02/color/frame-000813.color.png 0.999779 0.0174578 -0.0117065 0.0151659 -0.0174951 0.999842 -0.00308318 0.0128955 0.0116509 0.00328735 0.999927 -0.000861943 0.0 0.0 0.0 1.0
chess/seq-02/color/frame-000813.color.png chess/seq-02/color/frame-000816.color.png 0.999873 0.0122347 -0.0102599 0.0131149 -0.0122631 0.999921 -0.00273158 0.00959444 0.0102257 0.00285702 0.999944 0.00284761 0.0 0.0 0.0 1.0
chess/seq-02/color/frame-000816.color.png chess/seq-02/color/frame-000819.color.png 0.999995 0.00074675 -0.00314408 0.00125617 -0.000758819 0.999992 -0.00376565 0.00578588 0.00314119 0.0037679 0.999988 0.00673234 0.0 0.0 0.0 1.0
chess/seq-02/color/frame-000819.color.png chess/seq-02/color/frame-000822.color.png 0.999974 0.00100705 -0.00708379 0.00501001 -0.00106464 0.999966 -0.00813631 0.00772285 0.00707537 0.00814368 0.999942 0.00721782 0.0 0.0 0.0 1.0
chess/seq-02/color/frame-000822.color.png chess/seq-02/color/frame-000825.color.png 0.999991 -0.00200678 0.00369166 -0.0199388 0.00201428 0.999996 -0.00204945 0.00323683 -0.00368751 0.00205687 0.999991 0.0124156 0.0 0.0 0.0 1.0
chess/seq-02/color/frame-000825.color.png chess/seq-02/color/frame-000828.color.png 0.999967 -0.00152488 -0.00797052 0.00321186 0.00152199 0.999999 -0.000378149 -0.00116652 0.00797102 0.000365914 0.999968 0.000863194 0.0 0.0 0.0 1.0
chess/seq-02/color/frame-000828.color.png chess/seq-02/color/frame-000831.color.png 0.999853 0.00237971 -0.0169679 0.017449 -0.00233579 0.999994 0.00260845 -0.00118095 0.016974 -0.00256835 0.999853 0.000169277 0.0 0.0 0.0 1.0
chess/seq-02/color/frame-000831.color.png chess/seq-02/color/frame-000834.color.png 0.99992 0.00325431 -0.0122238 0.0109334 -0.00334414 0.999967 -0.00733147 0.0115412 0.0121997 0.00737188 0.999898 0.000946999 0.0 0.0 0.0 1.0
chess/seq-02/color/frame-000834.color.png chess/seq-02/color/frame-000837.color.png 0.999924 0.00402992 -0.0116336 0.0116886 -0.00403904 0.999992 -0.00076481 -0.000581563 0.0116304 0.000811631 0.999932 0.000526309 0.0 0.0 0.0 1.0
chess/seq-02/color/frame-000837.color.png chess/seq-02/color/frame-000840.color.png 0.999945 -0.00393536 -0.00966586 0.00694001 0.00396272 0.999988 0.00280514 -0.00390023 0.00965474 -0.00284322 0.999949 -0.00208914 0.0 0.0 0.0 1.0
chess/seq-02/color/frame-000840.color.png chess/seq-02/color/frame-000843.color.png 0.999872 0.00188993 -0.0159061 0.014917 -0.00197136 0.999985 -0.00510862 0.00387466 0.0158963 0.00513937 0.99986 -0.000674129 0.0 0.0 0.0 1.0
chess/seq-02/color/frame-000843.color.png chess/seq-02/color/frame-000846.color.png 0.999889 -0.00339058 -0.0145381 0.0118641 0.00326493 0.999957 -0.00865222 0.00710219 0.0145668 0.00860384 0.999857 0.00105131 0.0 0.0 0.0 1.0
chess/seq-02/color/frame-000846.color.png chess/seq-02/color/frame-000849.color.png 0.999994 -0.0016245 -0.00305464 -0.000151515 0.00161669 0.999995 -0.00254482 0.00313181 0.00305866 0.00253978 0.999992 0.00532794 0.0 0.0 0.0 1.0
chess/seq-02/color/frame-000849.color.png chess/seq-02/color/frame-000852.color.png 0.999984 -0.00533038 -0.00193448 -0.00485188 0.00531767 0.999964 -0.00655328 0.00310534 0.00196947 0.00654297 0.999977 0.00735021 0.0 0.0 0.0 1.0
chess/seq-02/color/frame-000852.color.png chess/seq-02/color/frame-000855.color.png 0.999901 -0.0140943 0.000108644 -0.0104819 0.0140936 0.999888 0.00499097 -0.0127294 -0.000179083 -0.00498908 0.999988 0.00456393 0.0 0.0 0.0 1.0
chess/seq-02/color/frame-000855.color.png chess/seq-02/color/frame-000858.color.png 0.999913 -0.0122163 0.00494698 -0.0120991 0.0121862 0.999907 0.0060763 -0.0138869 -0.00502071 -0.00601543 0.999969 0.00410163 0.0 0.0 0.0 1.0
chess/seq-02/color/frame-000858.color.png chess/seq-02/color/frame-000861.color.png 0.999763 -0.0156084 0.0151513 -0.026451 0.0155308 0.999866 0.00522227 -0.0130695 -0.0152308 -0.00498568 0.999871 0.0106871 0.0 0.0 0.0 1.0
chess/seq-02/color/frame-000861.color.png chess/seq-02/color/frame-000864.color.png 0.99928 -0.0257444 0.0278831 -0.0423007 0.025626 0.999661 0.00459378 -0.0193408 -0.0279919 -0.00387606 0.999601 0.0168167 0.0 0.0 0.0 1.0
chess/seq-02/color/frame-000864.color.png chess/seq-02/color/frame-000867.color.png 0.998993 -0.0334091 0.029949 -0.0485517 0.0332431 0.999429 0.0060247 -0.024727 -0.0301332 -0.00502298 0.999533 0.016377 0.0 0.0 0.0 1.0
chess/seq-02/color/frame-000867.color.png chess/seq-02/color/frame-000870.color.png 0.998867 -0.0317948 0.0354019 -0.050465 0.0317376 0.999494 0.00217469 -0.0218004 -0.0354531 -0.0010487 0.999371 0.0230974 0.0 0.0 0.0 1.0
chess/seq-02/color/frame-000870.color.png chess/seq-02/color/frame-000873.color.png 0.999686 -0.0144004 0.0205302 -0.0272537 0.0144068 0.999896 -0.000162486 -0.00817895 -0.0205257 0.000458188 0.999789 0.0128344 0.0 0.0 0.0 1.0
chess/seq-02/color/frame-000873.color.png chess/seq-02/color/frame-000876.color.png 0.999577 -0.016055 0.0242508 -0.031299 0.0158614 0.999841 0.00816141 -0.0183167 -0.0243779 -0.00777321 0.999673 0.00935757 0.0 0.0 0.0 1.0
chess/seq-02/color/frame-000876.color.png chess/seq-02/color/frame-000879.color.png 0.999547 -0.0111222 0.0279585 -0.0325904 0.0111409 0.999938 -0.000521673 -0.00663018 -0.027951 0.000832897 0.999609 0.0161202 0.0 0.0 0.0 1.0
chess/seq-02/color/frame-000879.color.png chess/seq-02/color/frame-000882.color.png 0.999483 -0.0155057 0.0281817 -0.0358754 0.0153235 0.99986 0.00667098 -0.0150977 -0.0282811 -0.00623574 0.999581 0.0113291 0.0 0.0 0.0 1.0
chess/seq-02/color/frame-000882.color.png chess/seq-02/color/frame-000885.color.png 0.999659 -0.0147068 0.0215704 -0.0241255 0.0145629 0.999871 0.00681812 -0.0169708 -0.021668 -0.00650163 0.999744 0.00849104 0.0 0.0 0.0 1.0
chess/seq-02/color/frame-000885.color.png chess/seq-02/color/frame-000888.color.png 0.999203 -0.0232969 0.0323981 -0.0407879 0.0229093 0.999662 0.01228 -0.0257787 -0.0326731 -0.011528 0.9994 0.0102419 0.0 0.0 0.0 1.0
chess/seq-02/color/frame-000888.color.png chess/seq-02/color/frame-000891.color.png 0.999696 -0.0141338 0.0201857 -0.0246249 0.0138171 0.999781 0.0157385 -0.0258087 -0.0204038 -0.0154548 0.999672 0.000160933 0.0 0.0 0.0 1.0
chess/seq-02/color/frame-000891.color.png chess/seq-02/color/frame-000894.color.png 0.999796 -0.00929436 0.0179393 -0.0165177 0.00918278 0.999938 0.00629393 -0.0126364 -0.0179967 -0.00612788 0.999819 0.00504005 0.0 0.0 0.0 1.0
chess/seq-02/color/frame-000894.color.png chess/seq-02/color/frame-000897.color.png 0.999746 -0.0124196 0.0188196 -0.0234178 0.0122622 0.999889 0.00845509 -0.0171449 -0.0189226 -0.00822217 0.999787 0.00511718 0.0 0.0 0.0 1.0
chess/seq-02/color/frame-000897.color.png chess/seq-02/color/frame-000900.color.png 0.999898 -0.00943999 0.0106789 -0.00850749 0.00934644 0.999918 0.00878322 -0.0171624 -0.0107609 -0.00868252 0.999904 -0.000456333 0.0 0.0 0.0 1.0
chess/seq-02/color/frame-000900.color.png chess/seq-02/color/frame-000903.color.png 0.999981 -0.00497752 0.00361507 0.0021221 0.00496579 0.999982 0.00323661 -0.0105894 -0.00363103 -0.0032186 0.999988 -0.00346303 0.0 0.0 0.0 1.0
chess/seq-02/color/frame-000903.color.png chess/seq-02/color/frame-000906.color.png 0.999963 -0.00377154 0.0077086 0.0014497 0.0037635 0.999992 0.00104607 -0.0102403 -0.00771256 -0.00101703 0.99997 -0.00532067 0.0 0.0 0.0 1.0
chess/seq-02/color/frame-000906.color.png chess/seq-02/color/frame-000909.color.png 0.999969 -0.00770326 0.00193576 0.00258493 0.00769766 0.999966 0.00289213 -0.0101628 -0.00195798 -0.00287709 0.999994 -0.00529838 0.0 0.0 0.0 1.0
chess/seq-02/color/frame-000909.color.png chess/seq-02/color/frame-000912.color.png 0.999986 -0.00348345 0.00398059 0.00307631 0.00349689 0.999988 -0.00337333 -0.00365704 -0.00396873 0.00338715 0.999986 -0.00228786 0.0 0.0 0.0 1.0
chess/seq-02/color/frame-000912.color.png chess/seq-02/color/frame-000915.color.png 0.999957 -0.00918689 0.00138216 0.00432879 0.0091924 0.99995 -0.00406695 -0.00414008 -0.00134481 0.00407947 0.999991 -0.00476098 0.0 0.0 0.0 1.0
chess/seq-02/color/frame-000915.color.png chess/seq-02/color/frame-000918.color.png 0.999993 -0.00377176 0.000565583 0.00918663 0.0037748 0.999978 -0.00539419 0.00236642 -0.000545108 0.0053963 0.999985 -0.00599802 0.0 0.0 0.0 1.0
chess/seq-02/color/frame-000918.color.png chess/seq-02/color/frame-000921.color.png 0.999998 -0.00183479 6.47407e-05 0.00772721 0.00183471 0.999998 0.000593159 -0.000614226 -6.59179e-05 -0.000593024 1.0 -0.00631678 0.0 0.0 0.0 1.0
chess/seq-02/color/frame-000921.color.png chess/seq-02/color/frame-000924.color.png 0.999925 -0.00700296 -0.0100865 0.0213054 0.00695886 0.999966 -0.00439939 -0.0014655 0.010117 0.00432884 0.99994 -0.0158006 0.0 0.0 0.0 1.0
chess/seq-02/color/frame-000924.color.png chess/seq-02/color/frame-000927.color.png 0.999961 -0.00335454 -0.00817824 0.016611 0.00327472 0.999947 -0.00977926 0.00738007 0.0082106 0.00975218 0.999919 -0.00935459 0.0 0.0 0.0 1.0
chess/seq-02/color/frame-000927.color.png chess/seq-02/color/frame-000930.color.png 0.999971 -6.65855e-05 -0.00755941 0.0190802 2.46004e-05 0.999985 -0.00553579 0.00489444 0.00755964 0.00553537 0.999956 -0.0133017 0.0 0.0 0.0 1.0
chess/seq-02/color/frame-000930.color.png chess/seq-02/color/frame-000933.color.png 0.99997 0.000468225 -0.00771009 0.0226811 -0.000529355 0.999968 -0.00793233 0.00604314 0.00770627 0.00793615 0.999939 -0.0117881 0.0 0.0 0.0 1.0
chess/seq-02/color/frame-000933.color.png chess/seq-02/color/frame-000936.color.png 0.999994 -0.00137316 -0.00309459 0.0194463 0.00134609 0.999961 -0.00873789 0.00752664 0.0031064 0.00873366 0.999957 -0.00713676 0.0 0.0 0.0 1.0
chess/seq-02/color/frame-000936.color.png chess/seq-02/color/frame-000939.color.png 0.999994 -0.00283462 -0.00210667 0.0162321 0.00282377 0.999983 -0.00509953 0.00246215 0.00212102 0.00509358 0.999985 -0.00788289 0.0 0.0 0.0 1.0
chess/seq-02/color/frame-000939.color.png chess/seq-02/color/frame-000942.color.png 0.999987 -0.00427242 0.0029024 0.0114135 0.00428541 0.999981 -0.00445905 0.000780404 -0.00288327 0.00447141 0.999986 -0.00823379 0.0 0.0 0.0 1.0
chess/seq-02/color/frame-000942.color.png chess/seq-02/color/frame-000945.color.png 0.999986 -0.0048452 -0.00199058 0.0143869 0.00483266 0.999969 -0.00621597 -0.000912309 0.00202045 0.00620625 0.999979 -0.00866884 0.0 0.0 0.0 1.0
chess/seq-02/color/frame-000945.color.png chess/seq-02/color/frame-000948.color.png 0.999999 -0.000885588 -0.000816797 0.0115108 0.000881441 0.999987 -0.00498571 0.00354505 0.000821171 0.00498504 0.999987 -0.00704938 0.0 0.0 0.0 1.0
chess/seq-02/color/frame-000948.color.png chess/seq-02/color/frame-000951.color.png 0.999989 -0.00445368 0.00114838 0.008174 0.0044526 0.99999 0.00102083 -0.00360215 -0.00115285 -0.00101572 0.999999 -0.00858748 0.0 0.0 0.0 1.0
chess/seq-02/color/frame-000951.color.png chess/seq-02/color/frame-000954.color.png 0.999998 0.00208109 -0.000717556 0.0126006 -0.00207841 0.999991 0.00377789 -0.00315738 0.00072554 -0.0037764 0.999993 -0.0141004 0.0 0.0 0.0 1.0
chess/seq-02/color/frame-000954.color.png chess/seq-02/color/frame-000957.color.png 0.999971 -0.00165795 -0.0074044 0.0199412 0.00168583 0.999992 0.00375327 -0.00708371 0.00739811 -0.00376562 0.999966 -0.0255786 0.0 0.0 0.0 1.0
chess/seq-02/color/frame-000957.color.png chess/seq-02/color/frame-000960.color.png 0.999981 -0.00474997 -0.00397772 0.0160566 0.00476575 0.999981 0.00397343 -0.0101748 0.00395881 -0.0039923 0.999984 -0.018775 0.0 0.0 0.0 1.0
chess/seq-02/color/frame-000960.color.png chess/seq-02/color/frame-000963.color.png 0.999994 0.00328172 -0.000606876 0.0124624 -0.00328018 0.999991 0.00251865 -0.00595814 0.000615144 -0.00251667 0.999997 -0.01504 0.0 0.0 0.0 1.0
chess/seq-02/color/frame-000963.color.png chess/seq-02/color/frame-000966.color.png 0.999928 -0.0113622 -0.00387107 0.0159242 0.0113299 0.999902 -0.00824424 -0.00392944 0.00396425 0.00819976 0.999959 -0.0126286 0.0 0.0 0.0 1.0
chess/seq-02/color/frame-000966.color.png chess/seq-02/color/frame-000969.color.png 0.999984 -0.00287869 -0.00495983 0.0168335 0.00290675 0.99998 0.00564374 -0.00934136 0.00494354 -0.00565798 0.999972 -0.0158202 0.0 0.0 0.0 1.0
chess/seq-02/color/frame-000969.color.png chess/seq-02/color/frame-000972.color.png 0.999981 -0.00386211 -0.00477379 0.0177485 0.00381565 0.999946 -0.00968952 0.0024879 0.0048109 0.00967115 0.999942 -0.00822246 0.0 0.0 0.0 1.0
chess/seq-02/color/frame-000972.color.png chess/seq-02/color/frame-000975.color.png 0.999998 -0.000180496 -0.0019895 0.0187414 0.000172507 0.999992 -0.00405718 0.00134653 0.00199027 0.00405678 0.99999 -0.00582623 0.0 0.0 0.0 1.0
chess/seq-02/color/frame-000975.color.png chess/seq-02/color/frame-000978.color.png 0.999992 -0.002297 -0.00315624 0.0215376 0.00228345 0.999988 -0.00428912 0.00274962 0.00316611 0.00428186 0.999986 -0.00927991 0.0 0.0 0.0 1.0
chess/seq-02/color/frame-000978.color.png chess/seq-02/color/frame-000981.color.png 0.999986 -0.00197864 -0.00484433 0.0233852 0.00196348 0.999993 -0.00311223 -0.00142378 0.00485043 0.00310271 0.999983 -0.0108325 0.0 0.0 0.0 1.0
chess/seq-02/color/frame-000981.color.png chess/seq-02/color/frame-000984.color.png 0.999956 0.0060964 0.00716719 0.0157375 -0.00607692 0.999978 -0.00271921 0.00506169 -0.00718361 0.00267553 0.999971 0.00290436 0.0 0.0 0.0 1.0
chess/seq-02/color/frame-000984.color.png chess/seq-02/color/frame-000987.color.png 0.999657 0.00811827 0.0248908 -0.00624716 -0.00868824 0.999701 0.022873 -0.017877 -0.0246977 -0.0230815 0.999428 -0.00190169 0.0 0.0 0.0 1.0
chess/seq-02/color/frame-000987.color.png chess/seq-02/color/frame-000990.color.png 0.999973 -0.00710061 0.0017862 0.0031985 0.00705801 0.999714 0.0228633 -0.0411159 -0.00194807 -0.0228501 0.999737 -0.018496 0.0 0.0 0.0 1.0
chess/seq-02/color/frame-000990.color.png chess/seq-02/color/frame-000993.color.png 0.999812 -0.0194008 -0.000197942 -0.00656009 0.0194007 0.999591 0.0209893 -0.0439363 -0.000209186 -0.0209892 0.99978 -0.0207692 0.0 0.0 0.0 1.0
chess/seq-02/color/frame-000993.color.png chess/seq-02/color/frame-000996.color.png 0.999884 -0.0152283 0.000733836 -0.0053407 0.0152337 0.999851 -0.00812791 -0.0204303 -0.000610124 0.0081382 0.999967 -0.00378299 0.0 0.0 0.0 1.0
chess/seq-02/color/frame-000996.color.png chess/seq-02/color/frame-000999.color.png 0.999758 -0.0215512 0.00434363 -0.00796425 0.0214958 0.999692 0.0124008 -0.0429997 -0.00460952 -0.0123045 0.999914 -0.0146797 0.0 0.0 0.0 1.0
