chess/seq-06/color/frame-000002.color.png chess/seq-06/color/frame-000005.color.png 0.999991 0.00135567 -0.0039724 0.00336455 -0.00133451 0.999985 0.00532674 2.81086e-05 0.00397956 -0.00532139 0.999978 0.00994196 0.0 0.0 0.0 1.0
chess/seq-06/color/frame-000005.color.png chess/seq-06/color/frame-000008.color.png 0.99998 0.00358916 -0.0051727 0.00805338 -0.00356707 0.999985 0.00427354 0.00157555 0.00518796 -0.00425501 0.999977 0.00676223 0.0 0.0 0.0 1.0
chess/seq-06/color/frame-000008.color.png chess/seq-06/color/frame-000011.color.png 1.0 0.000634391 0.0006249 0.00267861 -0.000639656 0.999964 0.00846307 -0.00120282 -0.000619509 -0.00846347 0.999964 0.0155632 0.0 0.0 0.0 1.0
chess/seq-06/color/frame-000011.color.png chess/seq-06/color/frame-000014.color.png 0.99999 -0.000986337 -0.00443465 0.00703528 0.00101525 0.999978 0.00652248 -0.00222292 0.00442812 -0.00652692 0.999969 0.0183676 0.0 0.0 0.0 1.0
chess/seq-06/color/frame-000014.color.png chess/seq-06/color/frame-000017.color.png 0.999999 0.000368078 0.000993095 0.00364377 -0.000371209 0.999995 0.00315555 -0.00738984 -0.000991927 -0.00315592 0.999994 0.0259073 0.0 0.0 0.0 1.0
chess/seq-06/color/frame-000017.color.png chess/seq-06/color/frame-000020.color.png 0.999995 0.00178594 0.00243678 0.00693408 -0.00177686 0.999991 -0.00372248 -0.00149212 -0.00244341 0.00371813 0.99999 0.0277966 0.0 0.0 0.0 1.0
chess/seq-06/color/frame-000020.color.png chess/seq-06/color/frame-000023.color.png 0.999993 -0.00377192 -0.000845724 -0.000552118 0.00377498 0.999986 0.00364908 -0.00426561 0.000831947 -0.00365225 0.999993 0.0385966 0.0 0.0 0.0 1.0
chess/seq-06/color/frame-000023.color.png chess/seq-06/color/frame-000026.color.png 0.999995 1.73326e-05 0.00321335 -0.00290045 -4.45593e-05 0.999964 0.00847286 -0.0331782 -0.00321308 -0.00847295 0.999959 0.0629011 0.0 0.0 0.0 1.0
chess/seq-06/color/frame-000026.color.png chess/seq-06/color/frame-000029.color.png 0.999995 0.00269515 0.001543 -0.00549347 -0.00268315 0.999967 -0.00772808 -0.00745246 -0.00156378 0.00772389 0.999969 0.0539541 0.0 0.0 0.0 1.0
chess/seq-06/color/frame-000029.color.png chess/seq-06/color/frame-000032.color.png 0.999986 0.00406925 -0.00338269 -0.00439178 -0.00409206 0.999969 -0.00676472 -0.00473695 0.00335506 0.00677847 0.999971 0.0621365 0.0 0.0 0.0 1.0
chess/seq-06/color/frame-000032.color.png chess/seq-06/color/frame-000035.color.png 0.999983 0.00275433 -0.00503251 -0.00891067 -0.00275116 0.999996 0.00063708 -0.0160539 0.00503425 -0.000623228 0.999987 0.0603316 0.0 0.0 0.0 1.0
chess/seq-06/color/frame-000035.color.png chess/seq-06/color/frame-000038.color.png 0.999784 0.0154264 -0.0139514 0.00276952 -0.0152333 0.999788 0.0138416 -0.0192858 0.0141619 -0.0136261 0.999807 0.077273 0.0 0.0 0.0 1.0
chess/seq-06/color/frame-000038.color.png chess/seq-06/color/frame-000041.color.png 0.999863 -0.00199213 -0.0164273 0.00276121 0.00216363 0.999943 0.0104285 -0.0115505 0.0164056 -0.0104626 0.999811 0.0550963 0.0 0.0 0.0 1.0
chess/seq-06/color/frame-000041.color.png chess/seq-06/color/frame-000044.color.png 0.999937 0.00614563 -0.00934655 0.00557025 -0.00600767 0.999874 0.0147174 -0.0177164 0.00943582 -0.0146604 0.999848 0.0635845 0.0 0.0 0.0 1.0
chess/seq-06/color/frame-000044.color.png chess/seq-06/color/frame-000047.color.png 0.999923 0.00152566 -0.0123489 0.012544 -0.00146953 0.999988 0.00455414 -0.00827651 0.0123557 -0.00453564 0.999913 0.0529901 0.0 0.0 0.0 1.0
chess/seq-06/color/frame-000047.color.png chess/seq-06/color/frame-000050.color.png 0.999917 -0.00121964 -0.0128133 0.0138868 0.00124348 0.999998 0.00185226 -0.0174703 0.0128111 -0.00186805 0.999916 0.0559517 0.0 0.0 0.0 1.0
chess/seq-06/color/frame-000050.color.png chess/seq-06/color/frame-000053.color.png 0.999986 0.00238616 -0.00463906 0.00428894 -0.00237972 0.999996 0.00139389 -0.0239832 0.00464237 -0.00138284 0.999988 0.0586748 0.0 0.0 0.0 1.0
chess/seq-06/color/frame-000053.color.png chess/seq-06/color/frame-000056.color.png 0.999848 -0.00238569 -0.017282 0.0177885 0.00246772 0.999986 0.00472619 -0.0201222 0.0172705 -0.00476809 0.99984 0.0630164 0.0 0.0 0.0 1.0
chess/seq-06/color/frame-000056.color.png chess/seq-06/color/frame-000059.color.png 0.999827 -0.00371847 -0.018209 0.0222078 0.00376917 0.999989 0.00275057 -0.0116623 0.0181986 -0.00281876 0.99983 0.0626868 0.0 0.0 0.0 1.0
chess/seq-06/color/frame-000059.color.png chess/seq-06/color/frame-000062.color.png 0.999951 0.00367561 -0.00920055 0.0148365 -0.00357651 0.999936 0.0107652 -0.0154381 0.00923953 -0.0107318 0.9999 0.0598198 0.0 0.0 0.0 1.0
chess/seq-06/color/frame-000062.color.png chess/seq-06/color/frame-000065.color.png 0.999969 0.00602621 -0.00501962 0.0104045 -0.00593231 0.999811 0.0185153 -0.0281995 0.00513025 -0.0184849 0.999816 0.0581898 0.0 0.0 0.0 1.0
chess/seq-06/color/frame-000065.color.png chess/seq-06/color/frame-000068.color.png 0.999954 0.00164565 -0.00948814 0.00633045 -0.00158912 0.999981 0.00596203 -0.0126313 0.0094978 -0.00594669 0.999937 0.0550156 0.0 0.0 0.0 1.0
chess/seq-06/color/frame-000068.color.png chess/seq-06/color/frame-000071.color.png 0.999977 -0.000325314 -0.00684558 0.00209119 0.000367008 0.999981 0.00609114 -0.0178765 0.00684348 -0.00609349 0.999958 0.0505918 0.0 0.0 0.0 1.0
chess/seq-06/color/frame-000071.color.png chess/seq-06/color/frame-000074.color.png 0.999991 0.00415143 -0.000452398 -0.0019615 -0.00415096 0.999991 0.00101412 -0.00902887 0.000456597 -0.00101223 0.999999 0.0530006 0.0 0.0 0.0 1.0
chess/seq-06/color/frame-000074.color.png chess/seq-06/color/frame-000077.color.png 0.999941 -0.00516093 0.0095513 -0.016709 0.00523238 0.999958 -0.0074702 -0.00909898 -0.00951236 0.00751973 0.999926 0.0551964 0.0 0.0 0.0 1.0
chess/seq-06/color/frame-000077.color.png chess/seq-06/color/frame-000080.color.png 0.999919 -0.00708792 0.0105841 -0.019488 0.00716539 0.999948 -0.00729957 -0.0132223 -0.0105318 0.00737484 0.999917 0.0560271 0.0 0.0 0.0 1.0
chess/seq-06/color/frame-000080.color.png chess/seq-06/color/frame-000083.color.png 0.999951 0.00578897 0.00799883 -0.0109478 -0.00571064 0.999936 -0.00978074 0.0149483 -0.00805493 0.0097346 0.99992 0.0514315 0.0 0.0 0.0 1.0
chess/seq-06/color/frame-000083.color.png chess/seq-06/color/frame-000086.color.png 0.999959 -0.000180626 -0.00902085 0.00732455 0.000111332 0.999971 -0.00768093 0.00488946 0.00902197 0.0076796 0.99993 0.0482655 0.0 0.0 0.0 1.0
chess/seq-06/color/frame-000086.color.png chess/seq-06/color/frame-000089.color.png 0.999907 0.00953373 -0.00973247 0.0137853 -0.00945018 0.999918 0.00859509 -0.0202481 0.0098136 -0.0085023 0.999916 0.0424989 0.0 0.0 0.0 1.0
chess/seq-06/color/frame-000089.color.png chess/seq-06/color/frame-000092.color.png 0.999891 -0.00479398 -0.0139859 0.0120258 0.00482564 0.999986 0.00222994 -0.00470221 0.013975 -0.0022972 0.9999 0.0446392 0.0 0.0 0.0 1.0
chess/seq-06/color/frame-000092.color.png chess/seq-06/color/frame-000095.color.png 0.999916 0.0129435 0.000486842 0.000112385 -0.0129398 0.999893 -0.00685849 0.00602508 -0.000575546 0.00685162 0.999976 0.0445441 0.0 0.0 0.0 1.0
chess/seq-06/color/frame-000095.color.png chess/seq-06/color/frame-000098.color.png 0.999867 0.00128907 -0.0162484 0.0325713 -0.00140533 0.999974 -0.00714618 0.00253335 0.0162387 0.00716806 0.999842 0.0386626 0.0 0.0 0.0 1.0
chess/seq-06/color/frame-000098.color.png chess/seq-06/color/frame-000101.color.png 0.999961 0.000490571 -0.00881747 0.0229436 -0.000542718 0.999982 -0.00591137 0.00402468 0.00881444 0.00591592 0.999944 0.0375528 0.0 0.0 0.0 1.0
chess/seq-06/color/frame-000101.color.png chess/seq-06/color/frame-000104.color.png 0.999982 0.00457178 0.00386814 -8.01608e-05 -0.00456783 0.999989 -0.00102726 -0.00704685 -0.00387279 0.00100959 0.999992 0.0442595 0.0 0.0 0.0 1.0
chess/seq-06/color/frame-000104.color.png chess/seq-06/color/frame-000107.color.png 0.999929 0.0110635 -0.0044234 0.0220401 -0.011072 0.999937 -0.00190284 -0.00583413 0.00440207 0.00195165 0.999988 0.0503778 0.0 0.0 0.0 1.0
chess/seq-06/color/frame-000107.color.png chess/seq-06/color/frame-000110.color.png 0.999965 -0.00105483 -0.00833932 0.0171345 0.000957084 0.999931 -0.0117185 0.0230831 0.0083511 0.0117101 0.999897 0.0374939 0.0 0.0 0.0 1.0
chess/seq-06/color/frame-000110.color.png chess/seq-06/color/frame-000113.color.png 0.999783 0.0138512 -0.0155883 0.0339579 -0.014029 0.999837 -0.0113576 0.0124365 0.0154284 0.0115738 0.999814 0.0432713 0.0 0.0 0.0 1.0
chess/seq-06/color/frame-000113.color.png chess/seq-06/color/frame-000116.color.png 0.999563 0.0104323 -0.0276488 0.0543799 -0.0102834 0.999932 0.00552189 -0.0152155 0.0277045 -0.00523516 0.999603 0.048499 0.0 0.0 0.0 1.0
chess/seq-06/color/frame-000116.color.png chess/seq-06/color/frame-000119.color.png 0.999865 0.00165075 -0.0163371 0.0366398 -0.00142366 0.999902 0.0139015 -0.0338607 0.0163585 -0.0138764 0.99977 0.0236441 0.0 0.0 0.0 1.0
chess/seq-06/color/frame-000119.color.png chess/seq-06/color/frame-000122.color.png 0.999899 -0.00307867 -0.0138418 0.0277277 0.00315478 0.99998 0.00547959 -0.00760117 0.0138246 -0.0055227 0.999889 0.0338827 0.0 0.0 0.0 1.0
chess/seq-06/color/frame-000122.color.png chess/seq-06/color/frame-000125.color.png 0.999974 0.0070704 0.00119926 -0.00522671 -0.00708501 0.999895 0.0126482 -0.0270177 -0.00110979 -0.0126563 0.999919 0.0321544 0.0 0.0 0.0 1.0
chess/seq-06/color/frame-000125.color.png chess/seq-06/color/frame-000128.color.png 0.999991 0.00422486 0.000831551 -0.000743713 -0.0042316 0.999957 0.0082569 -0.0192528 -0.000796631 -0.00826034 0.999966 0.0296159 0.0 0.0 0.0 1.0
chess/seq-06/color/frame-000128.color.png chess/seq-06/color/frame-000131.color.png 0.999988 -0.00475175 0.000897449 -0.00249455 0.00475886 0.999956 -0.00808182 0.0168236 -0.000859011 0.008086 0.999967 0.0337065 0.0 0.0 0.0 1.0
chess/seq-06/color/frame-000131.color.png chess/seq-06/color/frame-000134.color.png 0.999991 0.00416459 -0.00016159 0.0014951 -0.00416479 0.999991 -0.00123871 -0.00314084 0.000156443 0.00123937 0.999999 0.0333287 0.0 0.0 0.0 1.0
chess/seq-06/color/frame-000134.color.png chess/seq-06/color/frame-000137.color.png 0.999993 -0.000944348 -0.00348556 0.00155205 0.000952297 0.999997 0.00227998 -0.00581923 0.00348343 -0.00228329 0.999991 0.0263256 0.0 0.0 0.0 1.0
chess/seq-06/color/frame-000137.color.png chess/seq-06/color/frame-000140.color.png 0.999987 0.000260655 0.00509803 -0.0123293 -0.000280771 0.999992 0.00394794 -0.0136181 -0.00509698 -0.00394933 0.999979 0.0354543 0.0 0.0 0.0 1.0
chess/seq-06/color/frame-000140.color.png chess/seq-06/color/frame-000143.color.png 0.999936 0.00254744 0.0109826 -0.0254351 -0.0026053 0.999983 0.0052557 -0.0191093 -0.010969 -0.00528398 0.999926 0.0330296 0.0 0.0 0.0 1.0
chess/seq-06/color/frame-000143.color.png chess/seq-06/color/frame-000146.color.png 0.999959 -0.00799713 -0.00420654 0.00795191 0.00800643 0.999965 0.00220023 -0.00625819 0.00418879 -0.00223381 0.999989 0.0234609 0.0 0.0 0.0 1.0
chess/seq-06/color/frame-000146.color.png chess/seq-06/color/frame-000149.color.png 0.999954 0.00955875 0.00116191 -0.00424857 -0.00956666 0.99993 0.00702314 -0.0115705 -0.00109471 -0.00703395 0.999975 0.0307171 0.0 0.0 0.0 1.0
chess/seq-06/color/frame-000149.color.png chess/seq-06/color/frame-000152.color.png 0.99997 4.02852e-05 -0.00773406 0.01496 -1.07966e-05 0.999993 0.00381184 -0.00859812 0.00773417 -0.00381163 0.999963 0.0252726 0.0 0.0 0.0 1.0
chess/seq-06/color/frame-000152.color.png chess/seq-06/color/frame-000155.color.png 0.999996 0.00161489 -0.00214529 0.00301414 -0.0016056 0.999989 0.00431628 -0.00751787 0.00215223 -0.00431283 0.999988 0.0157146 0.0 0.0 0.0 1.0
chess/seq-06/color/frame-000155.color.png chess/seq-06/color/frame-000158.color.png 0.999999 0.000976541 -0.00144237 0.00156921 -0.000971083 0.999992 0.00378225 -0.00715643 0.00144614 -0.00378088 0.999992 0.0169775 0.0 0.0 0.0 1.0
chess/seq-06/color/frame-000158.color.png chess/seq-06/color/frame-000161.color.png 0.999989 0.00416357 0.00193942 -0.00282936 -0.00417934 0.999958 0.0081831 -0.0168 -0.0019053 -0.00819112 0.999965 0.00635695 0.0 0.0 0.0 1.0
chess/seq-06/color/frame-000161.color.png chess/seq-06/color/frame-000164.color.png 0.999997 0.00175637 0.00147184 0.000671273 -0.00176999 0.999955 0.00931332 -0.0198209 -0.00145547 -0.00931588 0.999956 0.00415635 0.0 0.0 0.0 1.0
chess/seq-06/color/frame-000164.color.png chess/seq-06/color/frame-000167.color.png 0.999999 -0.000482274 -0.00157709 0.00655059 0.000496817 0.999957 0.00922135 -0.0196396 0.00157255 -0.00922209 0.999956 0.00258994 0.0 0.0 0.0 1.0
chess/seq-06/color/frame-000167.color.png chess/seq-06/color/frame-000170.color.png 0.999961 -0.00149931 -0.00871206 0.0255517 0.00154443 0.999985 0.00517526 -0.0102154 0.00870425 -0.00518856 0.999949 -0.00524044 0.0 0.0 0.0 1.0
chess/seq-06/color/frame-000170.color.png chess/seq-06/color/frame-000173.color.png 0.999873 0.0129135 -0.00934781 0.0378069 -0.0128411 0.999887 0.00776237 -0.0182119 0.00944701 -0.00764128 0.999926 -0.0175207 0.0 0.0 0.0 1.0
chess/seq-06/color/frame-000173.color.png chess/seq-06/color/frame-000176.color.png 0.999763 0.00965917 -0.0195028 0.0684882 -0.00942156 0.999881 0.0122381 -0.0259854 0.0196186 -0.0120514 0.999735 -0.0319657 0.0 0.0 0.0 1.0
chess/seq-06/color/frame-000176.color.png chess/seq-06/color/frame-000179.color.png 0.999733 0.0170585 -0.0155714 0.0712075 -0.0169175 0.999815 0.00914564 -0.0202844 0.0157246 -0.00887984 0.999837 -0.0324223 0.0 0.0 0.0 1.0
chess/seq-06/color/frame-000179.color.png chess/seq-06/color/frame-000182.color.png 0.999651 0.0223579 -0.014073 0.0821948 -0.0222903 0.999739 0.00494636 -0.00657472 0.01418 -0.00463091 0.999889 -0.0372615 0.0 0.0 0.0 1.0
chess/seq-06/color/frame-000182.color.png chess/seq-06/color/frame-000185.color.png 0.999749 0.0208057 -0.008359 0.0599821 -0.0207426 0.999756 0.00757313 -0.012316 0.00851448 -0.00739785 0.999936 -0.0424151 0.0 0.0 0.0 1.0
chess/seq-06/color/frame-000185.color.png chess/seq-06/color/frame-000188.color.png 0.999798 0.00708114 -0.018801 0.0866124 -0.00707184 0.999975 0.000558424 0.0045619 0.0188045 -0.00042536 0.999823 -0.0446222 0.0 0.0 0.0 1.0
chess/seq-06/color/frame-000188.color.png chess/seq-06/color/frame-000191.color.png 0.999825 -0.00689057 -0.0173917 0.088415 0.00694239 0.999972 0.00292457 0.00167814 0.0173711 -0.00304475 0.999845 -0.0339539 0.0 0.0 0.0 1.0
chess/seq-06/color/frame-000191.color.png chess/seq-06/color/frame-000194.color.png 0.999995 0.00305386 -0.000797203 0.0425786 -0.0030505 0.999986 0.0042217 -0.00766942 0.000810054 -0.00421926 0.999991 -0.0275769 0.0 0.0 0.0 1.0
chess/seq-06/color/frame-000194.color.png chess/seq-06/color/frame-000197.color.png 0.999862 0.00278159 -0.0163865 0.0873855 -0.00283241 0.999991 -0.00307966 0.0145997 0.0163779 0.00312563 0.999861 -0.0189023 0.0 0.0 0.0 1.0
chess/seq-06/color/frame-000197.color.png chess/seq-06/color/frame-000200.color.png 0.999846 0.00977805 -0.0145986 0.0890986 -0.0096324 0.999904 0.0100111 -0.00347456 0.014695 -0.00986898 0.999843 -0.0212431 0.0 0.0 0.0 1.0
chess/seq-06/color/frame-000200.color.png chess/seq-06/color/frame-000203.color.png 0.999915 0.0110748 -0.00682952 0.0688984 -0.0110194 0.999906 0.00811161 -0.00473362 0.00691865 -0.00803564 0.999944 -0.0218689 0.0 0.0 0.0 1.0
chess/seq-06/color/frame-000203.color.png chess/seq-06/color/frame-000206.color.png 0.999611 -0.00409242 -0.0276031 0.104827 0.00398867 0.999985 -0.00381336 0.00785443 0.0276183 0.00370179 0.999612 -0.0129122 0.0 0.0 0.0 1.0
chess/seq-06/color/frame-000206.color.png chess/seq-06/color/frame-000209.color.png 0.999658 -0.00257789 -0.0260295 0.121693 0.00268013 0.999989 0.00389411 -0.0224321 0.0260192 -0.00396259 0.999653 -0.0219468 0.0 0.0 0.0 1.0
chess/seq-06/color/frame-000209.color.png chess/seq-06/color/frame-000212.color.png 0.999497 -0.0208417 -0.0238881 0.112908 0.0206377 0.999749 -0.00875448 0.006349 0.0240645 0.00825709 0.999676 -0.0130347 0.0 0.0 0.0 1.0
chess/seq-06/color/frame-000212.color.png chess/seq-06/color/frame-000215.color.png 0.999845 0.00933614 -0.0149227 0.0818686 -0.0094091 0.999944 -0.0048233 0.00791803 0.0148768 0.00496299 0.999877 -0.0185629 0.0 0.0 0.0 1.0
chess/seq-06/color/frame-000215.color.png chess/seq-06/color/frame-000218.color.png 0.999702 -0.00706024 -0.0233586 0.108449 0.00699977 0.999972 -0.00267151 -0.000365555 0.0233769 0.0025072 0.999724 -0.0312711 0.0 0.0 0.0 1.0
chess/seq-06/color/frame-000218.color.png chess/seq-06/color/frame-000221.color.png 0.999908 0.00152991 -0.013461 0.0807599 -0.00170246 0.999916 -0.0128166 0.0384144 0.0134402 0.0128384 0.999827 -0.0241286 0.0 0.0 0.0 1.0
chess/seq-06/color/frame-000221.color.png chess/seq-06/color/frame-000224.color.png 0.99905 0.00528752 -0.0432612 0.176985 -0.00446751 0.999809 0.0190299 -0.0329274 0.0433536 -0.0188185 0.998883 -0.0595794 0.0 0.0 0.0 1.0
chess/seq-06/color/frame-000224.color.png chess/seq-06/color/frame-000227.color.png 0.998695 0.00543577 -0.0507782 0.193981 -0.00456724 0.999842 0.0172054 -0.0256291 0.0508636 -0.0169511 0.998562 -0.0505912 0.0 0.0 0.0 1.0
chess/seq-06/color/frame-000227.color.png chess/seq-06/color/frame-000230.color.png 0.999688 -0.0052142 -0.0244113 0.105926 0.00519026 0.999986 -0.00104368 -0.00299418 0.0244165 0.000916651 0.999701 -0.0419312 0.0 0.0 0.0 1.0
chess/seq-06/color/frame-000230.color.png chess/seq-06/color/frame-000233.color.png 0.999584 -0.0071016 -0.0279527 0.122168 0.00728039 0.999954 0.00629773 -0.0179975 0.0279066 -0.00649866 0.999589 -0.0397867 0.0 0.0 0.0 1.0
chess/seq-06/color/frame-000233.color.png chess/seq-06/color/frame-000236.color.png 0.999602 -0.00329241 -0.0280164 0.105883 0.00326525 0.999994 -0.00101605 -0.00310364 0.0280196 0.000924198 0.999607 -0.0328223 0.0 0.0 0.0 1.0
chess/seq-06/color/frame-000236.color.png chess/seq-06/color/frame-000239.color.png 0.999676 0.00718218 -0.024412 0.11098 -0.00716844 0.999974 0.00065266 0.00929618 0.024416 -0.000477455 0.999702 -0.0255302 0.0 0.0 0.0 1.0
chess/seq-06/color/frame-000239.color.png chess/seq-06/color/frame-000242.color.png 0.999377 0.010395 -0.0337319 0.147318 -0.0107945 0.999873 -0.0116854 0.0478402 0.0336063 0.0120423 0.999363 -0.0243989 0.0 0.0 0.0 1.0
chess/seq-06/color/frame-000242.color.png chess/seq-06/color/frame-000245.color.png 0.99962 -0.00253704 -0.027445 0.114778 0.00225284 0.999944 -0.0103818 0.000490218 0.0274698 0.010316 0.999569 -0.0325719 0.0 0.0 0.0 1.0
chess/seq-06/color/frame-000245.color.png chess/seq-06/color/frame-000248.color.png 0.999864 -0.00495565 -0.015709 0.0922306 0.00491685 0.999985 -0.00250252 -0.0122532 0.0157211 0.00242496 0.999874 -0.0248721 0.0 0.0 0.0 1.0
chess/seq-06/color/frame-000248.color.png chess/seq-06/color/frame-000251.color.png 0.999926 0.00330852 -0.0117473 0.0891945 -0.00349211 0.999871 -0.0156403 0.0273055 0.0116939 0.0156801 0.999809 -0.0171725 0.0 0.0 0.0 1.0
chess/seq-06/color/frame-000251.color.png chess/seq-06/color/frame-000254.color.png 0.999892 0.000405748 -0.0146746 0.085214 -0.000577652 0.999931 -0.0117216 0.0302262 0.014669 0.0117288 0.999824 -0.0364934 0.0 0.0 0.0 1.0
chess/seq-06/color/frame-000254.color.png chess/seq-06/color/frame-000257.color.png 0.999463 -0.025739 -0.0202724 0.0946121 0.0258731 0.999645 0.00638742 -0.0387154 0.0201008 -0.00690851 0.999774 -0.0408117 0.0 0.0 0.0 1.0
chess/seq-06/color/frame-000257.color.png chess/seq-06/color/frame-000260.color.png 0.999651 -0.0259048 -0.00508092 0.054243 0.0258358 0.999579 -0.0132114 -0.00574538 0.00542107 0.0130756 0.9999 0.00447488 0.0 0.0 0.0 1.0
chess/seq-06/color/frame-000260.color.png chess/seq-06/color/frame-000263.color.png 0.999995 -0.000325923 0.00323033 0.0188857 0.000387452 0.999818 -0.0190631 0.0585375 -0.00322348 0.0190642 0.999813 0.0274011 0.0 0.0 0.0 1.0
chess/seq-06/color/frame-000263.color.png chess/seq-06/color/frame-000266.color.png 0.999593 -0.0270774 0.00898171 -0.00450158 0.0271367 0.99961 -0.00654813 -0.00371437 -0.0088008 0.00678922 0.999938 0.045616 0.0 0.0 0.0 1.0
chess/seq-06/color/frame-000266.color.png chess/seq-06/color/frame-000269.color.png 0.999734 0.0226233 0.00456405 -0.00116515 -0.0225168 0.999501 -0.0221729 0.103621 -0.00506349 0.0220642 0.999744 0.0408982 0.0 0.0 0.0 1.0
chess/seq-06/color/frame-000269.color.png chess/seq-06/color/frame-000272.color.png 0.999491 0.0269338 -0.0170875 0.0293679 -0.0272587 0.999446 -0.0190697 0.10557 0.0165643 0.0195258 0.999672 0.0171148 0.0 0.0 0.0 1.0
chess/seq-06/color/frame-000272.color.png chess/seq-06/color/frame-000275.color.png 0.999994 -0.00325914 0.00128559 -0.0242102 0.00329355 0.999612 -0.0276567 0.0693987 -0.00119486 0.0276607 0.999617 0.0611769 0.0 0.0 0.0 1.0
chess/seq-06/color/frame-000275.color.png chess/seq-06/color/frame-000278.color.png 0.999752 -0.00171846 -0.0222131 0.0356239 0.00147609 0.999939 -0.0109229 0.0458127 0.0222306 0.0108874 0.999694 0.0333288 0.0 0.0 0.0 1.0
chess/seq-06/color/frame-000278.color.png chess/seq-06/color/frame-000281.color.png 0.999834 -0.00384015 -0.0178297 0.0126753 0.00349683 0.999809 -0.0192477 0.0572068 0.0179001 0.0191822 0.999656 0.00135708 0.0 0.0 0.0 1.0
chess/seq-06/color/frame-000281.color.png chess/seq-06/color/frame-000284.color.png 0.997962 -0.0624471 -0.0131538 0.0133256 0.0624011 0.998044 -0.00387754 -0.0702516 0.0133703 0.00304885 0.999906 0.0117714 0.0 0.0 0.0 1.0
chess/seq-06/color/frame-000284.color.png chess/seq-06/color/frame-000287.color.png 0.999685 -0.0175417 0.017976 -0.0433539 0.0178803 0.999662 -0.0188526 0.0456685 -0.0176393 0.0191681 0.999661 0.0581584 0.0 0.0 0.0 1.0
chess/seq-06/color/frame-000287.color.png chess/seq-06/color/frame-000290.color.png 0.999614 -0.00478958 0.0273641 -0.0521865 0.00515913 0.999896 -0.0134523 0.0390463 -0.0272967 0.0135882 0.999535 0.0719962 0.0 0.0 0.0 1.0
chess/seq-06/color/frame-000290.color.png chess/seq-06/color/frame-000293.color.png 0.999735 -0.0169017 0.0156292 -0.0428815 0.0167801 0.999828 0.00788663 -0.0296707 -0.0157599 -0.00762229 0.999847 0.0382164 0.0 0.0 0.0 1.0
chess/seq-06/color/frame-000293.color.png chess/seq-06/color/frame-000296.color.png 0.999978 -0.00426205 -0.00507322 -0.000576735 0.00422791 0.999969 -0.00671451 0.0331164 0.00510164 0.00669288 0.999965 0.027797 0.0 0.0 0.0 1.0
chess/seq-06/color/frame-000296.color.png chess/seq-06/color/frame-000299.color.png 0.999937 -0.00314963 -0.0108069 0.0131304 0.00325445 0.999948 0.00969477 -0.0132269 0.0107758 -0.0097293 0.999895 0.00359702 0.0 0.0 0.0 1.0
chess/seq-06/color/frame-000299.color.png chess/seq-06/color/frame-000302.color.png 0.999971 -0.00740432 -0.00155703 -0.00538623 0.00741167 0.999961 0.00478571 -0.00760917 0.00152148 -0.00479711 0.999987 0.0213282 0.0 0.0 0.0 1.0
chess/seq-06/color/frame-000302.color.png chess/seq-06/color/frame-000305.color.png 0.999993 -0.00329832 0.00188138 -0.00479674 0.00331506 0.999954 -0.00896335 0.0299714 -0.00185171 0.00896947 0.999958 0.0227113 0.0 0.0 0.0 1.0
chess/seq-06/color/frame-000305.color.png chess/seq-06/color/frame-000308.color.png 0.999943 -0.00995354 0.00394683 -0.00415933 0.00997594 0.999934 -0.00569112 0.000621729 -0.00388985 0.00573017 0.999976 0.0352571 0.0 0.0 0.0 1.0
chess/seq-06/color/frame-000308.color.png chess/seq-06/color/frame-000311.color.png 0.999961 -0.000454426 0.00886908 -0.0144588 0.00037086 0.999956 0.00942316 -0.00825954 -0.00887303 -0.0094195 0.999916 0.0254192 0.0 0.0 0.0 1.0
chess/seq-06/color/frame-000311.color.png chess/seq-06/color/frame-000314.color.png 0.999257 -0.0284181 0.0260441 -0.0821227 0.0281012 0.999528 0.0124546 -0.0483241 -0.0263858 -0.0117135 0.999583 0.0622573 0.0 0.0 0.0 1.0
chess/seq-06/color/frame-000314.color.png chess/seq-06/color/frame-000317.color.png 0.99981 -0.0141884 0.0133534 -0.0480253 0.0141355 0.999892 0.00404749 -0.0224209 -0.0134094 -0.00385796 0.999903 0.0370471 0.0 0.0 0.0 1.0
chess/seq-06/color/frame-000317.color.png chess/seq-06/color/frame-000320.color.png 0.99986 -0.00807682 0.0146553 -0.0452939 0.00809464 0.999967 -0.0011549 0.00267449 -0.0146456 0.00127335 0.999892 0.0353222 0.0 0.0 0.0 1.0
chess/seq-06/color/frame-000320.color.png chess/seq-06/color/frame-000323.color.png 0.999861 -0.009884 0.0134045 -0.0368114 0.00980338 0.999933 0.00606526 -0.0190902 -0.0134635 -0.00593299 0.999892 0.0308394 0.0 0.0 0.0 1.0
chess/seq-06/color/frame-000323.color.png chess/seq-06/color/frame-000326.color.png 0.999876 0.00391458 0.0152469 -0.0441087 -0.00390809 0.999992 -0.000452675 0.0218155 -0.0152484 0.000393034 0.999884 0.03181 0.0 0.0 0.0 1.0
chess/seq-06/color/frame-000326.color.png chess/seq-06/color/frame-000329.color.png 0.999925 -0.00368639 0.0116567 -0.0345049 0.00368403 0.999993 0.000221002 0.00820661 -0.0116574 -0.000178028 0.999932 0.0232732 0.0 0.0 0.0 1.0
chess/seq-06/color/frame-000329.color.png chess/seq-06/color/frame-000332.color.png 0.999956 -0.00483985 -0.00799368 0.00420547 0.00482872 0.999987 -0.0014096 0.0230232 0.0080004 0.00137092 0.999967 0.0319314 0.0 0.0 0.0 1.0
chess/seq-06/color/frame-000332.color.png chess/seq-06/color/frame-000335.color.png 0.999876 -0.0157105 0.00122375 -0.0165008 0.0157126 0.999875 -0.0016686 -0.0061117 -0.00119744 0.00168764 0.999998 0.0230322 0.0 0.0 0.0 1.0
chess/seq-06/color/frame-000335.color.png chess/seq-06/color/frame-000338.color.png 0.99995 -0.00926823 0.00368686 -0.0239824 0.00926913 0.999957 -0.000228634 -0.00618131 -0.00368463 0.000262799 0.999993 0.0147631 0.0 0.0 0.0 1.0
chess/seq-06/color/frame-000338.color.png chess/seq-06/color/frame-000341.color.png 0.999985 -0.00308018 0.00464481 -0.0288754 0.00304983 0.999974 0.00652379 -0.00481716 -0.00466477 -0.00650951 0.999968 0.0249794 0.0 0.0 0.0 1.0
chess/seq-06/color/frame-000341.color.png chess/seq-06/color/frame-000344.color.png 0.999977 0.0028682 0.00605704 -0.0363448 -0.00293611 0.999932 0.0112386 -0.0117622 -0.00602441 -0.0112561 0.999918 0.0224035 0.0 0.0 0.0 1.0
chess/seq-06/color/frame-000344.color.png chess/seq-06/color/frame-000347.color.png 0.999968 -0.000767488 -0.00792149 -0.000296593 0.000774584 0.999999 0.000892426 0.00141212 0.00792076 -0.000898508 0.999968 0.00679994 0.0 0.0 0.0 1.0
chess/seq-06/color/frame-000347.color.png chess/seq-06/color/frame-000350.color.png 0.999977 -0.00641091 -0.00212014 -0.0112673 0.00638543 0.99991 -0.0118144 0.0237028 0.0021957 0.0118006 0.999928 0.00422502 0.0 0.0 0.0 1.0
chess/seq-06/color/frame-000350.color.png chess/seq-06/color/frame-000353.color.png 0.999982 -0.00541398 -0.00244151 -0.0110626 0.00540053 0.99997 -0.0054766 0.00780766 0.00247105 0.00546329 0.999982 0.00221157 0.0 0.0 0.0 1.0
chess/seq-06/color/frame-000353.color.png chess/seq-06/color/frame-000356.color.png 0.999966 0.00819339 0.000998765 -0.0235785 -0.00819655 0.999961 0.00317778 0.0135955 -0.00097263 -0.00318584 0.999994 0.00371361 0.0 0.0 0.0 1.0
chess/seq-06/color/frame-000356.color.png chess/seq-06/color/frame-000359.color.png 0.999998 0.00125449 0.0016071 -0.0334367 -0.00127894 0.999882 0.0153084 -0.0343045 -0.00158765 -0.0153104 0.999882 0.0102372 0.0 0.0 0.0 1.0
chess/seq-06/color/frame-000359.color.png chess/seq-06/color/frame-000362.color.png 0.999899 -0.00976388 -0.0102991 0.0123047 0.00988449 0.999882 0.0117249 -0.0372676 0.0101833 -0.0118255 0.999878 0.00568438 0.0 0.0 0.0 1.0
chess/seq-06/color/frame-000362.color.png chess/seq-06/color/frame-000365.color.png 0.999966 -0.00116952 -0.00819793 0.0121627 0.00131895 0.999833 0.0182466 -0.0510489 0.00817522 -0.0182568 0.9998 0.00703454 0.0 0.0 0.0 1.0
chess/seq-06/color/frame-000365.color.png chess/seq-06/color/frame-000368.color.png 0.999827 -0.00882549 -0.0163682 0.0395517 0.00890093 0.99995 0.00454171 -0.0165175 0.0163272 -0.00468663 0.999856 -0.00153875 0.0 0.0 0.0 1.0
chess/seq-06/color/frame-000368.color.png chess/seq-06/color/frame-000371.color.png 0.999903 -0.0138555 -0.00158919 0.00212705 0.0138391 0.999855 -0.00992011 0.0154003 0.0017265 0.00989718 0.999949 0.00471282 0.0 0.0 0.0 1.0
chess/seq-06/color/frame-000371.color.png chess/seq-06/color/frame-000374.color.png 0.999896 -0.0122259 0.00770093 -0.0140879 0.0121426 0.999868 0.0107654 -0.0444774 -0.00783157 -0.0106708 0.999912 0.032414 0.0 0.0 0.0 1.0
chess/seq-06/color/frame-000374.color.png chess/seq-06/color/frame-000377.color.png 0.999998 -0.00120421 0.00144129 -0.00216448 0.0012028 0.999999 0.000973546 -0.00553659 -0.00144256 -0.000971826 0.999999 0.0138078 0.0 0.0 0.0 1.0
chess/seq-06/color/frame-000377.color.png chess/seq-06/color/frame-000380.color.png 0.999812 0.016826 -0.00966884 0.00439119 -0.0168553 0.999854 -0.00295927 0.026105 0.00961775 0.0031217 0.999949 0.00226164 0.0 0.0 0.0 1.0
chess/seq-06/color/frame-000380.color.png chess/seq-06/color/frame-000383.color.png 0.999872 -0.0153863 0.00436322 -0.0258572 0.0154015 0.999875 -0.00346938 -0.00760892 -0.00430939 0.00353613 0.999985 0.0244386 0.0 0.0 0.0 1.0
chess/seq-06/color/frame-000383.color.png chess/seq-06/color/frame-000386.color.png 0.999996 0.000636494 0.00275355 -0.0229354 -0.000673437 0.99991 0.0134384 -0.038626 -0.00274464 -0.0134402 0.999906 0.0251615 0.0 0.0 0.0 1.0
chess/seq-06/color/frame-000386.color.png chess/seq-06/color/frame-000389.color.png 0.999965 0.00786573 0.0027723 -0.0161586 -0.00788503 0.999944 0.00702204 -0.00600061 -0.0027169 -0.00704366 0.999972 0.0132349 0.0 0.0 0.0 1.0
chess/seq-06/color/frame-000389.color.png chess/seq-06/color/frame-000392.color.png 0.999934 0.0112695 -0.00206497 -0.011295 -0.0112654 0.999935 0.00196493 0.00773281 0.00208696 -0.00194154 0.999996 0.0107398 0.0 0.0 0.0 1.0
chess/seq-06/color/frame-000392.color.png chess/seq-06/color/frame-000395.color.png 0.999996 -0.00139092 -0.00257987 -0.0058527 0.00137153 0.999971 -0.0074992 0.0222886 0.00259006 0.00749564 0.999969 0.00597835 0.0 0.0 0.0 1.0
chess/seq-06/color/frame-000395.color.png chess/seq-06/color/frame-000398.color.png 0.999992 0.000736707 -0.00403668 -0.0071882 -0.000726185 0.999996 0.00260919 -0.0140771 0.00403883 -0.00260624 0.999988 0.00804877 0.0 0.0 0.0 1.0
chess/seq-06/color/frame-000398.color.png chess/seq-06/color/frame-000401.color.png 0.999989 0.00473003 -0.000476975 -0.0149792 -0.00473136 0.999985 -0.00283116 0.015367 0.000463465 0.0028334 0.999996 -4.79221e-05 0.0 0.0 0.0 1.0
chess/seq-06/color/frame-000401.color.png chess/seq-06/color/frame-000404.color.png 0.999949 0.00374076 -0.00937923 0.0152475 -0.00372988 0.999992 0.00117601 0.0029887 0.00938345 -0.00114098 0.999955 -0.000806808 0.0 0.0 0.0 1.0
chess/seq-06/color/frame-000404.color.png chess/seq-06/color/frame-000407.color.png 0.999954 0.00948912 -0.0011093 -0.0209101 -0.0094811 0.99993 0.00702736 -0.00601554 0.00117605 -0.00701652 0.999975 0.000938177 0.0 0.0 0.0 1.0
chess/seq-06/color/frame-000407.color.png chess/seq-06/color/frame-000410.color.png 0.999986 0.00244838 -0.00461638 -0.00182343 -0.00241029 0.999963 0.00823741 -0.017821 0.00463636 -0.00822617 0.999955 0.00530672 0.0 0.0 0.0 1.0
chess/seq-06/color/frame-000410.color.png chess/seq-06/color/frame-000413.color.png 0.999985 0.00424107 -0.00332232 -0.00211096 -0.00424136 0.999991 -7.80958e-05 0.00623238 0.0033219 9.21899e-05 0.999994 0.00325537 0.0 0.0 0.0 1.0
chess/seq-06/color/frame-000413.color.png chess/seq-06/color/frame-000416.color.png 0.999999 0.00112825 -0.000427622 -0.00689662 -0.00112645 0.99999 0.00420029 -0.00982067 0.000432368 -0.00419982 0.999991 0.00659275 0.0 0.0 0.0 1.0
chess/seq-06/color/frame-000416.color.png chess/seq-06/color/frame-000419.color.png 0.999953 0.0084606 -0.00474955 0.0025773 -0.00844816 0.999961 0.00263346 0.00199762 0.00477173 -0.00259321 0.999985 -0.00228405 0.0 0.0 0.0 1.0
chess/seq-06/color/frame-000419.color.png chess/seq-06/color/frame-000422.color.png 0.99992 0.011507 -0.0052236 0.0119728 -0.0114644 0.999901 0.00812311 -0.0112629 0.0053165 -0.00806257 0.999953 -0.00951529 0.0 0.0 0.0 1.0
chess/seq-06/color/frame-000422.color.png chess/seq-06/color/frame-000425.color.png 0.999701 0.0145837 0.0196542 -0.0501037 -0.0148013 0.99983 0.0109745 -0.0150243 -0.019491 -0.0112621 0.999747 0.00659251 0.0 0.0 0.0 1.0
chess/seq-06/color/frame-000425.color.png chess/seq-06/color/frame-000428.color.png 0.999595 0.017125 0.0227437 -0.044347 -0.017362 0.999797 0.0102664 -0.00714323 -0.0225631 -0.0106571 0.999689 0.00466657 0.0 0.0 0.0 1.0
chess/seq-06/color/frame-000428.color.png chess/seq-06/color/frame-000431.color.png 0.999589 0.00226571 0.0285803 -0.0440396 -0.00269984 0.999881 0.0151609 -0.0486865 -0.0285425 -0.0152318 0.999476 0.00564456 0.0 0.0 0.0 1.0
chess/seq-06/color/frame-000431.color.png chess/seq-06/color/frame-000434.color.png 0.99992 0.00744912 0.0102135 0.00034976 -0.00742263 0.999969 -0.00262809 0.0119175 -0.0102328 0.00255208 0.999944 -0.0126102 0.0 0.0 0.0 1.0
chess/seq-06/color/frame-000434.color.png chess/seq-06/color/frame-000437.color.png 0.999891 0.000914535 0.0147548 -0.00412583 -0.000877515 0.999997 -0.00251539 0.00412676 -0.0147569 0.00250215 0.999888 -0.0182383 0.0 0.0 0.0 1.0
chess/seq-06/color/frame-000437.color.png chess/seq-06/color/frame-000440.color.png 0.999902 0.00207197 0.0138255 -0.00398684 -0.00235471 0.999788 0.0204652 -0.0563514 -0.0137802 -0.0204957 0.999695 -0.0136492 0.0 0.0 0.0 1.0
chess/seq-06/color/frame-000440.color.png chess/seq-06/color/frame-000443.color.png 0.999967 0.00760206 -0.00275716 0.0271918 -0.00755995 0.999859 0.0149762 -0.0337553 0.00287064 -0.0149549 0.999884 -0.0329468 0.0 0.0 0.0 1.0
chess/seq-06/color/frame-000443.color.png chess/seq-06/color/frame-000446.color.png 0.999967 0.00382509 -0.00718994 0.0310756 -0.00380266 0.999988 0.00313305 -0.00443 0.00720172 -0.00310559 0.999969 -0.0371392 0.0 0.0 0.0 1.0
chess/seq-06/color/frame-000446.color.png chess/seq-06/color/frame-000449.color.png 0.999943 0.00743071 0.00768276 -0.00566113 -0.00745566 0.999967 0.00322347 -0.0206581 -0.00765852 -0.00328056 0.999965 -0.041759 0.0 0.0 0.0 1.0
chess/seq-06/color/frame-000449.color.png chess/seq-06/color/frame-000452.color.png 0.999988 0.00340116 -0.00363389 0.0202893 -0.00341919 0.999982 -0.00496914 0.0130962 0.00361695 0.00498151 0.999981 -0.0300188 0.0 0.0 0.0 1.0
chess/seq-06/color/frame-000452.color.png chess/seq-06/color/frame-000455.color.png 0.999898 0.0140336 0.00243886 -0.000664949 -0.0140428 0.999894 0.00379948 -0.00507921 -0.00238532 -0.00383331 0.99999 -0.0239961 0.0 0.0 0.0 1.0
chess/seq-06/color/frame-000455.color.png chess/seq-06/color/frame-000458.color.png 0.999825 -0.00604525 0.0177092 -0.035507 0.00562096 0.999698 0.0239103 -0.095918 -0.0178484 -0.0238065 0.999557 -0.00798631 0.0 0.0 0.0 1.0
chess/seq-06/color/frame-000458.color.png chess/seq-06/color/frame-000461.color.png 0.999683 0.0104963 0.0229034 -0.0446101 -0.0107161 0.999897 0.00949714 -0.0172406 -0.0228014 -0.00973955 0.999693 0.00468469 0.0 0.0 0.0 1.0
chess/seq-06/color/frame-000461.color.png chess/seq-06/color/frame-000464.color.png 0.99956 -0.000624707 0.0296703 -0.0637593 -0.000280289 0.999535 0.0304877 -0.0975705 -0.0296754 -0.0304826 0.999095 0.0145431 0.0 0.0 0.0 1.0
chess/seq-06/color/frame-000464.color.png chess/seq-06/color/frame-000467.color.png 0.999892 -0.00892968 0.0116911 -0.026096 0.00864735 0.999675 0.0239814 -0.0807952 -0.0119015 -0.0238777 0.999644 -0.00658488 0.0 0.0 0.0 1.0
chess/seq-06/color/frame-000467.color.png chess/seq-06/color/frame-000470.color.png 0.999923 0.00957462 0.00787504 -0.0136957 -0.00980605 0.999505 0.0298968 -0.0652042 -0.00758468 -0.0299718 0.999522 -0.0117261 0.0 0.0 0.0 1.0
chess/seq-06/color/frame-000470.color.png chess/seq-06/color/frame-000473.color.png 0.999588 0.021605 0.0188791 -0.0363297 -0.021506 0.999754 -0.00542959 0.0268243 -0.0189919 0.00502134 0.999807 -0.00658178 0.0 0.0 0.0 1.0
chess/seq-06/color/frame-000473.color.png chess/seq-06/color/frame-000476.color.png 0.999113 -0.0059308 0.0416972 -0.0924494 0.00566416 0.999963 0.00650963 -0.03344 -0.0417342 -0.00626767 0.999109 0.0352106 0.0 0.0 0.0 1.0
chess/seq-06/color/frame-000476.color.png chess/seq-06/color/frame-000479.color.png 0.998532 -0.0068094 0.0537288 -0.134923 0.00400319 0.99863 0.0521655 -0.157982 -0.0540104 -0.0518738 0.997192 0.0564165 0.0 0.0 0.0 1.0
chess/seq-06/color/frame-000479.color.png chess/seq-06/color/frame-000482.color.png 0.999384 -0.00269493 0.0349832 -0.0864351 0.00167402 0.999573 0.0291792 -0.0804032 -0.0350468 -0.0291026 0.998962 0.0312629 0.0 0.0 0.0 1.0
chess/seq-06/color/frame-000482.color.png chess/seq-06/color/frame-000485.color.png 0.999712 -0.00813291 0.0225759 -0.0615382 0.00748416 0.999561 0.0286739 -0.0861932 -0.0227993 -0.0284967 0.999334 0.0132632 0.0 0.0 0.0 1.0
chess/seq-06/color/frame-000485.color.png chess/seq-06/color/frame-000488.color.png 0.999766 0.0176541 0.0125312 -0.0422417 -0.0178485 0.999719 0.0155704 -0.0236734 -0.0122528 -0.0157904 0.9998 -0.000614882 0.0 0.0 0.0 1.0
chess/seq-06/color/frame-000488.color.png chess/seq-06/color/frame-000491.color.png 0.999952 -0.00956431 0.00207855 -0.0129822 0.00952263 0.99977 0.0191994 -0.0698229 -0.00226168 -0.0191786 0.999813 -0.0201385 0.0 0.0 0.0 1.0
chess/seq-06/color/frame-000491.color.png chess/seq-06/color/frame-000494.color.png 0.99981 -3.54652e-05 0.0195058 -0.0658115 -0.000456265 0.999682 0.0252046 -0.0624595 -0.0195005 -0.0252087 0.999492 0.00731325 0.0 0.0 0.0 1.0
chess/seq-06/color/frame-000494.color.png chess/seq-06/color/frame-000497.color.png 0.999889 -0.0144626 0.00359849 -0.0253675 0.014332 0.999319 0.0340092 -0.129945 -0.00408793 -0.0339539 0.999415 -0.0113816 0.0 0.0 0.0 1.0
chess/seq-06/color/frame-000497.color.png chess/seq-06/color/frame-000500.color.png 0.999759 0.0157728 0.0153002 -0.0385759 -0.0156401 0.999839 -0.00875725 0.0237115 -0.0154359 0.00851585 0.999845 0.00037384 0.0 0.0 0.0 1.0
chess/seq-06/color/frame-000500.color.png chess/seq-06/color/frame-000503.color.png 0.999889 -0.01392 0.00531715 -0.0137615 0.013876 0.99987 0.00823158 -0.0446022 -0.00543103 -0.00815692 0.999952 -0.0194376 0.0 0.0 0.0 1.0
chess/seq-06/color/frame-000503.color.png chess/seq-06/color/frame-000506.color.png 0.999963 0.00838149 -0.00170837 -0.00346124 -0.00837793 0.999963 0.00207509 -0.00820906 0.00172575 -0.00206068 0.999996 -0.0234189 0.0 0.0 0.0 1.0
chess/seq-06/color/frame-000506.color.png chess/seq-06/color/frame-000509.color.png 0.99992 -0.010339 -0.00724308 0.0066036 0.0103542 0.999944 0.00205915 -0.0278878 0.00722135 -0.00213392 0.999972 -0.0362592 0.0 0.0 0.0 1.0
chess/seq-06/color/frame-000509.color.png chess/seq-06/color/frame-000512.color.png 0.999923 0.00611595 0.0107472 -0.055861 -0.00618154 0.999962 0.00607873 -0.0260601 -0.0107095 -0.00614476 0.999924 -0.0200646 0.0 0.0 0.0 1.0
chess/seq-06/color/frame-000512.color.png chess/seq-06/color/frame-000515.color.png 0.999999 0.000293614 0.00120945 -0.00571668 -0.000294322 1.0 0.00059386 -0.0020095 -0.00120931 -0.000594234 0.999999 -0.0215105 0.0 0.0 0.0 1.0
chess/seq-06/color/frame-000515.color.png chess/seq-06/color/frame-000518.color.png 0.999899 -0.012683 0.0063642 -0.0206754 0.0125719 0.999773 0.0171911 -0.0468143 -0.00658083 -0.0171094 0.999832 -0.0106453 0.0 0.0 0.0 1.0
chess/seq-06/color/frame-000518.color.png chess/seq-06/color/frame-000521.color.png 0.999994 0.00330714 0.000766388 -0.00527036 -0.00331454 0.999946 0.00987753 -0.0128616 -0.000733661 -0.00987996 0.999951 -0.0178885 0.0 0.0 0.0 1.0
chess/seq-06/color/frame-000521.color.png chess/seq-06/color/frame-000524.color.png 0.999931 -0.0100611 -0.00602385 0.00759745 0.0101492 0.999839 0.0147816 -0.0417871 0.00587415 -0.0148416 0.999873 -0.0242687 0.0 0.0 0.0 1.0
chess/seq-06/color/frame-000524.color.png chess/seq-06/color/frame-000527.color.png 0.999962 0.00509532 0.00701436 -0.0199993 -0.00515378 0.999952 0.00833605 -0.00883771 -0.00697154 -0.00837193 0.999941 -0.00516438 0.0 0.0 0.0 1.0
chess/seq-06/color/frame-000527.color.png chess/seq-06/color/frame-000530.color.png 0.999996 -0.0013489 0.00269076 -0.0172027 0.00131042 0.999898 0.0142481 -0.0358529 -0.00270974 -0.0142444 0.999895 -0.00781548 0.0 0.0 0.0 1.0
chess/seq-06/color/frame-000530.color.png chess/seq-06/color/frame-000533.color.png 0.999556 0.00593259 0.0291824 -0.0908877 -0.00636027 0.999873 0.0145851 -0.0327513 -0.0290922 -0.0147643 0.999468 0.0217247 0.0 0.0 0.0 1.0
chess/seq-06/color/frame-000533.color.png chess/seq-06/color/frame-000536.color.png 0.999838 0.00725578 0.0164679 -0.0300074 -0.00751258 0.99985 0.0155862 -0.0255539 -0.0163523 -0.0157074 0.999743 0.0130769 0.0 0.0 0.0 1.0
chess/seq-06/color/frame-000536.color.png chess/seq-06/color/frame-000539.color.png 0.999488 0.00243972 0.0319164 -0.072722 -0.00285711 0.999911 0.0130391 -0.0383433 -0.0318818 -0.0131236 0.999406 0.0348428 0.0 0.0 0.0 1.0
chess/seq-06/color/frame-000539.color.png chess/seq-06/color/frame-000542.color.png 0.999858 -0.00220655 0.0167211 -0.043818 0.00212334 0.999985 0.00499538 -0.0229847 -0.0167319 -0.00495913 0.999848 0.0146207 0.0 0.0 0.0 1.0
chess/seq-06/color/frame-000542.color.png chess/seq-06/color/frame-000545.color.png 0.999829 -0.00220527 0.0183842 -0.051993 0.00209422 0.999979 0.00605684 -0.0262987 -0.0183972 -0.00601738 0.999813 0.0207318 0.0 0.0 0.0 1.0
chess/seq-06/color/frame-000545.color.png chess/seq-06/color/frame-000548.color.png 0.999837 -0.00630837 0.0169378 -0.0545149 0.00620663 0.999962 0.00605146 -0.0234405 -0.0169754 -0.00594527 0.999838 0.0199358 0.0 0.0 0.0 1.0
chess/seq-06/color/frame-000548.color.png chess/seq-06/color/frame-000551.color.png 0.999851 -0.0130361 0.0113289 -0.0437845 0.0129497 0.999887 0.00767589 -0.0374956 -0.0114276 -0.00752813 0.999906 0.00965357 0.0 0.0 0.0 1.0
chess/seq-06/color/frame-000551.color.png chess/seq-06/color/frame-000554.color.png 0.999872 -0.00321344 0.0156456 -0.0549842 0.0030588 0.999946 0.00989839 -0.0274847 -0.0156766 -0.00984917 0.999829 0.0204147 0.0 0.0 0.0 1.0
chess/seq-06/color/frame-000554.color.png chess/seq-06/color/frame-000557.color.png 0.999622 0.001328 0.0274661 -0.0720025 -0.00152521 0.999973 0.00715955 -0.0248904 -0.0274558 -0.00719875 0.999597 0.0250627 0.0 0.0 0.0 1.0
chess/seq-06/color/frame-000557.color.png chess/seq-06/color/frame-000560.color.png 0.999959 0.0011773 0.00896297 -0.0248247 -0.00123051 0.999982 0.00593473 -0.0200468 -0.00895582 -0.0059455 0.999942 0.000375628 0.0 0.0 0.0 1.0
chess/seq-06/color/frame-000560.color.png chess/seq-06/color/frame-000563.color.png 0.999845 0.0156519 0.00803968 -0.0227518 -0.015667 0.999875 0.00181448 0.00429684 -0.00801026 -0.00194024 0.999966 0.00230014 0.0 0.0 0.0 1.0
chess/seq-06/color/frame-000563.color.png chess/seq-06/color/frame-000566.color.png 0.99978 0.019737 -0.00706103 -0.00301492 -0.0197184 0.999802 0.00270291 -0.0038262 0.00711297 -0.00256318 0.999971 -0.0138195 0.0 0.0 0.0 1.0
chess/seq-06/color/frame-000566.color.png chess/seq-06/color/frame-000569.color.png 0.99992 0.00294831 -0.0123351 0.0134344 -0.00296956 0.999994 -0.0017009 -0.0118141 0.0123299 0.00173754 0.999923 -0.0199516 0.0 0.0 0.0 1.0
chess/seq-06/color/frame-000569.color.png chess/seq-06/color/frame-000572.color.png 0.999917 0.0125935 -0.00269895 -0.00285351 -0.012636 0.999786 -0.0163622 0.0304175 0.00249234 0.0163948 0.999862 -0.00463724 0.0 0.0 0.0 1.0
chess/seq-06/color/frame-000572.color.png chess/seq-06/color/frame-000575.color.png 0.999876 -0.00706891 -0.0140552 0.0161794 0.00695373 0.999942 -0.00822677 -0.00714827 0.0141125 0.00812805 0.999867 -0.0270522 0.0 0.0 0.0 1.0
chess/seq-06/color/frame-000575.color.png chess/seq-06/color/frame-000578.color.png 0.999972 -1.91926e-05 0.00742089 -0.034581 5.14759e-05 0.999991 -0.004352 -0.00708181 -0.00742073 0.00435233 0.999963 -0.00314891 0.0 0.0 0.0 1.0
chess/seq-06/color/frame-000578.color.png chess/seq-06/color/frame-000581.color.png 0.999971 -0.00585926 -0.00478241 0.00142449 0.00589048 0.999961 0.00653135 -0.0154305 0.00474397 -0.00655948 0.999967 -0.00893641 0.0 0.0 0.0 1.0
chess/seq-06/color/frame-000581.color.png chess/seq-06/color/frame-000584.color.png 0.99992 -0.00635871 0.0109137 -0.0295969 0.00627275 0.999949 0.00789194 -0.025253 -0.0109633 -0.00782268 0.999909 0.0111988 0.0 0.0 0.0 1.0
chess/seq-06/color/frame-000584.color.png chess/seq-06/color/frame-000587.color.png 0.999787 -0.00569941 0.0198346 -0.0489219 0.00569233 0.999984 0.000413367 -0.0134425 -0.0198367 -0.000300416 0.999803 0.0194321 0.0 0.0 0.0 1.0
chess/seq-06/color/frame-000587.color.png chess/seq-06/color/frame-000590.color.png 0.999561 -0.0147384 0.0256912 -0.0682344 0.0148533 0.999881 -0.00428765 -0.0183373 -0.0256249 0.00466742 0.999661 0.034976 0.0 0.0 0.0 1.0
chess/seq-06/color/frame-000590.color.png chess/seq-06/color/frame-000593.color.png 0.999578 -0.0147057 0.0250605 -0.0711493 0.0149828 0.999828 -0.0109025 -0.000949234 -0.0248959 0.0112734 0.999626 0.0324979 0.0 0.0 0.0 1.0
chess/seq-06/color/frame-000593.color.png chess/seq-06/color/frame-000596.color.png 0.999829 -0.00115955 0.0184307 -0.0610567 0.00128705 0.999975 -0.00690787 -0.00747803 -0.0184222 0.00693042 0.999806 0.0252181 0.0 0.0 0.0 1.0
chess/seq-06/color/frame-000596.color.png chess/seq-06/color/frame-000599.color.png 0.999714 -0.0115407 0.0209706 -0.0719305 0.0117547 0.99988 -0.0101077 0.0036988 -0.0208515 0.0103514 0.999729 0.0180598 0.0 0.0 0.0 1.0
chess/seq-06/color/frame-000599.color.png chess/seq-06/color/frame-000602.color.png 0.999891 0.000372637 0.0147313 -0.0569632 -0.000228935 0.999952 -0.00975495 0.0107612 -0.0147342 0.0097504 0.999844 0.0198874 0.0 0.0 0.0 1.0
chess/seq-06/color/frame-000602.color.png chess/seq-06/color/frame-000605.color.png 0.999964 -0.00367023 0.00768989 -0.0432166 0.00366683 0.999993 0.000458499 -0.0122428 -0.00769151 -0.000430251 0.99997 0.00944304 0.0 0.0 0.0 1.0
chess/seq-06/color/frame-000605.color.png chess/seq-06/color/frame-000608.color.png 0.999983 -0.00249468 0.0052918 -0.0346819 0.00250692 0.999994 -0.00230989 0.00560263 -0.00528602 0.00232317 0.999983 0.00873613 0.0 0.0 0.0 1.0
chess/seq-06/color/frame-000608.color.png chess/seq-06/color/frame-000611.color.png 0.999968 0.00757878 -0.00250289 -0.0196887 -0.00759229 0.999956 -0.00543446 0.0121719 0.00246161 0.00545322 0.999982 0.00212526 0.0 0.0 0.0 1.0
chess/seq-06/color/frame-000611.color.png chess/seq-06/color/frame-000614.color.png 0.999929 0.0112659 -0.00383247 -0.0083313 -0.0112839 0.999925 -0.00471092 0.0130554 0.00377909 0.00475391 0.999982 -0.00174403 0.0 0.0 0.0 1.0
chess/seq-06/color/frame-000614.color.png chess/seq-06/color/frame-000617.color.png 0.999983 -0.00553927 0.00154367 -0.0239878 0.00556676 0.999815 -0.0184098 0.0299448 -0.0014414 0.0184181 0.999829 0.00279927 0.0 0.0 0.0 1.0
chess/seq-06/color/frame-000617.color.png chess/seq-06/color/frame-000620.color.png 0.999959 0.00323279 0.00841347 -0.0350917 -0.00322016 0.999994 -0.00151587 0.00186461 -0.00841831 0.00148867 0.999963 -0.000922918 0.0 0.0 0.0 1.0
chess/seq-06/color/frame-000620.color.png chess/seq-06/color/frame-000623.color.png 0.999924 -0.00271153 0.0120617 -0.0445049 0.00274743 0.999992 -0.00296148 0.00229871 -0.0120536 0.0029944 0.999923 0.00862467 0.0 0.0 0.0 1.0
chess/seq-06/color/frame-000623.color.png chess/seq-06/color/frame-000626.color.png 0.999993 -0.00376976 -0.000852256 -0.0327208 0.00375822 0.999906 -0.0131779 0.0183297 0.000901848 0.0131747 0.999913 -0.00346005 0.0 0.0 0.0 1.0
chess/seq-06/color/frame-000626.color.png chess/seq-06/color/frame-000629.color.png 0.999949 -0.00363978 -0.00943441 -0.0113643 0.00364038 0.999993 4.66284e-05 -0.00183761 0.00943416 -8.09404e-05 0.999956 -0.00576854 0.0 0.0 0.0 1.0
chess/seq-06/color/frame-000629.color.png chess/seq-06/color/frame-000632.color.png 0.999998 0.00149367 0.000985547 -0.0251297 -0.00149565 0.999997 0.00202769 -0.0132521 -0.000982494 -0.00202918 0.999997 -0.000435352 0.0 0.0 0.0 1.0
chess/seq-06/color/frame-000632.color.png chess/seq-06/color/frame-000635.color.png 0.999988 0.0037808 -0.00298665 -0.0194325 -0.00380548 0.999958 -0.00830591 0.018763 0.0029551 0.00831721 0.999961 -0.00145841 0.0 0.0 0.0 1.0
chess/seq-06/color/frame-000635.color.png chess/seq-06/color/frame-000638.color.png 0.999978 0.00279164 0.00599088 -0.0363318 -0.00286455 0.999921 0.0121991 -0.0207129 -0.00595635 -0.012216 0.999908 -0.00444806 0.0 0.0 0.0 1.0
chess/seq-06/color/frame-000638.color.png chess/seq-06/color/frame-000641.color.png 0.999979 0.000634544 0.00645184 -0.037502 -0.000709365 0.999933 0.0115979 -0.0195812 -0.00644404 -0.0116022 0.999912 0.00148594 0.0 0.0 0.0 1.0
chess/seq-06/color/frame-000641.color.png chess/seq-06/color/frame-000644.color.png 0.999956 -0.000910156 -0.00930841 -0.00602695 0.000874658 0.999992 -0.00382053 0.00142089 0.00931181 0.00381218 0.999949 0.00719953 0.0 0.0 0.0 1.0
chess/seq-06/color/frame-000644.color.png chess/seq-06/color/frame-000647.color.png 0.999976 0.00471472 0.00498275 -0.0306375 -0.00473061 0.999984 0.00317882 -0.00332528 -0.00496768 -0.00320232 0.999982 0.00908101 0.0 0.0 0.0 1.0
chess/seq-06/color/frame-000647.color.png chess/seq-06/color/frame-000650.color.png 0.99998 -0.00623455 0.00094427 -0.0309656 0.00623058 0.999972 0.00417854 -0.0124496 -0.000970284 -0.0041726 0.999991 0.0123627 0.0 0.0 0.0 1.0
chess/seq-06/color/frame-000650.color.png chess/seq-06/color/frame-000653.color.png 0.999967 -0.0081527 0.000755699 -0.0285612 0.00815115 0.999965 0.00202931 -0.00447792 -0.000772223 -0.00202299 0.999998 0.0140252 0.0 0.0 0.0 1.0
chess/seq-06/color/frame-000653.color.png chess/seq-06/color/frame-000656.color.png 0.999901 -0.00580112 0.0127875 -0.0460158 0.00574807 0.999975 0.00418002 -0.00510982 -0.0128114 -0.00410615 0.99991 0.012391 0.0 0.0 0.0 1.0
chess/seq-06/color/frame-000656.color.png chess/seq-06/color/frame-000659.color.png 0.999803 -0.0136835 0.0143919 -0.0517954 0.0136442 0.999903 0.0028239 -0.00858632 -0.0144292 -0.00262694 0.999893 0.0119262 0.0 0.0 0.0 1.0
chess/seq-06/color/frame-000659.color.png chess/seq-06/color/frame-000662.color.png 0.999801 0.00232907 0.0198293 -0.0656816 -0.00251842 0.999951 0.00952859 -0.00942773 -0.0198061 -0.00957664 0.999758 0.00769889 0.0 0.0 0.0 1.0
chess/seq-06/color/frame-000662.color.png chess/seq-06/color/frame-000665.color.png 0.999974 -0.00516249 0.00496703 -0.0319314 0.00507325 0.999828 0.0178156 -0.0251176 -0.00505815 -0.0177899 0.999829 -0.000110745 0.0 0.0 0.0 1.0
chess/seq-06/color/frame-000665.color.png chess/seq-06/color/frame-000668.color.png 0.999987 0.00235515 0.00449413 -0.0218691 -0.00245206 0.999762 0.0216975 -0.0325891 -0.00444196 -0.0217082 0.999754 -0.00693154 0.0 0.0 0.0 1.0
chess/seq-06/color/frame-000668.color.png chess/seq-06/color/frame-000671.color.png 0.999959 -0.00455122 -0.00778877 0.00168046 0.00462087 0.999949 0.00895377 -0.0063242 0.00774763 -0.00898944 0.99993 -0.0133548 0.0 0.0 0.0 1.0
chess/seq-06/color/frame-000671.color.png chess/seq-06/color/frame-000674.color.png 0.999894 0.0140932 -0.0037112 0.0017094 -0.0140252 0.999744 0.0177393 -0.016227 0.00396024 -0.0176853 0.999836 -0.0230675 0.0 0.0 0.0 1.0
chess/seq-06/color/frame-000674.color.png chess/seq-06/color/frame-000677.color.png 0.999966 0.00524196 -0.00634557 0.00939514 -0.00512429 0.999817 0.0184222 -0.0236596 0.006441 -0.018389 0.99981 -0.0179861 0.0 0.0 0.0 1.0
chess/seq-06/color/frame-000677.color.png chess/seq-06/color/frame-000680.color.png 0.999816 0.0144908 -0.0125369 0.0252962 -0.014286 0.999766 0.0162747 -0.0180693 0.0127698 -0.0160926 0.999789 -0.0313128 0.0 0.0 0.0 1.0
chess/seq-06/color/frame-000680.color.png chess/seq-06/color/frame-000683.color.png 0.999813 0.0191317 -0.00279131 -0.00406154 -0.0191002 0.999758 0.0109269 -0.00669327 0.00299967 -0.0108714 0.999936 -0.020422 0.0 0.0 0.0 1.0
chess/seq-06/color/frame-000683.color.png chess/seq-06/color/frame-000686.color.png 0.999689 0.0172731 -0.0179784 0.0297801 -0.0169526 0.999697 0.0178255 -0.0285207 0.0182809 -0.0175152 0.99968 -0.0378835 0.0 0.0 0.0 1.0
chess/seq-06/color/frame-000686.color.png chess/seq-06/color/frame-000689.color.png 0.999692 0.0177668 -0.0173252 0.0424325 -0.0176141 0.999805 0.00893113 -0.0045425 0.0174805 -0.00862318 0.99981 -0.0260675 0.0 0.0 0.0 1.0
chess/seq-06/color/frame-000689.color.png chess/seq-06/color/frame-000692.color.png 0.999973 0.00740309 4.6616e-05 -0.00602369 -0.00740311 0.999972 0.00080086 0.00558788 -4.06951e-05 -0.000801071 1.0 -0.0276488 0.0 0.0 0.0 1.0
chess/seq-06/color/frame-000692.color.png chess/seq-06/color/frame-000695.color.png 0.999804 -0.000215897 -0.0197772 0.0426481 0.000225588 1.0 0.000488399 0.0119904 0.0197771 -0.000492936 0.999804 -0.0366805 0.0 0.0 0.0 1.0
chess/seq-06/color/frame-000695.color.png chess/seq-06/color/frame-000698.color.png 0.999909 -0.00471253 -0.0126654 0.0152626 0.00482159 0.999951 0.00859299 -0.011241 0.0126243 -0.00865317 0.999883 -0.0317124 0.0 0.0 0.0 1.0
chess/seq-06/color/frame-000698.color.png chess/seq-06/color/frame-000701.color.png 0.999979 0.0055547 0.00334043 0.00989836 -0.00554929 0.999983 -0.00162598 0.01115 -0.00334942 0.0016074 0.999993 -0.0241499 0.0 0.0 0.0 1.0
chess/seq-06/color/frame-000701.color.png chess/seq-06/color/frame-000704.color.png 0.999747 -0.000702996 0.0224818 -0.0507454 0.000813867 0.999988 -0.00492315 0.0107346 -0.022478 0.00494024 0.999735 -0.0236527 0.0 0.0 0.0 1.0
chess/seq-06/color/frame-000704.color.png chess/seq-06/color/frame-000707.color.png 0.999992 -0.00259122 0.00296059 -0.00210658 0.00262648 0.999925 -0.0119734 0.0166928 -0.00292934 0.011981 0.999924 -0.0228307 0.0 0.0 0.0 1.0
chess/seq-06/color/frame-000707.color.png chess/seq-06/color/frame-000710.color.png 0.999717 0.0137141 0.0194293 -0.025102 -0.013396 0.999776 -0.016404 0.0311816 -0.0196499 0.0161391 0.999677 -0.0252824 0.0 0.0 0.0 1.0
chess/seq-06/color/frame-000710.color.png chess/seq-06/color/frame-000713.color.png 0.999621 -0.00664532 0.026708 -0.0410367 0.00707902 0.999844 -0.0161777 0.0226692 -0.0265963 0.0163608 0.999512 -0.0292264 0.0 0.0 0.0 1.0
chess/seq-06/color/frame-000713.color.png chess/seq-06/color/frame-000716.color.png 0.999813 0.00327091 0.019049 -0.0187882 -0.00314544 0.999973 -0.0066124 0.00653097 -0.0190701 0.00655115 0.999797 -0.0154108 0.0 0.0 0.0 1.0
chess/seq-06/color/frame-000716.color.png chess/seq-06/color/frame-000719.color.png 0.999909 -0.0101854 0.00889298 -0.0151552 0.0104521 0.999481 -0.0304839 0.0421472 -0.00857789 0.0305741 0.999496 -0.0171934 0.0 0.0 0.0 1.0
chess/seq-06/color/frame-000719.color.png chess/seq-06/color/frame-000722.color.png 0.999683 -0.00558344 0.0245438 -0.035359 0.00603873 0.99981 -0.0185157 0.0237839 -0.0244358 0.018658 0.999527 -0.0193125 0.0 0.0 0.0 1.0
chess/seq-06/color/frame-000722.color.png chess/seq-06/color/frame-000725.color.png 0.999858 -0.00992487 0.0136349 -0.0184423 0.0102553 0.99965 -0.0243823 0.0295848 -0.0133881 0.0245187 0.99961 -0.012552 0.0 0.0 0.0 1.0
chess/seq-06/color/frame-000725.color.png chess/seq-06/color/frame-000728.color.png 0.999451 -0.0145932 0.0297571 -0.0466423 0.0154343 0.999482 -0.0282366 0.0332577 -0.0293296 0.0286804 0.999158 -0.00612319 0.0 0.0 0.0 1.0
chess/seq-06/color/frame-000728.color.png chess/seq-06/color/frame-000731.color.png 0.999325 -0.0231244 0.0285284 -0.0461934 0.0240783 0.999147 -0.0335595 0.0362378 -0.027728 0.0342237 0.999029 -0.00244296 0.0 0.0 0.0 1.0
chess/seq-06/color/frame-000731.color.png chess/seq-06/color/frame-000734.color.png 0.999484 -0.0230546 0.0223888 -0.0403823 0.0239862 0.998818 -0.0422746 0.0500998 -0.0213877 0.0427898 0.998855 0.000833631 0.0 0.0 0.0 1.0
chess/seq-06/color/frame-000734.color.png chess/seq-06/color/frame-000737.color.png 0.999618 -0.0245866 0.0126465 -0.0262369 0.0250528 0.998959 -0.0381307 0.0495896 -0.0116958 0.038433 0.999193 0.00547385 0.0 0.0 0.0 1.0
chess/seq-06/color/frame-000737.color.png chess/seq-06/color/frame-000740.color.png 0.999654 -0.0179024 0.0192568 -0.0394534 0.0185687 0.999215 -0.0349999 0.0468371 -0.0186152 0.0353453 0.999202 -0.00264084 0.0 0.0 0.0 1.0
chess/seq-06/color/frame-000740.color.png chess/seq-06/color/frame-000743.color.png 0.999928 -0.00869553 0.00828666 -0.0108864 0.00888705 0.999687 -0.0233651 0.0337508 -0.00808087 0.0234371 0.999693 -0.0171152 0.0 0.0 0.0 1.0
chess/seq-06/color/frame-000743.color.png chess/seq-06/color/frame-000746.color.png 0.999799 -0.0088425 0.0179697 -0.023135 0.00934904 0.999556 -0.0283001 0.0419756 -0.0177115 0.0284625 0.999438 -0.0333233 0.0 0.0 0.0 1.0
chess/seq-06/color/frame-000746.color.png chess/seq-06/color/frame-000749.color.png 0.999843 -0.017615 -0.00172435 0.00350358 0.0175717 0.999592 -0.0225277 0.0342998 0.00212046 0.0224938 0.999745 -0.0435582 0.0 0.0 0.0 1.0
chess/seq-06/color/frame-000749.color.png chess/seq-06/color/frame-000752.color.png 0.999941 -0.00207185 -0.0107047 0.00596277 0.00177511 0.999616 -0.0276607 0.0419948 0.0107579 0.02764 0.99956 -0.0539172 0.0 0.0 0.0 1.0
chess/seq-06/color/frame-000752.color.png chess/seq-06/color/frame-000755.color.png 0.999708 0.0234371 -0.00582352 0.0191398 -0.0235656 0.999456 -0.0230817 0.0533041 0.00527937 0.0232123 0.999717 -0.0403175 0.0 0.0 0.0 1.0
chess/seq-06/color/frame-000755.color.png chess/seq-06/color/frame-000758.color.png 0.998496 0.0547089 0.00365566 0.0132787 -0.0547129 0.998502 0.000984719 0.0297161 -0.00359629 -0.00118325 0.999993 -0.0440319 0.0 0.0 0.0 1.0
chess/seq-06/color/frame-000758.color.png chess/seq-06/color/frame-000761.color.png 0.999299 0.0372294 0.00381879 0.00368345 -0.0372684 0.999248 0.0106918 0.00714608 -0.00341786 -0.0108267 0.999935 -0.0316083 0.0 0.0 0.0 1.0
chess/seq-06/color/frame-000761.color.png chess/seq-06/color/frame-000764.color.png 0.999223 0.0392427 0.0036981 0.00614487 -0.0392717 0.999195 0.00815823 0.0169055 -0.00337495 -0.00829706 0.99996 -0.0265557 0.0 0.0 0.0 1.0
chess/seq-06/color/frame-000764.color.png chess/seq-06/color/frame-000767.color.png 0.99948 0.0322517 0.000286126 0.00464548 -0.0322529 0.99945 0.00768093 0.00674297 -3.82494e-05 -0.00768619 0.99997 -0.013887 0.0 0.0 0.0 1.0
chess/seq-06/color/frame-000767.color.png chess/seq-06/color/frame-000770.color.png 0.99906 0.0433394 0.00126788 0.00867064 -0.0433451 0.999048 0.00487445 0.00207853 -0.0010554 -0.00492484 0.999987 -0.010222 0.0 0.0 0.0 1.0
chess/seq-06/color/frame-000770.color.png chess/seq-06/color/frame-000773.color.png 0.997915 0.0645438 -0.000226114 0.0111148 -0.0645441 0.997898 -0.00576163 0.0305123 -0.00014626 0.00576418 0.999983 -0.00730222 0.0 0.0 0.0 1.0
chess/seq-06/color/frame-000773.color.png chess/seq-06/color/frame-000776.color.png 0.998689 0.0509237 0.00525121 0.0101294 -0.0509902 0.998609 0.0134115 -0.00208898 -0.00456094 -0.0136616 0.999896 -0.0145657 0.0 0.0 0.0 1.0
chess/seq-06/color/frame-000776.color.png chess/seq-06/color/frame-000779.color.png 0.998388 0.0564485 0.00597407 0.00129622 -0.056484 0.998386 0.00595695 0.0105848 -0.00562812 -0.00628476 0.999965 -0.00171053 0.0 0.0 0.0 1.0
chess/seq-06/color/frame-000779.color.png chess/seq-06/color/frame-000782.color.png 0.998984 0.0450408 -0.00173079 0.00845543 -0.0450486 0.998974 -0.00472489 0.0248124 0.00151614 0.004798 0.999987 -0.000917554 0.0 0.0 0.0 1.0
chess/seq-06/color/frame-000782.color.png chess/seq-06/color/frame-000785.color.png 0.998667 0.0503332 -0.0114183 0.0204578 -0.0503245 0.998732 0.00105906 0.00442258 0.0114571 -0.000482989 0.999934 -0.0157588 0.0 0.0 0.0 1.0
chess/seq-06/color/frame-000785.color.png chess/seq-06/color/frame-000788.color.png 0.998985 0.0440682 -0.00937531 0.00871247 -0.0441036 0.99902 -0.00359989 0.0255102 0.00920751 0.00400975 0.99995 -0.0178381 0.0 0.0 0.0 1.0
chess/seq-06/color/frame-000788.color.png chess/seq-06/color/frame-000791.color.png 0.999103 0.0420672 -0.00489018 0.00307548 -0.0420558 0.999113 0.00239176 0.00761315 0.00498646 -0.00218397 0.999985 -0.0115416 0.0 0.0 0.0 1.0
chess/seq-06/color/frame-000791.color.png chess/seq-06/color/frame-000794.color.png 0.999012 0.0261826 -0.0358963 0.0363727 -0.0263466 0.999644 -0.0040977 0.0263697 0.0357762 0.00503939 0.999347 -0.0325091 0.0 0.0 0.0 1.0
chess/seq-06/color/frame-000794.color.png chess/seq-06/color/frame-000797.color.png 0.999809 0.012906 -0.014697 0.0131943 -0.012745 0.999858 0.0109914 -0.00613426 0.0148368 -0.010802 0.999832 -0.0217634 0.0 0.0 0.0 1.0
chess/seq-06/color/frame-000797.color.png chess/seq-06/color/frame-000800.color.png 0.998893 0.0315818 -0.0348547 0.0301176 -0.0320287 0.999411 -0.012343 0.0277019 0.0344443 0.0134457 0.999316 -0.0271721 0.0 0.0 0.0 1.0
chess/seq-06/color/frame-000800.color.png chess/seq-06/color/frame-000803.color.png 0.998709 0.0344359 -0.0373342 0.0377341 -0.0344032 0.999407 0.00151522 0.0149471 0.0373642 -0.000228833 0.999302 -0.0287002 0.0 0.0 0.0 1.0
chess/seq-06/color/frame-000803.color.png chess/seq-06/color/frame-000806.color.png 0.997917 0.0476954 -0.0434427 0.0487257 -0.0483407 0.998734 -0.0139238 0.0240104 0.0427236 0.0159948 0.998959 -0.0357845 0.0 0.0 0.0 1.0
chess/seq-06/color/frame-000806.color.png chess/seq-06/color/frame-000809.color.png 0.997546 0.0503847 -0.0486169 0.068533 -0.0508309 0.998675 -0.00798565 0.0277445 0.0481502 0.0104373 0.998786 -0.0412408 0.0 0.0 0.0 1.0
chess/seq-06/color/frame-000809.color.png chess/seq-06/color/frame-000812.color.png 0.998625 0.0366542 -0.0374844 0.0709686 -0.0366418 0.999328 0.00101742 0.0290975 0.0374965 0.000357506 0.999297 -0.0520447 0.0 0.0 0.0 1.0
chess/seq-06/color/frame-000812.color.png chess/seq-06/color/frame-000815.color.png 0.999536 -0.00500487 -0.0300626 0.0507123 0.00493415 0.999985 -0.00242407 0.0112455 0.0300742 0.0022746 0.999545 -0.0376989 0.0 0.0 0.0 1.0
chess/seq-06/color/frame-000815.color.png chess/seq-06/color/frame-000818.color.png 0.999939 0.00280848 -0.0107087 0.0414312 -0.00276111 0.999986 0.00442475 0.019933 0.010721 -0.00439491 0.999933 -0.025944 0.0 0.0 0.0 1.0
chess/seq-06/color/frame-000818.color.png chess/seq-06/color/frame-000821.color.png 0.999833 0.0141104 -0.0115816 0.0416499 -0.0140924 0.999899 0.00164186 0.00588546 0.0116037 -0.00147838 0.999932 -0.0182338 0.0 0.0 0.0 1.0
chess/seq-06/color/frame-000821.color.png chess/seq-06/color/frame-000824.color.png 0.999353 0.0322905 -0.0158549 0.028667 -0.0325152 0.999371 -0.0141156 0.0157558 0.0153891 0.014622 0.999775 -0.0110065 0.0 0.0 0.0 1.0
chess/seq-06/color/frame-000824.color.png chess/seq-06/color/frame-000827.color.png 0.999602 -0.0243664 -0.0141848 0.0465784 0.0243432 0.999702 -0.00181241 0.000991099 0.0142247 0.0014664 0.999898 -0.00914294 0.0 0.0 0.0 1.0
chess/seq-06/color/frame-000827.color.png chess/seq-06/color/frame-000830.color.png 0.995 -0.0960304 -0.0274601 0.0678416 0.0962389 0.995338 0.00637229 -0.0417137 0.0267201 -0.00898315 0.999603 -0.00718218 0.0 0.0 0.0 1.0
chess/seq-06/color/frame-000830.color.png chess/seq-06/color/frame-000833.color.png 0.997946 -0.0614069 -0.0182311 0.0503579 0.0617965 0.997854 0.0216422 -0.0501442 0.016863 -0.0227243 0.9996 -0.00226617 0.0 0.0 0.0 1.0
chess/seq-06/color/frame-000833.color.png chess/seq-06/color/frame-000836.color.png 0.997135 -0.0754095 -0.0059934 0.0322281 0.0754519 0.997124 0.0071733 -0.0535667 0.00543526 -0.00760503 0.999956 -0.00266224 0.0 0.0 0.0 1.0
chess/seq-06/color/frame-000836.color.png chess/seq-06/color/frame-000839.color.png 0.997242 -0.0739352 -0.00641697 0.0273353 0.0739267 0.997263 -0.00155013 -0.0420931 0.00651397 0.00107149 0.999978 -0.00452042 0.0 0.0 0.0 1.0
chess/seq-06/color/frame-000839.color.png chess/seq-06/color/frame-000842.color.png 0.995641 -0.0923624 -0.0129786 0.0355802 0.092668 0.995374 0.0253377 -0.0731206 0.0105783 -0.0264299 0.999595 -0.00141454 0.0 0.0 0.0 1.0
chess/seq-06/color/frame-000842.color.png chess/seq-06/color/frame-000845.color.png 0.997057 -0.0717254 -0.0270524 0.0672465 0.0722432 0.997212 0.0186756 -0.0647727 0.0256375 -0.020575 0.999459 -0.0109975 0.0 0.0 0.0 1.0
chess/seq-06/color/frame-000845.color.png chess/seq-06/color/frame-000848.color.png 0.99609 -0.0868511 -0.0162051 0.0368844 0.0869998 0.99617 0.00870684 -0.0635198 0.0153869 -0.0100826 0.999831 -0.0129415 0.0 0.0 0.0 1.0
chess/seq-06/color/frame-000848.color.png chess/seq-06/color/frame-000851.color.png 0.9974 -0.0711224 -0.0116193 0.0279945 0.0712837 0.997356 0.0141087 -0.0571151 0.0105851 -0.0149003 0.999833 -0.00754195 0.0 0.0 0.0 1.0
chess/seq-06/color/frame-000851.color.png chess/seq-06/color/frame-000854.color.png 0.998125 -0.0565793 -0.0233698 0.0506329 0.0570717 0.99815 0.0209733 -0.0607501 0.0221399 -0.0222677 0.999507 -0.011132 0.0 0.0 0.0 1.0
chess/seq-06/color/frame-000854.color.png chess/seq-06/color/frame-000857.color.png 0.997128 -0.0685425 -0.0322174 0.0611855 0.0695467 0.997092 0.0311579 -0.0790498 0.029988 -0.033309 0.998995 -0.0174213 0.0 0.0 0.0 1.0
chess/seq-06/color/frame-000857.color.png chess/seq-06/color/frame-000860.color.png 0.998499 -0.0521621 -0.0167075 0.036916 0.0525518 0.998335 0.0237966 -0.0753448 0.0154385 -0.024639 0.999577 -0.00775379 0.0 0.0 0.0 1.0
chess/seq-06/color/frame-000860.color.png chess/seq-06/color/frame-000863.color.png 0.999559 -0.0260801 -0.0141831 0.0330272 0.0263393 0.999484 0.0184076 -0.0349714 0.0136956 -0.018773 0.99973 -0.0125408 0.0 0.0 0.0 1.0
chess/seq-06/color/frame-000863.color.png chess/seq-06/color/frame-000866.color.png 0.999021 -0.0361404 -0.0255249 0.0469776 0.0367695 0.99902 0.0246243 -0.0621812 0.0246099 -0.0255388 0.999371 -0.00697392 0.0 0.0 0.0 1.0
chess/seq-06/color/frame-000866.color.png chess/seq-06/color/frame-000869.color.png 0.999126 -0.0379816 -0.0174627 0.0599369 0.0383696 0.999011 0.0224484 -0.0559201 0.0165928 -0.0230987 0.999596 0.00714028 0.0 0.0 0.0 1.0
chess/seq-06/color/frame-000869.color.png chess/seq-06/color/frame-000872.color.png 0.997323 -0.0706885 -0.0186848 0.0291205 0.0712773 0.996911 0.0329845 -0.106562 0.0162954 -0.034228 0.999281 -0.0039168 0.0 0.0 0.0 1.0
chess/seq-06/color/frame-000872.color.png chess/seq-06/color/frame-000875.color.png 0.999396 -0.0347546 0.00077331 0.0252368 0.0347356 0.999242 0.0175614 -0.0562494 -0.00138309 -0.0175239 0.999845 0.0347115 0.0 0.0 0.0 1.0
chess/seq-06/color/frame-000875.color.png chess/seq-06/color/frame-000878.color.png 0.999478 -0.0323041 -0.000340735 0.0162948 0.0322978 0.99893 0.0330924 -0.0724302 -0.000728705 -0.0330861 0.999452 0.0355707 0.0 0.0 0.0 1.0
chess/seq-06/color/frame-000878.color.png chess/seq-06/color/frame-000881.color.png 0.99982 -0.00953471 -0.0164136 0.021522 0.00968115 0.999914 0.008866 -0.0189442 0.0163276 -0.00902333 0.999826 0.0210254 0.0 0.0 0.0 1.0
chess/seq-06/color/frame-000881.color.png chess/seq-06/color/frame-000884.color.png 0.999511 0.0272686 -0.015334 0.0417246 -0.0272541 0.999628 0.00116242 0.0129719 0.01536 -0.000743964 0.999882 0.00341368 0.0 0.0 0.0 1.0
chess/seq-06/color/frame-000884.color.png chess/seq-06/color/frame-000887.color.png 0.998708 0.0362157 -0.0356542 0.0787203 -0.0364066 0.999326 -0.00472053 0.0416647 0.0354593 0.00601251 0.999353 0.00482035 0.0 0.0 0.0 1.0
chess/seq-06/color/frame-000887.color.png chess/seq-06/color/frame-000890.color.png 0.99857 0.0324441 -0.0424952 0.102541 -0.0335512 0.999109 -0.0256027 0.0460439 0.0416266 0.0269919 0.998769 -2.98023e-05 0.0 0.0 0.0 1.0
chess/seq-06/color/frame-000890.color.png chess/seq-06/color/frame-000893.color.png 0.994196 0.100907 -0.0373164 0.0775172 -0.103723 0.991104 -0.0833928 0.185209 0.0285697 0.0867793 0.995818 -0.0035907 0.0 0.0 0.0 1.0
chess/seq-06/color/frame-000893.color.png chess/seq-06/color/frame-000896.color.png 0.993172 0.111109 -0.0355473 0.0809059 -0.113434 0.990938 -0.0719318 0.189253 0.0272328 0.075473 0.996776 0.00690752 0.0 0.0 0.0 1.0
chess/seq-06/color/frame-000896.color.png chess/seq-06/color/frame-000899.color.png 0.996408 0.0723884 -0.0439522 0.0806882 -0.0744646 0.996087 -0.0475949 0.152155 0.0403349 0.0506968 0.997899 -0.00382191 0.0 0.0 0.0 1.0
chess/seq-06/color/frame-000899.color.png chess/seq-06/color/frame-000902.color.png 0.997839 0.0639302 -0.0151732 0.0476712 -0.0644675 0.997194 -0.0380545 0.123469 0.0126978 0.0389505 0.99916 0.0230854 0.0 0.0 0.0 1.0
chess/seq-06/color/frame-000902.color.png chess/seq-06/color/frame-000905.color.png 0.997476 0.0707939 0.00550352 0.0290301 -0.0704693 0.996462 -0.045799 0.122395 -0.0087264 0.0452955 0.998936 0.0327781 0.0 0.0 0.0 1.0
chess/seq-06/color/frame-000905.color.png chess/seq-06/color/frame-000908.color.png 0.996194 0.0868575 0.00736856 0.0127506 -0.0862924 0.994601 -0.0576359 0.17066 -0.0123348 0.0567806 0.99831 0.04488 0.0 0.0 0.0 1.0
chess/seq-06/color/frame-000908.color.png chess/seq-06/color/frame-000911.color.png 0.998747 0.0481792 -0.0135375 0.0321388 -0.0486355 0.998179 -0.0356862 0.0938345 0.0117934 0.0363 0.999271 0.00892842 0.0 0.0 0.0 1.0
chess/seq-06/color/frame-000911.color.png chess/seq-06/color/frame-000914.color.png 0.997593 0.0693368 0.00122328 0.0137594 -0.0692597 0.99706 -0.0327834 0.113404 -0.0034926 0.0326197 0.999462 0.0342578 0.0 0.0 0.0 1.0
chess/seq-06/color/frame-000914.color.png chess/seq-06/color/frame-000917.color.png 0.998631 0.0514768 -0.00933281 0.0313532 -0.0518326 0.997728 -0.0430472 0.100432 0.00709543 0.043472 0.99903 0.0334495 0.0 0.0 0.0 1.0
chess/seq-06/color/frame-000917.color.png chess/seq-06/color/frame-000920.color.png 0.999832 0.0174563 -0.00554992 0.0288229 -0.0176064 0.999445 -0.0282621 0.0432788 0.00505356 0.0283551 0.999585 0.0420544 0.0 0.0 0.0 1.0
chess/seq-06/color/frame-000920.color.png chess/seq-06/color/frame-000923.color.png 0.999759 0.0202019 0.0085453 0.00604784 -0.0199961 0.999523 -0.0235334 0.0458047 -0.00901662 0.0233569 0.999686 0.0522078 0.0 0.0 0.0 1.0
chess/seq-06/color/frame-000923.color.png chess/seq-06/color/frame-000926.color.png 0.999801 0.0111479 0.0165316 -0.00951493 -0.0108975 0.999826 -0.0151588 0.0236185 -0.0166977 0.0149756 0.999748 0.0677855 0.0 0.0 0.0 1.0
chess/seq-06/color/frame-000926.color.png chess/seq-06/color/frame-000929.color.png 0.999384 0.0345442 -0.00623714 0.0210334 -0.0345901 0.999374 -0.00738955 0.0434671 0.00597797 0.00760076 0.999953 0.0327458 0.0 0.0 0.0 1.0
chess/seq-06/color/frame-000929.color.png chess/seq-06/color/frame-000932.color.png 0.999922 0.00576499 -0.0111044 0.0235873 -0.00582209 0.99997 -0.00511326 0.00667506 0.0110747 0.00517738 0.999925 0.0241505 0.0 0.0 0.0 1.0
chess/seq-06/color/frame-000932.color.png chess/seq-06/color/frame-000935.color.png 0.999775 0.00864426 -0.0193637 0.0458449 -0.00881541 0.999923 -0.00877407 0.0206117 0.0192863 0.00894286 0.999774 0.0170183 0.0 0.0 0.0 1.0
chess/seq-06/color/frame-000935.color.png chess/seq-06/color/frame-000938.color.png 0.999787 0.00941972 -0.0183451 0.0579799 -0.00941929 0.999956 0.000108593 -0.000531882 0.0183453 6.42676e-05 0.999832 0.010488 0.0 0.0 0.0 1.0
chess/seq-06/color/frame-000938.color.png chess/seq-06/color/frame-000941.color.png 0.999695 -0.00446207 -0.0242941 0.0620455 0.00440797 0.999988 -0.00227784 -0.0112472 0.0243038 0.00217005 0.999702 0.00668144 0.0 0.0 0.0 1.0
chess/seq-06/color/frame-000941.color.png chess/seq-06/color/frame-000944.color.png 0.999707 -0.00602369 -0.0234627 0.0581366 0.00607145 0.99998 0.00196437 -0.0185617 0.0234505 -0.00210624 0.999723 0.00171661 0.0 0.0 0.0 1.0
chess/seq-06/color/frame-000944.color.png chess/seq-06/color/frame-000947.color.png 0.999959 -0.000786158 -0.0089854 0.0405517 0.000767805 0.999998 -0.00203906 0.000929356 0.00898695 0.00203205 0.999958 0.0190748 0.0 0.0 0.0 1.0
chess/seq-06/color/frame-000947.color.png chess/seq-06/color/frame-000950.color.png 0.999876 -0.0147706 -0.00538657 0.022108 0.0147888 0.999885 0.00332716 -0.026906 0.00533675 -0.0034063 0.99998 0.0203729 0.0 0.0 0.0 1.0
chess/seq-06/color/frame-000950.color.png chess/seq-06/color/frame-000953.color.png 0.999474 -0.0231334 -0.0227392 0.0461313 0.0232592 0.999716 0.00527941 -0.0503742 0.0226106 -0.00580564 0.999727 0.00239003 0.0 0.0 0.0 1.0
chess/seq-06/color/frame-000953.color.png chess/seq-06/color/frame-000956.color.png 0.999125 -0.0388377 -0.0155445 0.00901103 0.0390904 0.999102 0.0163084 -0.0889175 0.0148971 -0.0169017 0.999746 0.000174403 0.0 0.0 0.0 1.0
chess/seq-06/color/frame-000956.color.png chess/seq-06/color/frame-000959.color.png 0.999433 -0.0277829 -0.0190086 0.0319166 0.0280276 0.999526 0.0127323 -0.0563841 0.0186459 -0.0132579 0.999738 0.0126029 0.0 0.0 0.0 1.0
chess/seq-06/color/frame-000959.color.png chess/seq-06/color/frame-000962.color.png 0.999315 -0.0325907 -0.0175198 0.0220917 0.032929 0.99927 0.0193732 -0.0822947 0.0168756 -0.0199368 0.999659 0.000694394 0.0 0.0 0.0 1.0
chess/seq-06/color/frame-000962.color.png chess/seq-06/color/frame-000965.color.png 0.99931 -0.0270414 -0.0254681 0.0383475 0.0273407 0.99956 0.011482 -0.0513119 0.0251464 -0.0121704 0.99961 -0.00540793 0.0 0.0 0.0 1.0
chess/seq-06/color/frame-000965.color.png chess/seq-06/color/frame-000968.color.png 0.999761 -0.0173891 -0.0132408 0.016934 0.0175432 0.999779 0.0116139 -0.0478829 0.0130359 -0.0118433 0.999845 0.00537634 0.0 0.0 0.0 1.0
chess/seq-06/color/frame-000968.color.png chess/seq-06/color/frame-000971.color.png 0.999488 -0.0284747 -0.0146051 0.0124552 0.0287151 0.999451 0.0165239 -0.076928 0.0141266 -0.0169349 0.999757 0.00138915 0.0 0.0 0.0 1.0
chess/seq-06/color/frame-000971.color.png chess/seq-06/color/frame-000974.color.png 0.999443 -0.024937 -0.0221678 0.0231934 0.0252361 0.999593 0.0133145 -0.0511572 0.0218267 -0.0138665 0.999666 -0.00748062 0.0 0.0 0.0 1.0
chess/seq-06/color/frame-000974.color.png chess/seq-06/color/frame-000977.color.png 0.999467 -0.0180406 -0.027194 0.0362382 0.0185884 0.999627 0.0200263 -0.0491038 0.0268225 -0.0205212 0.99943 -0.0122061 0.0 0.0 0.0 1.0
chess/seq-06/color/frame-000977.color.png chess/seq-06/color/frame-000980.color.png 0.999732 -0.00787402 -0.0217778 0.0263003 0.0082386 0.999827 0.0167024 -0.0327443 0.0216426 -0.0168773 0.999623 -0.0182778 0.0 0.0 0.0 1.0
chess/seq-06/color/frame-000980.color.png chess/seq-06/color/frame-000983.color.png 0.999702 -0.0106475 -0.0219662 0.0201498 0.0110323 0.999786 0.0174723 -0.0358255 0.0217755 -0.0177094 0.999606 -0.0186977 0.0 0.0 0.0 1.0
chess/seq-06/color/frame-000983.color.png chess/seq-06/color/frame-000986.color.png 0.999741 -0.00870147 -0.0210049 0.0216849 0.00913409 0.999746 0.0205901 -0.0317329 0.0208203 -0.0207766 0.999567 -0.0254329 0.0 0.0 0.0 1.0
chess/seq-06/color/frame-000986.color.png chess/seq-06/color/frame-000989.color.png 0.999494 0.0068683 -0.031042 0.0487821 -0.00630459 0.999814 0.0182213 -0.0250465 0.0311615 -0.0180164 0.999352 -0.0394393 0.0 0.0 0.0 1.0
chess/seq-06/color/frame-000989.color.png chess/seq-06/color/frame-000992.color.png 0.999731 -0.00428976 -0.0227969 0.0270739 0.00466135 0.999857 0.0162735 -0.022712 0.0227237 -0.0163754 0.999608 -0.0294613 0.0 0.0 0.0 1.0
chess/seq-06/color/frame-000992.color.png chess/seq-06/color/frame-000995.color.png 0.999874 -0.00777444 -0.0138558 0.0175709 0.00799678 0.999839 0.0160626 -0.0305199 0.0137286 -0.0161713 0.999775 -0.0182166 0.0 0.0 0.0 1.0
chess/seq-06/color/frame-000995.color.png chess/seq-06/color/frame-000998.color.png 0.999907 -0.000751803 -0.0135925 0.0232338 0.000964337 0.999877 0.0156368 -0.0245143 0.0135791 -0.0156484 0.999785 -0.0169138 0.0 0.0 0.0 1.0
