chess/seq-06/color/frame-000001.color.png chess/seq-06/color/frame-000004.color.png 0.999999 4.83793e-05 -0.00172795 0.00256861 -4.3817e-05 0.999996 0.00264026 0.0024715 0.00172807 -0.00264018 0.999995 0.00724766 0.0 0.0 0.0 1.0
chess/seq-06/color/frame-000004.color.png chess/seq-06/color/frame-000007.color.png 0.999977 0.00328602 -0.00599715 0.00873674 -0.00325089 0.999978 0.005857 -0.00187359 0.00601627 -0.00583737 0.999965 0.0100739 0.0 0.0 0.0 1.0
chess/seq-06/color/frame-000007.color.png chess/seq-06/color/frame-000010.color.png 0.999981 0.00545062 0.00287589 -0.000660426 -0.00547613 0.999945 0.00894012 -0.00188958 -0.002827 -0.0089557 0.999956 0.0121437 0.0 0.0 0.0 1.0
chess/seq-06/color/frame-000010.color.png chess/seq-06/color/frame-000013.color.png 0.99998 -0.0022599 -0.00586092 0.00791694 0.00232069 0.999943 0.0103847 -0.00372478 0.00583712 -0.0103981 0.999929 0.020166 0.0 0.0 0.0 1.0
chess/seq-06/color/frame-000013.color.png chess/seq-06/color/frame-000016.color.png 0.999996 0.0016832 -0.00249803 0.00943293 -0.00168549 0.999998 -0.000912943 0.000405263 0.00249649 0.000917144 0.999996 0.0172365 0.0 0.0 0.0 1.0
chess/seq-06/color/frame-000016.color.png chess/seq-06/color/frame-000019.color.png 0.999995 0.000526926 0.00304656 0.00328968 -0.0005332 0.999998 0.00205928 -0.0131888 -0.00304547 -0.00206089 0.999993 0.0316983 0.0 0.0 0.0 1.0
chess/seq-06/color/frame-000019.color.png chess/seq-06/color/frame-000022.color.png 0.999996 -0.00274851 -0.000815465 0.0049404 0.0027475 0.999995 -0.00124072 0.00592452 0.000818872 0.00123846 0.999999 0.0400485 0.0 0.0 0.0 1.0
chess/seq-06/color/frame-000022.color.png chess/seq-06/color/frame-000025.color.png 0.999991 -0.00408136 -0.000435908 0.00128759 0.00408538 0.999945 0.00965446 -0.0185897 0.000396479 -0.00965615 0.999953 0.040328 0.0 0.0 0.0 1.0
chess/seq-06/color/frame-000025.color.png chess/seq-06/color/frame-000028.color.png 0.999972 0.00443283 0.00600022 -0.01312 -0.00438549 0.999959 -0.00787972 -0.0182609 -0.0060349 0.00785319 0.999951 0.0728632 0.0 0.0 0.0 1.0
chess/seq-06/color/frame-000028.color.png chess/seq-06/color/frame-000031.color.png 0.999998 0.0016027 0.000706817 -0.00685422 -0.00159772 0.999974 -0.00699393 -0.00986639 -0.000718008 0.00699279 0.999975 0.0583647 0.0 0.0 0.0 1.0
chess/seq-06/color/frame-000031.color.png chess/seq-06/color/frame-000034.color.png 0.999973 0.00586634 -0.00431401 -0.00510551 -0.00586577 0.999983 0.00014387 -0.015834 0.00431478 -0.000118561 0.999991 0.0630327 0.0 0.0 0.0 1.0
chess/seq-06/color/frame-000034.color.png chess/seq-06/color/frame-000037.color.png 0.999753 0.00971156 -0.0199753 0.0134375 -0.00947127 0.999882 0.012089 -0.0178693 0.0200903 -0.0118969 0.999727 0.0573379 0.0 0.0 0.0 1.0
chess/seq-06/color/frame-000037.color.png chess/seq-06/color/frame-000040.color.png 0.999973 0.00567314 -0.0047392 -0.0134274 -0.00561688 0.999915 0.0118013 -0.0121213 0.00480574 -0.0117744 0.999919 0.0640641 0.0 0.0 0.0 1.0
chess/seq-06/color/frame-000040.color.png chess/seq-06/color/frame-000043.color.png 0.999838 0.00446758 -0.0174082 0.0114158 -0.00415944 0.999835 0.0176969 -0.0206534 0.0174844 -0.0176216 0.999692 0.067868 0.0 0.0 0.0 1.0
chess/seq-06/color/frame-000043.color.png chess/seq-06/color/frame-000046.color.png 0.999932 -3.96682e-05 -0.0117053 0.0103687 6.5606e-05 0.999998 0.00221604 -0.00509962 0.0117052 -0.00221666 0.999929 0.0535226 0.0 0.0 0.0 1.0
chess/seq-06/color/frame-000046.color.png chess/seq-06/color/frame-000049.color.png 0.999941 0.00214918 -0.0106717 0.00679268 -0.00207186 0.999972 0.0072504 -0.0226987 0.010687 -0.00722785 0.999917 0.0604236 0.0 0.0 0.0 1.0
chess/seq-06/color/frame-000049.color.png chess/seq-06/color/frame-000052.color.png 0.999966 0.00514897 -0.00649705 0.0102188 -0.00512573 0.99998 0.00358938 -0.0244477 0.0065154 -0.00355594 0.999973 0.0566713 0.0 0.0 0.0 1.0
chess/seq-06/color/frame-000052.color.png chess/seq-06/color/frame-000055.color.png 0.999797 -0.00945142 -0.0178091 0.0193417 0.00937647 0.999947 -0.00428755 -0.00537421 0.0178487 0.00411969 0.999832 0.0605543 0.0 0.0 0.0 1.0
chess/seq-06/color/frame-000055.color.png chess/seq-06/color/frame-000058.color.png 0.999956 -0.00232238 -0.00910728 0.00451996 0.00233673 0.999996 0.00156528 -0.00982589 0.00910361 -0.00158648 0.999957 0.0495825 0.0 0.0 0.0 1.0
chess/seq-06/color/frame-000058.color.png chess/seq-06/color/frame-000061.color.png 0.999876 0.0029652 -0.0154705 0.0264309 -0.00287766 0.99998 0.0056777 -0.0136877 0.015487 -0.00563247 0.999864 0.0596762 0.0 0.0 0.0 1.0
chess/seq-06/color/frame-000061.color.png chess/seq-06/color/frame-000064.color.png 0.999971 0.00201799 -0.00735606 0.00894253 -0.00189517 0.999859 0.0166662 -0.0223896 0.00738869 -0.0166518 0.999834 0.0576558 0.0 0.0 0.0 1.0
chess/seq-06/color/frame-000064.color.png chess/seq-06/color/frame-000067.color.png 0.999974 0.00645004 -0.0031 0.00139022 -0.00640838 0.999892 0.0132635 -0.0239165 0.00318519 -0.0132433 0.999907 0.0597236 0.0 0.0 0.0 1.0
chess/seq-06/color/frame-000067.color.png chess/seq-06/color/frame-000070.color.png 0.999928 -0.00202011 -0.0117936 0.00952375 0.00206705 0.99999 0.00396982 -0.0117868 0.0117854 -0.0039939 0.999923 0.0547665 0.0 0.0 0.0 1.0
chess/seq-06/color/frame-000070.color.png chess/seq-06/color/frame-000073.color.png 0.999978 0.00518938 -0.00421254 0.00150361 -0.00516524 0.99997 0.00571998 -0.0173208 0.0042421 -0.00569809 0.999975 0.0508709 0.0 0.0 0.0 1.0
chess/seq-06/color/frame-000073.color.png chess/seq-06/color/frame-000076.color.png 0.999973 0.00303426 0.00664033 -0.0113944 -0.00302627 0.999995 -0.00121604 -0.0155857 -0.006644 0.00119591 0.999977 0.0526583 0.0 0.0 0.0 1.0
chess/seq-06/color/frame-000076.color.png chess/seq-06/color/frame-000079.color.png 0.999866 -0.00995655 0.0130262 -0.021488 0.0100049 0.999943 -0.00365169 -0.0132834 -0.0129891 0.00378151 0.999909 0.058501 0.0 0.0 0.0 1.0
chess/seq-06/color/frame-000079.color.png chess/seq-06/color/frame-000082.color.png 0.999998 0.00108708 -0.00179669 0.0106689 -0.00111864 0.999843 -0.017657 0.0167031 0.00177726 0.017659 0.999842 0.0492451 0.0 0.0 0.0 1.0
chess/seq-06/color/frame-000082.color.png chess/seq-06/color/frame-000085.color.png 0.999994 -0.00238831 0.00238924 -0.0121819 0.00239614 0.999992 -0.00328429 -4.87864e-05 -0.00238138 0.00329 0.999992 0.0528654 0.0 0.0 0.0 1.0
chess/seq-06/color/frame-000085.color.png chess/seq-06/color/frame-000088.color.png 0.999972 0.00248685 -0.00708443 0.00210308 -0.00249461 0.999996 -0.00108672 -0.00455847 0.00708178 0.00110435 0.999974 0.0486516 0.0 0.0 0.0 1.0
chess/seq-06/color/frame-000088.color.png chess/seq-06/color/frame-000091.color.png 0.999964 0.00726368 -0.00444789 -0.00196743 -0.00725176 0.99997 0.00268904 -0.00723702 0.00446727 -0.00265666 0.999987 0.0461165 0.0 0.0 0.0 1.0
chess/seq-06/color/frame-000091.color.png chess/seq-06/color/frame-000094.color.png 0.999814 0.0138598 -0.0134271 0.0283935 -0.0137814 0.999888 0.00590881 -0.0229002 0.0135074 -0.00572267 0.999892 0.0496631 0.0 0.0 0.0 1.0
chess/seq-06/color/frame-000094.color.png chess/seq-06/color/frame-000097.color.png 0.999885 -0.00510064 -0.0142677 0.0217258 0.0049515 0.999933 -0.0104683 0.0142735 0.0143202 0.0103965 0.999843 0.0385952 0.0 0.0 0.0 1.0
chess/seq-06/color/frame-000097.color.png chess/seq-06/color/frame-000100.color.png 0.999977 0.00193421 -0.00647153 0.0163713 -0.00201115 0.999927 -0.011906 0.0140686 0.00644803 0.0119188 0.999908 0.0395751 0.0 0.0 0.0 1.0
chess/seq-06/color/frame-000100.color.png chess/seq-06/color/frame-000103.color.png 0.999976 0.00678438 -0.00151299 0.0138492 -0.0067771 0.999966 0.00476269 -0.0204894 0.00154523 -0.00475233 0.999988 0.0416356 0.0 0.0 0.0 1.0
chess/seq-06/color/frame-000103.color.png chess/seq-06/color/frame-000106.color.png 0.999993 0.00224046 -0.00310329 0.0145327 -0.00227062 0.99995 -0.00974736 0.0139425 0.00308131 0.00975435 0.999948 0.0434371 0.0 0.0 0.0 1.0
chess/seq-06/color/frame-000106.color.png chess/seq-06/color/frame-000109.color.png 0.99997 0.0049204 -0.00588312 0.0209731 -0.00494874 0.999976 -0.00481078 0.00590751 0.00585931 0.00483974 0.999971 0.0451903 0.0 0.0 0.0 1.0
chess/seq-06/color/frame-000109.color.png chess/seq-06/color/frame-000112.color.png 0.999809 0.0149118 -0.012666 0.0268766 -0.015063 0.999815 -0.0119289 0.0125824 0.0124858 0.0121174 0.999849 0.0461314 0.0 0.0 0.0 1.0
chess/seq-06/color/frame-000112.color.png chess/seq-06/color/frame-000115.color.png 0.999723 0.00645731 -0.0226574 0.0421424 -0.00638035 0.999974 0.00346679 -0.00878841 0.0226792 -0.00332126 0.999737 0.0392668 0.0 0.0 0.0 1.0
chess/seq-06/color/frame-000115.color.png chess/seq-06/color/frame-000118.color.png 0.999804 0.00367735 -0.0194774 0.038411 -0.00349222 0.999949 0.00952915 -0.0235435 0.0195115 -0.00945928 0.999765 0.0355988 0.0 0.0 0.0 1.0
chess/seq-06/color/frame-000118.color.png chess/seq-06/color/frame-000121.color.png 0.99994 -0.00156973 -0.0107892 0.0167311 0.00164786 0.999972 0.00723917 -0.0134516 0.0107776 -0.00725651 0.999916 0.0366153 0.0 0.0 0.0 1.0
chess/seq-06/color/frame-000121.color.png chess/seq-06/color/frame-000124.color.png 0.999949 0.00954849 -0.00332859 0.00731193 -0.0095067 0.999878 0.0123557 -0.0254212 0.00344616 -0.0123234 0.999918 0.0302234 0.0 0.0 0.0 1.0
chess/seq-06/color/frame-000124.color.png chess/seq-06/color/frame-000127.color.png 0.999993 -0.00240602 -0.00273805 0.00876726 0.00242733 0.999967 0.00781174 -0.0136203 0.00271913 -0.00781833 0.999966 0.0294404 0.0 0.0 0.0 1.0
chess/seq-06/color/frame-000127.color.png chess/seq-06/color/frame-000130.color.png 0.999985 0.000734187 0.0055011 -0.0122384 -0.000711059 0.999991 -0.00420798 0.00738704 -0.00550415 0.00420402 0.999976 0.0334574 0.0 0.0 0.0 1.0
chess/seq-06/color/frame-000130.color.png chess/seq-06/color/frame-000133.color.png 0.999979 0.00622205 0.00171792 -0.00585807 -0.00621534 0.999973 -0.00387105 0.00234324 -0.00174195 0.00386026 0.999991 0.0256166 0.0 0.0 0.0 1.0
chess/seq-06/color/frame-000133.color.png chess/seq-06/color/frame-000136.color.png 0.999978 -0.00531791 -0.00401213 0.00246944 0.00533717 0.999974 0.00480642 -0.0117508 0.00398653 -0.00482772 0.99998 0.0333796 0.0 0.0 0.0 1.0
chess/seq-06/color/frame-000136.color.png chess/seq-06/color/frame-000139.color.png 0.999999 0.00143926 0.000476147 -0.00417577 -0.0014405 0.999996 0.00259783 -0.00973338 -0.000472452 -0.00259851 0.999997 0.0352716 0.0 0.0 0.0 1.0
chess/seq-06/color/frame-000139.color.png chess/seq-06/color/frame-000142.color.png 0.999966 0.00141524 0.00811821 -0.0153372 -0.00143446 0.999996 0.00236048 -0.0099363 -0.00811483 -0.00237204 0.999964 0.0347171 0.0 0.0 0.0 1.0
chess/seq-06/color/frame-000142.color.png chess/seq-06/color/frame-000145.color.png 0.99998 -0.00634917 -0.000420281 0.0023883 0.00634881 0.99998 -0.000887089 0.000703812 0.000425876 0.000884397 1.0 0.0240078 0.0 0.0 0.0 1.0
chess/seq-06/color/frame-000145.color.png chess/seq-06/color/frame-000148.color.png 0.99997 0.00467855 -0.00610221 0.0159217 -0.00459809 0.999903 0.013134 -0.0334191 0.00616308 -0.0131055 0.999895 0.0300171 0.0 0.0 0.0 1.0
chess/seq-06/color/frame-000148.color.png chess/seq-06/color/frame-000151.color.png 0.999999 -0.00101187 8.57913e-06 -0.00135093 0.00101184 0.999999 0.0013322 0.00153553 -9.95566e-06 -0.00133221 0.999999 0.0215087 0.0 0.0 0.0 1.0
chess/seq-06/color/frame-000151.color.png chess/seq-06/color/frame-000154.color.png 0.999958 0.00701005 -0.00592589 0.0106629 -0.00699098 0.99997 0.0032315 -0.00680521 0.00594837 -0.00318995 0.999977 0.024606 0.0 0.0 0.0 1.0
chess/seq-06/color/frame-000154.color.png chess/seq-06/color/frame-000157.color.png 0.999996 0.00201611 -0.00188963 0.00339107 -0.002003 0.999974 0.00692077 -0.0150458 0.00190351 -0.00691693 0.999974 0.0120091 0.0 0.0 0.0 1.0
chess/seq-06/color/frame-000157.color.png chess/seq-06/color/frame-000160.color.png 0.999992 0.00403492 0.000150888 -0.000286089 -0.00403577 0.999973 0.00617313 -0.0140383 -0.000125883 -0.00617371 0.999981 0.0115366 0.0 0.0 0.0 1.0
chess/seq-06/color/frame-000160.color.png chess/seq-06/color/frame-000163.color.png 0.999994 0.00198322 0.0028167 -0.00479347 -0.00200843 0.999958 0.00897146 -0.0179744 -0.00279883 -0.00897708 0.999956 0.00644898 0.0 0.0 0.0 1.0
chess/seq-06/color/frame-000163.color.png chess/seq-06/color/frame-000166.color.png 0.999993 -0.000414519 -0.00362787 0.015752 0.000451291 0.999949 0.0101363 -0.0235651 0.00362354 -0.0101379 0.999942 -8.51154e-05 0.0 0.0 0.0 1.0
chess/seq-06/color/frame-000166.color.png chess/seq-06/color/frame-000169.color.png 0.999975 -0.0016081 -0.00681977 0.0199508 0.00163883 0.999988 0.00449917 -0.0062831 0.00681242 -0.00451024 0.999967 -0.00325298 0.0 0.0 0.0 1.0
chess/seq-06/color/frame-000169.color.png chess/seq-06/color/frame-000172.color.png 0.999897 0.007708 -0.012085 0.0401273 -0.00761776 0.999943 0.00749724 -0.0173843 0.0121421 -0.00740442 0.999899 -0.0149274 0.0 0.0 0.0 1.0
chess/seq-06/color/frame-000172.color.png chess/seq-06/color/frame-000175.color.png 0.999779 0.0131406 -0.0164038 0.0645043 -0.0129538 0.999851 0.0114423 -0.0273503 0.0165516 -0.0112273 0.9998 -0.0275135 0.0 0.0 0.0 1.0
chess/seq-06/color/frame-000175.color.png chess/seq-06/color/frame-000178.color.png 0.999825 0.0124779 -0.013963 0.0558834 -0.0123531 0.999883 0.00898361 -0.0193223 0.0140735 -0.00880957 0.999862 -0.0255353 0.0 0.0 0.0 1.0
chess/seq-06/color/frame-000178.color.png chess/seq-06/color/frame-000181.color.png 0.999742 0.0205425 -0.00965031 0.062979 -0.0205025 0.999781 0.00423481 -0.00712678 0.00973519 -0.00403583 0.999945 -0.0339844 0.0 0.0 0.0 1.0
chess/seq-06/color/frame-000181.color.png chess/seq-06/color/frame-000184.color.png 0.999679 0.0100153 -0.0232783 0.09996 -0.00976855 0.999895 0.0106912 -0.0176105 0.023383 -0.0104603 0.999672 -0.0419796 0.0 0.0 0.0 1.0
chess/seq-06/color/frame-000184.color.png chess/seq-06/color/frame-000187.color.png 0.99975 0.0166555 -0.0149236 0.0834399 -0.0166344 0.99986 0.00153633 0.00316861 0.0149471 -0.00128773 0.999888 -0.0375574 0.0 0.0 0.0 1.0
chess/seq-06/color/frame-000187.color.png chess/seq-06/color/frame-000190.color.png 0.999897 0.00238956 -0.0141776 0.0887125 -0.00234508 0.999992 0.00315061 0.000199884 0.014185 -0.00311704 0.999894 -0.051162 0.0 0.0 0.0 1.0
chess/seq-06/color/frame-000190.color.png chess/seq-06/color/frame-000193.color.png 0.999957 -0.00282205 -0.0088831 0.0647615 0.00283393 0.999995 0.00132983 0.00492761 0.00887929 -0.00135491 0.99996 -0.0311172 0.0 0.0 0.0 1.0
chess/seq-06/color/frame-000193.color.png chess/seq-06/color/frame-000196.color.png 0.999958 0.00394208 -0.00831201 0.0604545 -0.00396031 0.99999 -0.00217994 0.00798419 0.00830341 0.00221271 0.999963 -0.0222797 0.0 0.0 0.0 1.0
chess/seq-06/color/frame-000196.color.png chess/seq-06/color/frame-000199.color.png 0.999879 0.0140487 -0.00673807 0.0711897 -0.0139901 0.999865 0.00867655 -0.001773 0.00685887 -0.00858123 0.99994 -0.022943 0.0 0.0 0.0 1.0
chess/seq-06/color/frame-000199.color.png chess/seq-06/color/frame-000202.color.png 0.999891 0.00865603 -0.0119773 0.0685756 -0.0085629 0.999933 0.00780531 -0.00858203 0.0120441 -0.00770192 0.999898 -0.0182433 0.0 0.0 0.0 1.0
chess/seq-06/color/frame-000202.color.png chess/seq-06/color/frame-000205.color.png 0.999609 0.00200603 -0.0278882 0.122536 -0.00198882 0.999998 0.000644799 0.00433996 0.0278894 -0.000589095 0.999611 -0.0218065 0.0 0.0 0.0 1.0
chess/seq-06/color/frame-000205.color.png chess/seq-06/color/frame-000208.color.png 0.999768 -0.00761356 -0.0201449 0.0898283 0.00765655 0.999969 0.00205798 -0.00954744 0.0201286 -0.00221171 0.999795 -0.0185437 0.0 0.0 0.0 1.0
chess/seq-06/color/frame-000208.color.png chess/seq-06/color/frame-000211.color.png 0.999766 -0.0118948 -0.0180808 0.106931 0.0116339 0.999828 -0.0144677 0.0214778 0.0182498 0.014254 0.999732 -0.0126882 0.0 0.0 0.0 1.0
chess/seq-06/color/frame-000211.color.png chess/seq-06/color/frame-000214.color.png 0.999777 0.00268189 -0.0209618 0.103558 -0.00276934 0.999988 -0.00414417 0.0029369 0.0209503 0.00420125 0.999772 -0.0242831 0.0 0.0 0.0 1.0
chess/seq-06/color/frame-000214.color.png chess/seq-06/color/frame-000217.color.png 0.999849 -0.000150804 -0.017374 0.083683 9.4653e-05 0.999995 -0.00323628 0.00435117 0.0173745 0.00323415 0.999844 -0.0222827 0.0 0.0 0.0 1.0
chess/seq-06/color/frame-000217.color.png chess/seq-06/color/frame-000220.color.png 0.999784 -0.00127194 -0.0207184 0.112147 0.00107864 0.999956 -0.00933462 0.01862 0.0207293 0.00931029 0.999742 -0.0332142 0.0 0.0 0.0 1.0
chess/seq-06/color/frame-000220.color.png chess/seq-06/color/frame-000223.color.png 0.999225 -0.0157813 -0.0360691 0.117724 0.0163305 0.999754 0.014982 -0.0248314 0.0358237 -0.0155594 0.999237 -0.0551847 0.0 0.0 0.0 1.0
chess/seq-06/color/frame-000223.color.png chess/seq-06/color/frame-000226.color.png 0.998897 0.0106119 -0.0457354 0.193962 -0.0101021 0.999884 0.0113622 -0.00325584 0.0458509 -0.0108877 0.998889 -0.0328308 0.0 0.0 0.0 1.0
chess/seq-06/color/frame-000226.color.png chess/seq-06/color/frame-000229.color.png 0.999498 -0.00187863 -0.0316232 0.131656 0.00199935 0.999991 0.00378783 -0.00796774 0.0316157 -0.00384913 0.999493 -0.0514057 0.0 0.0 0.0 1.0
chess/seq-06/color/frame-000229.color.png chess/seq-06/color/frame-000232.color.png 0.999726 -0.0102556 -0.02106 0.0933747 0.0103519 0.999937 0.00446445 -0.0160396 0.0210129 -0.00468127 0.999768 -0.0370331 0.0 0.0 0.0 1.0
chess/seq-06/color/frame-000232.color.png chess/seq-06/color/frame-000235.color.png 0.999736 0.00813365 -0.0214693 0.0979698 -0.00816109 0.999966 -0.00119085 0.00821111 0.021459 0.00136574 0.999769 -0.0289115 0.0 0.0 0.0 1.0
chess/seq-06/color/frame-000235.color.png chess/seq-06/color/frame-000238.color.png 0.999597 -0.00512591 -0.027924 0.115569 0.00501961 0.99998 -0.00387781 0.00882712 0.0279433 0.00373606 0.999602 -0.0278251 0.0 0.0 0.0 1.0
chess/seq-06/color/frame-000238.color.png chess/seq-06/color/frame-000241.color.png 0.999414 0.0208292 -0.0271726 0.121741 -0.0207893 0.999782 0.00175046 0.011373 0.0272032 -0.00118446 0.999629 -0.0285169 0.0 0.0 0.0 1.0
chess/seq-06/color/frame-000241.color.png chess/seq-06/color/frame-000244.color.png 0.999195 0.00357911 -0.0399676 0.148633 -0.0035635 0.999994 0.000463545 -0.0166253 0.0399688 -0.000320681 0.999201 -0.0384085 0.0 0.0 0.0 1.0
chess/seq-06/color/frame-000244.color.png chess/seq-06/color/frame-000247.color.png 0.999866 -0.00680177 -0.0148601 0.0978301 0.00664392 0.999921 -0.0106434 -0.000538707 0.0149314 0.0105432 0.999833 -0.0252512 0.0 0.0 0.0 1.0
chess/seq-06/color/frame-000247.color.png chess/seq-06/color/frame-000250.color.png 0.999942 0.00331954 -0.0102929 0.0792046 -0.00339151 0.99997 -0.00698282 0.0105693 0.0102694 0.00701732 0.999923 -0.0146435 0.0 0.0 0.0 1.0
chess/seq-06/color/frame-000250.color.png chess/seq-06/color/frame-000253.color.png 0.999837 0.00116234 -0.0180171 0.0978891 -0.00141979 0.999897 -0.0142852 0.0282473 0.0179984 0.0143085 0.999735 -0.0382022 0.0 0.0 0.0 1.0
chess/seq-06/color/frame-000253.color.png chess/seq-06/color/frame-000256.color.png 0.999484 -0.0221409 -0.0232743 0.101237 0.0221456 0.999755 -5.37722e-05 -0.022149 0.0232699 -0.000461703 0.999729 -0.0485198 0.0 0.0 0.0 1.0
chess/seq-06/color/frame-000256.color.png chess/seq-06/color/frame-000259.color.png 0.999861 -0.0166901 -0.000115457 0.0375392 0.0166869 0.999762 -0.014018 0.0192254 0.000349305 0.0140142 0.999902 0.0084132 0.0 0.0 0.0 1.0
chess/seq-06/color/frame-000259.color.png chess/seq-06/color/frame-000262.color.png 0.999779 -0.0162856 -0.0133178 0.0715687 0.016102 0.999775 -0.0137784 0.0317843 0.0135394 0.0135608 0.999817 0.0102645 0.0 0.0 0.0 1.0
chess/seq-06/color/frame-000262.color.png chess/seq-06/color/frame-000265.color.png 0.999783 -0.020613 0.00306246 0.00604749 0.0206349 0.999761 -0.00727308 -0.000712395 -0.00291195 0.00733476 0.999969 0.0303338 0.0 0.0 0.0 1.0
chess/seq-06/color/frame-000265.color.png chess/seq-06/color/frame-000268.color.png 0.999893 -0.00779867 0.0123665 -0.00599456 0.00806017 0.999742 -0.0212393 0.0640049 -0.0121976 0.0213367 0.999698 0.0601768 0.0 0.0 0.0 1.0
chess/seq-06/color/frame-000268.color.png chess/seq-06/color/frame-000271.color.png 0.999318 0.0346732 -0.0126894 0.0160823 -0.0348757 0.999262 -0.0160986 0.11244 0.0121219 0.0165302 0.99979 0.0131096 0.0 0.0 0.0 1.0
chess/seq-06/color/frame-000271.color.png chess/seq-06/color/frame-000274.color.png 0.999934 0.00949607 -0.00639044 -0.00572288 -0.00959642 0.999828 -0.0158695 0.0592293 0.0062386 0.0159297 0.999854 0.0389538 0.0 0.0 0.0 1.0
chess/seq-06/color/frame-000274.color.png chess/seq-06/color/frame-000277.color.png 0.999989 0.00445657 -0.00156969 -0.0106306 -0.00449963 0.999582 -0.0285698 0.0811321 0.00144158 0.0285765 0.999591 0.047628 0.0 0.0 0.0 1.0
chess/seq-06/color/frame-000277.color.png chess/seq-06/color/frame-000280.color.png 0.999677 -0.00631535 -0.0245956 0.0444616 0.00596685 0.999881 -0.0142159 0.0338201 0.0246825 0.0140645 0.999596 0.018106 0.0 0.0 0.0 1.0
chess/seq-06/color/frame-000280.color.png chess/seq-06/color/frame-000283.color.png 0.999276 -0.0352757 -0.0142175 0.00974953 0.0353024 0.999375 0.00163298 -0.0431153 0.0141511 -0.00213367 0.999898 0.0122821 0.0 0.0 0.0 1.0
chess/seq-06/color/frame-000283.color.png chess/seq-06/color/frame-000286.color.png 0.99941 -0.0330829 0.00920069 -0.028464 0.0333458 0.998992 -0.0300571 0.0498031 -0.0081971 0.0303462 0.999506 0.0364234 0.0 0.0 0.0 1.0
chess/seq-06/color/frame-000286.color.png chess/seq-06/color/frame-000289.color.png 0.99966 -0.0158517 0.0207167 -0.0347645 0.0158516 0.999874 0.000167695 -0.00608455 -0.0207165 0.0001607 0.999786 0.0650692 0.0 0.0 0.0 1.0
chess/seq-06/color/frame-000289.color.png chess/seq-06/color/frame-000292.color.png 0.999686 -0.0094403 0.0231989 -0.0502496 0.00962572 0.999923 -0.0078957 0.0145992 -0.0231226 0.00811652 0.9997 0.0550864 0.0 0.0 0.0 1.0
chess/seq-06/color/frame-000292.color.png chess/seq-06/color/frame-000295.color.png 0.99999 -0.00258232 0.00368059 -0.0242915 0.00260156 0.999983 -0.00523798 0.0314696 -0.00366687 0.00524747 0.99998 0.0272369 0.0 0.0 0.0 1.0
chess/seq-06/color/frame-000295.color.png chess/seq-06/color/frame-000298.color.png 0.999868 -0.0109334 -0.0119912 0.0129365 0.0109526 0.999939 0.00153153 0.0118915 0.0119737 -0.00166261 0.999927 0.0134053 0.0 0.0 0.0 1.0
chess/seq-06/color/frame-000298.color.png chess/seq-06/color/frame-000301.color.png 0.999961 -0.00568485 -0.00675757 0.00300705 0.00571772 0.999972 0.00485286 -0.00390768 0.00672964 -0.0048913 0.999965 0.0129402 0.0 0.0 0.0 1.0
chess/seq-06/color/frame-000301.color.png chess/seq-06/color/frame-000304.color.png 0.999986 -0.00506189 0.0012485 -0.00671232 0.00505998 0.999986 0.0015423 -0.0014945 -0.00125617 -0.00153595 0.999998 0.0286 0.0 0.0 0.0 1.0
chess/seq-06/color/frame-000304.color.png chess/seq-06/color/frame-000307.color.png 0.999917 -0.0122365 0.00406033 -0.00152922 0.0122729 0.999884 -0.00906178 0.00816542 -0.00394899 0.00911086 0.999951 0.0235326 0.0 0.0 0.0 1.0
chess/seq-06/color/frame-000307.color.png chess/seq-06/color/frame-000310.color.png 0.999838 -0.00315833 0.0177462 -0.0408624 0.00315133 0.999995 0.000421228 0.0114127 -0.0177475 -0.00036524 0.999842 0.0315363 0.0 0.0 0.0 1.0
chess/seq-06/color/frame-000310.color.png chess/seq-06/color/frame-000313.color.png 0.999751 -0.0156047 0.0159415 -0.0429469 0.0152368 0.999621 0.0229392 -0.0641028 -0.0162931 -0.0226907 0.99961 0.0519993 0.0 0.0 0.0 1.0
chess/seq-06/color/frame-000313.color.png chess/seq-06/color/frame-000316.color.png 0.999526 -0.0259284 0.0166205 -0.0521002 0.0257672 0.999619 0.00984547 -0.0549738 -0.0168697 -0.00941248 0.999813 0.0434566 0.0 0.0 0.0 1.0
chess/seq-06/color/frame-000316.color.png chess/seq-06/color/frame-000319.color.png 0.999913 0.000278228 0.0131837 -0.0469328 -0.000204297 0.999984 -0.00560904 0.0226082 -0.0131851 0.00560581 0.999897 0.0358896 0.0 0.0 0.0 1.0
chess/seq-06/color/frame-000319.color.png chess/seq-06/color/frame-000322.color.png 0.999842 -0.00881648 0.015451 -0.0456139 0.00873781 0.999949 0.00515109 -0.0155465 -0.0154957 -0.00501526 0.999867 0.036196 0.0 0.0 0.0 1.0
chess/seq-06/color/frame-000322.color.png chess/seq-06/color/frame-000325.color.png 0.999893 -0.00282024 0.0143761 -0.0376875 0.0028227 0.999996 -0.000151034 0.0147951 -0.0143755 0.000191621 0.999897 0.0324049 0.0 0.0 0.0 1.0
chess/seq-06/color/frame-000325.color.png chess/seq-06/color/frame-000328.color.png 0.999934 -0.00648828 0.0095375 -0.0289958 0.00644064 0.999967 0.00501623 -0.0103937 -0.00956975 -0.00495451 0.999942 0.0290506 0.0 0.0 0.0 1.0
chess/seq-06/color/frame-000328.color.png chess/seq-06/color/frame-000331.color.png 0.999986 0.00160627 0.00510083 -0.0280709 -0.00159983 0.999998 -0.00126927 0.0276172 -0.00510268 0.00126112 0.999986 0.018271 0.0 0.0 0.0 1.0
chess/seq-06/color/frame-000331.color.png chess/seq-06/color/frame-000334.color.png 0.99994 -0.0109709 -0.00015029 -0.0139799 0.0109706 0.999937 -0.0024309 0.00316399 0.000176757 0.00242912 0.999997 0.0234466 0.0 0.0 0.0 1.0
chess/seq-06/color/frame-000334.color.png chess/seq-06/color/frame-000337.color.png 0.999956 -0.00928833 -0.000771569 -0.0136369 0.00928342 0.999938 -0.00611657 0.0144843 0.000828351 0.00610911 0.999981 0.0169756 0.0 0.0 0.0 1.0
chess/seq-06/color/frame-000337.color.png chess/seq-06/color/frame-000340.color.png 0.999958 -0.00725881 0.00549698 -0.030484 0.00722842 0.999959 0.00553307 -0.00929995 -0.0055368 -0.00549309 0.999969 0.0282848 0.0 0.0 0.0 1.0
chess/seq-06/color/frame-000340.color.png chess/seq-06/color/frame-000343.color.png 0.999992 -0.0022539 0.00343726 -0.0242543 0.00221128 0.999921 0.0123564 -0.0232786 -0.00346494 -0.0123487 0.999918 0.0217607 0.0 0.0 0.0 1.0
chess/seq-06/color/frame-000343.color.png chess/seq-06/color/frame-000346.color.png 0.999996 0.00255758 0.000780593 -0.0230671 -0.00256128 0.999985 0.00475205 0.00153239 -0.00076839 -0.00475405 0.999988 0.00930691 0.0 0.0 0.0 1.0
chess/seq-06/color/frame-000346.color.png chess/seq-06/color/frame-000349.color.png 0.999945 -0.00687306 -0.00791585 0.00423634 0.00677858 0.999906 -0.0119022 0.0270599 0.00799695 0.0118479 0.999898 0.00127649 0.0 0.0 0.0 1.0
chess/seq-06/color/frame-000349.color.png chess/seq-06/color/frame-000352.color.png 0.999988 -0.00476085 0.00086695 -0.0225782 0.00476941 0.999937 -0.010139 0.0183558 -0.00081885 0.0101431 0.999948 0.0108635 0.0 0.0 0.0 1.0
chess/seq-06/color/frame-000352.color.png chess/seq-06/color/frame-000355.color.png 0.999982 0.00335155 -0.00492189 -0.00793552 -0.00334407 0.999993 0.00153159 0.0123647 0.00492719 -0.00151507 0.999987 0.000631332 0.0 0.0 0.0 1.0
chess/seq-06/color/frame-000355.color.png chess/seq-06/color/frame-000358.color.png 0.999992 0.00369277 0.00143177 -0.0276312 -0.00371004 0.999918 0.0122817 -0.022706 -0.00138653 -0.0122869 0.999924 0.012557 0.0 0.0 0.0 1.0
chess/seq-06/color/frame-000358.color.png chess/seq-06/color/frame-000361.color.png 0.999965 -0.00461986 -0.0069737 -0.00159085 0.00468218 0.999949 0.0089481 -0.0250133 0.00693201 -0.00898044 0.999936 0.00149536 0.0 0.0 0.0 1.0
chess/seq-06/color/frame-000361.color.png chess/seq-06/color/frame-000364.color.png 0.999983 -0.00502278 -0.00287395 -0.00254703 0.00506848 0.999857 0.0161247 -0.04613 0.0027926 -0.016139 0.999866 0.0114748 0.0 0.0 0.0 1.0
chess/seq-06/color/frame-000364.color.png chess/seq-06/color/frame-000367.color.png 0.999911 0.00057414 -0.0133549 0.0250994 -0.000433334 0.999945 0.0105426 -0.020343 0.0133602 -0.0105359 0.999855 0.00030756 0.0 0.0 0.0 1.0
chess/seq-06/color/frame-000367.color.png chess/seq-06/color/frame-000370.color.png 0.999694 -0.0199912 -0.0146028 0.0389403 0.0199111 0.999786 -0.00561137 -0.0108858 0.014712 0.00531888 0.999878 0.00260639 0.0 0.0 0.0 1.0
chess/seq-06/color/frame-000370.color.png chess/seq-06/color/frame-000373.color.png 0.999963 -0.00666265 0.00543352 -0.0153774 0.0066173 0.999944 0.00832262 -0.0280309 -0.0054887 -0.00828636 0.999951 0.0282352 0.0 0.0 0.0 1.0
chess/seq-06/color/frame-000373.color.png chess/seq-06/color/frame-000376.color.png 0.999906 -0.0126594 0.00536012 -0.00865066 0.0126449 0.999916 0.00273059 -0.0227481 -0.00539406 -0.00266256 0.999982 0.0185356 0.0 0.0 0.0 1.0
chess/seq-06/color/frame-000376.color.png chess/seq-06/color/frame-000379.color.png 0.999826 0.0173866 -0.0067968 0.000503063 -0.0174204 0.999836 -0.00494605 0.0346284 0.00670939 0.00506359 0.999965 0.00315785 0.0 0.0 0.0 1.0
chess/seq-06/color/frame-000379.color.png chess/seq-06/color/frame-000382.color.png 0.999996 -0.00251199 0.000763439 -0.0186104 0.00250917 0.99999 0.00366983 -0.0144981 -0.000772402 -0.00366789 0.999993 0.0228646 0.0 0.0 0.0 1.0
chess/seq-06/color/frame-000382.color.png chess/seq-06/color/frame-000385.color.png 0.999946 -0.00955765 0.00403412 -0.0196903 0.00953858 0.999943 0.00471849 -0.0257266 -0.00407901 -0.00467977 0.999981 0.0179675 0.0 0.0 0.0 1.0
chess/seq-06/color/frame-000385.color.png chess/seq-06/color/frame-000388.color.png 0.999983 0.0014341 0.00564449 -0.0262067 -0.00146411 0.999985 0.0053153 -0.00772664 -0.00563681 -0.00532346 0.99997 0.0193667 0.0 0.0 0.0 1.0
chess/seq-06/color/frame-000388.color.png chess/seq-06/color/frame-000391.color.png 0.999878 0.0150969 -0.00407649 -0.00180614 -0.0150705 0.999866 0.00642431 0.00171405 0.00417303 -0.00636209 0.999971 0.00948238 0.0 0.0 0.0 1.0
chess/seq-06/color/frame-000391.color.png chess/seq-06/color/frame-000394.color.png 0.999985 0.00171503 -0.00525531 -0.00455272 -0.00174471 0.999983 -0.00564905 0.018214 0.00524558 0.00565813 0.99997 0.00745916 0.0 0.0 0.0 1.0
chess/seq-06/color/frame-000394.color.png chess/seq-06/color/frame-000397.color.png 0.999997 -0.00117071 0.00188806 -0.0206854 0.001169 0.999999 0.000902826 -0.00668752 -0.0018892 -0.000900628 0.999998 0.00952315 0.0 0.0 0.0 1.0
chess/seq-06/color/frame-000397.color.png chess/seq-06/color/frame-000400.color.png 0.999989 0.000880299 -0.00461954 -0.000516772 -0.000876354 0.999999 0.000858028 -0.00550988 0.00462043 -0.000853958 0.999989 0.000230789 0.0 0.0 0.0 1.0
chess/seq-06/color/frame-000400.color.png chess/seq-06/color/frame-000403.color.png 0.999986 0.00514485 -0.00110731 -0.0128837 -0.00514652 0.999986 -0.00150756 0.0131281 0.00109948 0.00151323 0.999998 0.00471139 0.0 0.0 0.0 1.0
chess/seq-06/color/frame-000403.color.png chess/seq-06/color/frame-000406.color.png 0.999943 0.00699669 -0.00802756 0.00630319 -0.00695825 0.999964 0.00480642 -0.000931293 0.00806077 -0.00475029 0.999956 -0.00380802 0.0 0.0 0.0 1.0
chess/seq-06/color/frame-000406.color.png chess/seq-06/color/frame-000409.color.png 0.999985 0.00262199 -0.00477142 -0.00375998 -0.00260944 0.999993 0.00263467 0.00262791 0.00477839 -0.00262217 0.999985 0.00151467 0.0 0.0 0.0 1.0
chess/seq-06/color/frame-000409.color.png chess/seq-06/color/frame-000412.color.png 0.999981 0.00565445 -0.00227096 -0.0112771 -0.00564364 0.999973 0.00474167 -0.0085468 0.00229769 -0.00472876 0.999986 0.00539279 0.0 0.0 0.0 1.0
chess/seq-06/color/frame-000412.color.png chess/seq-06/color/frame-000415.color.png 0.99999 0.00416449 -0.00177127 0.000125289 -0.00415861 0.999986 0.0033081 -0.00435534 0.00178517 -0.0033007 0.999993 0.00625396 0.0 0.0 0.0 1.0
chess/seq-06/color/frame-000415.color.png chess/seq-06/color/frame-000418.color.png 0.99992 0.00972346 -0.0080577 0.00983596 -0.00970432 0.99995 0.00241043 0.00467262 0.00808065 -0.00233204 0.999965 -0.00284743 0.0 0.0 0.0 1.0
chess/seq-06/color/frame-000418.color.png chess/seq-06/color/frame-000421.color.png 0.999984 0.0051796 -0.00229037 0.000990748 -0.00515069 0.999909 0.0124531 -0.0319788 0.00235466 -0.0124411 0.99992 -0.00302935 0.0 0.0 0.0 1.0
chess/seq-06/color/frame-000421.color.png chess/seq-06/color/frame-000424.color.png 0.99983 0.0144146 0.0115017 -0.0251956 -0.0144536 0.99989 0.00330923 0.0109149 -0.0114528 -0.00347491 0.999928 -0.00342202 0.0 0.0 0.0 1.0
chess/seq-06/color/frame-000424.color.png chess/seq-06/color/frame-000427.color.png 0.999658 0.0183009 0.0186789 -0.0428357 -0.0185097 0.999767 0.0110679 -0.0111414 -0.0184719 -0.0114098 0.999764 0.00490785 0.0 0.0 0.0 1.0
chess/seq-06/color/frame-000427.color.png chess/seq-06/color/frame-000430.color.png 0.999686 0.00876152 0.0234935 -0.034905 -0.00900209 0.999908 0.0101536 -0.0216646 -0.0234024 -0.0103619 0.999673 0.00803041 0.0 0.0 0.0 1.0
chess/seq-06/color/frame-000430.color.png chess/seq-06/color/frame-000433.color.png 0.999796 0.00491723 0.0196005 -0.0222312 -0.005043 0.999967 0.00637308 -0.019778 -0.0195685 -0.00647062 0.999788 -0.0056541 0.0 0.0 0.0 1.0
chess/seq-06/color/frame-000433.color.png chess/seq-06/color/frame-000436.color.png 0.99982 0.00272719 0.0187742 -0.019305 -0.00274275 0.999996 0.000801505 -0.00618035 -0.018772 -0.00085285 0.999823 -0.0137608 0.0 0.0 0.0 1.0
chess/seq-06/color/frame-000436.color.png chess/seq-06/color/frame-000439.color.png 0.999937 -0.00541294 0.00983728 0.00512767 0.00526201 0.999869 0.0153063 -0.0483516 -0.00991875 -0.0152536 0.999834 -0.012938 0.0 0.0 0.0 1.0
chess/seq-06/color/frame-000439.color.png chess/seq-06/color/frame-000442.color.png 0.999932 0.0106069 0.00481089 0.0129563 -0.0106671 0.999863 0.0126607 -0.0257709 -0.00467596 -0.0127111 0.999908 -0.0328784 0.0 0.0 0.0 1.0
chess/seq-06/color/frame-000442.color.png chess/seq-06/color/frame-000445.color.png 0.999943 0.00844223 -0.00654095 0.0276196 -0.00833514 0.999834 0.0162307 -0.03584 0.00667686 -0.0161752 0.999847 -0.0257635 0.0 0.0 0.0 1.0
chess/seq-06/color/frame-000445.color.png chess/seq-06/color/frame-000448.color.png 0.999973 -0.00741592 -0.000377427 0.0170928 0.00741204 0.999929 -0.00933023 0.00716688 0.000446587 0.00932721 0.999956 -0.0366547 0.0 0.0 0.0 1.0
chess/seq-06/color/frame-000448.color.png chess/seq-06/color/frame-000451.color.png 0.999933 0.0109251 -0.00394797 0.0227759 -0.0109323 0.999939 -0.001834 0.0103174 0.00392771 0.00187701 0.99999 -0.042686 0.0 0.0 0.0 1.0
chess/seq-06/color/frame-000451.color.png chess/seq-06/color/frame-000454.color.png 0.999745 0.0170059 0.0148434 -0.0389719 -0.0171624 0.999798 0.0104815 -0.0287068 -0.0146622 -0.0107336 0.999835 -0.0251517 0.0 0.0 0.0 1.0
chess/seq-06/color/frame-000454.color.png chess/seq-06/color/frame-000457.color.png 0.999948 -0.00226177 0.00999233 -0.0114371 0.00223566 0.999994 0.00262343 -0.0195855 -0.00999804 -0.00260097 0.999947 -0.0191159 0.0 0.0 0.0 1.0
chess/seq-06/color/frame-000457.color.png chess/seq-06/color/frame-000460.color.png 0.999742 0.00423992 0.0223061 -0.0450591 -0.00481325 0.999658 0.025712 -0.0804905 -0.0221897 -0.0258127 0.999421 0.00502276 0.0 0.0 0.0 1.0
chess/seq-06/color/frame-000460.color.png chess/seq-06/color/frame-000463.color.png 0.99965 -0.000804792 0.0264243 -0.0584097 0.000219089 0.999754 0.0221605 -0.0788362 -0.0264356 -0.022147 0.999405 0.0154991 0.0 0.0 0.0 1.0
chess/seq-06/color/frame-000463.color.png chess/seq-06/color/frame-000466.color.png 0.999875 0.0032986 0.0154812 -0.0305943 -0.00373809 0.999588 0.0284454 -0.0804293 -0.015381 -0.0284997 0.999475 -0.00251079 0.0 0.0 0.0 1.0
chess/seq-06/color/frame-000466.color.png chess/seq-06/color/frame-000469.color.png 0.999882 0.0078203 0.0132243 -0.0255499 -0.00819217 0.999566 0.0283066 -0.065931 -0.0129971 -0.0284116 0.999512 -0.0138941 0.0 0.0 0.0 1.0
chess/seq-06/color/frame-000469.color.png chess/seq-06/color/frame-000472.color.png 0.999889 0.00210041 0.014756 -0.0357857 -0.00222173 0.999964 0.00820918 -0.0239429 -0.0147382 -0.00824103 0.999857 -0.010556 0.0 0.0 0.0 1.0
chess/seq-06/color/frame-000472.color.png chess/seq-06/color/frame-000475.color.png 0.999008 0.0143168 0.0421777 -0.0976073 -0.0145468 0.999881 0.00515161 -0.0199176 -0.0420989 -0.00576006 0.999097 0.0310011 0.0 0.0 0.0 1.0
chess/seq-06/color/frame-000475.color.png chess/seq-06/color/frame-000478.color.png 0.9991 -0.000364264 0.0424087 -0.103495 -0.00125179 0.999274 0.0380744 -0.120214 -0.0423918 -0.0380932 0.998375 0.0537081 0.0 0.0 0.0 1.0
chess/seq-06/color/frame-000478.color.png chess/seq-06/color/frame-000481.color.png 0.999436 -0.0052104 0.0331845 -0.0797986 0.00407574 0.999408 0.0341699 -0.0949346 -0.0333429 -0.0340154 0.998865 0.0290217 0.0 0.0 0.0 1.0
chess/seq-06/color/frame-000481.color.png chess/seq-06/color/frame-000484.color.png 0.999187 -0.00899772 0.0392976 -0.104064 0.00741382 0.999161 0.040266 -0.117307 -0.0396269 -0.0399419 0.998416 0.029479 0.0 0.0 0.0 1.0
chess/seq-06/color/frame-000484.color.png chess/seq-06/color/frame-000487.color.png 0.999897 0.0100502 0.0101947 -0.0311955 -0.0101809 0.999866 0.0128424 -0.0257838 -0.0100644 -0.0129447 0.999866 -0.00233936 0.0 0.0 0.0 1.0
chess/seq-06/color/frame-000487.color.png chess/seq-06/color/frame-000490.color.png 0.999893 -0.0114313 0.00908716 -0.0374689 0.0112507 0.999743 0.0196787 -0.0691878 -0.00930975 -0.0195744 0.999765 -0.0096724 0.0 0.0 0.0 1.0
chess/seq-06/color/frame-000490.color.png chess/seq-06/color/frame-000493.color.png 0.999872 0.0120224 0.0105774 -0.0394647 -0.0122717 0.999641 0.0238359 -0.0550285 -0.0102869 -0.0239627 0.99966 -0.00542259 0.0 0.0 0.0 1.0
chess/seq-06/color/frame-000493.color.png chess/seq-06/color/frame-000496.color.png 0.999488 -0.0283065 0.0149236 -0.0614706 0.0277974 0.999059 0.0332852 -0.122474 -0.0158518 -0.0328532 0.999335 -0.00415373 0.0 0.0 0.0 1.0
chess/seq-06/color/frame-000496.color.png chess/seq-06/color/frame-000499.color.png 0.999577 0.0249055 0.015049 -0.0327398 -0.0248019 0.999668 -0.00703285 0.0304208 -0.0152192 0.00665667 0.999862 -0.000638723 0.0 0.0 0.0 1.0
chess/seq-06/color/frame-000499.color.png chess/seq-06/color/frame-000502.color.png 0.999919 -0.0115747 0.00526958 -0.0171113 0.0115679 0.999932 0.00132343 -0.0336425 -0.00528446 -0.00126243 0.999985 -0.0185533 0.0 0.0 0.0 1.0
chess/seq-06/color/frame-000502.color.png chess/seq-06/color/frame-000505.color.png 0.999995 -0.00299581 0.000719504 -0.0083282 0.00298885 0.999951 0.0094826 -0.0312424 -0.000747942 -0.00948043 0.999955 -0.0198342 0.0 0.0 0.0 1.0
chess/seq-06/color/frame-000505.color.png chess/seq-06/color/frame-000508.color.png 0.999947 -0.00905374 -0.00488496 -0.00424063 0.00905582 0.999959 0.000397387 -0.0208641 0.00488122 -0.000441493 0.999988 -0.0309116 0.0 0.0 0.0 1.0
chess/seq-06/color/frame-000508.color.png chess/seq-06/color/frame-000511.color.png 0.999937 0.0104319 0.00407198 -0.0329742 -0.0104195 0.999941 -0.00306895 0.000736535 -0.00410384 0.00302629 0.999987 -0.0254084 0.0 0.0 0.0 1.0
chess/seq-06/color/frame-000511.color.png chess/seq-06/color/frame-000514.color.png 0.999991 -0.00415328 -0.00067158 -0.00238228 0.00415517 0.999987 0.00281574 -0.0136419 0.000659832 -0.00281846 0.999996 -0.0236067 0.0 0.0 0.0 1.0
chess/seq-06/color/frame-000514.color.png chess/seq-06/color/frame-000517.color.png 0.999936 -0.0102476 0.00472638 -0.0114372 0.0101888 0.999872 0.0123038 -0.0312134 -0.00485176 -0.0122549 0.999913 -0.015299 0.0 0.0 0.0 1.0
chess/seq-06/color/frame-000517.color.png chess/seq-06/color/frame-000520.color.png 0.999999 0.00162632 0.00010928 -0.00371802 -0.00162745 0.999933 0.0114881 -0.0180496 -9.06784e-05 -0.0114883 0.999934 -0.0185081 0.0 0.0 0.0 1.0
chess/seq-06/color/frame-000520.color.png chess/seq-06/color/frame-000523.color.png 0.999946 -0.00991897 -0.00299544 -0.00610197 0.00996844 0.999806 0.0169876 -0.0452915 0.00282639 -0.0170165 0.999851 -0.0198835 0.0 0.0 0.0 1.0
chess/seq-06/color/frame-000523.color.png chess/seq-06/color/frame-000526.color.png 0.999955 0.00827264 0.00455831 -0.0153636 -0.00831662 0.999918 0.00971723 -0.012128 -0.00447755 -0.00975472 0.999942 -0.00501966 0.0 0.0 0.0 1.0
chess/seq-06/color/frame-000526.color.png chess/seq-06/color/frame-000529.color.png 0.999874 -0.00715454 0.0142003 -0.0542158 0.00697448 0.999895 0.0126918 -0.0337226 -0.0142896 -0.0125912 0.999819 -0.00609827 0.0 0.0 0.0 1.0
chess/seq-06/color/frame-000529.color.png chess/seq-06/color/frame-000532.color.png 0.999926 0.00385531 0.0115023 -0.0250431 -0.00394273 0.999963 0.00758662 -0.0147353 -0.0114727 -0.00763137 0.999905 0.00367403 0.0 0.0 0.0 1.0
chess/seq-06/color/frame-000532.color.png chess/seq-06/color/frame-000535.color.png 0.9999 -0.00131554 0.0140563 -0.0307332 0.00111824 0.999901 0.0140354 -0.0353817 -0.0140734 -0.0140182 0.999803 0.00752413 0.0 0.0 0.0 1.0
chess/seq-06/color/frame-000535.color.png chess/seq-06/color/frame-000538.color.png 0.999315 0.0168733 0.032945 -0.0747143 -0.0175765 0.999621 0.0211733 -0.037984 -0.0325753 -0.021738 0.999233 0.0359409 0.0 0.0 0.0 1.0
chess/seq-06/color/frame-000538.color.png chess/seq-06/color/frame-000541.color.png 0.999818 -0.00231767 0.0189339 -0.0423677 0.00231253 0.999997 0.00029297 -0.0129563 -0.0189346 -0.000249038 0.999821 0.016578 0.0 0.0 0.0 1.0
chess/seq-06/color/frame-000541.color.png chess/seq-06/color/frame-000544.color.png 0.999793 -0.00845776 0.018485 -0.0539026 0.00827997 0.999919 0.0096716 -0.038195 -0.0185653 -0.00951653 0.999782 0.0212497 0.0 0.0 0.0 1.0
chess/seq-06/color/frame-000544.color.png chess/seq-06/color/frame-000547.color.png 0.999733 -0.000999087 0.0230942 -0.0739746 0.000908348 0.999992 0.00393859 -0.0172445 -0.0230979 -0.00391663 0.999726 0.0262198 0.0 0.0 0.0 1.0
chess/seq-06/color/frame-000547.color.png chess/seq-06/color/frame-000550.color.png 0.999848 -0.00992016 0.0143332 -0.0535506 0.00980466 0.999919 0.0081073 -0.0368655 -0.0144125 -0.00796548 0.999864 0.0151119 0.0 0.0 0.0 1.0
chess/seq-06/color/frame-000550.color.png chess/seq-06/color/frame-000553.color.png 0.999911 -0.00914773 0.00971216 -0.0320712 0.00905212 0.999911 0.00984601 -0.0327577 -0.00980135 -0.00975729 0.999904 0.00810528 0.0 0.0 0.0 1.0
chess/seq-06/color/frame-000553.color.png chess/seq-06/color/frame-000556.color.png 0.999664 0.00328861 0.0257169 -0.0664071 -0.00347954 0.999967 0.00738256 -0.0219937 -0.0256917 -0.00746948 0.999642 0.0252967 0.0 0.0 0.0 1.0
chess/seq-06/color/frame-000556.color.png chess/seq-06/color/frame-000559.color.png 0.999939 -0.00319926 0.0105569 -0.0306097 0.00315279 0.999985 0.00441319 -0.0193193 -0.0105709 -0.00437966 0.999935 0.00641525 0.0 0.0 0.0 1.0
chess/seq-06/color/frame-000559.color.png chess/seq-06/color/frame-000562.color.png 0.99993 0.0110997 0.00408309 -0.0129956 -0.011115 0.999931 0.0037724 -0.00913191 -0.00404093 -0.00381763 0.999985 -0.00175333 0.0 0.0 0.0 1.0
chess/seq-06/color/frame-000562.color.png chess/seq-06/color/frame-000565.color.png 0.999788 0.0204237 0.00273859 -0.0257872 -0.0204353 0.999782 0.00424461 0.00232077 -0.00265133 -0.00429953 0.999987 -0.00459993 0.0 0.0 0.0 1.0
chess/seq-06/color/frame-000565.color.png chess/seq-06/color/frame-000568.color.png 0.999953 0.00664254 -0.00710821 -0.00148535 -0.00666685 0.999972 -0.00340344 -0.000772715 0.00708544 0.00345047 0.999969 -0.0125458 0.0 0.0 0.0 1.0
chess/seq-06/color/frame-000568.color.png chess/seq-06/color/frame-000571.color.png 0.99989 0.0136084 -0.00585518 -0.00688177 -0.013656 0.999873 -0.00816119 0.00615302 0.00574333 0.00824031 0.99995 -0.00666523 0.0 0.0 0.0 1.0
chess/seq-06/color/frame-000571.color.png chess/seq-06/color/frame-000574.color.png 0.999942 -0.0078759 -0.00732446 0.00191218 0.00778037 0.999885 -0.0129805 0.00344625 0.00742586 0.0129228 0.999889 -0.0214214 0.0 0.0 0.0 1.0
chess/seq-06/color/frame-000574.color.png chess/seq-06/color/frame-000577.color.png 0.999979 0.00592828 -0.00268964 -0.000776589 -0.00594481 0.999963 -0.00618849 0.00495389 0.00265289 0.00620439 0.999977 -0.00671959 0.0 0.0 0.0 1.0
chess/seq-06/color/frame-000577.color.png chess/seq-06/color/frame-000580.color.png 0.999918 -0.010909 -0.0066447 0.00246614 0.0109255 0.999937 0.00243849 -0.0148401 0.00661768 -0.00251112 0.999975 -0.0167048 0.0 0.0 0.0 1.0
chess/seq-06/color/frame-000580.color.png chess/seq-06/color/frame-000583.color.png 0.999966 -0.00412291 0.00718686 -0.0247665 0.00406741 0.999962 0.00771527 -0.0205774 -0.00721844 -0.00768563 0.999944 0.00522339 0.0 0.0 0.0 1.0
chess/seq-06/color/frame-000583.color.png chess/seq-06/color/frame-000586.color.png 0.999804 -0.000504656 0.0197786 -0.0450544 0.000457001 0.999997 0.00241423 -0.0129868 -0.0197797 -0.00240485 0.999801 0.0208105 0.0 0.0 0.0 1.0
chess/seq-06/color/frame-000586.color.png chess/seq-06/color/frame-000589.color.png 0.999548 -0.0192491 0.0230981 -0.066447 0.0192324 0.999815 0.000944369 -0.0387344 -0.0231121 -0.000499478 0.999733 0.0247195 0.0 0.0 0.0 1.0
chess/seq-06/color/frame-000589.color.png chess/seq-06/color/frame-000592.color.png 0.999472 -0.0164818 0.0280032 -0.0738631 0.0168699 0.999764 -0.0136804 0.00242302 -0.0277711 0.0141454 0.999514 0.0342821 0.0 0.0 0.0 1.0
chess/seq-06/color/frame-000592.color.png chess/seq-06/color/frame-000595.color.png 0.999852 -0.00190495 0.0170965 -0.0493873 0.00197917 0.999989 -0.00432704 -0.00326121 -0.017088 0.00436023 0.999844 0.0239092 0.0 0.0 0.0 1.0
chess/seq-06/color/frame-000595.color.png chess/seq-06/color/frame-000598.color.png 0.999787 -0.00810956 0.0189548 -0.066069 0.00836428 0.999875 -0.0133967 0.00729784 -0.0188438 0.0135522 0.999731 0.027279 0.0 0.0 0.0 1.0
chess/seq-06/color/frame-000598.color.png chess/seq-06/color/frame-000601.color.png 0.99987 -0.00208404 0.0159984 -0.0598226 0.00225476 0.999941 -0.0106613 0.0118992 -0.0159753 0.0106963 0.999815 0.0221883 0.0 0.0 0.0 1.0
chess/seq-06/color/frame-000601.color.png chess/seq-06/color/frame-000604.color.png 0.999938 -0.00146005 0.0110303 -0.0473291 0.00148975 0.999995 -0.00268437 -0.000853598 -0.0110263 0.00270055 0.999936 0.0118843 0.0 0.0 0.0 1.0
chess/seq-06/color/frame-000604.color.png chess/seq-06/color/frame-000607.color.png 0.999967 -0.00783805 0.0020434 -0.0292168 0.00783871 0.999969 -0.000312772 -0.0077329 -0.00204092 0.000328812 0.999998 0.00552893 0.0 0.0 0.0 1.0
chess/seq-06/color/frame-000607.color.png chess/seq-06/color/frame-000610.color.png 0.999943 0.00780885 0.00725025 -0.0451955 -0.00780312 0.999969 -0.000814273 -0.000214487 -0.00725636 0.000757571 0.999973 0.00677276 0.0 0.0 0.0 1.0
chess/seq-06/color/frame-000610.color.png chess/seq-06/color/frame-000613.color.png 0.999923 0.00683237 -0.0103132 0.00016433 -0.00692102 0.999939 -0.00858405 0.0210658 0.0102539 0.00865488 0.99991 -0.00359166 0.0 0.0 0.0 1.0
chess/seq-06/color/frame-000613.color.png chess/seq-06/color/frame-000616.color.png 0.999973 0.00208199 0.0070288 -0.035395 -0.00199226 0.999917 -0.0127484 0.0170449 -0.00705475 0.012734 0.999894 0.00411332 0.0 0.0 0.0 1.0
chess/seq-06/color/frame-000616.color.png chess/seq-06/color/frame-000619.color.png 0.999992 0.00201394 0.00338013 -0.0214022 -0.00199145 0.999976 -0.00664412 0.0186434 -0.00339343 0.00663732 0.999972 0.00115168 0.0 0.0 0.0 1.0
chess/seq-06/color/frame-000619.color.png chess/seq-06/color/frame-000622.color.png 0.999926 -0.00109279 0.0121104 -0.0408779 0.0011396 0.999992 -0.00386307 0.00855574 -0.0121061 0.00387664 0.999919 0.00806916 0.0 0.0 0.0 1.0
chess/seq-06/color/frame-000622.color.png chess/seq-06/color/frame-000625.color.png 0.999981 -0.00359231 0.00494344 -0.0355279 0.00363262 0.99996 -0.0081598 0.00648627 -0.00491395 0.00817759 0.999955 0.000264645 0.0 0.0 0.0 1.0
chess/seq-06/color/frame-000625.color.png chess/seq-06/color/frame-000628.color.png 0.999941 -0.00397908 -0.0101224 -0.0130596 0.00393331 0.999982 -0.00453691 0.00419328 0.0101402 0.00449684 0.999938 -0.000443578 0.0 0.0 0.0 1.0
chess/seq-06/color/frame-000628.color.png chess/seq-06/color/frame-000631.color.png 0.999995 0.00197154 -0.00240582 -0.0206201 -0.00196739 0.999997 0.00173839 -0.00886762 0.00240922 -0.00173371 0.999995 -0.006199 0.0 0.0 0.0 1.0
chess/seq-06/color/frame-000631.color.png chess/seq-06/color/frame-000634.color.png 0.999995 0.00213634 -0.00228363 -0.028522 -0.0021528 0.999972 -0.0072237 0.0101582 0.00226817 0.00722852 0.999971 -0.00217319 0.0 0.0 0.0 1.0
chess/seq-06/color/frame-000634.color.png chess/seq-06/color/frame-000637.color.png 0.999978 0.00548349 0.00375502 -0.0301663 -0.0055137 0.999952 0.00808501 -0.0101173 -0.00371053 -0.0081054 0.99996 -0.00528407 0.0 0.0 0.0 1.0
chess/seq-06/color/frame-000637.color.png chess/seq-06/color/frame-000640.color.png 0.99998 -0.00175257 0.00601942 -0.0323006 0.00170712 0.99997 0.00754928 -0.00928813 -0.00603245 -0.00753886 0.999953 0.00137806 0.0 0.0 0.0 1.0
chess/seq-06/color/frame-000640.color.png chess/seq-06/color/frame-000643.color.png 0.999982 0.00595578 -0.000542895 -0.0231567 -0.00595025 0.999936 0.00965177 -0.0235378 0.000600349 -0.00964835 0.999953 0.00473702 0.0 0.0 0.0 1.0
chess/seq-06/color/frame-000643.color.png chess/seq-06/color/frame-000646.color.png 0.999985 0.00133249 -0.00535339 -0.0102724 -0.00139279 0.999936 -0.01127 0.0228925 0.00533802 0.0112773 0.999922 0.00797856 0.0 0.0 0.0 1.0
chess/seq-06/color/frame-000646.color.png chess/seq-06/color/frame-000649.color.png 0.999981 -0.00357705 0.00491848 -0.0407607 0.00352258 0.999933 0.0110418 -0.0241107 -0.00495764 -0.0110243 0.999927 0.0181301 0.0 0.0 0.0 1.0
chess/seq-06/color/frame-000649.color.png chess/seq-06/color/frame-000652.color.png 0.999968 -0.00726147 0.00323328 -0.0411883 0.0072572 0.999973 0.00133256 -0.00224635 -0.00324286 -0.00130908 0.999994 0.0164025 0.0 0.0 0.0 1.0
chess/seq-06/color/frame-000652.color.png chess/seq-06/color/frame-000655.color.png 0.999909 -0.0095029 0.00955763 -0.0416039 0.00945783 0.999944 0.00475176 -0.00811312 -0.00960227 -0.00466092 0.999943 0.0133895 0.0 0.0 0.0 1.0
chess/seq-06/color/frame-000655.color.png chess/seq-06/color/frame-000658.color.png 0.999789 -0.012111 0.0165982 -0.0557257 0.012049 0.99992 0.00382907 -0.0109732 -0.0166432 -0.00362821 0.999855 0.0117331 0.0 0.0 0.0 1.0
chess/seq-06/color/frame-000658.color.png chess/seq-06/color/frame-000661.color.png 0.999885 -0.00258608 0.0149196 -0.0497946 0.00249853 0.99998 0.00588326 -0.00602996 -0.0149345 -0.00584526 0.999871 0.00818503 0.0 0.0 0.0 1.0
chess/seq-06/color/frame-000661.color.png chess/seq-06/color/frame-000664.color.png 0.999926 -0.00281998 0.0118487 -0.0459544 0.00260666 0.999835 0.0179808 -0.0272722 -0.0118974 -0.0179486 0.999768 0.000714779 0.0 0.0 0.0 1.0
chess/seq-06/color/frame-000664.color.png chess/seq-06/color/frame-000667.color.png 0.999996 0.00259605 0.00120992 -0.0157942 -0.00261653 0.999848 0.0172438 -0.0188393 -0.00116496 -0.0172469 0.99985 -0.00680172 0.0 0.0 0.0 1.0
chess/seq-06/color/frame-000667.color.png chess/seq-06/color/frame-000670.color.png 0.999994 -0.00348221 -0.000819961 -0.012844 0.0034929 0.999904 0.0134281 -0.0265546 0.00077311 -0.0134309 0.99991 -0.00869763 0.0 0.0 0.0 1.0
chess/seq-06/color/frame-000670.color.png chess/seq-06/color/frame-000673.color.png 0.999957 0.00840839 -0.00380154 -0.00306833 -0.00834847 0.999845 0.0155142 -0.0116394 0.0039314 -0.0154818 0.999873 -0.0154319 0.0 0.0 0.0 1.0
chess/seq-06/color/frame-000673.color.png chess/seq-06/color/frame-000676.color.png 0.999877 0.0156763 -0.000936118 -0.0104536 -0.0156558 0.999698 0.0189711 -0.0145032 0.00123322 -0.018954 0.99982 -0.0197246 0.0 0.0 0.0 1.0
chess/seq-06/color/frame-000676.color.png chess/seq-06/color/frame-000679.color.png 0.999869 0.0101492 -0.0125772 0.0234566 -0.00990765 0.999768 0.0191228 -0.0243195 0.0127684 -0.0189958 0.999738 -0.0282017 0.0 0.0 0.0 1.0
chess/seq-06/color/frame-000679.color.png chess/seq-06/color/frame-000682.color.png 0.999853 0.0132712 -0.0108195 0.0229465 -0.0131562 0.999857 0.0106273 -0.0100413 0.010959 -0.0104834 0.999885 -0.0256487 0.0 0.0 0.0 1.0
chess/seq-06/color/frame-000682.color.png chess/seq-06/color/frame-000685.color.png 0.999536 0.0253734 -0.0168729 0.0333987 -0.0250457 0.999499 0.0193574 -0.025085 0.0173556 -0.0189258 0.99967 -0.0354617 0.0 0.0 0.0 1.0
chess/seq-06/color/frame-000685.color.png chess/seq-06/color/frame-000688.color.png 0.999749 0.00920549 -0.0204365 0.0383875 -0.00913285 0.999952 0.00364452 0.00513947 0.020469 -0.00345685 0.999785 -0.0279424 0.0 0.0 0.0 1.0
chess/seq-06/color/frame-000688.color.png chess/seq-06/color/frame-000691.color.png 0.999897 0.0142565 0.00135079 0.00222129 -0.0142664 0.999869 0.00762866 -0.0086998 -0.00124185 -0.00764731 0.99997 -0.0227114 0.0 0.0 0.0 1.0
chess/seq-06/color/frame-000691.color.png chess/seq-06/color/frame-000694.color.png 0.999757 -0.00342735 -0.0217862 0.0379959 0.00339914 0.999993 -0.00133146 0.0145055 0.0217906 0.00125728 0.999762 -0.0399452 0.0 0.0 0.0 1.0
chess/seq-06/color/frame-000694.color.png chess/seq-06/color/frame-000697.color.png 0.999972 0.00564412 -0.00485108 0.00456496 -0.00559877 0.999941 0.00930466 -0.0146054 0.00490331 -0.00927734 0.999945 -0.0356337 0.0 0.0 0.0 1.0
chess/seq-06/color/frame-000697.color.png chess/seq-06/color/frame-000700.color.png 0.999956 -0.00815991 -0.00459573 0.0121535 0.00816049 0.999967 0.000113389 0.00354865 0.00459465 -0.000150866 0.999989 -0.0272422 0.0 0.0 0.0 1.0
chess/seq-06/color/frame-000700.color.png chess/seq-06/color/frame-000703.color.png 0.999866 0.00834875 0.0140487 -0.0174794 -0.00837784 0.999963 0.00201408 -0.000745714 -0.0140314 -0.00213164 0.999899 -0.0201988 0.0 0.0 0.0 1.0
chess/seq-06/color/frame-000703.color.png chess/seq-06/color/frame-000706.color.png 0.999977 -0.00489739 0.00457481 -0.00611462 0.00494616 0.99993 -0.0107127 0.016509 -0.00452203 0.0107352 0.999932 -0.0246753 0.0 0.0 0.0 1.0
chess/seq-06/color/frame-000706.color.png chess/seq-06/color/frame-000709.color.png 0.999798 0.0104399 0.0171809 -0.032031 -0.010152 0.999808 -0.016758 0.0288477 -0.0173526 0.0165802 0.999712 -0.0226667 0.0 0.0 0.0 1.0
chess/seq-06/color/frame-000709.color.png chess/seq-06/color/frame-000712.color.png 0.999757 -0.00583634 0.0212672 -0.0267144 0.00620915 0.999827 -0.017506 0.028783 -0.0211613 0.0176337 0.999621 -0.0292237 0.0 0.0 0.0 1.0
chess/seq-06/color/frame-000712.color.png chess/seq-06/color/frame-000715.color.png 0.999771 0.00837643 0.0196803 -0.0185334 -0.00821132 0.999931 -0.00845471 0.0131632 -0.0197498 0.00829122 0.999771 -0.0199399 0.0 0.0 0.0 1.0
chess/seq-06/color/frame-000715.color.png chess/seq-06/color/frame-000718.color.png 0.999824 -0.0111248 0.0151144 -0.0212154 0.0114973 0.999627 -0.0247892 0.0274485 -0.014833 0.0249586 0.999578 -0.0204573 0.0 0.0 0.0 1.0
chess/seq-06/color/frame-000718.color.png chess/seq-06/color/frame-000721.color.png 0.999951 0.000212483 0.00985029 -0.0125076 -6.66125e-05 0.99989 -0.0148065 0.0249824 -0.00985235 0.0148051 0.999842 -0.0119328 0.0 0.0 0.0 1.0
chess/seq-06/color/frame-000721.color.png chess/seq-06/color/frame-000724.color.png 0.999511 -0.0207907 0.0233523 -0.0342322 0.0215194 0.999275 -0.0313985 0.0416435 -0.0226826 0.0318857 0.999234 -0.0128816 0.0 0.0 0.0 1.0
chess/seq-06/color/frame-000724.color.png chess/seq-06/color/frame-000727.color.png 0.999554 -0.01294 0.0269303 -0.0419644 0.013656 0.999554 -0.0265749 0.0265428 -0.0265744 0.0269307 0.999284 -0.0140213 0.0 0.0 0.0 1.0
chess/seq-06/color/frame-000727.color.png chess/seq-06/color/frame-000730.color.png 0.999251 -0.0221623 0.0317315 -0.0448707 0.0232509 0.999139 -0.0343602 0.043596 -0.0309426 0.0350722 0.998906 2.68221e-05 0.0 0.0 0.0 1.0
chess/seq-06/color/frame-000730.color.png chess/seq-06/color/frame-000733.color.png 0.999847 -0.0115947 0.0130702 -0.0221697 0.0120143 0.9994 -0.0324926 0.0401964 -0.0126856 0.0326447 0.999387 -0.00262177 0.0 0.0 0.0 1.0
chess/seq-06/color/frame-000733.color.png chess/seq-06/color/frame-000736.color.png 0.9993 -0.0313508 0.0204228 -0.0423118 0.0322556 0.998439 -0.0455968 0.0573737 -0.0189614 0.0462236 0.998751 0.00484335 0.0 0.0 0.0 1.0
chess/seq-06/color/frame-000736.color.png chess/seq-06/color/frame-000739.color.png 0.99971 -0.0153777 0.018551 -0.0325428 0.015922 0.999436 -0.0295579 0.0389262 -0.018086 0.0298447 0.999391 0.000320554 0.0 0.0 0.0 1.0
chess/seq-06/color/frame-000739.color.png chess/seq-06/color/frame-000742.color.png 0.99986 -0.01408 0.00901264 -0.0234859 0.0143995 0.999232 -0.0364347 0.0536808 -0.00849269 0.0365594 0.999295 -0.0155034 0.0 0.0 0.0 1.0
chess/seq-06/color/frame-000742.color.png chess/seq-06/color/frame-000745.color.png 0.999834 -0.000387364 0.0182418 -0.0268399 0.000754465 0.999797 -0.0201184 0.0282271 -0.0182303 0.0201288 0.999631 -0.0188113 0.0 0.0 0.0 1.0
chess/seq-06/color/frame-000745.color.png chess/seq-06/color/frame-000748.color.png 0.999838 -0.0165891 0.00691755 -0.00428003 0.0167941 0.999387 -0.0307073 0.0492632 -0.00640389 0.0308186 0.999505 -0.0451463 0.0 0.0 0.0 1.0
chess/seq-06/color/frame-000748.color.png chess/seq-06/color/frame-000751.color.png 0.999795 -0.0142696 -0.0143415 0.0192186 0.0139585 0.99967 -0.0215592 0.0332217 0.0146444 0.0213546 0.999665 -0.0452999 0.0 0.0 0.0 1.0
chess/seq-06/color/frame-000751.color.png chess/seq-06/color/frame-000754.color.png 0.999876 0.00579171 -0.0146386 0.0271876 -0.00622042 0.999548 -0.0294119 0.0538044 0.0144616 0.0294992 0.99946 -0.0462954 0.0 0.0 0.0 1.0
chess/seq-06/color/frame-000754.color.png chess/seq-06/color/frame-000757.color.png 0.998884 0.0466653 0.00734874 0.00570624 -0.046578 0.998847 -0.0116313 0.0419399 -0.00788304 0.011276 0.999905 -0.0504691 0.0 0.0 0.0 1.0
chess/seq-06/color/frame-000757.color.png chess/seq-06/color/frame-000760.color.png 0.998501 0.0541557 0.00794947 -0.00156967 -0.0542624 0.99843 0.0138816 0.0169982 -0.00718523 -0.0142922 0.999872 -0.0379457 0.0 0.0 0.0 1.0
chess/seq-06/color/frame-000760.color.png chess/seq-06/color/frame-000763.color.png 0.999583 0.0288034 -0.00222638 0.0136208 -0.0287887 0.999565 0.00639291 0.0129442 0.00240956 -0.00632616 0.999977 -0.0274686 0.0 0.0 0.0 1.0
chess/seq-06/color/frame-000763.color.png chess/seq-06/color/frame-000766.color.png 0.999225 0.0390643 0.00476292 -0.00140171 -0.0391222 0.999153 0.0127398 0.000110731 -0.0042612 -0.0129163 0.999907 -0.0216357 0.0 0.0 0.0 1.0
chess/seq-06/color/frame-000766.color.png chess/seq-06/color/frame-000769.color.png 0.999128 0.0416594 0.00261733 0.00419009 -0.0416687 0.999125 0.00361114 0.0142257 -0.0024646 -0.00371703 0.99999 -0.00624043 0.0 0.0 0.0 1.0
chess/seq-06/color/frame-000769.color.png chess/seq-06/color/frame-000772.color.png 0.998129 0.0611419 -0.000627253 0.0114294 -0.061144 0.998121 -0.00407878 0.014784 0.000376694 0.00410946 0.999991 -0.0105033 0.0 0.0 0.0 1.0
chess/seq-06/color/frame-000772.color.png chess/seq-06/color/frame-000775.color.png 0.9984 0.0562998 0.00523993 0.00843039 -0.0563439 0.998374 0.00867464 0.0103338 -0.00474301 -0.00895598 0.999949 -0.00854999 0.0 0.0 0.0 1.0
chess/seq-06/color/frame-000775.color.png chess/seq-06/color/frame-000778.color.png 0.998118 0.0610483 0.00585322 0.00538491 -0.0611112 0.998068 0.0112486 0.0040012 -0.00515523 -0.0115851 0.999919 -0.00343174 0.0 0.0 0.0 1.0
chess/seq-06/color/frame-000778.color.png chess/seq-06/color/frame-000781.color.png 0.999199 0.0399369 -0.00237081 0.0124891 -0.0399429 0.999199 -0.00256469 0.0128376 0.00226652 0.00265735 0.999994 -0.00772423 0.0 0.0 0.0 1.0
chess/seq-06/color/frame-000781.color.png chess/seq-06/color/frame-000784.color.png 0.998888 0.0463866 -0.00842883 0.0129682 -0.0464035 0.998921 -0.0018315 0.0194072 0.00833482 0.00222061 0.999963 -0.00520509 0.0 0.0 0.0 1.0
chess/seq-06/color/frame-000784.color.png chess/seq-06/color/frame-000787.color.png 0.998871 0.0474398 -0.00231466 0.00478244 -0.047453 0.998855 -0.00599251 0.0162009 0.0020277 0.00609553 0.999979 -0.0131135 0.0 0.0 0.0 1.0
chess/seq-06/color/frame-000787.color.png chess/seq-06/color/frame-000790.color.png 0.999321 0.0340556 -0.0141113 0.0225273 -0.0339479 0.999393 0.00780773 0.00619769 0.0143686 -0.00732333 0.99987 -0.0289433 0.0 0.0 0.0 1.0
chess/seq-06/color/frame-000790.color.png chess/seq-06/color/frame-000793.color.png 0.998921 0.0419838 -0.0198375 0.00144692 -0.0421152 0.999093 -0.00625315 0.0330697 0.019557 0.0070819 0.999784 -0.00675839 0.0 0.0 0.0 1.0
chess/seq-06/color/frame-000793.color.png chess/seq-06/color/frame-000796.color.png 0.999594 0.0138341 -0.0248949 0.025042 -0.0136589 0.999881 0.00719474 0.00187872 0.0249914 -0.00685184 0.999664 -0.0257897 0.0 0.0 0.0 1.0
chess/seq-06/color/frame-000796.color.png chess/seq-06/color/frame-000799.color.png 0.999392 0.0266221 -0.0225191 0.0176091 -0.0267912 0.999615 -0.00723962 0.0158662 0.0223177 0.00783851 0.99972 -0.0203775 0.0 0.0 0.0 1.0
chess/seq-06/color/frame-000799.color.png chess/seq-06/color/frame-000802.color.png 0.998951 0.02824 -0.0360516 0.0405116 -0.0282118 0.999601 0.0012899 0.0158935 0.0360737 -0.000271465 0.999349 -0.0305784 0.0 0.0 0.0 1.0
chess/seq-06/color/frame-000802.color.png chess/seq-06/color/frame-000805.color.png 0.997914 0.045946 -0.0453508 0.0508235 -0.0463365 0.998897 -0.00759763 0.022971 0.0449517 0.00968324 0.998942 -0.0338706 0.0 0.0 0.0 1.0
chess/seq-06/color/frame-000805.color.png chess/seq-06/color/frame-000808.color.png 0.996428 0.063978 -0.0551239 0.0732642 -0.0647537 0.997824 -0.0124014 0.0337122 0.0542105 0.0159266 0.998402 -0.0496412 0.0 0.0 0.0 1.0
chess/seq-06/color/frame-000808.color.png chess/seq-06/color/frame-000811.color.png 0.998956 0.0267212 -0.0370512 0.0613533 -0.0269193 0.999626 -0.00485959 0.0282751 0.0369075 0.00585189 0.999302 -0.046542 0.0 0.0 0.0 1.0
chess/seq-06/color/frame-000811.color.png chess/seq-06/color/frame-000814.color.png 0.999577 0.00862382 -0.0277719 0.0481981 -0.00863356 0.999963 -0.000229114 0.0150052 0.0277689 0.000468807 0.999614 -0.032707 0.0 0.0 0.0 1.0
chess/seq-06/color/frame-000814.color.png chess/seq-06/color/frame-000817.color.png 0.999739 0.00117217 -0.02283 0.0672638 -0.00103469 0.999981 0.00603172 0.00573412 0.0228366 -0.00600653 0.999721 -0.046349 0.0 0.0 0.0 1.0
chess/seq-06/color/frame-000817.color.png chess/seq-06/color/frame-000820.color.png 0.999967 0.00651963 -0.00481483 0.0284206 -0.00648899 0.999959 0.00636303 0.00909515 0.00485612 -0.00633161 0.999968 -0.0128374 0.0 0.0 0.0 1.0
chess/seq-06/color/frame-000820.color.png chess/seq-06/color/frame-000823.color.png 0.999391 0.0291053 -0.0192475 0.0350648 -0.0292995 0.999522 -0.0098815 0.00958483 0.0189507 0.0104394 0.999766 -0.0151421 0.0 0.0 0.0 1.0
chess/seq-06/color/frame-000823.color.png chess/seq-06/color/frame-000826.color.png 0.999868 0.00992969 -0.0128764 0.0348236 -0.0100293 0.99992 -0.00769813 0.0154455 0.0127989 0.00782625 0.999887 -0.00633496 0.0 0.0 0.0 1.0
chess/seq-06/color/frame-000826.color.png chess/seq-06/color/frame-000829.color.png 0.99601 -0.083409 -0.0317228 0.0717339 0.0838234 0.996409 0.0119622 -0.0565239 0.0306112 -0.0145737 0.999425 -0.0251602 0.0 0.0 0.0 1.0
chess/seq-06/color/frame-000829.color.png chess/seq-06/color/frame-000832.color.png 0.997163 -0.074011 -0.0137119 0.04562 0.0742124 0.997132 0.0148192 -0.03508 0.0125758 -0.0157947 0.999796 0.00495178 0.0 0.0 0.0 1.0
chess/seq-06/color/frame-000832.color.png chess/seq-06/color/frame-000835.color.png 0.996221 -0.0861176 -0.0113077 0.0508488 0.0862191 0.996237 0.00881593 -0.0551207 0.0105059 -0.00975755 0.999897 0.0031637 0.0 0.0 0.0 1.0
chess/seq-06/color/frame-000835.color.png chess/seq-06/color/frame-000838.color.png 0.997686 -0.0674548 -0.00856647 0.0383183 0.0674708 0.99772 0.00158845 -0.0441852 0.00843975 -0.00216279 0.999962 -0.00542331 0.0 0.0 0.0 1.0
chess/seq-06/color/frame-000838.color.png chess/seq-06/color/frame-000841.color.png 0.996956 -0.0776153 -0.00736147 0.027713 0.0777037 0.996897 0.012602 -0.047985 0.0063605 -0.0131356 0.999894 -0.0102539 0.0 0.0 0.0 1.0
chess/seq-06/color/frame-000841.color.png chess/seq-06/color/frame-000844.color.png 0.995393 -0.0936711 -0.0204726 0.0333505 0.094174 0.995238 0.0251583 -0.0803923 0.0180186 -0.0269704 0.999474 -0.00538695 0.0 0.0 0.0 1.0
chess/seq-06/color/frame-000844.color.png chess/seq-06/color/frame-000847.color.png 0.99841 -0.0550124 -0.0122817 0.0312834 0.0550773 0.998469 0.00501543 -0.0466272 0.011987 -0.00568391 0.999912 -0.00706547 0.0 0.0 0.0 1.0
chess/seq-06/color/frame-000847.color.png chess/seq-06/color/frame-000850.color.png 0.994787 -0.100769 -0.0156208 0.0408775 0.101059 0.9947 0.0189772 -0.0818469 0.0136257 -0.0204569 0.999698 -0.00641471 0.0 0.0 0.0 1.0
chess/seq-06/color/frame-000850.color.png chess/seq-06/color/frame-000853.color.png 0.998055 -0.0588318 -0.0206378 0.0444362 0.0592252 0.998064 0.0189988 -0.0577213 0.0194802 -0.020184 0.999607 -0.0141803 0.0 0.0 0.0 1.0
chess/seq-06/color/frame-000853.color.png chess/seq-06/color/frame-000856.color.png 0.99784 -0.0607139 -0.0250631 0.0340731 0.0613469 0.997795 0.0253112 -0.0572771 0.0234712 -0.0267941 0.999365 -0.0178794 0.0 0.0 0.0 1.0
chess/seq-06/color/frame-000856.color.png chess/seq-06/color/frame-000859.color.png 0.998434 -0.0525928 -0.0190481 0.0587996 0.0531019 0.998216 0.0272921 -0.0763665 0.0175787 -0.0282608 0.999446 -0.00732696 0.0 0.0 0.0 1.0
chess/seq-06/color/frame-000859.color.png chess/seq-06/color/frame-000862.color.png 0.999213 -0.0335215 -0.0212256 0.046836 0.0337153 0.999393 0.00883509 -0.026638 0.0209164 -0.00954376 0.999736 -0.0182362 0.0 0.0 0.0 1.0
chess/seq-06/color/frame-000862.color.png chess/seq-06/color/frame-000865.color.png 0.998708 -0.0398389 -0.0315446 0.0774417 0.0409139 0.998577 0.0341989 -0.0706512 0.0301373 -0.0354454 0.998917 0.00335389 0.0 0.0 0.0 1.0
chess/seq-06/color/frame-000865.color.png chess/seq-06/color/frame-000868.color.png 0.998896 -0.0398357 -0.0248967 0.0410734 0.0399563 0.999192 0.00436265 -0.0351949 0.0247029 -0.00535266 0.99968 -0.00640166 0.0 0.0 0.0 1.0
chess/seq-06/color/frame-000868.color.png chess/seq-06/color/frame-000871.color.png 0.998341 -0.0575708 3.48335e-05 0.013504 0.057526 0.99759 0.0388074 -0.0930277 -0.00226904 -0.0387409 0.999247 -0.00504225 0.0 0.0 0.0 1.0
chess/seq-06/color/frame-000871.color.png chess/seq-06/color/frame-000874.color.png 0.998747 -0.048646 -0.0117062 0.0351948 0.0489229 0.998498 0.0246598 -0.0802084 0.0104891 -0.0252017 0.999627 0.0261914 0.0 0.0 0.0 1.0
chess/seq-06/color/frame-000874.color.png chess/seq-06/color/frame-000877.color.png 0.999624 -0.0266813 0.0063413 0.0109435 0.0264953 0.999262 0.0277967 -0.0567354 -0.00707826 -0.0276181 0.999593 0.0468556 0.0 0.0 0.0 1.0
chess/seq-06/color/frame-000877.color.png chess/seq-06/color/frame-000880.color.png 0.999505 -0.0268608 -0.0163637 0.0264355 0.0272255 0.999376 0.0224879 -0.0623742 0.0157493 -0.0229223 0.999613 0.0229395 0.0 0.0 0.0 1.0
chess/seq-06/color/frame-000880.color.png chess/seq-06/color/frame-000883.color.png 0.999808 0.0159439 -0.0113916 0.030889 -0.0159548 0.999872 -0.000868627 0.00887814 0.0113763 0.00105024 0.999935 0.0125546 0.0 0.0 0.0 1.0
chess/seq-06/color/frame-000883.color.png chess/seq-06/color/frame-000886.color.png 0.998736 0.0380342 -0.0328573 0.0762442 -0.0379704 0.999276 0.00256424 0.018339 0.0329311 -0.00131338 0.999457 0.00256473 0.0 0.0 0.0 1.0
chess/seq-06/color/frame-000886.color.png chess/seq-06/color/frame-000889.color.png 0.998937 0.0279201 -0.0366774 0.0788465 -0.0282104 0.999574 -0.00742098 0.0290242 0.0364546 0.0084477 0.9993 -0.0129567 0.0 0.0 0.0 1.0
chess/seq-06/color/frame-000889.color.png chess/seq-06/color/frame-000892.color.png 0.995436 0.0821254 -0.0485969 0.114206 -0.0859494 0.992863 -0.0826769 0.169694 0.0414602 0.0864765 0.995391 0.0054273 0.0 0.0 0.0 1.0
chess/seq-06/color/frame-000892.color.png chess/seq-06/color/frame-000895.color.png 0.994942 0.0960593 -0.0293771 0.0706743 -0.097708 0.993339 -0.06108 0.158468 0.0233141 0.0636414 0.997701 0.00355887 0.0 0.0 0.0 1.0
chess/seq-06/color/frame-000895.color.png chess/seq-06/color/frame-000898.color.png 0.992493 0.112887 -0.0470461 0.087976 -0.115744 0.991266 -0.063213 0.184534 0.0394993 0.0681838 0.996891 -0.0109533 0.0 0.0 0.0 1.0
chess/seq-06/color/frame-000898.color.png chess/seq-06/color/frame-000901.color.png 0.99843 0.0516885 -0.02158 0.0549891 -0.0524225 0.998013 -0.034963 0.109285 0.01973 0.0360393 0.999156 0.00940055 0.0 0.0 0.0 1.0
chess/seq-06/color/frame-000901.color.png chess/seq-06/color/frame-000904.color.png 0.996605 0.0823193 -0.00158691 0.0364341 -0.0822768 0.994998 -0.0566443 0.157668 -0.00308395 0.0565826 0.998393 0.0415975 0.0 0.0 0.0 1.0
chess/seq-06/color/frame-000904.color.png chess/seq-06/color/frame-000907.color.png 0.997654 0.0684486 0.00112101 0.0251666 -0.0683282 0.99664 -0.0451756 0.134382 -0.0042096 0.044993 0.998979 0.0392666 0.0 0.0 0.0 1.0
chess/seq-06/color/frame-000907.color.png chess/seq-06/color/frame-000910.color.png 0.998325 0.0577833 0.00287985 0.000123978 -0.0576361 0.997641 -0.0372929 0.107317 -0.00502794 0.0370644 0.9993 0.0184703 0.0 0.0 0.0 1.0
chess/seq-06/color/frame-000910.color.png chess/seq-06/color/frame-000913.color.png 0.997174 0.0751084 -0.00163511 0.0203972 -0.0751171 0.99648 -0.0372182 0.130733 -0.00116591 0.0372358 0.999306 0.0237664 0.0 0.0 0.0 1.0
chess/seq-06/color/frame-000913.color.png chess/seq-06/color/frame-000916.color.png 0.998696 0.0494709 -0.0126053 0.0458804 -0.049974 0.99781 -0.0433357 0.0955886 0.0104338 0.0439091 0.998981 0.0301372 0.0 0.0 0.0 1.0
chess/seq-06/color/frame-000916.color.png chess/seq-06/color/frame-000919.color.png 0.999379 0.0350533 -0.00353839 0.021214 -0.0351356 0.999024 -0.0267723 0.0565239 0.00259648 0.02688 0.999635 0.0468869 0.0 0.0 0.0 1.0
chess/seq-06/color/frame-000919.color.png chess/seq-06/color/frame-000922.color.png 0.999845 0.0175684 -0.000525128 0.0183065 -0.0175761 0.999557 -0.0240011 0.0417051 0.000103066 0.0240066 0.999712 0.0417379 0.0 0.0 0.0 1.0
chess/seq-06/color/frame-000922.color.png chess/seq-06/color/frame-000925.color.png 0.999753 0.0154066 0.0160298 -0.00324082 -0.0151558 0.999763 -0.0156521 0.0174956 -0.0162671 0.0154053 0.999749 0.0659665 0.0 0.0 0.0 1.0
chess/seq-06/color/frame-000925.color.png chess/seq-06/color/frame-000928.color.png 0.999717 0.0228325 -0.00667868 0.0236509 -0.0229361 0.999611 -0.0158578 0.0549548 0.006314 0.0160066 0.999852 0.0368402 0.0 0.0 0.0 1.0
chess/seq-06/color/frame-000928.color.png chess/seq-06/color/frame-000931.color.png 0.999807 0.0169396 -0.00994456 0.0231261 -0.0169869 0.999845 -0.00469099 0.017284 0.00986357 0.004859 0.999939 0.0302122 0.0 0.0 0.0 1.0
chess/seq-06/color/frame-000931.color.png chess/seq-06/color/frame-000934.color.png 0.999938 0.00728141 -0.00842337 0.0245676 -0.00734657 0.999943 -0.00772778 0.0172242 0.00836662 0.00778918 0.999935 0.0265968 0.0 0.0 0.0 1.0
chess/seq-06/color/frame-000934.color.png chess/seq-06/color/frame-000937.color.png 0.999781 0.00697769 -0.019723 0.0515282 -0.00701414 0.999974 -0.00178059 -0.00541475 0.01971 0.00191855 0.999804 0.00768316 0.0 0.0 0.0 1.0
chess/seq-06/color/frame-000937.color.png chess/seq-06/color/frame-000940.color.png 0.999801 0.00513659 -0.0192865 0.0577853 -0.00513141 0.999987 0.000312843 -0.0072253 0.0192879 -0.000213778 0.999814 0.00743437 0.0 0.0 0.0 1.0
chess/seq-06/color/frame-000940.color.png chess/seq-06/color/frame-000943.color.png 0.999451 -0.00867719 -0.0319695 0.0795784 0.00872272 0.999961 0.00128934 -0.0153622 0.0319571 -0.00156755 0.999488 0.000917315 0.0 0.0 0.0 1.0
chess/seq-06/color/frame-000943.color.png chess/seq-06/color/frame-000946.color.png 0.999857 -0.00140367 -0.0168763 0.0551074 0.00138852 0.999999 -0.000914637 -0.00695503 0.0168775 0.000891078 0.999857 0.00788617 0.0 0.0 0.0 1.0
chess/seq-06/color/frame-000946.color.png chess/seq-06/color/frame-000949.color.png 0.999993 -0.0025023 -0.00273199 0.0237852 0.00250777 0.999995 0.00199703 -0.00898764 0.00272691 -0.00200386 0.999994 0.0226907 0.0 0.0 0.0 1.0
chess/seq-06/color/frame-000949.color.png chess/seq-06/color/frame-000952.color.png 0.999415 -0.0301139 -0.0161935 0.0330195 0.0302155 0.999525 0.00606286 -0.0548975 0.0160033 -0.00654863 0.99985 0.00838327 0.0 0.0 0.0 1.0
chess/seq-06/color/frame-000952.color.png chess/seq-06/color/frame-000955.color.png 0.999604 -0.0233585 -0.0157092 0.0226083 0.0234728 0.999699 0.00713693 -0.0503407 0.0155378 -0.00750286 0.999851 0.0104221 0.0 0.0 0.0 1.0
chess/seq-06/color/frame-000955.color.png chess/seq-06/color/frame-000958.color.png 0.998964 -0.0382327 -0.0246762 0.0357594 0.0386657 0.999102 0.0173202 -0.0841433 0.0239917 -0.0182564 0.999546 -0.000436306 0.0 0.0 0.0 1.0
chess/seq-06/color/frame-000958.color.png chess/seq-06/color/frame-000961.color.png 0.999464 -0.0297595 -0.0136698 0.0144215 0.0300054 0.999385 0.0181482 -0.0752164 0.0131213 -0.0185486 0.999742 0.00984681 0.0 0.0 0.0 1.0
chess/seq-06/color/frame-000961.color.png chess/seq-06/color/frame-000964.color.png 0.999006 -0.0372586 -0.0244743 0.0326288 0.0376727 0.999151 0.0166794 -0.0814406 0.023832 -0.0175849 0.999561 -0.0098207 0.0 0.0 0.0 1.0
chess/seq-06/color/frame-000964.color.png chess/seq-06/color/frame-000967.color.png 0.999633 -0.0224202 -0.0152112 0.0179396 0.0225847 0.999687 0.0107305 -0.0459219 0.0149659 -0.0110701 0.999827 0.00336671 0.0 0.0 0.0 1.0
chess/seq-06/color/frame-000967.color.png chess/seq-06/color/frame-000970.color.png 0.999737 -0.0177924 -0.0144573 0.0175406 0.0179967 0.999738 0.0141263 -0.0571722 0.0142022 -0.0143827 0.999796 0.00680768 0.0 0.0 0.0 1.0
chess/seq-06/color/frame-000970.color.png chess/seq-06/color/frame-000973.color.png 0.999288 -0.0298707 -0.0230572 0.0269531 0.0301444 0.999478 0.0116144 -0.0580577 0.0226981 -0.0123012 0.999667 -0.00929129 0.0 0.0 0.0 1.0
chess/seq-06/color/frame-000973.color.png chess/seq-06/color/frame-000976.color.png 0.999553 -0.02127 -0.0209947 0.0170605 0.0216511 0.999602 0.0180968 -0.0511062 0.0206015 -0.0185432 0.999616 -0.00920105 0.0 0.0 0.0 1.0
chess/seq-06/color/frame-000976.color.png chess/seq-06/color/frame-000979.color.png 0.999718 -0.0116016 -0.0207298 0.0202066 0.0119359 0.999799 0.0160785 -0.0351349 0.0205391 -0.0163214 0.999656 -0.0128478 0.0 0.0 0.0 1.0
chess/seq-06/color/frame-000979.color.png chess/seq-06/color/frame-000982.color.png 0.999642 -0.00613341 -0.026026 0.0344023 0.00665157 0.99978 0.01987 -0.0348459 0.0258984 -0.020036 0.999464 -0.0194737 0.0 0.0 0.0 1.0
chess/seq-06/color/frame-000982.color.png chess/seq-06/color/frame-000985.color.png 0.999847 -0.00625157 -0.0163132 0.0178047 0.00662468 0.999715 0.0229173 -0.0452123 0.0161654 -0.0230218 0.999604 -0.0224901 0.0 0.0 0.0 1.0
chess/seq-06/color/frame-000985.color.png chess/seq-06/color/frame-000988.color.png 0.999563 0.000675598 -0.02955 0.0391054 -0.000136889 0.999834 0.0182295 -0.0216137 0.0295575 -0.0182175 0.999397 -0.0385983 0.0 0.0 0.0 1.0
chess/seq-06/color/frame-000988.color.png chess/seq-06/color/frame-000991.color.png 0.99961 -0.00431118 -0.0275864 0.0409374 0.00483405 0.99981 0.0189149 -0.0359562 0.0274996 -0.0190409 0.99944 -0.0357579 0.0 0.0 0.0 1.0
chess/seq-06/color/frame-000991.color.png chess/seq-06/color/frame-000994.color.png 0.999809 -0.00811321 -0.0177709 0.023901 0.00838557 0.999848 0.0153047 -0.0250892 0.0176439 -0.0154508 0.999725 -0.0192727 0.0 0.0 0.0 1.0
chess/seq-06/color/frame-000994.color.png chess/seq-06/color/frame-000997.color.png 0.999937 -0.00381862 -0.0105928 0.00973344 0.00394396 0.999922 0.0118411 -0.0152348 0.0105467 -0.0118821 0.999874 -0.017893 0.0 0.0 0.0 1.0
