chess/seq-06/color/frame-000000.color.png chess/seq-06/color/frame-000003.color.png 0.99999 0.0043109 -0.00142996 0.00426998 -0.00430989 0.99999 0.000712519 0.00118243 0.00143302 -0.000706349 0.999999 0.00926333 0.0 0.0 0.0 1.0
chess/seq-06/color/frame-000003.color.png chess/seq-06/color/frame-000006.color.png 0.999987 0.00334494 -0.00382613 0.00668291 -0.00331917 0.999972 0.0067234 -0.00191992 0.00384851 -0.00671061 0.99997 0.0104782 0.0 0.0 0.0 1.0
chess/seq-06/color/frame-000006.color.png chess/seq-06/color/frame-000009.color.png 0.999978 0.00536415 -0.00377547 0.0158449 -0.00533375 0.999954 0.00801731 0.000697171 0.0038183 -0.007997 0.999961 0.00739658 0.0 0.0 0.0 1.0
chess/seq-06/color/frame-000009.color.png chess/seq-06/color/frame-000012.color.png 0.999988 -0.00282992 -0.00393181 0.00237657 0.00285724 0.999972 0.00696204 -0.00260581 0.003912 -0.00697319 0.999968 0.0118827 0.0 0.0 0.0 1.0
chess/seq-06/color/frame-000012.color.png chess/seq-06/color/frame-000015.color.png 0.999993 0.000326755 -0.00366404 0.00627443 -0.000308392 0.999987 0.00501028 -0.00447095 0.00366563 -0.00500912 0.999981 0.0259235 0.0 0.0 0.0 1.0
chess/seq-06/color/frame-000015.color.png chess/seq-06/color/frame-000018.color.png 0.999999 -0.000950405 -0.000966153 0.00832518 0.000950463 1.0 6.00392e-05 -0.00284791 0.000966094 -6.09555e-05 1.0 0.0235248 0.0 0.0 0.0 1.0
chess/seq-06/color/frame-000018.color.png chess/seq-06/color/frame-000021.color.png 0.999986 -0.000405137 0.00535801 -0.00453535 0.000405127 1.0 2.38882e-06 -0.00216674 -0.00535801 -2.23357e-07 0.999986 0.0406445 0.0 0.0 0.0 1.0
chess/seq-06/color/frame-000021.color.png chess/seq-06/color/frame-000024.color.png 0.999992 -0.0038291 -0.00106241 0.00232973 0.00383474 0.999978 0.00536005 -0.00834484 0.00104186 -0.00536408 0.999985 0.0399803 0.0 0.0 0.0 1.0
chess/seq-06/color/frame-000024.color.png chess/seq-06/color/frame-000027.color.png 0.99999 0.0024274 0.0038918 -0.00241201 -0.0024143 0.999991 -0.003367 -0.0200287 -0.00389994 0.00335757 0.999987 0.0607741 0.0 0.0 0.0 1.0
chess/seq-06/color/frame-000027.color.png chess/seq-06/color/frame-000030.color.png 0.999986 0.00474986 0.00224973 -0.00744681 -0.0047464 0.999988 -0.00154035 -0.0190055 -0.00225702 0.00152965 0.999996 0.0565387 0.0 0.0 0.0 1.0
chess/seq-06/color/frame-000030.color.png chess/seq-06/color/frame-000033.color.png 0.999978 0.00532063 -0.00391815 -0.00823569 -0.00532767 0.999984 -0.00178848 -0.0206764 0.00390857 0.00180932 0.999991 0.0766762 0.0 0.0 0.0 1.0
chess/seq-06/color/frame-000033.color.png chess/seq-06/color/frame-000036.color.png 0.999834 0.00427425 -0.0177026 0.00362927 -0.00419038 0.99998 0.00477231 -0.00465173 0.0177226 -0.00469733 0.999832 0.0587464 0.0 0.0 0.0 1.0
chess/seq-06/color/frame-000036.color.png chess/seq-06/color/frame-000039.color.png 0.999944 0.00894331 -0.00572138 -0.00152245 -0.0089039 0.999937 0.00687768 -0.00130542 0.00578254 -0.00682635 0.99996 0.0618828 0.0 0.0 0.0 1.0
chess/seq-06/color/frame-000039.color.png chess/seq-06/color/frame-000042.color.png 0.999838 0.00270693 -0.0178178 0.00706935 -0.00246518 0.999905 0.0135757 -0.0192068 0.0178528 -0.0135296 0.999749 0.0562656 0.0 0.0 0.0 1.0
chess/seq-06/color/frame-000042.color.png chess/seq-06/color/frame-000045.color.png 0.99997 0.00255496 -0.00727655 -0.00107244 -0.00248153 0.999946 0.0100821 -0.0194225 0.00730192 -0.0100638 0.999923 0.0587612 0.0 0.0 0.0 1.0
chess/seq-06/color/frame-000045.color.png chess/seq-06/color/frame-000048.color.png 0.99993 0.00216643 -0.0116475 0.0152256 -0.00209553 0.999979 0.00609642 -0.00744338 0.0116604 -0.0060716 0.999914 0.0537446 0.0 0.0 0.0 1.0
chess/seq-06/color/frame-000048.color.png chess/seq-06/color/frame-000051.color.png 0.999927 0.00186778 -0.0119675 0.0132677 -0.00182902 0.999993 0.00324731 -0.0206276 0.0119734 -0.00322517 0.999923 0.0512687 0.0 0.0 0.0 1.0
chess/seq-06/color/frame-000051.color.png chess/seq-06/color/frame-000054.color.png 0.999964 -0.00401072 -0.00742783 0.00189654 0.00398298 0.999985 -0.00374385 -0.0204513 0.00744273 0.00371412 0.999965 0.062064 0.0 0.0 0.0 1.0
chess/seq-06/color/frame-000054.color.png chess/seq-06/color/frame-000057.color.png 0.999859 -0.000237261 -0.0168114 0.0208419 0.000313344 0.99999 0.00452298 -0.0133177 0.0168102 -0.0045276 0.999848 0.0624171 0.0 0.0 0.0 1.0
chess/seq-06/color/frame-000057.color.png chess/seq-06/color/frame-000060.color.png 0.999829 -0.00125076 -0.0184479 0.0272535 0.00134392 0.999986 0.00503855 -0.0150484 0.0184414 -0.00506248 0.999817 0.0597674 0.0 0.0 0.0 1.0
chess/seq-06/color/frame-000060.color.png chess/seq-06/color/frame-000063.color.png 0.999968 0.00235876 -0.00766549 0.01042 -0.00224803 0.999893 0.014422 -0.0210583 0.00769872 -0.0144043 0.999867 0.0594468 0.0 0.0 0.0 1.0
chess/seq-06/color/frame-000063.color.png chess/seq-06/color/frame-000066.color.png 0.999964 0.00840767 -0.00131917 -0.00137552 -0.00838275 0.999805 0.0178851 -0.0306453 0.0014693 -0.0178734 0.999839 0.0598695 0.0 0.0 0.0 1.0
chess/seq-06/color/frame-000066.color.png chess/seq-06/color/frame-000069.color.png 0.999947 0.00120003 -0.0102194 0.00509196 -0.00113317 0.999978 0.00654561 -0.0170701 0.0102271 -0.00653368 0.999926 0.053618 0.0 0.0 0.0 1.0
chess/seq-06/color/frame-000069.color.png chess/seq-06/color/frame-000072.color.png 0.999977 0.00160323 -0.00666903 0.00412744 -0.00157791 0.999992 0.00380109 -0.0112287 0.006675 -0.00379047 0.999971 0.0520908 0.0 0.0 0.0 1.0
chess/seq-06/color/frame-000072.color.png chess/seq-06/color/frame-000075.color.png 0.99998 0.0053584 0.00331171 -0.00835689 -0.00537322 0.999976 0.00448255 -0.0231463 -0.00328759 -0.00450024 0.999984 0.0535377 0.0 0.0 0.0 1.0
chess/seq-06/color/frame-000075.color.png chess/seq-06/color/frame-000078.color.png 0.999903 -0.0109062 0.00870557 -0.00941599 0.010993 0.99989 -0.00999263 0.00152709 -0.00859563 0.0100874 0.999912 0.0538327 0.0 0.0 0.0 1.0
chess/seq-06/color/frame-000078.color.png chess/seq-06/color/frame-000081.color.png 0.999978 -0.00508817 0.00427573 -0.00643592 0.0051512 0.999876 -0.0148616 0.00371888 -0.00419958 0.0148833 0.99988 0.0543375 0.0 0.0 0.0 1.0
chess/seq-06/color/frame-000081.color.png chess/seq-06/color/frame-000084.color.png 0.999969 0.00279595 0.00735303 -0.015757 -0.00276456 0.999987 -0.00427503 0.00355721 -0.00736487 0.00425456 0.999964 0.0523956 0.0 0.0 0.0 1.0
chess/seq-06/color/frame-000084.color.png chess/seq-06/color/frame-000087.color.png 0.999974 0.000585143 -0.00717414 0.00277999 -0.000619253 0.999988 -0.00475397 0.00133201 0.00717128 0.00475828 0.999963 0.0472612 0.0 0.0 0.0 1.0
chess/seq-06/color/frame-000087.color.png chess/seq-06/color/frame-000090.color.png 0.999885 0.0135172 -0.00688622 0.0066347 -0.0134612 0.999876 0.0081186 -0.0201115 0.00699506 -0.00802497 0.999943 0.0446329 0.0 0.0 0.0 1.0
chess/seq-06/color/frame-000090.color.png chess/seq-06/color/frame-000093.color.png 0.999808 -0.00028972 -0.0195895 0.0307792 0.000402845 0.999983 0.00577006 -0.0143331 0.0195876 -0.00577686 0.999791 0.0405693 0.0 0.0 0.0 1.0
chess/seq-06/color/frame-000093.color.png chess/seq-06/color/frame-000096.color.png 0.999998 0.00197304 -0.000870222 -0.00394295 -0.00198548 0.999893 -0.0145223 0.0214808 0.000841476 0.014524 0.999894 0.0455568 0.0 0.0 0.0 1.0
chess/seq-06/color/frame-000096.color.png chess/seq-06/color/frame-000099.color.png 0.999869 0.00517556 -0.0153107 0.0389232 -0.00527269 0.999966 -0.00631009 -0.00386119 0.0152775 0.00639 0.999863 0.0470078 0.0 0.0 0.0 1.0
chess/seq-06/color/frame-000099.color.png chess/seq-06/color/frame-000102.color.png 0.999983 0.00319201 -0.00491405 0.0155571 -0.00318698 0.999994 0.00102814 -0.00744224 0.00491725 -0.00101247 0.999987 0.039129 0.0 0.0 0.0 1.0
chess/seq-06/color/frame-000102.color.png chess/seq-06/color/frame-000105.color.png 0.999995 0.00313844 -4.20496e-05 0.00982878 -0.00313873 0.999931 -0.0113591 0.0166979 6.41427e-06 0.0113592 0.999936 0.0437502 0.0 0.0 0.0 1.0
chess/seq-06/color/frame-000105.color.png chess/seq-06/color/frame-000108.color.png 0.999963 0.00858152 -0.000796948 0.00834627 -0.00858166 0.999963 -0.000193658 -0.00514317 0.000795264 0.000200468 1.0 0.0449229 0.0 0.0 0.0 1.0
chess/seq-06/color/frame-000108.color.png chess/seq-06/color/frame-000111.color.png 0.999837 0.0108294 -0.0144285 0.0331123 -0.011035 0.999838 -0.0142456 0.0198409 0.0142719 0.0144025 0.999794 0.0482874 0.0 0.0 0.0 1.0
chess/seq-06/color/frame-000111.color.png chess/seq-06/color/frame-000114.color.png 0.999718 0.00669386 -0.0227825 0.0456644 -0.0067016 0.999978 -0.000263974 -0.00268289 0.0227802 0.00041658 0.99974 0.036801 0.0 0.0 0.0 1.0
chess/seq-06/color/frame-000114.color.png chess/seq-06/color/frame-000117.color.png 0.999742 0.00528472 -0.0221149 0.0446193 -0.00514656 0.999967 0.00629932 -0.020534 0.0221474 -0.00618388 0.999736 0.039791 0.0 0.0 0.0 1.0
chess/seq-06/color/frame-000117.color.png chess/seq-06/color/frame-000120.color.png 0.999944 -0.00083201 -0.0105896 0.0168048 0.000954025 0.999933 0.0115236 -0.0201536 0.0105793 -0.011533 0.999878 0.034548 0.0 0.0 0.0 1.0
chess/seq-06/color/frame-000120.color.png chess/seq-06/color/frame-000123.color.png 0.999942 0.00754994 -0.00769877 0.0145952 -0.00746726 0.999915 0.0107098 -0.0221662 0.00777899 -0.0106517 0.999913 0.0299945 0.0 0.0 0.0 1.0
chess/seq-06/color/frame-000123.color.png chess/seq-06/color/frame-000126.color.png 0.999985 -0.00555155 -0.0004239 -0.00094771 0.00555258 0.999982 0.00247838 -0.002657 0.000410048 -0.00248068 0.999997 0.0236554 0.0 0.0 0.0 1.0
chess/seq-06/color/frame-000126.color.png chess/seq-06/color/frame-000129.color.png 0.999966 0.00744271 0.00356179 -0.0069342 -0.00745608 0.999965 0.00375565 -0.00753856 -0.0035337 -0.0037821 0.999987 0.0333362 0.0 0.0 0.0 1.0
chess/seq-06/color/frame-000129.color.png chess/seq-06/color/frame-000132.color.png 0.999996 0.0026287 -0.000746598 0.00166944 -0.00263169 0.999988 -0.00404246 0.000376821 0.000735936 0.00404444 0.999992 0.0314615 0.0 0.0 0.0 1.0
chess/seq-06/color/frame-000132.color.png chess/seq-06/color/frame-000135.color.png 0.999991 -0.00288885 -0.00322818 0.00652694 0.00290336 0.999986 0.00450307 -0.0129291 0.00321516 -0.0045124 0.999985 0.032863 0.0 0.0 0.0 1.0
chess/seq-06/color/frame-000135.color.png chess/seq-06/color/frame-000138.color.png 0.999994 -0.00197426 -0.00273184 0.00106777 0.00198233 0.999994 0.00295715 -0.0120217 0.00272597 -0.00296254 0.999992 0.0344334 0.0 0.0 0.0 1.0
chess/seq-06/color/frame-000138.color.png chess/seq-06/color/frame-000141.color.png 0.999967 0.00247244 0.00777737 -0.0162233 -0.00247352 0.999997 0.000130999 -0.00201419 -0.00777704 -0.000150241 0.99997 0.0274427 0.0 0.0 0.0 1.0
chess/seq-06/color/frame-000141.color.png chess/seq-06/color/frame-000144.color.png 0.999979 -0.00102842 0.00644 -0.0135346 0.00101103 0.999996 0.00270066 -0.0104289 -0.00644278 -0.00269411 0.999976 0.0332162 0.0 0.0 0.0 1.0
chess/seq-06/color/frame-000144.color.png chess/seq-06/color/frame-000147.color.png 0.999986 -0.0010628 -0.00516269 0.00737081 0.00111174 0.999954 0.00948594 -0.0227723 0.00515235 -0.00949156 0.999942 0.0292239 0.0 0.0 0.0 1.0
chess/seq-06/color/frame-000147.color.png chess/seq-06/color/frame-000150.color.png 0.999974 0.00644136 0.00338544 -0.0073159 -0.00645336 0.999973 0.00354988 -0.0055311 -0.00336245 -0.00357162 0.999988 0.0220783 0.0 0.0 0.0 1.0
chess/seq-06/color/frame-000150.color.png chess/seq-06/color/frame-000153.color.png 0.999959 0.00315028 -0.00844715 0.0161814 -0.00314088 0.999994 0.00112818 -1.48714e-05 0.00845063 -0.00110158 0.999964 0.0264673 0.0 0.0 0.0 1.0
chess/seq-06/color/frame-000153.color.png chess/seq-06/color/frame-000156.color.png 0.999992 0.00137651 -0.0037894 0.00779726 -0.00135245 0.999979 0.00634756 -0.0130461 0.00379807 -0.00634241 0.999973 0.0144007 0.0 0.0 0.0 1.0
chess/seq-06/color/frame-000156.color.png chess/seq-06/color/frame-000159.color.png 0.999997 0.00161992 -0.0018344 0.00470476 -0.00160684 0.999973 0.00712167 -0.0193528 0.00184584 -0.00711868 0.999973 0.011673 0.0 0.0 0.0 1.0
chess/seq-06/color/frame-000159.color.png chess/seq-06/color/frame-000162.color.png 0.999991 0.00368197 0.00213634 -0.00301383 -0.00370021 0.999956 0.00861395 -0.0171832 -0.00210458 -0.00862176 0.999961 0.00491023 0.0 0.0 0.0 1.0
chess/seq-06/color/frame-000162.color.png chess/seq-06/color/frame-000165.color.png 0.999994 -0.00312142 -0.00162416 0.00925681 0.00313572 0.999956 0.00889493 -0.0172188 0.00159636 -0.00890001 0.999959 0.00491691 0.0 0.0 0.0 1.0
chess/seq-06/color/frame-000165.color.png chess/seq-06/color/frame-000168.color.png 0.999995 0.00124528 -0.00308352 0.0111014 -0.00122135 0.999969 0.00774967 -0.0159188 0.00309315 -0.00774588 0.999965 -0.00242043 0.0 0.0 0.0 1.0
chess/seq-06/color/frame-000168.color.png chess/seq-06/color/frame-000171.color.png 0.999875 -0.000249949 -0.0158152 0.0475618 0.000357799 0.999977 0.00681544 -0.0137415 0.0158132 -0.00682023 0.999852 -0.0129402 0.0 0.0 0.0 1.0
chess/seq-06/color/frame-000171.color.png chess/seq-06/color/frame-000174.color.png 0.999872 0.0155091 -0.00379383 0.0257708 -0.0154814 0.999854 0.00723827 -0.0171912 0.00390557 -0.00717862 0.999967 -0.0166345 0.0 0.0 0.0 1.0
chess/seq-06/color/frame-000174.color.png chess/seq-06/color/frame-000177.color.png 0.999689 0.0137562 -0.0208301 0.0722777 -0.013513 0.999839 0.0117709 -0.0262161 0.0209887 -0.0114857 0.999714 -0.0313783 0.0 0.0 0.0 1.0
chess/seq-06/color/frame-000177.color.png chess/seq-06/color/frame-000180.color.png 0.999776 0.0180664 -0.0110363 0.062721 -0.0179844 0.99981 0.0074778 -0.0163595 0.0111694 -0.00727767 0.999911 -0.0339563 0.0 0.0 0.0 1.0
chess/seq-06/color/frame-000180.color.png chess/seq-06/color/frame-000183.color.png 0.999682 0.0152292 -0.0200998 0.0949645 -0.0151043 0.999866 0.00635502 -0.00601083 0.0201939 -0.00604938 0.999778 -0.0381994 0.0 0.0 0.0 1.0
chess/seq-06/color/frame-000183.color.png chess/seq-06/color/frame-000186.color.png 0.999738 0.0197785 -0.0114938 0.0764094 -0.0197384 0.999799 0.00358865 -0.00272802 0.0115624 -0.00336085 0.999927 -0.0402894 0.0 0.0 0.0 1.0
chess/seq-06/color/frame-000186.color.png chess/seq-06/color/frame-000189.color.png 0.999823 0.00282937 -0.0185862 0.0913894 -0.00287608 0.999993 -0.00249012 0.012827 0.018579 0.0025431 0.999824 -0.0414026 0.0 0.0 0.0 1.0
chess/seq-06/color/frame-000189.color.png chess/seq-06/color/frame-000192.color.png 0.999978 -0.00312653 -0.00580466 0.047459 0.00318717 0.99994 0.0104654 -0.0237062 0.00577157 -0.0104837 0.999928 -0.0328891 0.0 0.0 0.0 1.0
chess/seq-06/color/frame-000192.color.png chess/seq-06/color/frame-000195.color.png 0.999965 0.0036261 -0.00749366 0.0737051 -0.00361481 0.999992 0.00152064 0.00368077 0.00749912 -0.00149346 0.999971 -0.0278254 0.0 0.0 0.0 1.0
chess/seq-06/color/frame-000195.color.png chess/seq-06/color/frame-000198.color.png 0.999864 0.0139157 -0.00884128 0.0678114 -0.0138932 0.9999 0.00260685 0.00212315 0.00887667 -0.00248368 0.999958 -0.0209749 0.0 0.0 0.0 1.0
chess/seq-06/color/frame-000198.color.png chess/seq-06/color/frame-000201.color.png 0.999811 0.00648477 -0.018315 0.0948312 -0.00625399 0.999901 0.012629 -0.0141478 0.0183952 -0.0125122 0.999752 -0.0239062 0.0 0.0 0.0 1.0
chess/seq-06/color/frame-000201.color.png chess/seq-06/color/frame-000204.color.png 0.999936 0.00316826 -0.0108942 0.0697843 -0.00315792 0.999995 0.000960723 0.0160634 0.0108972 -0.000926294 0.99994 -0.0124512 0.0 0.0 0.0 1.0
chess/seq-06/color/frame-000204.color.png chess/seq-06/color/frame-000207.color.png 0.999213 -0.00818221 -0.0387994 0.151779 0.00826591 0.999964 0.00199976 -0.0175223 0.0387816 -0.00231879 0.999245 -0.0238137 0.0 0.0 0.0 1.0
chess/seq-06/color/frame-000207.color.png chess/seq-06/color/frame-000210.color.png 0.999848 -0.00406001 -0.0169796 0.0980486 0.00398463 0.999982 -0.00447278 -0.00355604 0.0169976 0.00440436 0.999846 -0.0130584 0.0 0.0 0.0 1.0
chess/seq-06/color/frame-000210.color.png chess/seq-06/color/frame-000213.color.png 0.999774 -0.0111959 -0.018052 0.0789807 0.0111517 0.999934 -0.00254817 -0.00539967 0.0180793 0.00234634 0.999834 -0.0183791 0.0 0.0 0.0 1.0
chess/seq-06/color/frame-000213.color.png chess/seq-06/color/frame-000216.color.png 0.999713 0.00648533 -0.0230385 0.115446 -0.0065834 0.99997 -0.00418659 0.00253645 0.0230105 0.00433706 0.999726 -0.0269427 0.0 0.0 0.0 1.0
chess/seq-06/color/frame-000216.color.png chess/seq-06/color/frame-000219.color.png 0.999858 -0.00470566 -0.0162 0.0822939 0.00465239 0.999984 -0.00332384 0.00239974 0.0162153 0.00324799 0.999863 -0.0289862 0.0 0.0 0.0 1.0
chess/seq-06/color/frame-000219.color.png chess/seq-06/color/frame-000222.color.png 0.998862 -0.0115491 -0.0462769 0.178481 0.0115905 0.999933 0.000627186 0.0105102 0.0462666 -0.00116285 0.998928 -0.0429256 0.0 0.0 0.0 1.0
chess/seq-06/color/frame-000222.color.png chess/seq-06/color/frame-000225.color.png 0.999783 0.0168863 -0.0121967 0.0880527 -0.0168614 0.999856 0.00213418 0.0146004 0.012231 -0.00192811 0.999923 -0.0330958 0.0 0.0 0.0 1.0
chess/seq-06/color/frame-000225.color.png chess/seq-06/color/frame-000228.color.png 0.999172 -0.000343839 -0.0406917 0.157093 0.00111776 0.999819 0.0189973 -0.0387489 0.0406778 -0.0190271 0.998991 -0.0653368 0.0 0.0 0.0 1.0
chess/seq-06/color/frame-000228.color.png chess/seq-06/color/frame-000231.color.png 0.999536 -0.00566471 -0.0299246 0.128063 0.00566647 0.999984 -2.61097e-05 -0.0061304 0.0299243 -0.000143474 0.999552 -0.0458255 0.0 0.0 0.0 1.0
chess/seq-06/color/frame-000231.color.png chess/seq-06/color/frame-000234.color.png 0.999788 0.00305261 -0.0203514 0.10213 -0.00305212 0.999995 5.67493e-05 0.00300536 0.0203514 5.43067e-06 0.999793 -0.0323161 0.0 0.0 0.0 1.0
chess/seq-06/color/frame-000234.color.png chess/seq-06/color/frame-000237.color.png 0.998981 -0.0125746 -0.043343 0.154552 0.0126194 0.99992 0.000759382 -0.0123852 0.04333 -0.00130561 0.99906 -0.0251806 0.0 0.0 0.0 1.0
chess/seq-06/color/frame-000237.color.png chess/seq-06/color/frame-000240.color.png 0.999414 0.0186583 -0.0286939 0.135258 -0.0186887 0.999825 -0.000790386 0.0208007 0.0286742 0.00132617 0.999588 -0.0327504 0.0 0.0 0.0 1.0
chess/seq-06/color/frame-000240.color.png chess/seq-06/color/frame-000243.color.png 0.999544 0.00875637 -0.0289026 0.114692 -0.00877792 0.999961 -0.000618545 -0.00257367 0.0288961 0.000872014 0.999582 -0.0384982 0.0 0.0 0.0 1.0
chess/seq-06/color/frame-000243.color.png chess/seq-06/color/frame-000246.color.png 0.999845 -0.00639126 -0.0164017 0.0959094 0.00615552 0.999878 -0.0143831 0.00353909 0.0164916 0.0142799 0.999762 -0.0198798 0.0 0.0 0.0 1.0
chess/seq-06/color/frame-000246.color.png chess/seq-06/color/frame-000249.color.png 0.999939 0.00657819 -0.00887887 0.0779221 -0.00664769 0.999947 -0.00781301 0.0166578 0.00882692 0.00787156 0.99993 -0.0137861 0.0 0.0 0.0 1.0
chess/seq-06/color/frame-000249.color.png chess/seq-06/color/frame-000252.color.png 0.999858 -0.00793467 -0.0148468 0.0858741 0.0077193 0.999865 -0.0145146 0.0214215 0.0149599 0.014398 0.999784 -0.0282507 0.0 0.0 0.0 1.0
chess/seq-06/color/frame-000252.color.png chess/seq-06/color/frame-000255.color.png 0.999366 -0.0122397 -0.0334363 0.134607 0.0122489 0.999925 7.19219e-05 -0.0158827 0.0334331 -0.000481487 0.999441 -0.050807 0.0 0.0 0.0 1.0
chess/seq-06/color/frame-000255.color.png chess/seq-06/color/frame-000258.color.png 0.999734 -0.0221719 -0.00642129 0.0631893 0.0221851 0.999752 0.00199651 -0.0180555 0.00637538 -0.00213847 0.999977 -0.0158036 0.0 0.0 0.0 1.0
chess/seq-06/color/frame-000258.color.png chess/seq-06/color/frame-000261.color.png 0.999754 -0.0220722 -0.00220899 0.0365196 0.0220262 0.999576 -0.0190409 0.0120956 0.00262822 0.0189876 0.999816 0.00521123 0.0 0.0 0.0 1.0
chess/seq-06/color/frame-000261.color.png chess/seq-06/color/frame-000264.color.png 0.999958 -0.00405022 0.00824752 0.00438273 0.00415736 0.999907 -0.013007 0.0416126 -0.00819381 0.0130408 0.999881 0.029283 0.0 0.0 0.0 1.0
chess/seq-06/color/frame-000264.color.png chess/seq-06/color/frame-000267.color.png 0.999802 -0.0153105 0.0127086 -0.018629 0.0154442 0.999826 -0.0104916 0.0214854 -0.0125458 0.0106858 0.999864 0.0568117 0.0 0.0 0.0 1.0
chess/seq-06/color/frame-000267.color.png chess/seq-06/color/frame-000270.color.png 0.999533 0.0303184 -0.00390327 0.00635588 -0.0303934 0.999321 -0.0208395 0.120579 0.00326867 0.0209484 0.999775 0.0279367 0.0 0.0 0.0 1.0
chess/seq-06/color/frame-000270.color.png chess/seq-06/color/frame-000273.color.png 0.99969 0.0149999 -0.0198892 0.0425696 -0.0155527 0.999489 -0.02794 0.104543 0.01946 0.0282407 0.999412 0.0342404 0.0 0.0 0.0 1.0
chess/seq-06/color/frame-000273.color.png chess/seq-06/color/frame-000276.color.png 0.999978 -0.0064896 0.00161637 -0.0243645 0.00652464 0.99972 -0.0227356 0.0506721 -0.00146852 0.0227456 0.99974 0.0528328 0.0 0.0 0.0 1.0
chess/seq-06/color/frame-000276.color.png chess/seq-06/color/frame-000279.color.png 0.999842 0.00023867 -0.0177497 0.0128222 -0.000515226 0.999879 -0.0155763 0.0526876 0.0177439 0.0155829 0.999721 0.0132291 0.0 0.0 0.0 1.0
chess/seq-06/color/frame-000279.color.png chess/seq-06/color/frame-000282.color.png 0.999761 -0.00219492 -0.0217471 0.029548 0.00185014 0.999872 -0.0158626 0.0484047 0.0217791 0.0158186 0.999638 -0.000593424 0.0 0.0 0.0 1.0
chess/seq-06/color/frame-000282.color.png chess/seq-06/color/frame-000285.color.png 0.997699 -0.0677939 0.000312826 -0.0121996 0.0677936 0.997647 -0.0101737 -0.0531372 0.000377671 0.0101715 0.999948 0.0292304 0.0 0.0 0.0 1.0
chess/seq-06/color/frame-000285.color.png chess/seq-06/color/frame-000288.color.png 0.999561 -0.0201497 0.0217371 -0.0486745 0.0202967 0.999773 -0.00656394 0.00641067 -0.0215999 0.00700223 0.999742 0.0630224 0.0 0.0 0.0 1.0
chess/seq-06/color/frame-000288.color.png chess/seq-06/color/frame-000291.color.png 0.999824 -0.00283906 0.0185558 -0.0290323 0.00319167 0.999814 -0.0189987 0.0536584 -0.0184984 0.0190546 0.999647 0.0803182 0.0 0.0 0.0 1.0
chess/seq-06/color/frame-000291.color.png chess/seq-06/color/frame-000294.color.png 0.999947 -0.00711798 0.00742639 -0.0283355 0.00703474 0.999913 0.0111704 -0.0173799 -0.00750528 -0.0111176 0.99991 0.0339372 0.0 0.0 0.0 1.0
chess/seq-06/color/frame-000294.color.png chess/seq-06/color/frame-000297.color.png 0.999964 -0.00425698 -0.00729863 0.00671005 0.00428891 0.999981 0.00436653 -0.00501091 0.00727993 -0.0043977 0.999964 0.00730014 0.0 0.0 0.0 1.0
chess/seq-06/color/frame-000297.color.png chess/seq-06/color/frame-000300.color.png 0.999967 -0.0040639 -0.00697118 -0.00469613 0.00408724 0.999986 0.00333238 0.00720539 0.00695747 -0.00336071 0.99997 0.0115416 0.0 0.0 0.0 1.0
chess/seq-06/color/frame-000300.color.png chess/seq-06/color/frame-000303.color.png 0.99999 -0.0037933 0.00259084 -0.00597072 0.0037819 0.999983 0.0043722 -0.00592599 -0.00260732 -0.00436238 0.999987 0.0210536 0.0 0.0 0.0 1.0
chess/seq-06/color/frame-000303.color.png chess/seq-06/color/frame-000306.color.png 0.999977 -0.00671881 0.000498947 -0.000518203 0.006722 0.999956 -0.00662167 0.0108183 -0.000454426 0.00662485 0.999978 0.033066 0.0 0.0 0.0 1.0
chess/seq-06/color/frame-000306.color.png chess/seq-06/color/frame-000309.color.png 0.999839 -0.0178889 0.00149742 0.00549817 0.0178994 0.999813 -0.00732122 0.00926716 -0.00136622 0.00734686 0.999972 0.0268824 0.0 0.0 0.0 1.0
chess/seq-06/color/frame-000309.color.png chess/seq-06/color/frame-000312.color.png 0.999905 -0.00186449 0.0136904 -0.0376247 0.00162061 0.99984 0.0178027 -0.0283312 -0.0137213 -0.0177788 0.999748 0.0446229 0.0 0.0 0.0 1.0
chess/seq-06/color/frame-000312.color.png chess/seq-06/color/frame-000315.color.png 0.999227 -0.0306066 0.0246602 -0.0701253 0.0303606 0.999486 0.0102884 -0.0592961 -0.0249625 -0.00953173 0.999643 0.0565925 0.0 0.0 0.0 1.0
chess/seq-06/color/frame-000315.color.png chess/seq-06/color/frame-000318.color.png 0.999966 -0.00403172 0.0071523 -0.0337268 0.00404468 0.99999 -0.00179831 0.0126746 -0.00714497 0.00182717 0.999973 0.023092 0.0 0.0 0.0 1.0
chess/seq-06/color/frame-000318.color.png chess/seq-06/color/frame-000321.color.png 0.999779 -0.00514532 0.0203685 -0.058995 0.00517875 0.999985 -0.00158863 0.00955369 -0.02036 0.00169374 0.999791 0.0481727 0.0 0.0 0.0 1.0
chess/seq-06/color/frame-000321.color.png chess/seq-06/color/frame-000324.color.png 0.999955 -0.00545561 0.0077073 -0.0271363 0.00538836 0.999948 0.00871657 -0.0217142 -0.00775438 -0.00867464 0.999932 0.0312335 0.0 0.0 0.0 1.0
chess/seq-06/color/frame-000324.color.png chess/seq-06/color/frame-000327.color.png 0.999902 -0.00808144 0.0114435 -0.0255367 0.00811987 0.999961 -0.00331767 0.022149 -0.0114162 0.00341025 0.999929 0.0372505 0.0 0.0 0.0 1.0
chess/seq-06/color/frame-000327.color.png chess/seq-06/color/frame-000330.color.png 0.99999 -0.0011132 0.00424813 -0.0237048 0.0010897 0.999984 0.0055332 0.000233874 -0.00425439 -0.00552851 0.999976 0.0184786 0.0 0.0 0.0 1.0
chess/seq-06/color/frame-000330.color.png chess/seq-06/color/frame-000333.color.png 0.999929 -0.0118418 -0.00137371 -0.00993145 0.0118403 0.999929 -0.00109707 0.000397891 0.00138667 0.00108072 0.999998 0.0174477 0.0 0.0 0.0 1.0
chess/seq-06/color/frame-000333.color.png chess/seq-06/color/frame-000336.color.png 0.999956 -0.0078369 0.00514457 -0.0339367 0.00787352 0.999943 -0.00714255 0.0205664 -0.00508818 0.00718272 0.999961 0.023967 0.0 0.0 0.0 1.0
chess/seq-06/color/frame-000336.color.png chess/seq-06/color/frame-000339.color.png 0.999961 -0.00745313 0.00468238 -0.0278792 0.0074513 0.999972 0.000410113 -0.00190338 -0.00468538 -0.000375174 0.999989 0.0222368 0.0 0.0 0.0 1.0
chess/seq-06/color/frame-000339.color.png chess/seq-06/color/frame-000342.color.png 0.999976 -0.00206644 0.00656419 -0.0324451 0.00200359 0.999952 0.00957072 -0.00931567 -0.0065837 -0.00955733 0.999933 0.0236385 0.0 0.0 0.0 1.0
chess/seq-06/color/frame-000342.color.png chess/seq-06/color/frame-000345.color.png 0.999996 0.00249044 0.00114211 -0.0192693 -0.00250236 0.999941 0.0105596 -0.0155931 -0.00111568 -0.0105625 0.999944 0.0161276 0.0 0.0 0.0 1.0
chess/seq-06/color/frame-000345.color.png chess/seq-06/color/frame-000348.color.png 0.99993 -0.0067575 -0.0097113 0.0036782 0.0067139 0.999967 -0.00451429 0.00729488 0.00974141 0.00444876 0.999943 0.000586748 0.0 0.0 0.0 1.0
chess/seq-06/color/frame-000348.color.png chess/seq-06/color/frame-000351.color.png 0.999994 -0.00267034 0.00212786 -0.0258857 0.00270001 0.999897 -0.0140672 0.0349347 -0.00208994 0.0140729 0.999899 0.0109098 0.0 0.0 0.0 1.0
chess/seq-06/color/frame-000351.color.png chess/seq-06/color/frame-000354.color.png 0.999998 0.00146952 -0.0013462 -0.0155985 -0.00146596 0.999995 0.00263487 -0.00353977 0.00134997 -0.00263294 0.999996 0.00250793 0.0 0.0 0.0 1.0
chess/seq-06/color/frame-000354.color.png chess/seq-06/color/frame-000357.color.png 0.999967 0.00706132 -0.00398518 -0.00898707 -0.00702335 0.999931 0.00946517 -0.0090165 0.00405179 -0.00943686 0.999947 0.00514841 0.0 0.0 0.0 1.0
chess/seq-06/color/frame-000357.color.png chess/seq-06/color/frame-000360.color.png 0.999974 -0.00454088 -0.00562224 -0.00429642 0.00459761 0.999938 0.0101175 -0.0236432 0.00557603 -0.010143 0.999933 0.0052104 0.0 0.0 0.0 1.0
chess/seq-06/color/frame-000360.color.png chess/seq-06/color/frame-000363.color.png 0.999915 -0.0124794 -0.00386634 -0.00704181 0.0125342 0.999816 0.0144876 -0.0496285 0.00368466 -0.0145349 0.999888 0.00680804 0.0 0.0 0.0 1.0
chess/seq-06/color/frame-000363.color.png chess/seq-06/color/frame-000366.color.png 0.999956 0.0023901 -0.00906206 0.0141246 -0.0022815 0.999926 0.0119755 -0.0250629 0.0090901 -0.0119543 0.999887 -0.00148559 0.0 0.0 0.0 1.0
chess/seq-06/color/frame-000366.color.png chess/seq-06/color/frame-000369.color.png 0.999836 -0.0133804 -0.0121641 0.0230012 0.0132868 0.999882 -0.00773854 0.00948384 0.0122661 0.00757563 0.999896 0.00863743 0.0 0.0 0.0 1.0
chess/seq-06/color/frame-000369.color.png chess/seq-06/color/frame-000372.color.png 0.99992 -0.0124817 -0.00198916 0.00687373 0.0124979 0.999887 0.00833152 -0.034508 0.00188506 -0.00835571 0.999963 0.00983834 0.0 0.0 0.0 1.0
chess/seq-06/color/frame-000372.color.png chess/seq-06/color/frame-000375.color.png 0.999857 -0.0135872 0.0100481 -0.019195 0.0135311 0.999893 0.00562818 -0.0325523 -0.0101234 -0.00549142 0.999934 0.0355992 0.0 0.0 0.0 1.0
chess/seq-06/color/frame-000375.color.png chess/seq-06/color/frame-000378.color.png 0.999943 0.00873624 -0.00612031 0.00831425 -0.00868733 0.999931 0.00797204 -0.0180132 0.0061894 -0.00791842 0.99995 0.00542688 0.0 0.0 0.0 1.0
chess/seq-06/color/frame-000378.color.png chess/seq-06/color/frame-000381.color.png 0.999946 0.0102934 -0.00122086 -0.0154705 -0.0103066 0.999883 -0.0113091 0.0498477 0.00110427 0.0113211 0.999935 0.00557733 0.0 0.0 0.0 1.0
chess/seq-06/color/frame-000381.color.png chess/seq-06/color/frame-000384.color.png 0.999844 -0.0175859 0.00125818 -0.014661 0.0175713 0.999787 0.0108338 -0.0606789 -0.00144848 -0.01081 0.999941 0.0268412 0.0 0.0 0.0 1.0
chess/seq-06/color/frame-000384.color.png chess/seq-06/color/frame-000387.color.png 0.999978 0.000319367 0.00670603 -0.0329498 -0.000305013 0.999998 -0.00214311 0.0164154 -0.00670657 0.002141 0.999975 0.0198464 0.0 0.0 0.0 1.0
chess/seq-06/color/frame-000387.color.png chess/seq-06/color/frame-000390.color.png 0.999797 0.0200401 0.00219251 -0.0199281 -0.020056 0.999771 0.00751826 0.00606811 -0.00204121 -0.00756069 0.999969 0.013993 0.0 0.0 0.0 1.0
chess/seq-06/color/frame-000390.color.png chess/seq-06/color/frame-000393.color.png 0.99993 0.00607485 -0.0101281 0.0125159 -0.0061091 0.999976 -0.00335666 0.0185319 0.0101073 0.0034183 0.999943 0.00574851 0.0 0.0 0.0 1.0
chess/seq-06/color/frame-000393.color.png chess/seq-06/color/frame-000396.color.png 0.999987 -0.00443778 0.00268123 -0.0221369 0.00442842 0.999984 0.00348371 -0.0198608 -0.00269683 -0.00347178 0.99999 0.0115743 0.0 0.0 0.0 1.0
chess/seq-06/color/frame-000396.color.png chess/seq-06/color/frame-000399.color.png 0.999994 0.000397109 -0.00349562 -0.00525212 -0.000409738 0.999993 -0.00361386 0.00887778 0.00349428 0.00361526 0.999987 0.0018754 0.0 0.0 0.0 1.0
chess/seq-06/color/frame-000399.color.png chess/seq-06/color/frame-000402.color.png 0.999981 0.00461892 -0.00399298 -0.00406408 -0.00461344 0.999988 0.00138093 0.0012877 0.00399939 -0.00136247 0.999991 0.00122213 0.0 0.0 0.0 1.0
chess/seq-06/color/frame-000402.color.png chess/seq-06/color/frame-000405.color.png 0.999945 0.00808612 -0.00672733 -0.000186801 -0.00803919 0.999943 0.00697326 -0.0100031 0.00678322 -0.00691879 0.999953 -0.000383615 0.0 0.0 0.0 1.0
chess/seq-06/color/frame-000405.color.png chess/seq-06/color/frame-000408.color.png 0.999963 0.00568699 -0.00648142 -0.00102365 -0.00564847 0.999966 0.00594432 -0.00481614 0.00651497 -0.00590749 0.999961 0.00152445 0.0 0.0 0.0 1.0
chess/seq-06/color/frame-000408.color.png chess/seq-06/color/frame-000411.color.png 0.999981 0.00481971 -0.00380127 -0.00320876 -0.0048101 0.999985 0.00253553 -0.000456125 0.00381341 -0.00251721 0.99999 0.00398445 0.0 0.0 0.0 1.0
chess/seq-06/color/frame-000411.color.png chess/seq-06/color/frame-000414.color.png 0.999988 0.00443008 -0.00199581 -0.00238276 -0.00442901 0.99999 0.000539802 0.00665575 0.00199823 -0.000530956 0.999998 0.00501633 0.0 0.0 0.0 1.0
chess/seq-06/color/frame-000414.color.png chess/seq-06/color/frame-000417.color.png 0.999952 0.00937926 -0.00283118 -0.00361645 -0.00937438 0.999955 0.00172797 0.00728521 0.00284739 -0.00170135 0.999995 0.00115633 0.0 0.0 0.0 1.0
chess/seq-06/color/frame-000417.color.png chess/seq-06/color/frame-000420.color.png 0.999996 0.00176836 -0.00222947 0.000758171 -0.0017513 0.999969 0.00763313 -0.0227874 0.00224264 -0.00762918 0.999968 -0.00145936 0.0 0.0 0.0 1.0
chess/seq-06/color/frame-000420.color.png chess/seq-06/color/frame-000423.color.png 0.999874 0.0158264 0.00154009 -0.00620067 -0.0158364 0.999852 0.0066682 -0.000748813 -0.00143404 -0.00669176 0.999977 -0.00810051 0.0 0.0 0.0 1.0
chess/seq-06/color/frame-000423.color.png chess/seq-06/color/frame-000426.color.png 0.999728 0.0166862 0.0162749 -0.0325693 -0.0169027 0.999769 0.013256 -0.0196529 -0.0160499 -0.0135275 0.99978 0.00324273 0.0 0.0 0.0 1.0
chess/seq-06/color/frame-000426.color.png chess/seq-06/color/frame-000429.color.png 0.999686 0.0118102 0.0220871 -0.0430794 -0.0120926 0.999846 0.0126985 -0.0245445 -0.0219338 -0.0129616 0.999675 0.00894189 0.0 0.0 0.0 1.0
chess/seq-06/color/frame-000429.color.png chess/seq-06/color/frame-000432.color.png 0.999622 0.00234993 0.0273927 -0.0412525 -0.00260733 0.999953 0.00936501 -0.0299557 -0.0273694 -0.0094329 0.999581 0.00447989 0.0 0.0 0.0 1.0
chess/seq-06/color/frame-000432.color.png chess/seq-06/color/frame-000435.color.png 0.999896 0.00119113 0.0143717 -0.00440848 -0.00122046 0.999997 0.00203146 -0.0137555 -0.0143693 -0.00204878 0.999895 -0.0129654 0.0 0.0 0.0 1.0
chess/seq-06/color/frame-000435.color.png chess/seq-06/color/frame-000438.color.png 0.999868 -0.000125194 0.0162446 -0.00839448 4.4045e-05 0.999988 0.00499494 -0.0139461 -0.0162451 -0.00499359 0.999856 -0.0204558 0.0 0.0 0.0 1.0
chess/seq-06/color/frame-000438.color.png chess/seq-06/color/frame-000441.color.png 0.999911 0.00909007 0.00975834 -0.00667715 -0.00921375 0.999877 0.0127084 -0.0305022 -0.00964148 -0.0127972 0.999872 -0.0129302 0.0 0.0 0.0 1.0
chess/seq-06/color/frame-000441.color.png chess/seq-06/color/frame-000444.color.png 0.999929 0.0115062 -0.00294465 0.0301393 -0.0114517 0.999774 0.0179002 -0.0340515 0.0031498 -0.0178652 0.999836 -0.043474 0.0 0.0 0.0 1.0
chess/seq-06/color/frame-000444.color.png chess/seq-06/color/frame-000447.color.png 0.999997 0.00259092 -0.000417412 0.0112758 -0.00259368 0.999974 -0.00668114 0.010183 0.000400232 0.0066822 0.999977 -0.0301447 0.0 0.0 0.0 1.0
chess/seq-06/color/frame-000447.color.png chess/seq-06/color/frame-000450.color.png 0.999975 0.00635375 -0.00323397 0.0192333 -0.00633272 0.999959 0.00647467 -0.0246421 0.00327491 -0.006454 0.999974 -0.0311158 0.0 0.0 0.0 1.0
chess/seq-06/color/frame-000450.color.png chess/seq-06/color/frame-000453.color.png 0.999999 0.00160839 0.000225572 0.0112188 -0.00160935 0.999989 0.00436337 -0.0242246 -0.000218486 -0.00436376 0.99999 -0.033066 0.0 0.0 0.0 1.0
chess/seq-06/color/frame-000453.color.png chess/seq-06/color/frame-000456.color.png 0.999888 0.0104808 0.0106895 -0.0191495 -0.0104458 0.99994 -0.00332763 0.0132193 -0.0107239 0.00321564 0.999937 -0.027684 0.0 0.0 0.0 1.0
chess/seq-06/color/frame-000456.color.png chess/seq-06/color/frame-000459.color.png 0.999915 -0.00302692 0.0126759 -0.015695 0.00274813 0.999755 0.0219523 -0.0737636 -0.0127391 -0.0219157 0.999679 -0.00537634 0.0 0.0 0.0 1.0
chess/seq-06/color/frame-000459.color.png chess/seq-06/color/frame-000462.color.png 0.999218 0.00769262 0.0387869 -0.0955751 -0.00832738 0.999834 0.0162295 -0.0498582 -0.0386558 -0.0165398 0.999116 0.027132 0.0 0.0 0.0 1.0
chess/seq-06/color/frame-000462.color.png chess/seq-06/color/frame-000465.color.png 0.999765 0.00650153 0.0206895 -0.0476247 -0.00706878 0.999598 0.0274652 -0.080262 -0.0205025 -0.027605 0.999409 0.00195575 0.0 0.0 0.0 1.0
chess/seq-06/color/frame-000465.color.png chess/seq-06/color/frame-000468.color.png 0.999893 0.00326958 0.0142522 -0.0310464 -0.00372452 0.99948 0.0320118 -0.086677 -0.0141401 -0.0320614 0.999386 -0.00706077 0.0 0.0 0.0 1.0
chess/seq-06/color/frame-000468.color.png chess/seq-06/color/frame-000471.color.png 0.99996 -0.00248762 0.00862944 -0.0147157 0.00235894 0.999886 0.0148884 -0.0411353 -0.00866566 -0.0148674 0.999852 -0.0140696 0.0 0.0 0.0 1.0
chess/seq-06/color/frame-000471.color.png chess/seq-06/color/frame-000474.color.png 0.999425 0.0240783 0.0238853 -0.0467184 -0.0238859 0.99968 -0.00830922 0.0394402 -0.0240776 0.00773397 0.99968 0.00713682 0.0 0.0 0.0 1.0
chess/seq-06/color/frame-000474.color.png chess/seq-06/color/frame-000477.color.png 0.998574 -0.00409238 0.0532329 -0.123746 0.00227856 0.999416 0.0340898 -0.120044 -0.0533413 -0.03392 0.998 0.0554571 0.0 0.0 0.0 1.0
chess/seq-06/color/frame-000477.color.png chess/seq-06/color/frame-000480.color.png 0.999006 -0.00885888 0.0436819 -0.115469 0.0072846 0.999323 0.0360684 -0.104505 -0.0439718 -0.0357144 0.998394 0.0365217 0.0 0.0 0.0 1.0
chess/seq-06/color/frame-000480.color.png chess/seq-06/color/frame-000483.color.png 0.999471 -0.00621948 0.0319172 -0.0793869 0.00530929 0.999579 0.0285226 -0.0846914 -0.0320812 -0.028338 0.999083 0.0297024 0.0 0.0 0.0 1.0
chess/seq-06/color/frame-000483.color.png chess/seq-06/color/frame-000486.color.png 0.999823 -0.00421261 0.0183406 -0.0502691 0.0037691 0.999701 0.0241499 -0.0718878 -0.0184369 -0.0240765 0.99954 0.00412107 0.0 0.0 0.0 1.0
chess/seq-06/color/frame-000486.color.png chess/seq-06/color/frame-000489.color.png 0.999887 0.0128058 0.00786187 -0.0269829 -0.0129088 0.99983 0.0131858 -0.0247898 -0.00769167 -0.0132858 0.999882 -0.00834608 0.0 0.0 0.0 1.0
chess/seq-06/color/frame-000489.color.png chess/seq-06/color/frame-000492.color.png 0.999949 -0.00330764 0.00954479 -0.0387563 0.00308776 0.999732 0.0229583 -0.0676478 -0.00961814 -0.0229275 0.999691 -0.00868368 0.0 0.0 0.0 1.0
chess/seq-06/color/frame-000492.color.png chess/seq-06/color/frame-000495.color.png 0.999731 -0.00337342 0.0229614 -0.0785171 0.00242591 0.999149 0.0411681 -0.12045 -0.0230807 -0.0411013 0.998888 0.00898433 0.0 0.0 0.0 1.0
chess/seq-06/color/frame-000495.color.png chess/seq-06/color/frame-000498.color.png 0.999901 0.00926084 0.0106184 -0.034886 -0.0093832 0.999889 0.0115354 -0.0485593 -0.0105104 -0.0116339 0.999877 -0.0138032 0.0 0.0 0.0 1.0
chess/seq-06/color/frame-000498.color.png chess/seq-06/color/frame-000501.color.png 0.99989 -0.0128426 0.00746371 -0.0229738 0.0128445 0.999918 -0.000213762 -0.0306823 -0.00746035 0.000309613 0.999972 -0.0134479 0.0 0.0 0.0 1.0
chess/seq-06/color/frame-000501.color.png chess/seq-06/color/frame-000504.color.png 0.999955 -0.00951199 -0.00010672 -0.0064621 0.00951255 0.999909 0.00957301 -0.0412093 1.57045e-05 -0.00957356 0.999954 -0.0234237 0.0 0.0 0.0 1.0
chess/seq-06/color/frame-000504.color.png chess/seq-06/color/frame-000507.color.png 0.999993 -0.00364676 -0.0003398 -0.00637507 0.00364735 0.999992 0.00170304 -0.0185563 0.000333597 -0.00170435 0.999999 -0.0256896 0.0 0.0 0.0 1.0
chess/seq-06/color/frame-000507.color.png chess/seq-06/color/frame-000510.color.png 0.999986 0.00473754 -0.00227391 -0.0017916 -0.00474736 0.999979 -0.0043219 0.00830424 0.00225331 0.00433263 0.999988 -0.0214268 0.0 0.0 0.0 1.0
chess/seq-06/color/frame-000510.color.png chess/seq-06/color/frame-000513.color.png 0.999967 -0.00419236 -0.00690982 0.00654233 0.00420877 0.999988 0.00235803 -0.0173866 0.00689988 -0.00238703 0.999973 -0.0397719 0.0 0.0 0.0 1.0
chess/seq-06/color/frame-000513.color.png chess/seq-06/color/frame-000516.color.png 0.999918 -0.00331453 0.0124151 -0.0392761 0.00324043 0.999977 0.00598181 -0.0127517 -0.0124347 -0.00594106 0.999905 -0.0093019 0.0 0.0 0.0 1.0
chess/seq-06/color/frame-000516.color.png chess/seq-06/color/frame-000519.color.png 0.999979 -0.00529162 -0.00359871 0.0091635 0.00532864 0.999932 0.0103574 -0.0261563 0.00354365 -0.0103762 0.99994 -0.0243419 0.0 0.0 0.0 1.0
chess/seq-06/color/frame-000519.color.png chess/seq-06/color/frame-000522.color.png 0.999938 -0.0100885 0.00475796 -0.0224726 0.00999683 0.999771 0.0189243 -0.0440301 -0.0049477 -0.0188756 0.99981 -0.0145006 0.0 0.0 0.0 1.0
chess/seq-06/color/frame-000522.color.png chess/seq-06/color/frame-000525.color.png 0.999975 0.00559549 -0.00427169 0.0094012 -0.00555907 0.999949 0.00849476 -0.0157248 0.00431899 -0.00847076 0.999955 -0.0152736 0.0 0.0 0.0 1.0
chess/seq-06/color/frame-000525.color.png chess/seq-06/color/frame-000528.color.png 0.99998 0.00250352 0.00582591 -0.0214208 -0.00257086 0.99993 0.0115826 -0.0195214 -0.00579649 -0.0115974 0.999916 -0.00508666 0.0 0.0 0.0 1.0
chess/seq-06/color/frame-000528.color.png chess/seq-06/color/frame-000531.color.png 0.999985 0.000574979 0.00550106 -0.0166426 -0.000639539 0.999931 0.011745 -0.0308692 -0.00549391 -0.0117483 0.999916 -0.00555956 0.0 0.0 0.0 1.0
chess/seq-06/color/frame-000531.color.png chess/seq-06/color/frame-000534.color.png 0.999517 0.00283627 0.0309441 -0.10099 -0.00301404 0.999979 0.00569926 -0.00562645 -0.0309273 -0.00578972 0.999505 0.0246184 0.0 0.0 0.0 1.0
chess/seq-06/color/frame-000534.color.png chess/seq-06/color/frame-000537.color.png 0.999292 0.0189368 0.0325 -0.0725282 -0.0196985 0.999535 0.0232809 -0.0346254 -0.032044 -0.0239047 0.999201 0.0357062 0.0 0.0 0.0 1.0
chess/seq-06/color/frame-000537.color.png chess/seq-06/color/frame-000540.color.png 0.999709 -0.00179851 0.024053 -0.0592208 0.00178446 0.999998 0.000603639 -0.0116855 -0.024054 -0.000560496 0.999711 0.027775 0.0 0.0 0.0 1.0
chess/seq-06/color/frame-000540.color.png chess/seq-06/color/frame-000543.color.png 0.999799 -0.0103683 0.0171683 -0.0461915 0.0101431 0.999862 0.0131541 -0.0523925 -0.0173023 -0.0129774 0.999766 0.014318 0.0 0.0 0.0 1.0
chess/seq-06/color/frame-000543.color.png chess/seq-06/color/frame-000546.color.png 0.999845 -0.00202167 0.0174749 -0.0470618 0.00200364 0.999997 0.00104928 -0.0103127 -0.017477 -0.00101404 0.999847 0.0200953 0.0 0.0 0.0 1.0
chess/seq-06/color/frame-000546.color.png chess/seq-06/color/frame-000549.color.png 0.999801 -0.0124061 0.0156123 -0.0550057 0.0122957 0.999899 0.0071467 -0.0346119 -0.0156993 -0.00695333 0.999852 0.0160602 0.0 0.0 0.0 1.0
chess/seq-06/color/frame-000549.color.png chess/seq-06/color/frame-000552.color.png 0.999927 -0.00713724 0.0097271 -0.0354282 0.0070475 0.999933 0.00922719 -0.032757 -0.00979235 -0.00915796 0.99991 0.00865996 0.0 0.0 0.0 1.0
chess/seq-06/color/frame-000552.color.png chess/seq-06/color/frame-000555.color.png 0.999904 0.00274694 0.0135895 -0.0391005 -0.00286382 0.999959 0.00858795 -0.0234635 -0.0135654 -0.00862595 0.999871 0.0153607 0.0 0.0 0.0 1.0
chess/seq-06/color/frame-000555.color.png chess/seq-06/color/frame-000558.color.png 0.999759 -0.00437316 0.021506 -0.0569708 0.00424155 0.999972 0.00616141 -0.0279911 -0.0215323 -0.00606882 0.99975 0.0155741 0.0 0.0 0.0 1.0
chess/seq-06/color/frame-000558.color.png chess/seq-06/color/frame-000561.color.png 0.999953 0.00600457 0.00759281 -0.0273523 -0.00606883 0.999946 0.00846671 -0.0259199 -0.00754151 -0.00851226 0.999935 -0.000109673 0.0 0.0 0.0 1.0
chess/seq-06/color/frame-000561.color.png chess/seq-06/color/frame-000564.color.png 0.999808 0.0175296 0.00877253 -0.0273438 -0.0175655 0.999837 0.00403586 0.00193161 -0.00870039 -0.00418915 0.999954 0.000463128 0.0 0.0 0.0 1.0
chess/seq-06/color/frame-000564.color.png chess/seq-06/color/frame-000567.color.png 0.999877 0.0134182 -0.0080984 -0.00198889 -0.0134464 0.999904 -0.00343444 0.00429669 0.00805156 0.00354293 0.999961 -0.0145212 0.0 0.0 0.0 1.0
chess/seq-06/color/frame-000567.color.png chess/seq-06/color/frame-000570.color.png 0.999866 0.00761664 -0.0144662 0.0177987 -0.0077298 0.99994 -0.00778224 0.00753289 0.0144061 0.00789303 0.999865 -0.0164151 0.0 0.0 0.0 1.0
chess/seq-06/color/frame-000570.color.png chess/seq-06/color/frame-000573.color.png 0.999971 0.00632174 -0.00417326 -0.00388277 -0.00638566 0.99986 -0.0154849 0.0147783 0.00407479 0.0155111 0.999871 -0.0165803 0.0 0.0 0.0 1.0
chess/seq-06/color/frame-000573.color.png chess/seq-06/color/frame-000576.color.png 0.999963 -0.001893 -0.00840576 0.00998664 0.00186099 0.999991 -0.00381304 -0.00378469 0.00841287 0.00379723 0.999957 -0.0126764 0.0 0.0 0.0 1.0
chess/seq-06/color/frame-000576.color.png chess/seq-06/color/frame-000579.color.png 0.999997 -0.00253781 -0.000342103 -0.0130118 0.00253609 0.999985 -0.00488196 0.00277939 0.00035449 0.00488113 0.999988 -0.0126985 0.0 0.0 0.0 1.0
chess/seq-06/color/frame-000579.color.png chess/seq-06/color/frame-000582.color.png 0.999985 -0.00391857 0.0037765 -0.0194011 0.00387071 0.999913 0.0126011 -0.0332676 -0.00382554 -0.0125864 0.999913 -0.00208938 0.0 0.0 0.0 1.0
chess/seq-06/color/frame-000582.color.png chess/seq-06/color/frame-000585.color.png 0.999873 -0.00120625 0.0158993 -0.0380018 0.00109849 0.999976 0.00678536 -0.0265658 -0.0159071 -0.00676706 0.999851 0.0140545 0.0 0.0 0.0 1.0
chess/seq-06/color/frame-000585.color.png chess/seq-06/color/frame-000588.color.png 0.999661 -0.0173324 0.0194125 -0.0567679 0.0173589 0.999849 -0.00119233 -0.0231208 -0.0193889 0.00152898 0.999811 0.0245236 0.0 0.0 0.0 1.0
chess/seq-06/color/frame-000588.color.png chess/seq-06/color/frame-000591.color.png 0.999585 -0.013887 0.025229 -0.0603496 0.0140302 0.999886 -0.00550866 -0.012787 -0.0251496 0.00586042 0.999667 0.0305791 0.0 0.0 0.0 1.0
chess/seq-06/color/frame-000591.color.png chess/seq-06/color/frame-000594.color.png 0.999742 -0.00707841 0.0215896 -0.0649685 0.00730929 0.999917 -0.0106354 0.00520527 -0.0215125 0.0107904 0.99971 0.0325593 0.0 0.0 0.0 1.0
chess/seq-06/color/frame-000594.color.png chess/seq-06/color/frame-000597.color.png 0.999817 -0.00411231 0.0186826 -0.0659553 0.00433109 0.999922 -0.0116852 0.00352523 -0.0186331 0.011764 0.999757 0.0286368 0.0 0.0 0.0 1.0
chess/seq-06/color/frame-000597.color.png chess/seq-06/color/frame-000600.color.png 0.999873 -0.0027881 0.0157187 -0.0606475 0.00299589 0.999908 -0.0132121 0.0190949 -0.0156804 0.0132575 0.999789 0.0243664 0.0 0.0 0.0 1.0
chess/seq-06/color/frame-000600.color.png chess/seq-06/color/frame-000603.color.png 0.999893 -0.00558579 0.0135111 -0.0520433 0.00571288 0.99994 -0.0093863 0.0118071 -0.0134578 0.00946244 0.999865 0.0148826 0.0 0.0 0.0 1.0
chess/seq-06/color/frame-000603.color.png chess/seq-06/color/frame-000606.color.png 0.999851 -0.0105429 0.0136965 -0.0726869 0.0105484 0.999944 -0.000329024 -0.0127415 -0.0136923 0.000473484 0.999906 0.0102105 0.0 0.0 0.0 1.0
chess/seq-06/color/frame-000606.color.png chess/seq-06/color/frame-000609.color.png 0.999985 0.00233115 0.00504935 -0.0270208 -0.00234598 0.999993 0.00292995 -0.00343263 -0.00504248 -0.00294174 0.999983 0.00742412 0.0 0.0 0.0 1.0
chess/seq-06/color/frame-000609.color.png chess/seq-06/color/frame-000612.color.png 0.999916 0.00637829 -0.0113096 -0.00570077 -0.00644958 0.999959 -0.00628105 0.010709 0.0112691 0.0063535 0.999916 -0.0037452 0.0 0.0 0.0 1.0
chess/seq-06/color/frame-000612.color.png chess/seq-06/color/frame-000615.color.png 0.999953 0.00569133 0.00781973 -0.0318387 -0.00559799 0.999913 -0.0119113 0.0202474 -0.00788684 0.0118669 0.999898 0.00588787 0.0 0.0 0.0 1.0
chess/seq-06/color/frame-000615.color.png chess/seq-06/color/frame-000618.color.png 0.999993 0.00341818 -0.00172312 -0.0123473 -0.00344081 0.999905 -0.0133183 0.0337698 0.00167742 0.0133242 0.99991 -0.000754714 0.0 0.0 0.0 1.0
chess/seq-06/color/frame-000618.color.png chess/seq-06/color/frame-000621.color.png 0.999931 0.000834246 0.0116826 -0.0386619 -0.000803423 0.999996 -0.00264241 0.0059613 -0.0116848 0.00263291 0.999928 0.00692189 0.0 0.0 0.0 1.0
chess/seq-06/color/frame-000621.color.png chess/seq-06/color/frame-000624.color.png 0.999949 -0.00832491 0.00567552 -0.0348434 0.00837838 0.99992 -0.009468 0.00988996 -0.00559623 0.00951502 0.999939 0.00362456 0.0 0.0 0.0 1.0
chess/seq-06/color/frame-000624.color.png chess/seq-06/color/frame-000627.color.png 0.999993 -0.00225542 -0.00292205 -0.0289693 0.00224505 0.999991 -0.00353987 0.00113976 0.00293 0.00353336 0.99999 -0.00331485 0.0 0.0 0.0 1.0
chess/seq-06/color/frame-000627.color.png chess/seq-06/color/frame-000630.color.png 0.999997 -0.00206246 -0.00123701 -0.0367854 0.00206694 0.999991 0.00362015 -0.0143827 0.00122952 -0.00362275 0.999993 0.000586987 0.0 0.0 0.0 1.0
chess/seq-06/color/frame-000630.color.png chess/seq-06/color/frame-000633.color.png 0.999997 0.00190706 0.00172191 -0.0299429 -0.00190334 0.999996 -0.00216429 -0.00383845 -0.00172603 0.00216098 0.999996 -0.0009408 0.0 0.0 0.0 1.0
chess/seq-06/color/frame-000633.color.png chess/seq-06/color/frame-000636.color.png 0.999992 0.00397523 0.000580444 -0.0324573 -0.00397272 0.999983 -0.0042556 0.0198168 -0.000597361 0.00425335 0.999991 -0.00202918 0.0 0.0 0.0 1.0
chess/seq-06/color/frame-000636.color.png chess/seq-06/color/frame-000639.color.png 0.99999 -0.000906723 0.00447772 -0.0291017 0.000854898 0.999933 0.0115556 -0.0240809 -0.0044879 -0.0115517 0.999923 -0.00323045 0.0 0.0 0.0 1.0
chess/seq-06/color/frame-000639.color.png chess/seq-06/color/frame-000642.color.png 0.999973 0.00581963 0.00437067 -0.0288349 -0.00587632 0.999897 0.0130844 -0.0264399 -0.00429405 -0.0131097 0.999905 0.00242865 0.0 0.0 0.0 1.0
chess/seq-06/color/frame-000642.color.png chess/seq-06/color/frame-000645.color.png 0.999965 0.00184044 -0.00813829 -0.00819078 -0.00192077 0.999949 -0.00987112 0.0179591 0.0081197 0.0098864 0.999918 0.00885403 0.0 0.0 0.0 1.0
chess/seq-06/color/frame-000645.color.png chess/seq-06/color/frame-000648.color.png 0.999965 0.00341417 0.00761988 -0.0364984 -0.00348223 0.999954 0.0089354 -0.0184751 -0.00758905 -0.00896149 0.999931 0.0108711 0.0 0.0 0.0 1.0
chess/seq-06/color/frame-000648.color.png chess/seq-06/color/frame-000651.color.png 0.999984 -0.00535599 0.00154938 -0.0395559 0.00534857 0.999974 0.00475201 -0.011261 -0.00157479 -0.00474366 0.999988 0.0120758 0.0 0.0 0.0 1.0
chess/seq-06/color/frame-000651.color.png chess/seq-06/color/frame-000654.color.png 0.999937 -0.0100801 0.0048518 -0.0348485 0.0100703 0.999947 0.00203652 -0.00325406 -0.00487208 -0.00198753 0.999986 0.0115693 0.0 0.0 0.0 1.0
chess/seq-06/color/frame-000654.color.png chess/seq-06/color/frame-000657.color.png 0.99984 -0.00621144 0.0167589 -0.0563402 0.00610053 0.999959 0.00665752 -0.0144767 -0.0167995 -0.00655419 0.999837 0.0145978 0.0 0.0 0.0 1.0
chess/seq-06/color/frame-000657.color.png chess/seq-06/color/frame-000660.color.png 0.999857 -0.0116646 0.0122093 -0.0444432 0.0116488 0.999931 0.00136236 -0.00259539 -0.0122243 -0.00121998 0.999925 0.0087502 0.0 0.0 0.0 1.0
chess/seq-06/color/frame-000660.color.png chess/seq-06/color/frame-000663.color.png 0.999885 -0.000182955 0.0151599 -0.0488797 -1.87987e-06 0.999926 0.0121899 -0.0128715 -0.015161 -0.0121886 0.999811 0.00615966 0.0 0.0 0.0 1.0
chess/seq-06/color/frame-000663.color.png chess/seq-06/color/frame-000666.color.png 0.999999 0.000670232 0.00116422 -0.0227688 -0.000689338 0.999864 0.0165032 -0.0188276 -0.00115301 -0.016504 0.999863 -0.00299048 0.0 0.0 0.0 1.0
chess/seq-06/color/frame-000666.color.png chess/seq-06/color/frame-000669.color.png 0.999989 5.67884e-05 0.0046025 -0.02325 -0.000155245 0.999771 0.0214026 -0.0382171 -0.00460024 -0.0214031 0.99976 -0.00949657 0.0 0.0 0.0 1.0
chess/seq-06/color/frame-000669.color.png chess/seq-06/color/frame-000672.color.png 0.999985 -0.00199261 -0.00514202 -0.00151852 0.00204904 0.999938 0.0109876 -0.00823918 0.0051198 -0.010998 0.999926 -0.0172739 0.0 0.0 0.0 1.0
chess/seq-06/color/frame-000672.color.png chess/seq-06/color/frame-000675.color.png 0.999839 0.0179166 0.00127584 -0.0161934 -0.0179334 0.999734 0.0145292 0.00280246 -0.00101521 -0.0145496 0.999894 -0.0148847 0.0 0.0 0.0 1.0
chess/seq-06/color/frame-000675.color.png chess/seq-06/color/frame-000678.color.png 0.999928 0.00524858 -0.0107977 0.0193322 -0.0050524 0.999823 0.0181176 -0.0251513 0.0108909 -0.0180618 0.999778 -0.0199438 0.0 0.0 0.0 1.0
chess/seq-06/color/frame-000678.color.png chess/seq-06/color/frame-000681.color.png 0.999778 0.0171225 -0.0123034 0.024971 -0.0169581 0.999767 0.0133409 -0.0124452 0.012529 -0.0131292 0.999835 -0.0320313 0.0 0.0 0.0 1.0
chess/seq-06/color/frame-000681.color.png chess/seq-06/color/frame-000684.color.png 0.999769 0.0189314 -0.0101799 0.0234444 -0.0187944 0.999734 0.0133912 -0.0126907 0.0104307 -0.0131968 0.999858 -0.0264796 0.0 0.0 0.0 1.0
chess/seq-06/color/frame-000684.color.png chess/seq-06/color/frame-000687.color.png 0.999633 0.010507 -0.024986 0.043204 -0.0102546 0.999895 0.0102108 -0.00894853 0.0250907 -0.00995079 0.999636 -0.0342962 0.0 0.0 0.0 1.0
chess/seq-06/color/frame-000687.color.png chess/seq-06/color/frame-000690.color.png 0.999747 0.0218957 -0.00520787 0.0200145 -0.0218475 0.99972 0.00914501 -0.0086543 0.00540665 -0.00902893 0.999945 -0.026271 0.0 0.0 0.0 1.0
chess/seq-06/color/frame-000690.color.png chess/seq-06/color/frame-000693.color.png 0.99981 -0.00043673 -0.0194899 0.029687 0.000394457 0.999998 -0.00217225 0.0149264 0.0194908 0.00216411 0.999808 -0.0402893 0.0 0.0 0.0 1.0
chess/seq-06/color/frame-000693.color.png chess/seq-06/color/frame-000696.color.png 0.999971 0.00736678 -0.00204263 0.00793375 -0.00735773 0.999963 0.00440543 0.0021908 0.00207501 -0.00439035 0.999988 -0.028921 0.0 0.0 0.0 1.0
chess/seq-06/color/frame-000696.color.png chess/seq-06/color/frame-000699.color.png 0.999878 -0.0122261 -0.0097132 0.00511356 0.0123158 0.999881 0.00922784 -0.017215 0.00959922 -0.00934633 0.99991 -0.0297738 0.0 0.0 0.0 1.0
chess/seq-06/color/frame-000699.color.png chess/seq-06/color/frame-000702.color.png 0.999816 0.0142151 0.0129145 -0.0104743 -0.0142139 0.999899 -0.000183956 0.00499377 -0.0129158 3.92809e-07 0.999917 -0.0287678 0.0 0.0 0.0 1.0
chess/seq-06/color/frame-000702.color.png chess/seq-06/color/frame-000705.color.png 0.999945 -0.00803914 0.00680199 -0.0102518 0.00808596 0.999944 -0.00688296 0.00950035 -0.00674627 0.00693753 0.999953 -0.0241541 0.0 0.0 0.0 1.0
chess/seq-06/color/frame-000705.color.png chess/seq-06/color/frame-000708.color.png 0.999972 0.000559928 0.00738744 -0.0122619 -0.000444078 0.999877 -0.015676 0.025147 -0.0073953 0.0156722 0.99985 -0.0216124 0.0 0.0 0.0 1.0
chess/seq-06/color/frame-000708.color.png chess/seq-06/color/frame-000711.color.png 0.999689 0.000456477 0.0249181 -0.0329583 -7.1334e-05 0.999881 -0.0154555 0.0246988 -0.0249221 0.015449 0.99957 -0.0282028 0.0 0.0 0.0 1.0
chess/seq-06/color/frame-000711.color.png chess/seq-06/color/frame-000714.color.png 0.999752 0.00798223 0.020803 -0.0251235 -0.00777848 0.999921 -0.00985577 0.0143736 -0.02088 0.00969157 0.999735 -0.0227454 0.0 0.0 0.0 1.0
chess/seq-06/color/frame-000714.color.png chess/seq-06/color/frame-000717.color.png 0.999729 -0.00317856 0.0230803 -0.0347361 0.00353039 0.999878 -0.0152196 0.0241952 -0.0230291 0.0152968 0.999618 -0.00858438 0.0 0.0 0.0 1.0
chess/seq-06/color/frame-000717.color.png chess/seq-06/color/frame-000720.color.png 0.99995 -0.00788348 0.00611762 -0.00897479 0.00804066 0.999627 -0.0261093 0.032993 -0.00590951 0.0261571 0.99964 -0.0236504 0.0 0.0 0.0 1.0
chess/seq-06/color/frame-000720.color.png chess/seq-06/color/frame-000723.color.png 0.999622 -0.0140022 0.0236399 -0.0335125 0.0145284 0.999647 -0.022235 0.0268468 -0.0233202 0.0225701 0.999473 -0.0141716 0.0 0.0 0.0 1.0
chess/seq-06/color/frame-000723.color.png chess/seq-06/color/frame-000726.color.png 0.999551 -0.0164906 0.0250107 -0.0372033 0.0172804 0.999348 -0.031699 0.0403232 -0.0244717 0.0321169 0.999184 -0.00988662 0.0 0.0 0.0 1.0
chess/seq-06/color/frame-000726.color.png chess/seq-06/color/frame-000729.color.png 0.99944 -0.0135899 0.0305899 -0.0434309 0.0145147 0.999438 -0.0302179 0.0357495 -0.0301621 0.030645 0.999075 -0.00249076 0.0 0.0 0.0 1.0
chess/seq-06/color/frame-000729.color.png chess/seq-06/color/frame-000732.color.png 0.999682 -0.019735 0.0156875 -0.0292861 0.0202555 0.999225 -0.0337407 0.0378416 -0.0150095 0.0340477 0.999308 -0.00339735 0.0 0.0 0.0 1.0
chess/seq-06/color/frame-000732.color.png chess/seq-06/color/frame-000735.color.png 0.99952 -0.0224314 0.0213696 -0.041396 0.0232134 0.999043 -0.0370782 0.047551 -0.0205174 0.0375565 0.999084 0.00446975 0.0 0.0 0.0 1.0
chess/seq-06/color/frame-000735.color.png chess/seq-06/color/frame-000738.color.png 0.99955 -0.0252318 0.0162497 -0.0313638 0.0258783 0.998829 -0.0408855 0.0548832 -0.0151991 0.0412876 0.999032 0.00173604 0.0 0.0 0.0 1.0
chess/seq-06/color/frame-000738.color.png chess/seq-06/color/frame-000741.color.png 0.999875 -0.011474 0.0108773 -0.0259057 0.0118167 0.999418 -0.0319891 0.0413361 -0.010504 0.0321137 0.999429 -0.00582027 0.0 0.0 0.0 1.0
chess/seq-06/color/frame-000741.color.png chess/seq-06/color/frame-000744.color.png 0.999816 -0.00780639 0.0175142 -0.0241811 0.00829351 0.999576 -0.0279134 0.0445305 -0.0172889 0.0280535 0.999457 -0.0248034 0.0 0.0 0.0 1.0
chess/seq-06/color/frame-000744.color.png chess/seq-06/color/frame-000747.color.png 0.99988 -0.00822316 0.013172 -0.0183973 0.00861064 0.999524 -0.0296382 0.0449767 -0.012922 0.029748 0.999474 -0.0403028 0.0 0.0 0.0 1.0
chess/seq-06/color/frame-000747.color.png chess/seq-06/color/frame-000750.color.png 0.999857 -0.0152998 -0.00721007 0.00785452 0.0151404 0.999651 -0.0216585 0.0317214 0.00753893 0.0215462 0.999739 -0.0486265 0.0 0.0 0.0 1.0
chess/seq-06/color/frame-000750.color.png chess/seq-06/color/frame-000753.color.png 0.999952 -0.00288588 -0.009308 0.00907969 0.00271811 0.999834 -0.0179893 0.0271281 0.00935839 0.0179632 0.999795 -0.0399041 0.0 0.0 0.0 1.0
chess/seq-06/color/frame-000753.color.png chess/seq-06/color/frame-000756.color.png 0.999556 0.0296883 -0.00273817 0.0208313 -0.0297374 0.999356 -0.0200706 0.0465812 0.00214053 0.0201431 0.999795 -0.047155 0.0 0.0 0.0 1.0
chess/seq-06/color/frame-000756.color.png chess/seq-06/color/frame-000759.color.png 0.99866 0.0516875 0.0023778 0.0160376 -0.0516896 0.998663 0.000845268 0.0426844 -0.00233093 -0.000967018 0.999997 -0.0456033 0.0 0.0 0.0 1.0
chess/seq-06/color/frame-000759.color.png chess/seq-06/color/frame-000762.color.png 0.999012 0.0444356 -0.000898149 0.0116417 -0.0444195 0.998922 0.013519 0.00431041 0.0014979 -0.0134659 0.999908 -0.0367248 0.0 0.0 0.0 1.0
chess/seq-06/color/frame-000762.color.png chess/seq-06/color/frame-000765.color.png 0.999464 0.0321202 0.00634906 -0.000328943 -0.0321555 0.999468 0.00553155 0.0151284 -0.006168 -0.00573275 0.999965 -0.0222332 0.0 0.0 0.0 1.0
chess/seq-06/color/frame-000765.color.png chess/seq-06/color/frame-000768.color.png 0.999435 0.0335762 0.00135826 0.00673082 -0.0335863 0.999401 0.00833611 0.00280328 -0.00107754 -0.00837701 0.999964 -0.00656259 0.0 0.0 0.0 1.0
chess/seq-06/color/frame-000768.color.png chess/seq-06/color/frame-000771.color.png 0.997812 0.066088 0.00183989 0.00552353 -0.0660845 0.997812 -0.00189944 0.0166592 -0.0019614 0.00177368 0.999996 -0.0112513 0.0 0.0 0.0 1.0
chess/seq-06/color/frame-000771.color.png chess/seq-06/color/frame-000774.color.png 0.998037 0.0625905 0.00225362 0.0119653 -0.0626044 0.998016 0.00673224 0.0136416 -0.00182774 -0.00686011 0.999975 -0.00673181 0.0 0.0 0.0 1.0
chess/seq-06/color/frame-000774.color.png chess/seq-06/color/frame-000777.color.png 0.998388 0.0565733 0.00465654 0.0088229 -0.0566295 0.998311 0.0129896 -0.000140637 -0.00391384 -0.0132324 0.999905 -0.00884926 0.0 0.0 0.0 1.0
chess/seq-06/color/frame-000777.color.png chess/seq-06/color/frame-000780.color.png 0.998997 0.0447646 -0.00104989 0.0132402 -0.0447681 0.998991 -0.00361675 0.0164607 0.000886965 0.00366012 0.999993 -0.00559735 0.0 0.0 0.0 1.0
chess/seq-06/color/frame-000780.color.png chess/seq-06/color/frame-000783.color.png 0.999081 0.0427163 -0.00351864 0.00418848 -0.0427192 0.999087 -0.000744273 0.017228 0.0034836 0.000893851 0.999993 -0.00415093 0.0 0.0 0.0 1.0
chess/seq-06/color/frame-000783.color.png chess/seq-06/color/frame-000786.color.png 0.998597 0.0527551 -0.00451897 0.0135612 -0.0527743 0.998598 -0.00423246 0.0151659 0.00428941 0.00446503 0.999981 -0.00976437 0.0 0.0 0.0 1.0
chess/seq-06/color/frame-000786.color.png chess/seq-06/color/frame-000789.color.png 0.999281 0.0342944 -0.0161591 0.0183282 -0.0342557 0.999409 0.00266139 0.0151361 0.0162408 -0.00210593 0.999866 -0.017326 0.0 0.0 0.0 1.0
chess/seq-06/color/frame-000789.color.png chess/seq-06/color/frame-000792.color.png 0.999255 0.037946 -0.00708088 -0.00119683 -0.0379842 0.999264 -0.00533691 0.0230821 0.00687315 0.00560185 0.999961 -0.0127375 0.0 0.0 0.0 1.0
chess/seq-06/color/frame-000792.color.png chess/seq-06/color/frame-000795.color.png 0.999387 0.0202183 -0.0285914 0.0289672 -0.0200701 0.999784 0.00546345 0.0121778 0.0286957 -0.00488622 0.999576 -0.0340561 0.0 0.0 0.0 1.0
chess/seq-06/color/frame-000795.color.png chess/seq-06/color/frame-000798.color.png 0.999289 0.0288608 -0.0242762 0.0185857 -0.0288861 0.999582 -0.000690045 0.00805193 0.0242461 0.00139079 0.999705 -0.0157177 0.0 0.0 0.0 1.0
chess/seq-06/color/frame-000798.color.png chess/seq-06/color/frame-000801.color.png 0.998982 0.0224553 -0.0391311 0.0455606 -0.0225382 0.999745 -0.00168194 0.0199416 0.0390833 0.00256217 0.999233 -0.0386117 0.0 0.0 0.0 1.0
chess/seq-06/color/frame-000801.color.png chess/seq-06/color/frame-000804.color.png 0.998215 0.0441068 -0.0402554 0.0411629 -0.0444278 0.998987 -0.00711615 0.020402 0.0399007 0.00889192 0.999164 -0.038184 0.0 0.0 0.0 1.0
chess/seq-06/color/frame-000804.color.png chess/seq-06/color/frame-000807.color.png 0.997287 0.051666 -0.052439 0.0685096 -0.0523346 0.998564 -0.0114563 0.0303434 0.0517718 0.0141696 0.998558 -0.0368965 0.0 0.0 0.0 1.0
chess/seq-06/color/frame-000807.color.png chess/seq-06/color/frame-000810.color.png 0.998532 0.0428106 -0.0331882 0.0470884 -0.0432307 0.998993 -0.0120473 0.0335748 0.032639 0.0134643 0.999377 -0.0359277 0.0 0.0 0.0 1.0
chess/seq-06/color/frame-000810.color.png chess/seq-06/color/frame-000813.color.png 0.999195 0.0187915 -0.0354491 0.0589517 -0.0186024 0.999811 0.00565882 0.0134285 0.0355488 -0.00499482 0.999355 -0.0510688 0.0 0.0 0.0 1.0
chess/seq-06/color/frame-000813.color.png chess/seq-06/color/frame-000816.color.png 0.999703 -0.00223128 -0.0242653 0.0542994 0.00221746 0.999997 -0.000596262 0.0119055 0.0242666 0.000542277 0.999705 -0.0363441 0.0 0.0 0.0 1.0
chess/seq-06/color/frame-000816.color.png chess/seq-06/color/frame-000819.color.png 0.999927 0.00257924 -0.0118219 0.0500556 -0.00247654 0.999959 0.00869377 0.00591386 0.0118438 -0.00866385 0.999892 -0.0269614 0.0 0.0 0.0 1.0
chess/seq-06/color/frame-000819.color.png chess/seq-06/color/frame-000822.color.png 0.99942 0.028337 -0.0188943 0.0395163 -0.0284439 0.999581 -0.00541003 0.018487 0.0187331 0.00594435 0.999807 -0.0112071 0.0 0.0 0.0 1.0
chess/seq-06/color/frame-000822.color.png chess/seq-06/color/frame-000825.color.png 0.999819 0.0143645 -0.0124561 0.0368423 -0.0145636 0.999765 -0.016048 0.0210713 0.0122226 0.0162265 0.999794 -0.0106671 0.0 0.0 0.0 1.0
chess/seq-06/color/frame-000825.color.png chess/seq-06/color/frame-000828.color.png 0.997972 -0.061083 -0.0179038 0.030497 0.0612268 0.998095 0.00759255 -0.0235951 0.0174059 -0.00867335 0.999811 -0.00956553 0.0 0.0 0.0 1.0
chess/seq-06/color/frame-000828.color.png chess/seq-06/color/frame-000831.color.png 0.997277 -0.0713591 -0.0186285 0.0632274 0.0715783 0.99737 0.0113816 -0.0448199 0.0177673 -0.012684 0.999762 -0.0046581 0.0 0.0 0.0 1.0
chess/seq-06/color/frame-000831.color.png chess/seq-06/color/frame-000834.color.png 0.996587 -0.0794521 -0.0224036 0.0712894 0.079924 0.996579 0.021017 -0.0654066 0.0206571 -0.0227359 0.999528 -0.00380784 0.0 0.0 0.0 1.0
chess/seq-06/color/frame-000834.color.png chess/seq-06/color/frame-000837.color.png 0.997327 -0.0729508 -0.00414572 0.0382479 0.0729756 0.997314 0.00620061 -0.0538636 0.00368226 -0.00648655 0.999972 -0.00470662 0.0 0.0 0.0 1.0
chess/seq-06/color/frame-000837.color.png chess/seq-06/color/frame-000840.color.png 0.996551 -0.0822701 -0.0108702 0.0299603 0.0823344 0.996589 0.00560701 -0.0549113 0.0103718 -0.00648266 0.999925 -0.008295 0.0 0.0 0.0 1.0
chess/seq-06/color/frame-000840.color.png chess/seq-06/color/frame-000843.color.png 0.996917 -0.0780931 -0.00766941 0.00794238 0.0782528 0.996659 0.0233833 -0.0669041 0.0058177 -0.0239113 0.999697 -0.00611806 0.0 0.0 0.0 1.0
chess/seq-06/color/frame-000843.color.png chess/seq-06/color/frame-000846.color.png 0.997168 -0.0718513 -0.0222346 0.053193 0.0720461 0.997369 0.00808482 -0.0515813 0.0215952 -0.00966384 0.99972 -0.00409615 0.0 0.0 0.0 1.0
chess/seq-06/color/frame-000846.color.png chess/seq-06/color/frame-000849.color.png 0.996664 -0.0799847 -0.0162386 0.0442991 0.0802457 0.996645 0.0161113 -0.0689168 0.0148955 -0.0173607 0.999738 -0.00969911 0.0 0.0 0.0 1.0
chess/seq-06/color/frame-000849.color.png chess/seq-06/color/frame-000852.color.png 0.996034 -0.08604 -0.02266 0.0476336 0.0865233 0.996022 0.0212903 -0.0786554 0.0207381 -0.0231665 0.999517 -0.0153511 0.0 0.0 0.0 1.0
chess/seq-06/color/frame-000852.color.png chess/seq-06/color/frame-000855.color.png 0.998018 -0.0585791 -0.0229713 0.0384393 0.0591028 0.997991 0.0228215 -0.0547306 0.0215883 -0.0241339 0.999476 -0.0194865 0.0 0.0 0.0 1.0
chess/seq-06/color/frame-000855.color.png chess/seq-06/color/frame-000858.color.png 0.998205 -0.0537816 -0.0263637 0.0679876 0.0545134 0.998124 0.027871 -0.0673704 0.0248153 -0.0292581 0.999264 0.00147188 0.0 0.0 0.0 1.0
chess/seq-06/color/frame-000858.color.png chess/seq-06/color/frame-000861.color.png 0.998751 -0.044432 -0.0228308 0.0472573 0.0447518 0.998904 0.0136939 -0.0546011 0.0221973 -0.0146985 0.999646 -0.0154751 0.0 0.0 0.0 1.0
chess/seq-06/color/frame-000861.color.png chess/seq-06/color/frame-000864.color.png 0.999328 -0.0297486 -0.0214118 0.0432781 0.0303694 0.99911 0.0292808 -0.0626888 0.0205218 -0.0299114 0.999342 -0.00671178 0.0 0.0 0.0 1.0
chess/seq-06/color/frame-000864.color.png chess/seq-06/color/frame-000867.color.png 0.999165 -0.0342615 -0.0222818 0.0421239 0.0345952 0.999292 0.0147687 -0.0482218 0.02176 -0.0155272 0.999643 -0.0139472 0.0 0.0 0.0 1.0
chess/seq-06/color/frame-000867.color.png chess/seq-06/color/frame-000870.color.png 0.999262 -0.0384187 0.000524724 0.0233457 0.0383919 0.998921 0.0261487 -0.0597641 -0.00152878 -0.0261092 0.999658 0.0128594 0.0 0.0 0.0 1.0
chess/seq-06/color/frame-000870.color.png chess/seq-06/color/frame-000873.color.png 0.997383 -0.0698017 -0.0188271 0.0451773 0.0703721 0.997021 0.0315591 -0.0982722 0.0165682 -0.0328015 0.999325 0.00633574 0.0 0.0 0.0 1.0
chess/seq-06/color/frame-000873.color.png chess/seq-06/color/frame-000876.color.png 0.999444 -0.0333414 0.000836521 0.0110588 0.0333076 0.999095 0.0264577 -0.0674624 -0.00171793 -0.0264151 0.99965 0.0305085 0.0 0.0 0.0 1.0
chess/seq-06/color/frame-000876.color.png chess/seq-06/color/frame-000879.color.png 0.999615 -0.0277122 -0.00137951 0.0054909 0.0277404 0.999206 0.0286122 -0.066286 0.000585563 -0.0286394 0.99959 0.0338218 0.0 0.0 0.0 1.0
chess/seq-06/color/frame-000879.color.png chess/seq-06/color/frame-000882.color.png 0.999793 0.00436566 -0.0198766 0.0417658 -0.00426931 0.999979 0.00488914 -0.00749174 0.0198976 -0.00480333 0.99979 0.0196488 0.0 0.0 0.0 1.0
chess/seq-06/color/frame-000882.color.png chess/seq-06/color/frame-000885.color.png 0.999199 0.0334389 -0.0219825 0.0615953 -0.0334662 0.999439 -0.000875028 0.0267704 0.0219409 0.00161003 0.999758 0.0129067 0.0 0.0 0.0 1.0
chess/seq-06/color/frame-000885.color.png chess/seq-06/color/frame-000888.color.png 0.998714 0.0341403 -0.0374859 0.0844402 -0.0343875 0.999391 -0.00596842 0.0343784 0.0372592 0.00724982 0.999279 -0.000357449 0.0 0.0 0.0 1.0
chess/seq-06/color/frame-000888.color.png chess/seq-06/color/frame-000891.color.png 0.997722 0.0515073 -0.0435685 0.0989802 -0.0539102 0.99698 -0.0559013 0.0966228 0.0405576 0.0581226 0.997485 -0.0192938 0.0 0.0 0.0 1.0
chess/seq-06/color/frame-000891.color.png chess/seq-06/color/frame-000894.color.png 0.995386 0.0908395 -0.0308928 0.0650311 -0.0927448 0.993422 -0.0671662 0.170228 0.0245882 0.0697215 0.997263 0.00156641 0.0 0.0 0.0 1.0
chess/seq-06/color/frame-000894.color.png chess/seq-06/color/frame-000897.color.png 0.991407 0.123256 -0.0438092 0.0902565 -0.126253 0.989241 -0.0739095 0.203773 0.034228 0.0788055 0.996302 -0.00271195 0.0 0.0 0.0 1.0
chess/seq-06/color/frame-000897.color.png chess/seq-06/color/frame-000900.color.png 0.998065 0.0527671 -0.032888 0.0649511 -0.0538254 0.998032 -0.0321707 0.106171 0.0311257 0.0338787 0.998941 0.00949085 0.0 0.0 0.0 1.0
chess/seq-06/color/frame-000900.color.png chess/seq-06/color/frame-000903.color.png 0.996636 0.0808278 -0.0135172 0.0627688 -0.081385 0.995545 -0.0476066 0.148947 0.00960902 0.0485465 0.998775 0.0288857 0.0 0.0 0.0 1.0
chess/seq-06/color/frame-000903.color.png chess/seq-06/color/frame-000906.color.png 0.997585 0.0691927 0.00604653 0.0136367 -0.0687524 0.996088 -0.0555177 0.149067 -0.00986435 0.0549679 0.998439 0.0377209 0.0 0.0 0.0 1.0
chess/seq-06/color/frame-000906.color.png chess/seq-06/color/frame-000909.color.png 0.997062 0.0763574 0.0060334 0.00608408 -0.075975 0.995919 -0.0487203 0.145087 -0.00972891 0.0481188 0.998794 0.0365804 0.0 0.0 0.0 1.0
chess/seq-06/color/frame-000909.color.png chess/seq-06/color/frame-000912.color.png 0.998239 0.0590651 -0.00540592 0.0276101 -0.0592155 0.997663 -0.0340849 0.104143 0.00338006 0.0343451 0.999404 0.0199112 0.0 0.0 0.0 1.0
chess/seq-06/color/frame-000912.color.png chess/seq-06/color/frame-000915.color.png 0.997695 0.0658441 -0.0164267 0.0475231 -0.0663827 0.99719 -0.0347336 0.0998083 0.0140936 0.035744 0.999262 0.027397 0.0 0.0 0.0 1.0
chess/seq-06/color/frame-000915.color.png chess/seq-06/color/frame-000918.color.png 0.99937 0.0353669 -0.00296543 0.0215758 -0.0354581 0.998549 -0.0405219 0.0880004 0.00152793 0.0406015 0.999174 0.0381124 0.0 0.0 0.0 1.0
chess/seq-06/color/frame-000918.color.png chess/seq-06/color/frame-000921.color.png 0.999842 0.0172452 -0.00419066 0.0256647 -0.0173277 0.999639 -0.020518 0.029818 0.00383529 0.0205874 0.999781 0.0358696 0.0 0.0 0.0 1.0
chess/seq-06/color/frame-000921.color.png chess/seq-06/color/frame-000924.color.png 0.999697 0.0199111 0.0144563 0.00137615 -0.0196384 0.999631 -0.0187696 0.0301739 -0.0148247 0.01848 0.999719 0.064743 0.0 0.0 0.0 1.0
chess/seq-06/color/frame-000924.color.png chess/seq-06/color/frame-000927.color.png 0.99985 0.0163561 0.00577361 -0.00323784 -0.0162356 0.999662 -0.0203212 0.0420623 -0.0061041 0.0202245 0.999777 0.0538045 0.0 0.0 0.0 1.0
chess/seq-06/color/frame-000927.color.png chess/seq-06/color/frame-000930.color.png 0.999738 0.0205888 -0.010023 0.0239581 -0.0206448 0.999772 -0.00552004 0.0301441 0.00990715 0.00572548 0.999934 0.0323957 0.0 0.0 0.0 1.0
chess/seq-06/color/frame-000930.color.png chess/seq-06/color/frame-000933.color.png 0.99986 0.0125833 -0.0109813 0.0363761 -0.0126275 0.999912 -0.00396855 0.00919461 0.0109304 0.00410665 0.999932 0.0231788 0.0 0.0 0.0 1.0
chess/seq-06/color/frame-000933.color.png chess/seq-06/color/frame-000936.color.png 0.999727 0.0147629 -0.0181181 0.0464883 -0.0148695 0.999873 -0.00575649 0.0175957 0.0180308 0.00602437 0.999819 0.0138097 0.0 0.0 0.0 1.0
chess/seq-06/color/frame-000936.color.png chess/seq-06/color/frame-000939.color.png 0.99986 -0.00209181 -0.0166077 0.043601 0.00206128 0.999996 -0.00185587 -0.0039635 0.0166114 0.00182139 0.99986 0.0150557 0.0 0.0 0.0 1.0
chess/seq-06/color/frame-000939.color.png chess/seq-06/color/frame-000942.color.png 0.999541 -0.00575274 -0.029746 0.076124 0.0057628 0.999983 0.000248411 -0.0138382 0.0297441 -0.000419723 0.999557 -0.00125849 0.0 0.0 0.0 1.0
chess/seq-06/color/frame-000942.color.png chess/seq-06/color/frame-000945.color.png 0.999797 -0.00378602 -0.0197906 0.0555725 0.00382401 0.999991 0.00188747 -0.0203437 0.0197832 -0.00196279 0.999802 0.0015502 0.0 0.0 0.0 1.0
chess/seq-06/color/frame-000945.color.png chess/seq-06/color/frame-000948.color.png 0.999961 -0.0049304 -0.00733126 0.0367872 0.0049177 0.999986 -0.00174667 -0.000563711 0.00733978 0.00171058 0.999972 0.0213927 0.0 0.0 0.0 1.0
chess/seq-06/color/frame-000948.color.png chess/seq-06/color/frame-000951.color.png 0.999772 -0.0183822 -0.0108433 0.0267806 0.0184375 0.999817 0.00502288 -0.0387289 0.0107489 -0.00522164 0.999929 0.0129414 0.0 0.0 0.0 1.0
chess/seq-06/color/frame-000951.color.png chess/seq-06/color/frame-000954.color.png 0.99942 -0.030686 -0.0147391 0.0184838 0.0308087 0.999492 0.00816537 -0.0600241 0.0144812 -0.0086147 0.999858 0.0102173 0.0 0.0 0.0 1.0
chess/seq-06/color/frame-000954.color.png chess/seq-06/color/frame-000957.color.png 0.998921 -0.0354573 -0.0299761 0.0464538 0.0359606 0.999218 0.0164198 -0.0850923 0.0293703 -0.01748 0.999416 -0.00843704 0.0 0.0 0.0 1.0
chess/seq-06/color/frame-000957.color.png chess/seq-06/color/frame-000960.color.png 0.99956 -0.0284185 -0.00853882 0.00582993 0.0285586 0.999451 0.0167796 -0.0673758 0.00805739 -0.0170161 0.999823 0.0177805 0.0 0.0 0.0 1.0
chess/seq-06/color/frame-000960.color.png chess/seq-06/color/frame-000963.color.png 0.999257 -0.0316144 -0.0220265 0.0324935 0.0319509 0.999375 0.0151001 -0.0732901 0.0215354 -0.0157927 0.999644 -0.000196218 0.0 0.0 0.0 1.0
chess/seq-06/color/frame-000963.color.png chess/seq-06/color/frame-000966.color.png 0.999495 -0.0240252 -0.0207753 0.0243211 0.0243632 0.999572 0.016172 -0.0621618 0.0203777 -0.01667 0.999653 -0.00543642 0.0 0.0 0.0 1.0
chess/seq-06/color/frame-000966.color.png chess/seq-06/color/frame-000969.color.png 0.999721 -0.0208297 -0.0111644 0.0132802 0.0209538 0.999719 0.0111149 -0.0498118 0.0109298 -0.0113457 0.999876 0.00721073 0.0 0.0 0.0 1.0
chess/seq-06/color/frame-000969.color.png chess/seq-06/color/frame-000972.color.png 0.999317 -0.0297265 -0.0219681 0.0269926 0.0300784 0.999422 0.0158693 -0.075844 0.0214836 -0.0165192 0.999633 -0.00820374 0.0 0.0 0.0 1.0
chess/seq-06/color/frame-000972.color.png chess/seq-06/color/frame-000975.color.png 0.999538 -0.0226857 -0.0202244 0.0201459 0.0229488 0.999654 0.0128667 -0.0397731 0.0199255 -0.0133248 0.999713 -0.00273919 0.0 0.0 0.0 1.0
chess/seq-06/color/frame-000975.color.png chess/seq-06/color/frame-000978.color.png 0.999624 -0.0119879 -0.024653 0.0280914 0.0125401 0.999671 0.0223723 -0.0515132 0.0243767 -0.022673 0.999446 -0.016763 0.0 0.0 0.0 1.0
chess/seq-06/color/frame-000978.color.png chess/seq-06/color/frame-000981.color.png 0.999714 -0.00687996 -0.0228903 0.028638 0.00726124 0.999836 0.0166157 -0.0302719 0.0227722 -0.0167772 0.9996 -0.0194824 0.0 0.0 0.0 1.0
chess/seq-06/color/frame-000981.color.png chess/seq-06/color/frame-000984.color.png 0.99968 -0.0113667 -0.0225955 0.0243664 0.0117856 0.99976 0.0184929 -0.03212 0.02238 -0.0187533 0.999574 -0.0181637 0.0 0.0 0.0 1.0
chess/seq-06/color/frame-000984.color.png chess/seq-06/color/frame-000987.color.png 0.999706 0.00577116 -0.0235507 0.0245705 -0.00535452 0.999829 0.0177169 -0.0123509 0.0236489 -0.0175856 0.999565 -0.0313044 0.0 0.0 0.0 1.0
chess/seq-06/color/frame-000987.color.png chess/seq-06/color/frame-000990.color.png 0.99957 -0.00669334 -0.0285503 0.0430322 0.0073171 0.999736 0.0218 -0.0481552 0.0283968 -0.0219995 0.999355 -0.0401075 0.0 0.0 0.0 1.0
chess/seq-06/color/frame-000990.color.png chess/seq-06/color/frame-000993.color.png 0.999824 -0.00426181 -0.0182513 0.0196289 0.00453475 0.999878 0.0149365 -0.0213497 0.0181854 -0.0150167 0.999722 -0.0231634 0.0 0.0 0.0 1.0
chess/seq-06/color/frame-000993.color.png chess/seq-06/color/frame-000996.color.png 0.99993 -0.0041395 -0.0111024 0.018696 0.00431131 0.999871 0.0154965 -0.0272448 0.0110368 -0.0155433 0.999818 -0.0174093 0.0 0.0 0.0 1.0
chess/seq-06/color/frame-000996.color.png chess/seq-06/color/frame-000999.color.png 0.999877 -0.00582777 -0.0145717 0.019747 0.00601148 0.999903 0.0125942 -0.0195652 0.0144968 -0.0126803 0.999815 -0.0201521 0.0 0.0 0.0 1.0
