stairs/seq-02/color/frame-000001.color.png stairs/seq-02/color/frame-000003.color.png 0.99999 0.00419684 -0.00123235 -0.000127704 -0.00419756 0.999991 -0.000580404 0.000895769 0.0012299 0.000585572 0.999999 0.00184141 0.0 0.0 0.0 1.0
stairs/seq-02/color/frame-000003.color.png stairs/seq-02/color/frame-000005.color.png 0.999998 -0.00202803 -0.000442083 -0.000120931 0.00202734 0.999997 -0.00154121 0.000102178 0.000445207 0.00154031 0.999999 -0.0043056 0.0 0.0 0.0 1.0
stairs/seq-02/color/frame-000005.color.png stairs/seq-02/color/frame-000007.color.png 0.999941 0.00251394 -0.0105754 0.000757436 -0.00250774 0.999997 0.000600026 0.000972412 0.0105768 -0.000573471 0.999944 0.0016363 0.0 0.0 0.0 1.0
stairs/seq-02/color/frame-000007.color.png stairs/seq-02/color/frame-000009.color.png 0.999997 0.0022051 0.000106826 0.000629006 -0.002205 0.999997 -0.000971644 0.000446348 -0.000108968 0.000971406 0.999999 0.00295645 0.0 0.0 0.0 1.0
stairs/seq-02/color/frame-000009.color.png stairs/seq-02/color/frame-000011.color.png 0.999995 -0.00084275 -0.00298895 0.000431264 0.000835253 0.999996 -0.00250806 0.00254695 0.00299106 0.00250555 0.999992 -0.000349967 0.0 0.0 0.0 1.0
stairs/seq-02/color/frame-000011.color.png stairs/seq-02/color/frame-000013.color.png 0.999995 0.000713018 0.00315613 -0.000767091 -0.000712164 1.0 -0.000272008 -0.00193806 -0.00315633 0.000269758 0.999995 0.00134041 0.0 0.0 0.0 1.0
stairs/seq-02/color/frame-000013.color.png stairs/seq-02/color/frame-000015.color.png 0.999999 5.88648e-05 -0.00162081 -0.000197652 -6.54182e-05 0.999992 -0.00404374 -0.000913136 0.00162056 0.00404385 0.99999 0.0020727 0.0 0.0 0.0 1.0
stairs/seq-02/color/frame-000015.color.png stairs/seq-02/color/frame-000017.color.png 1.0 0.000325482 -0.000781844 0.00466145 -0.000328821 0.999991 -0.0042745 0.000433432 0.000780443 0.00427476 0.999991 -0.000336744 0.0 0.0 0.0 1.0
stairs/seq-02/color/frame-000017.color.png stairs/seq-02/color/frame-000019.color.png 0.999977 -0.00120749 -0.00661083 0.00221736 0.001165 0.999979 -0.00642691 0.00279085 0.00661845 0.00641906 0.999958 0.000746227 0.0 0.0 0.0 1.0
stairs/seq-02/color/frame-000019.color.png stairs/seq-02/color/frame-000021.color.png 0.999997 0.000190916 0.00251549 -0.00208458 -0.00017792 0.999987 -0.00516597 -0.00448435 -0.00251644 0.00516551 0.999983 0.00656491 0.0 0.0 0.0 1.0
stairs/seq-02/color/frame-000021.color.png stairs/seq-02/color/frame-000023.color.png 0.999992 0.00227172 -0.00323574 0.00552523 -0.00227055 0.999997 0.000363764 -0.00279371 0.00323655 -0.000356412 0.999995 -0.000743429 0.0 0.0 0.0 1.0
stairs/seq-02/color/frame-000023.color.png stairs/seq-02/color/frame-000025.color.png 0.99998 -0.0062803 0.000735877 0.00476597 0.00627826 0.999977 0.00273753 -0.00160301 -0.000753051 -0.00273287 0.999996 0.00573596 0.0 0.0 0.0 1.0
stairs/seq-02/color/frame-000025.color.png stairs/seq-02/color/frame-000027.color.png 0.999997 -0.00158974 0.00154585 -8.59639e-05 0.0015818 0.999986 0.00512376 -0.00344193 -0.00155398 -0.00512129 0.999986 0.00807238 0.0 0.0 0.0 1.0
stairs/seq-02/color/frame-000027.color.png stairs/seq-02/color/frame-000029.color.png 0.999974 -0.00656059 0.00296963 0.00865294 0.00653004 0.999927 0.0101825 -0.00661663 -0.00303622 -0.0101629 0.999944 0.0121514 0.0 0.0 0.0 1.0
stairs/seq-02/color/frame-000029.color.png stairs/seq-02/color/frame-000031.color.png 0.99996 -0.00202202 0.00869959 0.00107691 0.0020039 0.999996 0.00209191 -0.00202091 -0.00870378 -0.0020744 0.99996 0.0151587 0.0 0.0 0.0 1.0
stairs/seq-02/color/frame-000031.color.png stairs/seq-02/color/frame-000033.color.png 0.999979 -0.00354112 0.0054841 0.00959163 0.00352207 0.999988 0.00348064 -0.00973761 -0.00549635 -0.00346125 0.999979 0.0108357 0.0 0.0 0.0 1.0
stairs/seq-02/color/frame-000033.color.png stairs/seq-02/color/frame-000035.color.png 0.999962 0.00196392 0.00849353 0.00153043 -0.0019613 0.999998 -0.000317365 -0.00446906 -0.00849414 0.000300694 0.999964 0.00802252 0.0 0.0 0.0 1.0
stairs/seq-02/color/frame-000035.color.png stairs/seq-02/color/frame-000037.color.png 0.999951 0.00785122 0.0060824 0.012177 -0.00785505 0.999969 0.000605322 -0.00638686 -0.00607745 -0.00065307 0.999981 0.00615907 0.0 0.0 0.0 1.0
stairs/seq-02/color/frame-000037.color.png stairs/seq-02/color/frame-000039.color.png 0.999967 0.00418346 0.00702295 0.00467617 -0.00417443 0.99999 -0.00129986 -0.00253372 -0.00702832 0.0012705 0.999974 0.00523563 0.0 0.0 0.0 1.0
stairs/seq-02/color/frame-000039.color.png stairs/seq-02/color/frame-000041.color.png 0.99998 -0.00590098 -0.002394 0.0122653 0.00588525 0.999961 -0.00652388 -0.0114122 0.0024324 0.00650965 0.999976 0.0129366 0.0 0.0 0.0 1.0
stairs/seq-02/color/frame-000041.color.png stairs/seq-02/color/frame-000043.color.png 0.999986 -0.00449581 0.00268568 0.0041663 0.0045114 0.999973 -0.00582893 -0.00589348 -0.0026594 0.00584097 0.999979 0.013943 0.0 0.0 0.0 1.0
stairs/seq-02/color/frame-000043.color.png stairs/seq-02/color/frame-000045.color.png 0.99985 -0.0142537 0.00980282 0.0183122 0.0143098 0.999882 -0.00568171 -0.00857694 -0.00972068 0.00582114 0.999936 0.00872499 0.0 0.0 0.0 1.0
stairs/seq-02/color/frame-000045.color.png stairs/seq-02/color/frame-000047.color.png 0.999953 -0.00741267 0.0062125 0.00805069 0.00739493 0.999968 0.00287435 -0.0146043 -0.00623361 -0.00282828 0.999977 0.00663436 0.0 0.0 0.0 1.0
stairs/seq-02/color/frame-000047.color.png stairs/seq-02/color/frame-000049.color.png 0.99985 -0.0155557 0.00762098 0.0171252 0.0156193 0.999843 -0.00836044 -0.0107945 -0.00748972 0.00847822 0.999936 0.00167733 0.0 0.0 0.0 1.0
stairs/seq-02/color/frame-000049.color.png stairs/seq-02/color/frame-000051.color.png 0.999949 -0.00862385 0.00528721 0.00307067 0.0086486 0.999952 -0.0046772 -0.00769744 -0.0052466 0.00472269 0.999975 0.00907581 0.0 0.0 0.0 1.0
stairs/seq-02/color/frame-000051.color.png stairs/seq-02/color/frame-000053.color.png 0.99997 -0.00666911 0.00390465 0.0063924 0.00669638 0.999953 -0.00701392 0.00158452 -0.0038577 0.00703986 0.999968 0.000976115 0.0 0.0 0.0 1.0
stairs/seq-02/color/frame-000053.color.png stairs/seq-02/color/frame-000055.color.png 0.999938 -0.0105595 0.00354465 0.016413 0.0105283 0.999907 0.00869941 -0.0242091 -0.00363618 -0.00866155 0.999956 -0.00126003 0.0 0.0 0.0 1.0
stairs/seq-02/color/frame-000055.color.png stairs/seq-02/color/frame-000057.color.png 0.99979 -0.0161493 0.0126253 0.00141828 0.0160797 0.999855 0.00560225 -0.00574004 -0.012714 -0.00539806 0.999905 0.0109985 0.0 0.0 0.0 1.0
stairs/seq-02/color/frame-000057.color.png stairs/seq-02/color/frame-000059.color.png 0.99992 -0.0116097 0.00496942 0.00347476 0.0115994 0.99993 0.00210292 0.00133973 -0.00499349 -0.00204512 0.999985 0.00754017 0.0 0.0 0.0 1.0
stairs/seq-02/color/frame-000059.color.png stairs/seq-02/color/frame-000061.color.png 0.999954 -0.00938974 -0.00187079 0.0118926 0.0093955 0.999951 0.00311299 -0.00896865 0.00184147 -0.00313042 0.999993 -0.00202845 0.0 0.0 0.0 1.0
stairs/seq-02/color/frame-000061.color.png stairs/seq-02/color/frame-000063.color.png 0.999957 -0.00800903 0.00474628 0.0108433 0.0079847 0.999955 0.00512268 -0.00952354 -0.0047871 -0.00508456 0.999976 0.00433747 0.0 0.0 0.0 1.0
stairs/seq-02/color/frame-000063.color.png stairs/seq-02/color/frame-000065.color.png 0.999995 0.000998801 -0.00303708 0.00359796 -0.000992374 0.999997 0.00211076 -0.00275891 0.00303919 -0.00210773 0.999993 0.000481471 0.0 0.0 0.0 1.0
stairs/seq-02/color/frame-000065.color.png stairs/seq-02/color/frame-000067.color.png 0.999997 0.00246412 0.000313456 -0.00185001 -0.00246251 0.999984 -0.0051085 -0.00101954 -0.000326044 0.00510772 0.999987 0.0103768 0.0 0.0 0.0 1.0
stairs/seq-02/color/frame-000067.color.png stairs/seq-02/color/frame-000069.color.png 0.999919 0.00889668 -0.00913427 0.00764212 -0.00897128 0.999927 -0.00815945 0.00119463 0.00906101 0.00824073 0.999925 0.0082902 0.0 0.0 0.0 1.0
stairs/seq-02/color/frame-000069.color.png stairs/seq-02/color/frame-000071.color.png 0.99987 0.0107155 -0.0120746 0.0190546 -0.010774 0.999931 -0.00478638 -0.00382292 0.0120225 0.00491585 0.999916 -0.000755489 0.0 0.0 0.0 1.0
stairs/seq-02/color/frame-000071.color.png stairs/seq-02/color/frame-000073.color.png 0.999913 0.0104546 -0.00800431 0.0129333 -0.0105198 0.999912 -0.00814258 0.000197336 0.00791849 0.00822607 0.999935 -0.00347847 0.0 0.0 0.0 1.0
stairs/seq-02/color/frame-000073.color.png stairs/seq-02/color/frame-000075.color.png 0.999849 0.0158837 -0.00708517 0.0187861 -0.0159649 0.999806 -0.0115685 -0.00655824 0.00690004 0.0116799 0.999908 -0.00225623 0.0 0.0 0.0 1.0
stairs/seq-02/color/frame-000075.color.png stairs/seq-02/color/frame-000077.color.png 0.999958 0.00813387 -0.00434337 0.0170169 -0.00817067 0.99993 -0.00851844 0.00354138 0.00427378 0.00855357 0.999954 -0.00306877 0.0 0.0 0.0 1.0
stairs/seq-02/color/frame-000077.color.png stairs/seq-02/color/frame-000079.color.png 0.999957 0.00925149 -0.000505857 0.0168695 -0.00925467 0.999935 -0.00669149 0.00211501 0.000443919 0.00669588 0.999977 -0.00222291 0.0 0.0 0.0 1.0
stairs/seq-02/color/frame-000079.color.png stairs/seq-02/color/frame-000081.color.png 0.999968 0.00787798 0.00155572 0.0175429 -0.00786268 0.999923 -0.00960164 0.0132297 -0.00163124 0.0095891 0.999953 0.00829649 0.0 0.0 0.0 1.0
stairs/seq-02/color/frame-000081.color.png stairs/seq-02/color/frame-000083.color.png 0.999973 0.00644643 -0.00350462 0.0221528 -0.00645316 0.999977 -0.00190955 0.00431328 0.00349223 0.00193208 0.999992 -0.0014234 0.0 0.0 0.0 1.0
stairs/seq-02/color/frame-000083.color.png stairs/seq-02/color/frame-000085.color.png 0.999988 0.00349753 0.0033763 0.013469 -0.00350397 0.999992 0.00190402 -0.00339964 -0.00336962 -0.00191579 0.999992 0.00202391 0.0 0.0 0.0 1.0
stairs/seq-02/color/frame-000085.color.png stairs/seq-02/color/frame-000087.color.png 0.999968 0.00259699 0.0075818 0.0159046 -0.00254717 0.999975 -0.00657261 0.018152 -0.00759868 0.00655305 0.99995 0.00990836 0.0 0.0 0.0 1.0
stairs/seq-02/color/frame-000087.color.png stairs/seq-02/color/frame-000089.color.png 0.999996 0.00261616 0.00129322 0.0141386 -0.00262102 0.999989 0.00376853 0.000140831 -0.00128335 -0.00377189 0.999992 -0.0047946 0.0 0.0 0.0 1.0
stairs/seq-02/color/frame-000089.color.png stairs/seq-02/color/frame-000091.color.png 0.99997 0.00275269 0.00717384 0.0161282 -0.00274918 0.999996 -0.000498962 0.0200746 -0.00717517 0.000479225 0.999974 0.00707076 0.0 0.0 0.0 1.0
stairs/seq-02/color/frame-000091.color.png stairs/seq-02/color/frame-000093.color.png 0.999925 -0.00704684 -0.010013 0.0320004 0.0071393 0.999932 0.00922795 -0.0197257 0.00994734 -0.00929875 0.999907 -0.0184079 0.0 0.0 0.0 1.0
stairs/seq-02/color/frame-000093.color.png stairs/seq-02/color/frame-000095.color.png 0.99996 0.00180687 0.00877862 -0.000215381 -0.00180829 0.999998 0.000155535 0.0107639 -0.00877834 -0.000171386 0.999961 0.0189122 0.0 0.0 0.0 1.0
stairs/seq-02/color/frame-000095.color.png stairs/seq-02/color/frame-000097.color.png 0.999979 0.00339474 -0.00555067 0.0233465 -0.00338267 0.999992 0.00218389 0.00515322 0.00555804 -0.00216507 0.999982 -0.0103618 0.0 0.0 0.0 1.0
stairs/seq-02/color/frame-000097.color.png stairs/seq-02/color/frame-000099.color.png 0.999994 0.000769428 0.00344859 0.00937441 -0.000780132 0.999995 0.00310586 0.00731306 -0.00344618 -0.00310854 0.999989 0.0106871 0.0 0.0 0.0 1.0
stairs/seq-02/color/frame-000099.color.png stairs/seq-02/color/frame-000101.color.png 0.999948 -0.00371764 -0.00946871 0.0262642 0.00378346 0.999969 0.00694264 -0.00541175 0.0094426 -0.00697811 0.999931 -0.0130686 0.0 0.0 0.0 1.0
stairs/seq-02/color/frame-000101.color.png stairs/seq-02/color/frame-000103.color.png 0.999923 -0.000751936 -0.012414 0.0354473 0.000741607 0.999999 -0.000836372 -0.00377607 0.0124146 0.000827099 0.999923 -0.0109635 0.0 0.0 0.0 1.0
stairs/seq-02/color/frame-000103.color.png stairs/seq-02/color/frame-000105.color.png 0.999969 -0.00548973 0.00572091 0.000670701 0.00549749 0.999984 -0.00134187 -0.00142446 -0.00571345 0.00137328 0.999983 0.0123119 0.0 0.0 0.0 1.0
stairs/seq-02/color/frame-000105.color.png stairs/seq-02/color/frame-000107.color.png 0.999996 2.50942e-05 0.0028014 0.00208405 -2.65053e-05 1.0 0.000506282 0.00133245 -0.00280138 -0.000506357 0.999996 0.00855853 0.0 0.0 0.0 1.0
stairs/seq-02/color/frame-000107.color.png stairs/seq-02/color/frame-000109.color.png 0.999901 -0.0104333 0.00945579 -0.00194398 0.0104568 0.999942 -0.00244144 -0.00591914 -0.00942977 0.00254007 0.999952 0.0176952 0.0 0.0 0.0 1.0
stairs/seq-02/color/frame-000109.color.png stairs/seq-02/color/frame-000111.color.png 0.999879 -0.0131057 0.0083655 0.00752863 0.0130708 0.999906 0.0042067 -0.0126802 -0.00841984 -0.00409684 0.999956 0.0130407 0.0 0.0 0.0 1.0
stairs/seq-02/color/frame-000111.color.png stairs/seq-02/color/frame-000113.color.png 0.999936 -0.0112619 -0.000487438 0.0222531 0.0112627 0.999935 0.00167387 0.000856206 0.000468558 -0.00167926 0.999999 0.00254622 0.0 0.0 0.0 1.0
stairs/seq-02/color/frame-000113.color.png stairs/seq-02/color/frame-000115.color.png 0.999675 -0.0219724 0.0129281 -0.00281411 0.0218305 0.999701 0.0110151 -0.00753093 -0.0131663 -0.0107293 0.999856 0.0155006 0.0 0.0 0.0 1.0
stairs/seq-02/color/frame-000115.color.png stairs/seq-02/color/frame-000117.color.png 0.999443 -0.0088404 0.0321837 -0.0103242 0.00843634 0.999884 0.0126687 -0.0129959 -0.032292 -0.0123901 0.999402 0.0318811 0.0 0.0 0.0 1.0
stairs/seq-02/color/frame-000117.color.png stairs/seq-02/color/frame-000119.color.png 0.999312 -0.0288265 0.0233243 -0.0187696 0.0285349 0.999512 0.0127378 -0.0517059 -0.0236801 -0.0120634 0.999647 0.0118699 0.0 0.0 0.0 1.0
stairs/seq-02/color/frame-000119.color.png stairs/seq-02/color/frame-000121.color.png 0.999997 0.00154648 -0.00175509 0.00618511 -0.00157542 0.999861 -0.0166238 0.0299629 0.00172912 0.0166265 0.99986 0.0048614 0.0 0.0 0.0 1.0
stairs/seq-02/color/frame-000121.color.png stairs/seq-02/color/frame-000123.color.png 0.999869 -0.0128708 -0.00982872 0.031341 0.0129114 0.999908 0.00408158 0.00294952 0.00977528 -0.00420795 0.999943 -0.0143931 0.0 0.0 0.0 1.0
stairs/seq-02/color/frame-000123.color.png stairs/seq-02/color/frame-000125.color.png 0.999985 0.00190018 -0.00513729 0.00680017 -0.00186824 0.999979 0.00621769 -0.0038315 0.005149 -0.006208 0.999967 -0.00100455 0.0 0.0 0.0 1.0
stairs/seq-02/color/frame-000125.color.png stairs/seq-02/color/frame-000127.color.png 0.999967 0.00709734 -0.0040537 -0.00305253 -0.0071215 0.999957 -0.0059825 0.00820138 0.00401106 0.00601116 0.999974 -0.00589602 0.0 0.0 0.0 1.0
stairs/seq-02/color/frame-000127.color.png stairs/seq-02/color/frame-000129.color.png 0.999828 0.0107255 -0.0151208 0.0121726 -0.0107399 0.999942 -0.000870782 0.00907048 0.0151106 0.00103303 0.999885 -0.0142494 0.0 0.0 0.0 1.0
stairs/seq-02/color/frame-000129.color.png stairs/seq-02/color/frame-000131.color.png 0.999734 0.0219525 -0.00701737 0.00610179 -0.0219833 0.999749 -0.00434895 0.023804 0.00692013 0.00450206 0.999966 -0.0135729 0.0 0.0 0.0 1.0
stairs/seq-02/color/frame-000131.color.png stairs/seq-02/color/frame-000133.color.png 0.999597 0.0173173 -0.0224804 0.0284876 -0.0174682 0.999826 -0.00653306 0.0252543 0.0223634 0.00692312 0.999726 -0.0122654 0.0 0.0 0.0 1.0
stairs/seq-02/color/frame-000133.color.png stairs/seq-02/color/frame-000135.color.png 0.999411 0.0337893 -0.00598707 -0.00947982 -0.0338195 0.999415 -0.00503065 0.0357517 0.00581359 0.00523017 0.99997 -0.0267048 0.0 0.0 0.0 1.0
stairs/seq-02/color/frame-000135.color.png stairs/seq-02/color/frame-000137.color.png 0.998485 0.0429579 -0.0343807 0.0183344 -0.0430376 0.999072 -0.00158169 0.0455977 0.0342809 0.00305895 0.999408 -0.0312565 0.0 0.0 0.0 1.0
stairs/seq-02/color/frame-000137.color.png stairs/seq-02/color/frame-000139.color.png 0.999504 0.0273774 -0.0155319 -0.00605363 -0.0273662 0.999625 0.000933705 0.0286992 0.0155516 -0.000508191 0.999879 -0.0346136 0.0 0.0 0.0 1.0
stairs/seq-02/color/frame-000139.color.png stairs/seq-02/color/frame-000141.color.png 0.999404 0.0156532 -0.0307785 0.00401789 -0.0156173 0.999877 0.00140339 0.0184584 0.0307967 -0.000921873 0.999525 -0.0307444 0.0 0.0 0.0 1.0
stairs/seq-02/color/frame-000141.color.png stairs/seq-02/color/frame-000143.color.png 0.999132 0.0204842 -0.036275 0.0311344 -0.0204309 0.99979 0.00184083 0.00827231 0.0363051 -0.00109809 0.99934 -0.0324634 0.0 0.0 0.0 1.0
stairs/seq-02/color/frame-000143.color.png stairs/seq-02/color/frame-000145.color.png 0.999596 0.0176111 -0.022307 0.0246035 -0.0178103 0.999803 -0.00876375 0.0330995 0.0221483 0.0091575 0.999713 -0.0151691 0.0 0.0 0.0 1.0
stairs/seq-02/color/frame-000145.color.png stairs/seq-02/color/frame-000147.color.png 0.999878 0.0106927 -0.0113882 0.0042603 -0.0108503 0.999845 -0.0138701 0.0235977 0.0112381 0.013992 0.999839 -0.0187044 0.0 0.0 0.0 1.0
stairs/seq-02/color/frame-000147.color.png stairs/seq-02/color/frame-000149.color.png 0.99991 0.00840208 -0.0104113 0.00546545 -0.00845217 0.999953 -0.00477502 0.00578097 0.0103707 0.00486259 0.999934 -0.0139002 0.0 0.0 0.0 1.0
stairs/seq-02/color/frame-000149.color.png stairs/seq-02/color/frame-000151.color.png 0.999886 0.0135503 -0.00669811 0.00254029 -0.0136426 0.99981 -0.0139301 0.0147287 0.00650809 0.0140198 0.999881 -0.00883015 0.0 0.0 0.0 1.0
stairs/seq-02/color/frame-000151.color.png stairs/seq-02/color/frame-000153.color.png 0.999852 0.0167979 0.00375919 0.0111638 -0.0167767 0.999844 -0.0055883 0.0122206 -0.0038525 0.00552442 0.999977 -0.00764899 0.0 0.0 0.0 1.0
stairs/seq-02/color/frame-000153.color.png stairs/seq-02/color/frame-000155.color.png 0.999925 0.0110645 0.00521969 -0.000816703 -0.0110759 0.999936 0.00216091 0.00610753 -0.00519544 -0.00221855 0.999984 -0.000447042 0.0 0.0 0.0 1.0
stairs/seq-02/color/frame-000155.color.png stairs/seq-02/color/frame-000157.color.png 0.999825 0.0184644 -0.00305567 0.0314666 -0.0184881 0.999798 -0.00792455 0.0329645 0.00290875 0.00797963 0.999964 0.0116165 0.0 0.0 0.0 1.0
stairs/seq-02/color/frame-000157.color.png stairs/seq-02/color/frame-000159.color.png 0.999933 0.0112812 0.00274222 0.00624096 -0.0112661 0.999922 -0.00546452 0.0154331 -0.00280364 0.00543328 0.999981 0.00119986 0.0 0.0 0.0 1.0
stairs/seq-02/color/frame-000159.color.png stairs/seq-02/color/frame-000161.color.png 0.999982 -0.00157698 0.00577908 0.00606775 0.00160126 0.99999 -0.00420799 -0.0122355 -0.0057724 0.00421715 0.999974 0.00364039 0.0 0.0 0.0 1.0
stairs/seq-02/color/frame-000161.color.png stairs/seq-02/color/frame-000163.color.png 0.999926 -0.00664168 0.0102077 0.00172609 0.0067428 0.999928 -0.009901 0.00497815 -0.0101412 0.00996908 0.999899 0.015771 0.0 0.0 0.0 1.0
stairs/seq-02/color/frame-000163.color.png stairs/seq-02/color/frame-000165.color.png 0.999813 -0.000928696 0.0193377 0.00948328 0.000903657 0.999999 0.00130499 0.00323886 -0.0193388 -0.00128728 0.999812 0.0194431 0.0 0.0 0.0 1.0
stairs/seq-02/color/frame-000165.color.png stairs/seq-02/color/frame-000167.color.png 0.999905 0.00510918 0.0128265 -0.0122043 -0.00514259 0.999983 0.00257085 -0.00360392 -0.0128132 -0.00263655 0.999914 0.0181586 0.0 0.0 0.0 1.0
stairs/seq-02/color/frame-000167.color.png stairs/seq-02/color/frame-000169.color.png 0.999997 0.00237443 -0.000169418 0.0160924 -0.00237512 0.999989 -0.00408401 0.000518817 0.000159715 0.0040844 0.999992 -0.00346436 0.0 0.0 0.0 1.0
stairs/seq-02/color/frame-000169.color.png stairs/seq-02/color/frame-000171.color.png 0.99997 0.00671899 -0.00392834 0.00857657 -0.00674862 0.999948 -0.00758326 0.0105659 0.00387719 0.00760952 0.999964 0.0012974 0.0 0.0 0.0 1.0
stairs/seq-02/color/frame-000171.color.png stairs/seq-02/color/frame-000173.color.png 0.999867 0.0161423 0.00232434 -0.0014568 -0.0161257 0.999845 -0.00699243 0.0135851 -0.00243688 0.00695402 0.999973 -0.0028493 0.0 0.0 0.0 1.0
stairs/seq-02/color/frame-000173.color.png stairs/seq-02/color/frame-000175.color.png 0.999792 0.0182764 -0.00908971 0.00406766 -0.0183371 0.99981 -0.00663638 0.0183391 0.00896668 0.00680168 0.999937 -0.0215955 0.0 0.0 0.0 1.0
stairs/seq-02/color/frame-000175.color.png stairs/seq-02/color/frame-000177.color.png 0.999052 0.0280813 -0.033259 0.0201486 -0.0283632 0.999565 -0.00803701 0.0377601 0.0330188 0.00897271 0.999415 -0.0211152 0.0 0.0 0.0 1.0
stairs/seq-02/color/frame-000177.color.png stairs/seq-02/color/frame-000179.color.png 0.999371 0.0252534 -0.0248939 -0.00665152 -0.0255031 0.999627 -0.00976103 0.0277179 0.0246381 0.0103898 0.999642 -0.0232959 0.0 0.0 0.0 1.0
stairs/seq-02/color/frame-000179.color.png stairs/seq-02/color/frame-000181.color.png 0.999823 0.0141102 -0.0124075 0.015665 -0.0142802 0.999804 -0.0137321 0.0388064 0.0122113 0.0139069 0.999829 -0.0272739 0.0 0.0 0.0 1.0
stairs/seq-02/color/frame-000181.color.png stairs/seq-02/color/frame-000183.color.png 0.999573 0.025628 -0.0140091 -0.000393808 -0.0253498 0.999485 0.0196887 0.0158666 0.0145065 -0.0193252 0.999708 -0.0239759 0.0 0.0 0.0 1.0
stairs/seq-02/color/frame-000183.color.png stairs/seq-02/color/frame-000185.color.png 0.99972 0.00520563 -0.023091 0.0088563 -0.00532565 0.999973 -0.00513949 0.0266418 0.0230636 0.00526106 0.99972 -0.0356097 0.0 0.0 0.0 1.0
stairs/seq-02/color/frame-000185.color.png stairs/seq-02/color/frame-000187.color.png 0.999837 0.0125684 -0.0129758 0.0116919 -0.0125805 0.99992 -0.000857357 0.0167638 0.012964 0.00102043 0.999915 -0.0363309 0.0 0.0 0.0 1.0
stairs/seq-02/color/frame-000187.color.png stairs/seq-02/color/frame-000189.color.png 0.999868 0.011772 -0.0111669 0.00819331 -0.0118315 0.999916 -0.00527592 0.0261646 0.0111038 0.00540733 0.999924 -0.0305354 0.0 0.0 0.0 1.0
stairs/seq-02/color/frame-000189.color.png stairs/seq-02/color/frame-000191.color.png 0.999744 0.0102954 -0.0201386 0.0152179 -0.0103794 0.999938 -0.00407231 0.0238788 0.0200955 0.00428033 0.999789 -0.0472363 0.0 0.0 0.0 1.0
stairs/seq-02/color/frame-000191.color.png stairs/seq-02/color/frame-000193.color.png 0.99998 0.00613484 -0.0017472 -0.00501806 -0.00615486 0.999913 -0.0116406 0.0180886 0.00167562 0.0116511 0.999931 -0.0194321 0.0 0.0 0.0 1.0
stairs/seq-02/color/frame-000193.color.png stairs/seq-02/color/frame-000195.color.png 0.999772 0.00975909 -0.0189994 0.00323045 -0.00993976 0.999906 -0.00944243 0.0301168 0.0189055 0.00962912 0.999775 -0.0326743 0.0 0.0 0.0 1.0
stairs/seq-02/color/frame-000195.color.png stairs/seq-02/color/frame-000197.color.png 0.999851 0.0145214 -0.00933176 0.00275874 -0.01455 0.99989 -0.00300263 0.0127908 0.00928713 0.00313798 0.999952 -0.0273107 0.0 0.0 0.0 1.0
stairs/seq-02/color/frame-000197.color.png stairs/seq-02/color/frame-000199.color.png 0.999882 0.00819698 -0.0130142 0.00978494 -0.00828074 0.999945 -0.00639514 0.0316872 0.012961 0.00650213 0.999895 -0.0122081 0.0 0.0 0.0 1.0
stairs/seq-02/color/frame-000199.color.png stairs/seq-02/color/frame-000201.color.png 0.999849 0.00573893 -0.0163761 0.0211046 -0.00579675 0.999977 -0.00348516 0.0176241 0.0163557 0.00357958 0.99986 -0.0290356 0.0 0.0 0.0 1.0
stairs/seq-02/color/frame-000201.color.png stairs/seq-02/color/frame-000203.color.png 0.999943 0.00659987 -0.0083989 0.00582975 -0.00661192 0.999977 -0.00140871 0.016225 0.00838942 0.00146418 0.999964 -0.0176443 0.0 0.0 0.0 1.0
stairs/seq-02/color/frame-000203.color.png stairs/seq-02/color/frame-000205.color.png 0.999989 -0.00346809 0.00317822 0.000214934 0.00349029 0.999969 -0.00702038 0.00716573 -0.00315384 0.00703134 0.99997 -0.00408208 0.0 0.0 0.0 1.0
stairs/seq-02/color/frame-000205.color.png stairs/seq-02/color/frame-000207.color.png 0.99984 -0.017728 -0.00253259 0.0167744 0.0176951 0.999766 -0.0124354 -0.00499299 0.00275248 0.0123886 0.999919 -0.00938138 0.0 0.0 0.0 1.0
stairs/seq-02/color/frame-000207.color.png stairs/seq-02/color/frame-000209.color.png 0.999874 -0.0155332 -0.00322017 0.0050534 0.0155091 0.999852 -0.00740772 -0.0088315 0.00333481 0.00735686 0.999967 -0.00333422 0.0 0.0 0.0 1.0
stairs/seq-02/color/frame-000209.color.png stairs/seq-02/color/frame-000211.color.png 0.99917 -0.0132283 0.0385343 -0.012648 0.0130662 0.999905 0.00445717 -0.0265832 -0.0385896 -0.00394998 0.999247 0.0347384 0.0 0.0 0.0 1.0
stairs/seq-02/color/frame-000211.color.png stairs/seq-02/color/frame-000213.color.png 0.999946 -0.00919599 0.00475905 0.0218161 0.00917693 0.99995 0.00399467 0.00998577 -0.00479551 -0.0039508 0.999981 0.0232183 0.0 0.0 0.0 1.0
stairs/seq-02/color/frame-000213.color.png stairs/seq-02/color/frame-000215.color.png 0.999642 -0.0242663 0.011278 0.000612617 0.024196 0.999687 0.00632632 -0.0184174 -0.011428 -0.0060512 0.999916 0.0175132 0.0 0.0 0.0 1.0
stairs/seq-02/color/frame-000215.color.png stairs/seq-02/color/frame-000217.color.png 0.999764 -0.0148978 0.0158035 -0.00117403 0.0146926 0.999807 0.0130238 -0.0197551 -0.0159945 -0.0127885 0.99979 0.0223197 0.0 0.0 0.0 1.0
stairs/seq-02/color/frame-000217.color.png stairs/seq-02/color/frame-000219.color.png 0.999996 0.00150341 0.00238363 -0.00399762 -0.00151659 0.999983 0.00554021 0.00723442 -0.00237522 -0.00554381 0.999982 -0.00282217 0.0 0.0 0.0 1.0
stairs/seq-02/color/frame-000219.color.png stairs/seq-02/color/frame-000221.color.png 0.999837 0.0141903 -0.0111084 -0.00544798 -0.0141769 0.999899 0.0012859 0.0148011 0.0111255 -0.00112824 0.999938 -0.0127805 0.0 0.0 0.0 1.0
stairs/seq-02/color/frame-000221.color.png stairs/seq-02/color/frame-000223.color.png 0.999396 0.0215742 -0.0272352 0.00430501 -0.0217087 0.999754 -0.00465503 0.0374729 0.0271281 0.00524346 0.999618 -0.0444515 0.0 0.0 0.0 1.0
stairs/seq-02/color/frame-000223.color.png stairs/seq-02/color/frame-000225.color.png 0.999704 0.0230812 -0.00763732 0.000775158 -0.0231003 0.99973 -0.00243408 0.0453793 0.00757908 0.00260983 0.999968 -0.0272515 0.0 0.0 0.0 1.0
stairs/seq-02/color/frame-000225.color.png stairs/seq-02/color/frame-000227.color.png 0.999825 0.0182184 -0.00415492 0.00479138 -0.0182436 0.999815 -0.0060936 0.0224269 0.00404318 0.00616832 0.999973 -0.0253398 0.0 0.0 0.0 1.0
stairs/seq-02/color/frame-000227.color.png stairs/seq-02/color/frame-000229.color.png 0.999754 0.0215952 -0.0050217 -0.000369191 -0.0216728 0.999638 -0.015963 0.0526074 0.00467508 0.016068 0.99986 -0.0334474 0.0 0.0 0.0 1.0
stairs/seq-02/color/frame-000229.color.png stairs/seq-02/color/frame-000231.color.png 0.999717 0.0235247 -0.00352246 -0.00383943 -0.0235249 0.999723 2.21684e-05 0.0317895 0.00352198 6.07375e-05 0.999994 -0.0177429 0.0 0.0 0.0 1.0
stairs/seq-02/color/frame-000231.color.png stairs/seq-02/color/frame-000233.color.png 0.999895 0.0101173 -0.0104052 -0.000268698 -0.0102009 0.999916 -0.00801578 0.0274926 0.0103233 0.00812104 0.999914 -0.0344669 0.0 0.0 0.0 1.0
stairs/seq-02/color/frame-000233.color.png stairs/seq-02/color/frame-000235.color.png 0.999848 0.0099916 -0.0142801 -0.00750726 -0.0101903 0.999851 -0.0139198 0.0113678 0.0141389 0.0140632 0.999801 -0.0341761 0.0 0.0 0.0 1.0
stairs/seq-02/color/frame-000235.color.png stairs/seq-02/color/frame-000237.color.png 0.99988 0.00612728 -0.0142133 0.00070709 -0.00633161 0.999877 -0.0143762 0.0186115 0.0141235 0.0144645 0.999796 -0.0378603 0.0 0.0 0.0 1.0
stairs/seq-02/color/frame-000237.color.png stairs/seq-02/color/frame-000239.color.png 0.999999 0.000467943 -0.00160365 0.00265884 -0.000486981 0.99993 -0.0118505 -0.00459734 0.00159794 0.0118512 0.999929 -0.0204813 0.0 0.0 0.0 1.0
stairs/seq-02/color/frame-000239.color.png stairs/seq-02/color/frame-000241.color.png 0.999895 -0.0122991 0.00764243 -8.51154e-05 0.0124227 0.999789 -0.0163334 -0.0108551 -0.00743994 0.0164266 0.999837 -0.0144937 0.0 0.0 0.0 1.0
stairs/seq-02/color/frame-000241.color.png stairs/seq-02/color/frame-000243.color.png 0.999451 -0.0246164 0.0221873 0.0178248 0.02524 0.999281 -0.0282782 -0.0230824 -0.0214752 0.0288228 0.999354 -0.00449336 0.0 0.0 0.0 1.0
stairs/seq-02/color/frame-000243.color.png stairs/seq-02/color/frame-000245.color.png 0.999897 -0.0143648 0.000315273 0.014069 0.0143682 0.999646 -0.0223805 -0.00999057 6.26814e-06 0.0223826 0.999749 -0.0116697 0.0 0.0 0.0 1.0
stairs/seq-02/color/frame-000245.color.png stairs/seq-02/color/frame-000247.color.png 0.999904 -0.00724506 0.011784 -0.0054974 0.00725533 0.999973 -0.000826387 -0.0187786 -0.0117777 0.000911832 0.99993 0.00225493 0.0 0.0 0.0 1.0
stairs/seq-02/color/frame-000247.color.png stairs/seq-02/color/frame-000249.color.png 0.999752 -0.022106 0.00256128 0.0117568 0.0221633 0.999441 -0.0250323 -0.0182663 -0.00200652 0.0250828 0.999683 0.00332597 0.0 0.0 0.0 1.0
stairs/seq-02/color/frame-000249.color.png stairs/seq-02/color/frame-000251.color.png 0.999943 -0.0100084 -0.00360703 0.00534064 0.00996592 0.999883 -0.0115873 -0.0155306 0.00372261 0.0115507 0.999926 -0.000213414 0.0 0.0 0.0 1.0
stairs/seq-02/color/frame-000251.color.png stairs/seq-02/color/frame-000253.color.png 0.999962 0.00494157 0.00716027 -0.0125277 -0.00493198 0.999987 -0.0013577 -0.00138387 -0.0071669 0.00132237 0.999973 0.0123326 0.0 0.0 0.0 1.0
stairs/seq-02/color/frame-000253.color.png stairs/seq-02/color/frame-000255.color.png 0.999876 0.0124338 -0.00963863 -0.000685155 -0.0123231 0.999858 0.0114525 0.0010778 0.00977968 -0.0113322 0.999888 0.000762224 0.0 0.0 0.0 1.0
stairs/seq-02/color/frame-000255.color.png stairs/seq-02/color/frame-000257.color.png 0.999952 0.00958749 -0.00182243 -0.0192972 -0.00957271 0.999923 0.00794299 0.00632012 0.00189845 -0.00792517 0.999967 0.0265656 0.0 0.0 0.0 1.0
stairs/seq-02/color/frame-000257.color.png stairs/seq-02/color/frame-000259.color.png 0.999978 0.000532664 0.006613 -0.0148984 -0.000569405 0.999984 0.00555453 -0.0130605 -0.00660989 -0.00555816 0.999963 0.0274456 0.0 0.0 0.0 1.0
stairs/seq-02/color/frame-000259.color.png stairs/seq-02/color/frame-000261.color.png 0.999999 -9.95287e-05 -0.00171255 -0.012116 0.000106653 0.999991 0.00414449 -0.0100749 0.00171203 -0.00414481 0.99999 0.027573 0.0 0.0 0.0 1.0
stairs/seq-02/color/frame-000261.color.png stairs/seq-02/color/frame-000263.color.png 0.999976 0.00681081 -0.0011858 -0.00623375 -0.0067984 0.999925 0.0102392 -0.0107875 0.00125543 -0.0102309 0.999947 0.0141112 0.0 0.0 0.0 1.0
stairs/seq-02/color/frame-000263.color.png stairs/seq-02/color/frame-000265.color.png 0.999985 0.00170618 0.00516957 -0.0114219 -0.00175173 0.99996 0.00882369 -0.030552 -0.00515431 -0.00883266 0.999948 0.0252841 0.0 0.0 0.0 1.0
stairs/seq-02/color/frame-000265.color.png stairs/seq-02/color/frame-000267.color.png 0.999973 0.00257623 -0.00690792 -0.0117576 -0.00255386 0.999991 0.00324154 -0.0013482 0.00691618 -0.00322378 0.999971 0.0169025 0.0 0.0 0.0 1.0
stairs/seq-02/color/frame-000267.color.png stairs/seq-02/color/frame-000269.color.png 0.999901 0.00805537 -0.0115501 -0.011153 -0.00795709 0.999932 0.00852838 -0.0159056 0.011618 -0.0084357 0.999897 0.0124459 0.0 0.0 0.0 1.0
stairs/seq-02/color/frame-000269.color.png stairs/seq-02/color/frame-000271.color.png 0.999957 -0.0032667 -0.00871876 -0.0248857 0.00322819 0.999985 -0.00443526 -0.0302068 0.00873315 0.00440702 0.999952 0.0246526 0.0 0.0 0.0 1.0
stairs/seq-02/color/frame-000271.color.png stairs/seq-02/color/frame-000273.color.png 0.99988 -0.00255601 -0.0152851 0.00259531 0.00256851 0.999996 0.000806399 -0.00992218 0.015283 -0.000845529 0.999883 -0.00653145 0.0 0.0 0.0 1.0
stairs/seq-02/color/frame-000273.color.png stairs/seq-02/color/frame-000275.color.png 0.999889 0.0125827 -0.0079769 -0.0152749 -0.0125285 0.999898 0.00681984 -0.0204047 0.0080619 -0.00671923 0.999945 0.022512 0.0 0.0 0.0 1.0
stairs/seq-02/color/frame-000275.color.png stairs/seq-02/color/frame-000277.color.png 0.999974 0.00656007 0.00296435 -0.0160834 -0.00654756 0.99997 -0.00415701 -0.00686394 -0.00299153 0.00413757 0.999987 0.0195784 0.0 0.0 0.0 1.0
stairs/seq-02/color/frame-000277.color.png stairs/seq-02/color/frame-000279.color.png 0.999808 0.0118972 -0.0155677 -0.00572246 -0.0116928 0.999845 0.0131522 -0.00778753 0.0157218 -0.0129677 0.999792 0.0185746 0.0 0.0 0.0 1.0
stairs/seq-02/color/frame-000279.color.png stairs/seq-02/color/frame-000281.color.png 0.999969 -0.00601235 -0.00508828 -0.00865865 0.00604809 0.999957 0.00703605 -0.0256118 0.00504571 -0.00706655 0.999962 0.0200964 0.0 0.0 0.0 1.0
stairs/seq-02/color/frame-000281.color.png stairs/seq-02/color/frame-000283.color.png 0.999976 -0.00693018 -0.000793459 -0.02493 0.00693102 0.999975 0.0011991 -0.0154641 0.000785164 -0.00120456 0.999999 0.0222101 0.0 0.0 0.0 1.0
stairs/seq-02/color/frame-000283.color.png stairs/seq-02/color/frame-000285.color.png 0.999979 -0.0064981 0.000172185 0.00653273 0.0064995 0.999935 -0.0093883 -0.00234796 -0.000111162 0.00938917 0.999956 0.0142873 0.0 0.0 0.0 1.0
stairs/seq-02/color/frame-000285.color.png stairs/seq-02/color/frame-000287.color.png 0.999869 -0.00224775 -0.0159947 -0.00843179 0.00226032 0.999997 0.000769496 -0.0129287 0.015993 -0.000805568 0.999872 0.00265799 0.0 0.0 0.0 1.0
stairs/seq-02/color/frame-000287.color.png stairs/seq-02/color/frame-000289.color.png 0.999956 -0.00257966 -0.00896356 -0.0055787 0.00257066 0.999996 -0.00101435 -0.0143504 0.00896616 0.000991292 0.999959 0.00476485 0.0 0.0 0.0 1.0
stairs/seq-02/color/frame-000289.color.png stairs/seq-02/color/frame-000291.color.png 0.999985 -0.00360297 0.0041215 -0.005876 0.00364174 0.999949 -0.0094366 -0.00733854 -0.00408732 0.00945142 0.999947 0.0117982 0.0 0.0 0.0 1.0
stairs/seq-02/color/frame-000291.color.png stairs/seq-02/color/frame-000293.color.png 0.999949 -0.0052418 -0.0087 0.0049746 0.00521668 0.999982 -0.00290094 -0.00915399 0.008715 0.00285537 0.999958 -0.00472126 0.0 0.0 0.0 1.0
stairs/seq-02/color/frame-000293.color.png stairs/seq-02/color/frame-000295.color.png 0.999989 -0.00363394 0.00304182 -0.00628531 0.00363572 0.999993 -0.000553259 -0.00813161 -0.00303981 0.000564313 0.999995 0.00500156 0.0 0.0 0.0 1.0
stairs/seq-02/color/frame-000295.color.png stairs/seq-02/color/frame-000297.color.png 0.999955 0.00890138 0.00321197 -0.0128257 -0.0088962 0.999959 -0.00164051 0.00431335 -0.00322639 0.00161186 0.999993 0.00679854 0.0 0.0 0.0 1.0
stairs/seq-02/color/frame-000297.color.png stairs/seq-02/color/frame-000299.color.png 0.999972 0.00330023 -0.00674831 0.00124985 -0.00329558 0.999994 0.000696634 -0.00379515 0.00675059 -0.000674352 0.999977 -0.00301866 0.0 0.0 0.0 1.0
stairs/seq-02/color/frame-000299.color.png stairs/seq-02/color/frame-000301.color.png 0.99997 -0.000793284 0.00772188 0.0024572 0.000873315 0.999946 -0.0103671 0.0055542 -0.00771318 0.0103737 0.999916 0.00268614 0.0 0.0 0.0 1.0
stairs/seq-02/color/frame-000301.color.png stairs/seq-02/color/frame-000303.color.png 0.999833 -0.00992497 -0.0153503 0.00297391 0.00976382 0.999897 -0.0105372 -0.00996865 0.0154533 0.0103854 0.999827 -0.00982472 0.0 0.0 0.0 1.0
stairs/seq-02/color/frame-000303.color.png stairs/seq-02/color/frame-000305.color.png 0.999903 -0.0120028 0.00710111 -0.0045523 0.0121728 0.999628 -0.0243896 -0.00898498 -0.00680573 0.0244738 0.999677 0.00469855 0.0 0.0 0.0 1.0
stairs/seq-02/color/frame-000305.color.png stairs/seq-02/color/frame-000307.color.png 0.999913 -0.0128696 -0.00274178 0.0105967 0.0128542 0.999902 -0.00554273 -0.0190194 0.00281283 0.00550697 0.999981 0.00965932 0.0 0.0 0.0 1.0
stairs/seq-02/color/frame-000307.color.png stairs/seq-02/color/frame-000309.color.png 0.999984 -0.000348476 -0.00557297 -0.00147164 0.000331264 0.999995 -0.00308164 -0.00502179 0.00557414 0.00307981 0.99998 0.014019 0.0 0.0 0.0 1.0
stairs/seq-02/color/frame-000309.color.png stairs/seq-02/color/frame-000311.color.png 0.99989 0.013727 -0.00554053 0.00620562 -0.0137443 0.999901 -0.00311151 0.0032161 0.00549721 0.00318729 0.99998 0.00571217 0.0 0.0 0.0 1.0
stairs/seq-02/color/frame-000311.color.png stairs/seq-02/color/frame-000313.color.png 0.999973 0.00616227 -0.00400693 0.00165105 -0.00613986 0.999966 0.00556804 0.000967845 0.00404116 -0.00554327 0.999976 0.00877018 0.0 0.0 0.0 1.0
stairs/seq-02/color/frame-000313.color.png stairs/seq-02/color/frame-000315.color.png 0.999805 0.0196518 -0.00191229 -0.00184327 -0.0196389 0.999785 0.00656687 0.00105192 0.00204088 -0.00652807 0.999977 0.0237602 0.0 0.0 0.0 1.0
stairs/seq-02/color/frame-000315.color.png stairs/seq-02/color/frame-000317.color.png 0.999938 0.0110237 0.00144423 0.00673366 -0.0110257 0.999938 0.00142231 0.00120106 -0.00142849 -0.00143818 0.999998 0.0207578 0.0 0.0 0.0 1.0
stairs/seq-02/color/frame-000317.color.png stairs/seq-02/color/frame-000319.color.png 0.999975 0.00655147 -0.00247146 0.00704092 -0.00651065 0.999847 0.016214 -0.0147501 0.00257732 -0.0161974 0.999865 0.0153749 0.0 0.0 0.0 1.0
stairs/seq-02/color/frame-000319.color.png stairs/seq-02/color/frame-000321.color.png 0.999845 0.00715303 0.0161039 -0.0108967 -0.00739297 0.999862 0.0148937 -0.00656942 -0.0159951 -0.0150105 0.999759 0.0351013 0.0 0.0 0.0 1.0
stairs/seq-02/color/frame-000321.color.png stairs/seq-02/color/frame-000323.color.png 0.999786 -0.000265678 0.0207105 -0.00149524 6.78003e-05 0.999954 0.0095521 -0.00966991 -0.0207122 -0.00954865 0.99974 0.0336513 0.0 0.0 0.0 1.0
stairs/seq-02/color/frame-000323.color.png stairs/seq-02/color/frame-000325.color.png 0.999957 -0.00552083 0.00741533 0.0199532 0.00541118 0.999877 0.0147256 -0.0204837 -0.00749573 -0.014685 0.999864 0.0200094 0.0 0.0 0.0 1.0
stairs/seq-02/color/frame-000325.color.png stairs/seq-02/color/frame-000327.color.png 0.999734 -0.000991279 0.0230313 -0.0268705 0.00105847 0.999995 -0.00290649 -0.0185864 -0.0230283 0.00293015 0.99973 0.0285903 0.0 0.0 0.0 1.0
stairs/seq-02/color/frame-000327.color.png stairs/seq-02/color/frame-000329.color.png 0.999608 -0.0121193 0.0252231 -0.0112728 0.0124888 0.999816 -0.0145456 -0.0173392 -0.0250422 0.0148548 0.999576 0.0303209 0.0 0.0 0.0 1.0
stairs/seq-02/color/frame-000329.color.png stairs/seq-02/color/frame-000331.color.png 0.99985 -0.0172201 0.00163451 0.00554967 0.0172388 0.999778 -0.012137 -0.0069159 -0.00142513 0.0121635 0.999925 0.0065285 0.0 0.0 0.0 1.0
stairs/seq-02/color/frame-000331.color.png stairs/seq-02/color/frame-000333.color.png 0.99996 -0.00650248 0.00611984 0.00706881 0.00651707 0.999976 -0.00235549 -0.00906429 -0.00610433 0.00239522 0.999979 0.00610217 0.0 0.0 0.0 1.0
stairs/seq-02/color/frame-000333.color.png stairs/seq-02/color/frame-000335.color.png 0.999773 -0.0137359 0.0163094 -0.00858122 0.013767 0.999904 -0.0017963 -0.016346 -0.0162832 0.00202047 0.999865 0.0210765 0.0 0.0 0.0 1.0
stairs/seq-02/color/frame-000335.color.png stairs/seq-02/color/frame-000337.color.png 0.999331 -0.0226238 0.0287381 -0.0183626 0.0225985 0.999744 0.00120293 -0.026706 -0.0287579 -0.000552727 0.999586 0.0357107 0.0 0.0 0.0 1.0
stairs/seq-02/color/frame-000337.color.png stairs/seq-02/color/frame-000339.color.png 0.999723 -0.017543 0.0157044 -0.010107 0.0174072 0.99981 0.0087485 -0.0300878 -0.0158549 -0.00847271 0.999838 0.020306 0.0 0.0 0.0 1.0
stairs/seq-02/color/frame-000339.color.png stairs/seq-02/color/frame-000341.color.png 0.999038 -0.0422989 0.01161 0.0204257 0.042269 0.999102 0.00280604 -0.0389061 -0.0117183 -0.00231264 0.999929 0.0157144 0.0 0.0 0.0 1.0
stairs/seq-02/color/frame-000341.color.png stairs/seq-02/color/frame-000343.color.png 0.999628 -0.0267031 0.00551177 -0.0171379 0.0266155 0.999527 0.015403 -0.0465747 -0.00592044 -0.0152506 0.999866 0.0247747 0.0 0.0 0.0 1.0
stairs/seq-02/color/frame-000343.color.png stairs/seq-02/color/frame-000345.color.png 0.999626 -0.0267154 0.00590405 0.00541115 0.0267691 0.999599 -0.00920965 -0.0160248 -0.00565563 0.0093642 0.99994 0.00990662 0.0 0.0 0.0 1.0
stairs/seq-02/color/frame-000345.color.png stairs/seq-02/color/frame-000347.color.png 0.999713 -0.0179407 0.0159013 -0.011907 0.0178128 0.999808 0.00814825 -0.0348165 -0.0160445 -0.00786263 0.99984 0.0177751 0.0 0.0 0.0 1.0
stairs/seq-02/color/frame-000347.color.png stairs/seq-02/color/frame-000349.color.png 0.999687 -0.0137889 0.0208881 -0.0250648 0.0138604 0.999899 -0.00328312 -0.0121768 -0.0208408 0.00357156 0.999776 0.0203175 0.0 0.0 0.0 1.0
stairs/seq-02/color/frame-000349.color.png stairs/seq-02/color/frame-000351.color.png 0.999866 -0.0100092 0.0129463 -0.0116416 0.0101146 0.999916 -0.00810412 -0.000641197 -0.012864 0.00823399 0.999883 0.0171649 0.0 0.0 0.0 1.0
stairs/seq-02/color/frame-000351.color.png stairs/seq-02/color/frame-000353.color.png 0.999695 -0.0147117 0.0198442 -0.0371675 0.014832 0.999872 -0.00592941 -0.0230069 -0.0197544 0.00622192 0.999786 0.0221531 0.0 0.0 0.0 1.0
stairs/seq-02/color/frame-000353.color.png stairs/seq-02/color/frame-000355.color.png 0.999887 -0.00876853 0.0122273 -0.0170472 0.00893371 0.999869 -0.0135203 0.00639859 -0.0121071 0.013628 0.999834 0.00513881 0.0 0.0 0.0 1.0
stairs/seq-02/color/frame-000355.color.png stairs/seq-02/color/frame-000357.color.png 0.999914 0.000926658 0.0130998 -0.0135179 -0.000887422 0.999995 -0.00300211 -0.00866622 -0.0131026 0.00299018 0.99991 0.016453 0.0 0.0 0.0 1.0
stairs/seq-02/color/frame-000357.color.png stairs/seq-02/color/frame-000359.color.png 0.999985 0.0005392 0.00538139 -0.00958514 -0.000541918 1.0 0.000506987 -0.00803692 -0.00538109 -0.000509818 0.999985 0.00232002 0.0 0.0 0.0 1.0
stairs/seq-02/color/frame-000359.color.png stairs/seq-02/color/frame-000361.color.png 0.999935 -0.011176 0.00214576 -0.0158613 0.0111817 0.999934 -0.0026635 -0.00821443 -0.00211585 0.00268728 0.999994 0.0134091 0.0 0.0 0.0 1.0
stairs/seq-02/color/frame-000361.color.png stairs/seq-02/color/frame-000363.color.png 0.999885 -0.0124183 0.00865035 -0.0104481 0.012464 0.999909 -0.00525119 -0.0128539 -0.00858436 0.0053584 0.999949 0.00825649 0.0 0.0 0.0 1.0
stairs/seq-02/color/frame-000363.color.png stairs/seq-02/color/frame-000365.color.png 0.999972 -0.00736698 0.00127757 0.00627559 0.00737318 0.999961 -0.00488353 -0.0114505 -0.00124155 0.00489282 0.999987 0.00498688 0.0 0.0 0.0 1.0
stairs/seq-02/color/frame-000365.color.png stairs/seq-02/color/frame-000367.color.png 0.999964 -0.00661785 0.00527777 -0.0101607 0.00664153 0.999968 -0.00448528 -0.0115248 -0.00524789 0.00452023 0.999976 0.00765431 0.0 0.0 0.0 1.0
stairs/seq-02/color/frame-000367.color.png stairs/seq-02/color/frame-000369.color.png 0.99992 -0.00963247 0.0081811 0.00479496 0.00975485 0.999839 -0.0150518 0.000819445 -0.00803482 0.0151303 0.999853 0.00685164 0.0 0.0 0.0 1.0
stairs/seq-02/color/frame-000369.color.png stairs/seq-02/color/frame-000371.color.png 0.999977 -5.85282e-05 0.00682304 -0.00460529 6.18457e-05 1.0 -0.000490021 -0.0117058 -0.00682301 0.0004904 0.999977 0.00959685 0.0 0.0 0.0 1.0
stairs/seq-02/color/frame-000371.color.png stairs/seq-02/color/frame-000373.color.png 0.999972 -0.00369095 0.00656401 -0.000818968 0.00371301 0.999988 -0.00334515 -0.00131987 -0.00655158 0.0033695 0.999973 0.0136917 0.0 0.0 0.0 1.0
stairs/seq-02/color/frame-000373.color.png stairs/seq-02/color/frame-000375.color.png 0.999974 -0.00102724 0.00716669 0.001818 0.00106237 0.999987 -0.00490041 -0.0116074 -0.00716157 0.00490784 0.999962 0.0192068 0.0 0.0 0.0 1.0
stairs/seq-02/color/frame-000375.color.png stairs/seq-02/color/frame-000377.color.png 0.999994 -0.0032183 0.00151173 0.0150767 0.00324154 0.999873 -0.0155878 -0.00338869 -0.00146137 0.0155927 0.999877 0.00681642 0.0 0.0 0.0 1.0
stairs/seq-02/color/frame-000377.color.png stairs/seq-02/color/frame-000379.color.png 0.999996 -0.00170403 0.00212171 0.0185041 0.00174804 0.999779 -0.0209257 0.00425068 -0.00208558 0.0209294 0.999779 0.00533617 0.0 0.0 0.0 1.0
stairs/seq-02/color/frame-000379.color.png stairs/seq-02/color/frame-000381.color.png 0.999967 0.00586389 0.00562775 0.0169905 -0.00582421 0.999958 -0.00704752 -0.00831348 -0.00566884 0.00701442 0.999959 -0.0013994 0.0 0.0 0.0 1.0
stairs/seq-02/color/frame-000381.color.png stairs/seq-02/color/frame-000383.color.png 0.999804 -0.000726628 0.0197785 -0.00565493 0.000877552 0.999971 -0.00762247 -0.0130554 -0.0197724 0.00763839 0.999775 0.0105076 0.0 0.0 0.0 1.0
stairs/seq-02/color/frame-000383.color.png stairs/seq-02/color/frame-000385.color.png 0.999863 0.00365685 0.0161622 0.00748682 -0.00372742 0.999984 0.00433992 -0.00459419 -0.0161461 -0.00439963 0.99986 0.0173483 0.0 0.0 0.0 1.0
stairs/seq-02/color/frame-000385.color.png stairs/seq-02/color/frame-000387.color.png 0.99986 -0.000220918 0.0167359 0.00284696 7.39e-05 0.999961 0.00878396 -0.00457141 -0.0167372 -0.00878135 0.999821 0.0234078 0.0 0.0 0.0 1.0
stairs/seq-02/color/frame-000387.color.png stairs/seq-02/color/frame-000389.color.png 0.999953 -0.00955069 -0.00142501 0.00549304 0.00957128 0.999838 0.0152315 -0.0209935 0.0012793 -0.0152445 0.999883 0.00261483 0.0 0.0 0.0 1.0
stairs/seq-02/color/frame-000389.color.png stairs/seq-02/color/frame-000391.color.png 0.999858 -0.00744311 0.0151394 -0.00308979 0.00725507 0.999896 0.0124391 -0.0213349 -0.0152304 -0.0123275 0.999808 0.0171342 0.0 0.0 0.0 1.0
stairs/seq-02/color/frame-000391.color.png stairs/seq-02/color/frame-000393.color.png 0.999971 -0.00698285 0.00302154 0.0162688 0.00698418 0.999976 -0.000431787 -0.00510132 -0.00301845 0.000452898 0.999995 0.00483444 0.0 0.0 0.0 1.0
stairs/seq-02/color/frame-000393.color.png stairs/seq-02/color/frame-000395.color.png 0.999907 -0.0109113 0.00817356 -0.00485981 0.0108804 0.999933 0.00382297 -0.018617 -0.00821473 -0.00373366 0.999959 0.00361896 0.0 0.0 0.0 1.0
stairs/seq-02/color/frame-000395.color.png stairs/seq-02/color/frame-000397.color.png 0.99986 -0.0142868 0.00867717 0.0105884 0.0143093 0.999894 -0.00254966 -0.00291194 -0.00863981 0.00267341 0.999959 0.0219352 0.0 0.0 0.0 1.0
stairs/seq-02/color/frame-000397.color.png stairs/seq-02/color/frame-000399.color.png 0.999743 -0.0185757 0.0129705 -0.00424194 0.0184855 0.999804 0.00704528 -0.0377612 -0.0130988 -0.00680358 0.999891 0.00853601 0.0 0.0 0.0 1.0
stairs/seq-02/color/frame-000399.color.png stairs/seq-02/color/frame-000401.color.png 0.999852 -0.0103786 0.0136897 -0.0165144 0.0104724 0.999922 -0.00679618 -0.00531244 -0.0136181 0.00693847 0.999883 0.0303372 0.0 0.0 0.0 1.0
stairs/seq-02/color/frame-000401.color.png stairs/seq-02/color/frame-000403.color.png 0.999666 -0.00546464 0.0252604 -0.0388226 0.00545174 0.999985 0.000579838 -0.0221457 -0.0252632 -0.000441943 0.999681 0.0331821 0.0 0.0 0.0 1.0
stairs/seq-02/color/frame-000403.color.png stairs/seq-02/color/frame-000405.color.png 0.999948 -0.00478652 0.00898666 -0.0203851 0.00475886 0.999984 0.00309698 -0.0219874 -0.0090013 -0.0030541 0.999955 0.0148631 0.0 0.0 0.0 1.0
stairs/seq-02/color/frame-000405.color.png stairs/seq-02/color/frame-000407.color.png 0.999997 -0.00212698 0.00131863 0.0018518 0.0021275 0.999998 -0.000384979 -0.0116003 -0.00131782 0.000387767 0.999999 0.0121638 0.0 0.0 0.0 1.0
stairs/seq-02/color/frame-000407.color.png stairs/seq-02/color/frame-000409.color.png 0.999987 -0.00375183 0.00343204 -0.015229 0.00374378 0.99999 0.00234788 -0.020283 -0.00344081 -0.00233496 0.999991 0.0152473 0.0 0.0 0.0 1.0
stairs/seq-02/color/frame-000409.color.png stairs/seq-02/color/frame-000411.color.png 0.999918 -0.007882 0.0101407 -0.0248258 0.00795784 0.999941 -0.00745832 -0.00845531 -0.0100813 0.00753841 0.999921 0.022253 0.0 0.0 0.0 1.0
stairs/seq-02/color/frame-000411.color.png stairs/seq-02/color/frame-000413.color.png 0.999903 -0.00577078 0.0126806 -0.0163862 0.00589432 0.999935 -0.00972929 -0.0157205 -0.0126237 0.00980303 0.999872 0.0259064 0.0 0.0 0.0 1.0
stairs/seq-02/color/frame-000413.color.png stairs/seq-02/color/frame-000415.color.png 0.999945 -0.0102582 0.00202447 -0.00860894 0.0102715 0.999925 -0.00666745 -0.0168476 -0.00195593 0.00668793 0.999976 0.0123182 0.0 0.0 0.0 1.0
stairs/seq-02/color/frame-000415.color.png stairs/seq-02/color/frame-000417.color.png 0.999925 -0.0120339 0.00223815 -0.0144346 0.0120494 0.999903 -0.00705942 -0.00898397 -0.00215302 0.00708585 0.999973 0.0182415 0.0 0.0 0.0 1.0
stairs/seq-02/color/frame-000417.color.png stairs/seq-02/color/frame-000419.color.png 0.999966 -0.00584418 -0.00574418 -0.00192958 0.00584313 0.999983 -0.000193456 -0.0112293 0.0057452 0.000159838 0.999983 0.0110904 0.0 0.0 0.0 1.0
stairs/seq-02/color/frame-000419.color.png stairs/seq-02/color/frame-000421.color.png 0.99975 -0.0166745 0.0148774 -0.0171471 0.0166125 0.999853 0.00428369 -0.0206778 -0.0149466 -0.00403541 0.99988 0.01197 0.0 0.0 0.0 1.0
stairs/seq-02/color/frame-000421.color.png stairs/seq-02/color/frame-000423.color.png 0.999706 -0.0172825 0.0169826 -0.0167184 0.0173327 0.999846 -0.00281762 -0.0140041 -0.0169313 0.00311112 0.999852 0.0229293 0.0 0.0 0.0 1.0
stairs/seq-02/color/frame-000423.color.png stairs/seq-02/color/frame-000425.color.png 0.99981 0.00396571 0.0190625 -0.00950563 -0.00400019 0.99999 0.00177153 -0.00333691 -0.0190554 -0.00184737 0.999817 0.0156032 0.0 0.0 0.0 1.0
stairs/seq-02/color/frame-000425.color.png stairs/seq-02/color/frame-000427.color.png 0.999769 0.000511737 0.0214863 -0.00807089 -0.000577522 0.999995 0.00305487 -0.00792429 -0.0214846 -0.0030666 0.999765 0.0157843 0.0 0.0 0.0 1.0
stairs/seq-02/color/frame-000427.color.png stairs/seq-02/color/frame-000429.color.png 0.99997 7.87255e-05 0.00772661 -0.0052948 -0.000107288 0.999993 0.00369503 -0.00193053 -0.00772621 -0.00369574 0.999963 0.0122033 0.0 0.0 0.0 1.0
stairs/seq-02/color/frame-000429.color.png stairs/seq-02/color/frame-000431.color.png 0.999997 -0.00149071 0.00195968 -0.0122094 0.0014715 0.999951 0.00977997 -0.0137737 -0.00197423 -0.00977707 0.99995 0.00986415 0.0 0.0 0.0 1.0
stairs/seq-02/color/frame-000431.color.png stairs/seq-02/color/frame-000433.color.png 0.999914 0.000393622 -0.0130923 0.0111119 -0.000394169 1.0 -3.93126e-05 -0.00695857 0.0130923 4.44858e-05 0.999914 -0.000125349 0.0 0.0 0.0 1.0
stairs/seq-02/color/frame-000433.color.png stairs/seq-02/color/frame-000435.color.png 0.999957 0.00679269 -0.00633291 0.0253225 -0.00680672 0.999974 -0.00220044 0.0071182 0.00631779 0.0022435 0.999978 -0.00029546 0.0 0.0 0.0 1.0
stairs/seq-02/color/frame-000435.color.png stairs/seq-02/color/frame-000437.color.png 0.999919 0.0122644 -0.00346101 0.0135958 -0.0122729 0.999922 -0.00243724 0.0029498 0.00343091 0.00247945 0.999991 0.00428516 0.0 0.0 0.0 1.0
stairs/seq-02/color/frame-000437.color.png stairs/seq-02/color/frame-000439.color.png 0.999967 0.00817015 -0.000472411 0.0224188 -0.00817197 0.999958 -0.00401385 0.000483871 0.000439586 0.00401765 0.999992 0.0079149 0.0 0.0 0.0 1.0
stairs/seq-02/color/frame-000439.color.png stairs/seq-02/color/frame-000441.color.png 0.999982 0.00439101 0.00416607 0.0121362 -0.00437475 0.999983 -0.00390799 0.00463203 -0.00418316 0.00388962 0.999984 0.0272955 0.0 0.0 0.0 1.0
stairs/seq-02/color/frame-000441.color.png stairs/seq-02/color/frame-000443.color.png 0.999821 0.0110374 -0.0153894 0.0572427 -0.0109313 0.999916 0.00695641 -0.00914332 0.0154649 -0.00678688 0.999857 -0.00739151 0.0 0.0 0.0 1.0
stairs/seq-02/color/frame-000443.color.png stairs/seq-02/color/frame-000445.color.png 0.99992 0.010266 -0.00732391 0.0253092 -0.0102738 0.999947 -0.00104084 -0.00635743 0.00731292 0.00111591 0.999973 0.0113057 0.0 0.0 0.0 1.0
stairs/seq-02/color/frame-000445.color.png stairs/seq-02/color/frame-000447.color.png 0.999466 0.0223011 -0.0238967 0.0535309 -0.0223166 0.999751 -0.000383226 0.000378489 0.0238821 0.000916404 0.999714 -0.00960344 0.0 0.0 0.0 1.0
stairs/seq-02/color/frame-000447.color.png stairs/seq-02/color/frame-000449.color.png 0.999543 0.0189845 -0.0235361 0.0602477 -0.0190773 0.999811 -0.00372342 0.000716209 0.023461 0.00417079 0.999716 -0.00668019 0.0 0.0 0.0 1.0
stairs/seq-02/color/frame-000449.color.png stairs/seq-02/color/frame-000451.color.png 0.999407 0.0314057 -0.0141133 0.0407627 -0.0314362 0.999504 -0.00194356 0.00760755 0.0140452 0.00238603 0.999899 -0.00718576 0.0 0.0 0.0 1.0
stairs/seq-02/color/frame-000451.color.png stairs/seq-02/color/frame-000453.color.png 0.998615 0.0207221 -0.048362 0.0863212 -0.0205282 0.999779 0.00450353 -0.0141746 0.0484446 -0.00350446 0.99882 -0.060402 0.0 0.0 0.0 1.0
stairs/seq-02/color/frame-000453.color.png stairs/seq-02/color/frame-000455.color.png 0.998899 0.0143531 -0.044655 0.0738037 -0.0139707 0.999863 0.00886408 -0.0240456 0.0447762 -0.00823049 0.998963 -0.0523574 0.0 0.0 0.0 1.0
stairs/seq-02/color/frame-000455.color.png stairs/seq-02/color/frame-000457.color.png 0.999962 -0.00643586 0.00589397 -0.0310992 0.00645319 0.999975 -0.00292251 -0.0161569 -0.00587502 0.0029604 0.999978 -0.00621176 0.0 0.0 0.0 1.0
stairs/seq-02/color/frame-000457.color.png stairs/seq-02/color/frame-000459.color.png 0.999708 -0.00781856 -0.0228789 0.0428416 0.00779124 0.999969 -0.00128308 -0.0252556 0.0228882 0.00110449 0.999737 -0.0302662 0.0 0.0 0.0 1.0
stairs/seq-02/color/frame-000459.color.png stairs/seq-02/color/frame-000461.color.png 0.999918 -0.0102244 -0.00774217 -0.0059821 0.0100862 0.999793 -0.0176864 0.00261974 0.00792139 0.0176068 0.999814 0.0155126 0.0 0.0 0.0 1.0
stairs/seq-02/color/frame-000461.color.png stairs/seq-02/color/frame-000463.color.png 0.999928 0.00223099 0.0117807 -0.0286588 -0.00226603 0.999993 0.00296037 -0.0204752 -0.011774 -0.00298685 0.999926 0.00686055 0.0 0.0 0.0 1.0
stairs/seq-02/color/frame-000463.color.png stairs/seq-02/color/frame-000465.color.png 0.999808 0.0119105 0.0155809 -0.00449347 -0.0118199 0.999913 -0.00589346 0.000490427 -0.0156497 0.00570824 0.999861 0.0226737 0.0 0.0 0.0 1.0
stairs/seq-02/color/frame-000465.color.png stairs/seq-02/color/frame-000467.color.png 0.999791 -0.00126839 0.0204115 -0.00532031 0.00125898 0.999999 0.000475283 -0.0111377 -0.0204121 -0.000449514 0.999792 0.0178829 0.0 0.0 0.0 1.0
stairs/seq-02/color/frame-000467.color.png stairs/seq-02/color/frame-000469.color.png 0.998706 -0.0121379 0.0493899 -0.0410063 0.0118671 0.999913 0.00577298 -0.0352052 -0.0494556 -0.00517935 0.998763 0.0568768 0.0 0.0 0.0 1.0
stairs/seq-02/color/frame-000469.color.png stairs/seq-02/color/frame-000471.color.png 0.999709 -0.0229287 0.00744724 -0.0162393 0.0230565 0.99958 -0.0175453 -0.00361609 -0.00704183 0.0177119 0.999818 0.0356761 0.0 0.0 0.0 1.0
stairs/seq-02/color/frame-000471.color.png stairs/seq-02/color/frame-000473.color.png 0.999916 -0.00753896 -0.0105416 0.0236246 0.00761792 0.999943 0.00747245 -0.0346448 0.0104847 -0.00755216 0.999917 0.00160837 0.0 0.0 0.0 1.0
stairs/seq-02/color/frame-000473.color.png stairs/seq-02/color/frame-000475.color.png 0.999994 -0.00162945 -0.00323681 0.00595355 0.00165997 0.999954 0.00944946 -0.0179853 0.00322127 -0.00945481 0.99995 0.00200158 0.0 0.0 0.0 1.0
stairs/seq-02/color/frame-000475.color.png stairs/seq-02/color/frame-000477.color.png 0.999847 -0.00716889 -0.0159366 0.0468978 0.00718412 0.999974 0.000897684 -0.0223721 0.0159298 -0.00101201 0.999873 0.000759184 0.0 0.0 0.0 1.0
stairs/seq-02/color/frame-000477.color.png stairs/seq-02/color/frame-000479.color.png 0.999913 -0.011209 -0.00701314 0.00339127 0.0112309 0.999932 0.00308613 -0.0196162 0.00697811 -0.0031646 0.999971 0.00899994 0.0 0.0 0.0 1.0
stairs/seq-02/color/frame-000479.color.png stairs/seq-02/color/frame-000481.color.png 0.999984 -0.00556369 0.000960619 -0.000439644 0.00556591 0.999982 -0.00234831 -0.00955456 -0.000947566 0.00235367 0.999997 0.0182602 0.0 0.0 0.0 1.0
stairs/seq-02/color/frame-000481.color.png stairs/seq-02/color/frame-000483.color.png 0.999722 -0.00376245 -0.0232554 0.0490088 0.00381282 0.999991 0.00212154 -0.0286852 0.0232472 -0.00220972 0.999727 -0.0137926 0.0 0.0 0.0 1.0
stairs/seq-02/color/frame-000483.color.png stairs/seq-02/color/frame-000485.color.png 0.999952 -0.007404 0.00638813 -0.0263377 0.00746118 0.999932 -0.00897296 -0.0191812 -0.00632126 0.00902026 0.999939 0.0308122 0.0 0.0 0.0 1.0
stairs/seq-02/color/frame-000485.color.png stairs/seq-02/color/frame-000487.color.png 0.999991 -0.00417539 0.000852817 0.00110173 0.00419131 0.999799 -0.0196039 -0.020052 -0.00077076 0.0196073 0.999807 0.0374647 0.0 0.0 0.0 1.0
stairs/seq-02/color/frame-000487.color.png stairs/seq-02/color/frame-000489.color.png 0.999905 0.000410758 0.0137495 -0.019814 -0.000393049 0.999999 -0.00129424 -0.0308826 -0.01375 0.00128864 0.999905 0.0359438 0.0 0.0 0.0 1.0
stairs/seq-02/color/frame-000489.color.png stairs/seq-02/color/frame-000491.color.png 0.99999 -0.00409752 -0.00181391 0.00848949 0.00411142 0.999962 0.00771057 -0.0439423 0.00178224 -0.00771795 0.999969 0.0017395 0.0 0.0 0.0 1.0
stairs/seq-02/color/frame-000491.color.png stairs/seq-02/color/frame-000493.color.png 0.999712 -0.00438502 0.0235989 -0.02912 0.00436462 0.99999 0.000914695 -0.0350689 -0.0236026 -0.00081146 0.999721 0.0537643 0.0 0.0 0.0 1.0
stairs/seq-02/color/frame-000493.color.png stairs/seq-02/color/frame-000495.color.png 0.999632 -0.0262587 -0.00677699 -0.0216132 0.0262306 0.999647 -0.00421241 -0.0269541 0.00688518 0.0040331 0.999968 0.0151404 0.0 0.0 0.0 1.0
stairs/seq-02/color/frame-000495.color.png stairs/seq-02/color/frame-000497.color.png 0.999741 -0.00247669 -0.022629 0.0344813 0.00303503 0.999691 0.0246721 -0.0656042 0.0225609 -0.0247342 0.999439 -0.0260868 0.0 0.0 0.0 1.0
stairs/seq-02/color/frame-000497.color.png stairs/seq-02/color/frame-000499.color.png 0.999838 -0.00977294 -0.0151202 0.00137663 0.00995456 0.999879 0.0119841 -0.0463371 0.0150013 -0.0121327 0.999814 -0.0123013 0.0 0.0 0.0 1.0
