office/seq-08/color/frame-000001.color.png office/seq-08/color/frame-000004.color.png 0.999992 -0.00231787 -0.00339129 -0.000629684 0.00234932 0.999954 0.00929891 0.000574683 0.00336958 -0.0093068 0.999951 0.00384219 0.0 0.0 0.0 1.0
office/seq-08/color/frame-000004.color.png office/seq-08/color/frame-000007.color.png 0.999981 -0.0029151 -0.00544788 -0.00208351 0.00297193 0.999941 0.0104529 -0.00313503 0.00541708 -0.0104689 0.999931 0.00849866 0.0 0.0 0.0 1.0
office/seq-08/color/frame-000007.color.png office/seq-08/color/frame-000010.color.png 0.999813 0.00258019 -0.0191479 -0.00061837 -0.00225486 0.999853 0.0169926 -0.00558981 0.0191889 -0.0169463 0.999672 0.021547 0.0 0.0 0.0 1.0
office/seq-08/color/frame-000010.color.png office/seq-08/color/frame-000013.color.png 0.999846 0.00493282 -0.0168545 0.00338187 -0.00492809 0.999988 0.000322634 -0.00491864 0.0168559 -0.000239527 0.999858 0.0245137 0.0 0.0 0.0 1.0
office/seq-08/color/frame-000013.color.png office/seq-08/color/frame-000016.color.png 0.99982 0.00542355 -0.0181881 0.00466196 -0.00515791 0.99988 0.0146201 -0.00657473 0.0182652 -0.0145237 0.999728 0.0310979 0.0 0.0 0.0 1.0
office/seq-08/color/frame-000016.color.png office/seq-08/color/frame-000019.color.png 0.999807 -0.00157455 -0.0195811 0.0137003 0.00190245 0.999858 0.0167381 -0.0158294 0.019552 -0.0167722 0.999668 0.0417426 0.0 0.0 0.0 1.0
office/seq-08/color/frame-000019.color.png office/seq-08/color/frame-000022.color.png 0.999916 0.00515342 -0.0118799 0.0124 -0.00509024 0.999973 0.0053424 -0.000939168 0.011907 -0.00528147 0.999915 0.0285116 0.0 0.0 0.0 1.0
office/seq-08/color/frame-000022.color.png office/seq-08/color/frame-000025.color.png 0.999813 0.000525495 -0.0193144 0.0246859 5.74249e-05 0.999545 0.0301675 -0.0144159 0.0193214 -0.030163 0.999358 0.0465375 0.0 0.0 0.0 1.0
office/seq-08/color/frame-000025.color.png office/seq-08/color/frame-000028.color.png 0.999868 0.00352408 -0.015854 0.0238665 -0.00380067 0.99984 -0.0174498 -0.00555047 0.01579 0.0175078 0.999722 0.0552221 0.0 0.0 0.0 1.0
office/seq-08/color/frame-000028.color.png office/seq-08/color/frame-000031.color.png 0.999867 -0.00735714 -0.0145578 0.021835 0.00738857 0.999971 0.00210611 -0.00531349 0.0145418 -0.00221339 0.999892 0.0363231 0.0 0.0 0.0 1.0
office/seq-08/color/frame-000031.color.png office/seq-08/color/frame-000034.color.png 0.99986 -0.00196906 -0.0166328 0.0246057 0.00201326 0.999994 0.00264048 0.00118293 0.0166275 -0.00267362 0.999858 0.0446955 0.0 0.0 0.0 1.0
office/seq-08/color/frame-000034.color.png office/seq-08/color/frame-000037.color.png 0.999832 -0.00805638 -0.016488 0.0252478 0.00813006 0.999957 0.00440624 -0.0107902 0.0164518 -0.00453954 0.999854 0.0388564 0.0 0.0 0.0 1.0
office/seq-08/color/frame-000037.color.png office/seq-08/color/frame-000040.color.png 0.999575 0.00396195 -0.0288884 0.0352739 -0.00441461 0.999868 -0.0156221 0.0216157 0.0288226 0.015743 0.999461 0.0368637 0.0 0.0 0.0 1.0
office/seq-08/color/frame-000040.color.png office/seq-08/color/frame-000043.color.png 0.999264 0.0178616 -0.0339558 0.0353245 -0.017477 0.99978 0.0115893 0.00907152 0.0341554 -0.0109873 0.999356 0.0237013 0.0 0.0 0.0 1.0
office/seq-08/color/frame-000043.color.png office/seq-08/color/frame-000046.color.png 0.998747 0.00829193 -0.0493523 0.0570101 -0.00842917 0.999961 -0.00257349 0.0252102 0.0493291 0.00298626 0.998778 0.0411447 0.0 0.0 0.0 1.0
office/seq-08/color/frame-000046.color.png office/seq-08/color/frame-000049.color.png 0.999202 0.0135438 -0.0375694 0.0344004 -0.0134752 0.999907 0.00208014 0.0148165 0.037594 -0.00157223 0.999292 0.0181904 0.0 0.0 0.0 1.0
office/seq-08/color/frame-000049.color.png office/seq-08/color/frame-000052.color.png 0.999336 0.0155072 -0.0329854 0.0343152 -0.0156493 0.999869 -0.00405556 0.0115764 0.0329183 0.00456906 0.999448 0.0242068 0.0 0.0 0.0 1.0
office/seq-08/color/frame-000052.color.png office/seq-08/color/frame-000055.color.png 0.99988 0.00357033 -0.0150967 0.0242226 -0.00377271 0.999903 -0.0133988 0.013701 0.0150473 0.0134541 0.999796 0.0277966 0.0 0.0 0.0 1.0
office/seq-08/color/frame-000055.color.png office/seq-08/color/frame-000058.color.png 0.999904 -0.00676366 -0.0120994 0.0486474 0.00626519 0.999149 -0.0407699 0.0420128 0.0123649 0.0406902 0.999095 0.031329 0.0 0.0 0.0 1.0
office/seq-08/color/frame-000058.color.png office/seq-08/color/frame-000061.color.png 0.999656 0.00906567 0.0245994 -0.0122385 -0.00867953 0.999838 -0.015759 -0.00796817 -0.0247384 0.01554 0.999573 0.029132 0.0 0.0 0.0 1.0
office/seq-08/color/frame-000061.color.png office/seq-08/color/frame-000064.color.png 0.99895 -0.0223351 0.0400059 0.0213724 0.0231552 0.999529 -0.0201567 0.0442219 -0.0395368 0.0210619 0.998996 0.0319774 0.0 0.0 0.0 1.0
office/seq-08/color/frame-000064.color.png office/seq-08/color/frame-000067.color.png 0.999962 -0.00377553 0.00784132 0.0314032 0.0036241 0.999808 0.0192354 -0.0170933 -0.0079124 -0.0192062 0.999784 0.0290127 0.0 0.0 0.0 1.0
office/seq-08/color/frame-000067.color.png office/seq-08/color/frame-000070.color.png 0.998989 -0.00206248 0.0449186 -0.0110064 0.00181744 0.999983 0.00549506 -0.00323783 -0.0449292 -0.00540786 0.998976 0.0479149 0.0 0.0 0.0 1.0
office/seq-08/color/frame-000070.color.png office/seq-08/color/frame-000073.color.png 0.998188 -0.00381324 0.0600589 -0.0196774 0.0033082 0.999958 0.00850629 8.24444e-05 -0.0600888 -0.00829218 0.998159 0.0607811 0.0 0.0 0.0 1.0
office/seq-08/color/frame-000073.color.png office/seq-08/color/frame-000076.color.png 0.997714 0.000687745 0.0675758 -0.0252889 -0.000730177 1.0 0.000603463 0.00388936 -0.0675753 -0.00065143 0.997714 0.0781047 0.0 0.0 0.0 1.0
office/seq-08/color/frame-000076.color.png office/seq-08/color/frame-000079.color.png 0.997773 -0.0171351 0.064465 -0.0368769 0.0176503 0.999817 -0.00743092 0.00498152 -0.0643258 0.00855219 0.997892 0.0659674 0.0 0.0 0.0 1.0
office/seq-08/color/frame-000079.color.png office/seq-08/color/frame-000082.color.png 0.998861 0.00477888 0.0474666 -0.013671 -0.00437151 0.999953 -0.00868223 0.0127423 -0.0475059 0.00846484 0.998835 0.0741912 0.0 0.0 0.0 1.0
office/seq-08/color/frame-000082.color.png office/seq-08/color/frame-000085.color.png 0.996999 -0.0157576 0.0757959 -0.0453429 0.015703 0.999876 0.00131641 -0.00295892 -0.0758072 -0.000122234 0.997122 0.0897592 0.0 0.0 0.0 1.0
office/seq-08/color/frame-000085.color.png office/seq-08/color/frame-000088.color.png 0.998948 -0.0069671 0.0453216 -0.0180054 0.00638964 0.999897 0.012874 -0.0161694 -0.0454066 -0.0125709 0.99889 0.0567713 0.0 0.0 0.0 1.0
office/seq-08/color/frame-000088.color.png office/seq-08/color/frame-000091.color.png 0.995484 -0.0449474 0.0836204 -0.055716 0.0442523 0.998969 0.0101487 -0.0372499 -0.0839904 -0.0064025 0.996446 0.0872026 0.0 0.0 0.0 1.0
office/seq-08/color/frame-000091.color.png office/seq-08/color/frame-000094.color.png 0.997133 -0.0125015 0.0746344 -0.0583611 0.0121824 0.999915 0.00473052 -0.0204011 -0.0746872 -0.00380774 0.9972 0.0871796 0.0 0.0 0.0 1.0
office/seq-08/color/frame-000094.color.png office/seq-08/color/frame-000097.color.png 0.99783 -0.0137401 0.0643906 -0.0390357 0.0148176 0.999758 -0.0162866 0.00531217 -0.0641512 0.0172054 0.997792 0.0620043 0.0 0.0 0.0 1.0
office/seq-08/color/frame-000097.color.png office/seq-08/color/frame-000100.color.png 0.995998 -0.0114172 0.088647 -0.069603 0.0119092 0.999916 -0.00502333 -0.00633375 -0.0885823 0.00605894 0.99605 0.0696193 0.0 0.0 0.0 1.0
office/seq-08/color/frame-000100.color.png office/seq-08/color/frame-000103.color.png 0.996724 -0.00725516 0.0805494 -0.0657418 0.00717518 0.999973 0.00128228 -0.00168935 -0.0805566 -0.000700123 0.99675 0.0562911 0.0 0.0 0.0 1.0
office/seq-08/color/frame-000103.color.png office/seq-08/color/frame-000106.color.png 0.995747 -0.00631569 0.0919119 -0.0791119 0.00670139 0.99997 -0.00388859 0.00262177 -0.0918845 0.004488 0.99576 0.0613133 0.0 0.0 0.0 1.0
office/seq-08/color/frame-000106.color.png office/seq-08/color/frame-000109.color.png 0.996819 -0.0185714 0.0775011 -0.0739549 0.0200575 0.999629 -0.0184405 0.0105877 -0.0771298 0.0199364 0.996822 0.0408646 0.0 0.0 0.0 1.0
office/seq-08/color/frame-000109.color.png office/seq-08/color/frame-000112.color.png 0.995781 -0.0199363 0.0895692 -0.0953951 0.0209392 0.999728 -0.0102701 -0.00521839 -0.0893402 0.0121023 0.995928 0.0515324 0.0 0.0 0.0 1.0
office/seq-08/color/frame-000112.color.png office/seq-08/color/frame-000115.color.png 0.999101 -0.0409029 0.0111903 0.0457994 0.0412432 0.998634 -0.0320945 0.0552206 -0.0098621 0.0325271 0.999422 0.00198138 0.0 0.0 0.0 1.0
office/seq-08/color/frame-000115.color.png office/seq-08/color/frame-000118.color.png 0.998401 -0.0225694 0.0518212 -0.0635892 0.0232993 0.999637 -0.0135244 0.000476055 -0.0514974 0.0147102 0.998565 0.0164288 0.0 0.0 0.0 1.0
office/seq-08/color/frame-000118.color.png office/seq-08/color/frame-000121.color.png 0.999438 -0.010147 0.0319617 -0.0351057 0.0104727 0.999895 -0.0100402 0.0084786 -0.0318563 0.0103692 0.999439 0.0136355 0.0 0.0 0.0 1.0
office/seq-08/color/frame-000121.color.png office/seq-08/color/frame-000124.color.png 0.999317 -0.00312514 0.0368134 -0.0550435 0.00395751 0.999738 -0.0225585 0.0215818 -0.0367332 0.0226889 0.999067 0.00289571 0.0 0.0 0.0 1.0
office/seq-08/color/frame-000124.color.png office/seq-08/color/frame-000127.color.png 0.999582 -0.00147731 0.0288614 -0.0514148 0.00168181 0.999974 -0.00706195 0.00565234 -0.0288502 0.0071075 0.999559 0.00897801 0.0 0.0 0.0 1.0
office/seq-08/color/frame-000127.color.png office/seq-08/color/frame-000130.color.png 0.999795 0.0171255 0.0107731 -0.0332217 -0.0173511 0.999624 0.021218 -0.0161744 -0.0104057 -0.0214006 0.999717 -0.00434315 0.0 0.0 0.0 1.0
office/seq-08/color/frame-000130.color.png office/seq-08/color/frame-000133.color.png 0.999976 -0.00312767 0.00619727 -0.0291827 0.00310227 0.999987 0.00410446 -0.00608941 -0.00621005 -0.00408514 0.999972 -0.00170749 0.0 0.0 0.0 1.0
office/seq-08/color/frame-000133.color.png office/seq-08/color/frame-000136.color.png 0.999964 -0.00547815 0.00647576 -0.0358164 0.00541798 0.999942 0.00927024 -0.0233745 -0.00652602 -0.00923482 0.999936 0.0140219 0.0 0.0 0.0 1.0
office/seq-08/color/frame-000136.color.png office/seq-08/color/frame-000139.color.png 0.999979 -0.00104543 0.00647473 -0.0306153 0.00105294 0.999999 -0.00116027 -0.0161136 -0.00647355 0.00116709 0.999978 0.0102646 0.0 0.0 0.0 1.0
office/seq-08/color/frame-000139.color.png office/seq-08/color/frame-000142.color.png 0.999994 -0.000993074 -0.00318155 -0.0159527 0.000958607 0.999941 -0.0108218 0.012241 0.00319215 0.0108186 0.999936 0.00505519 0.0 0.0 0.0 1.0
office/seq-08/color/frame-000142.color.png office/seq-08/color/frame-000145.color.png 0.999276 0.0105434 -0.0365618 0.0286173 -0.0102694 0.999918 0.00767131 -0.0142233 0.0366396 -0.00729029 0.999302 -0.00102687 0.0 0.0 0.0 1.0
office/seq-08/color/frame-000145.color.png office/seq-08/color/frame-000148.color.png 0.998778 0.0284359 -0.0404149 0.0285791 -0.0277298 0.999455 0.0179271 -0.00625409 0.0409028 -0.0167845 0.999022 -0.00322425 0.0 0.0 0.0 1.0
office/seq-08/color/frame-000148.color.png office/seq-08/color/frame-000151.color.png 0.999815 0.0153599 -0.0115689 -0.0260768 -0.0150263 0.999484 0.0283897 -0.0315157 0.0119991 -0.0282106 0.99953 0.0440662 0.0 0.0 0.0 1.0
office/seq-08/color/frame-000151.color.png office/seq-08/color/frame-000154.color.png 0.999702 0.0111741 -0.02168 0.0079295 -0.0108107 0.9998 0.0168054 -0.0189636 0.0218635 -0.0165661 0.999624 0.0174279 0.0 0.0 0.0 1.0
office/seq-08/color/frame-000154.color.png office/seq-08/color/frame-000157.color.png 0.999668 0.00315716 -0.025556 0.0144238 -0.00316106 0.999995 -0.000112848 -0.00884146 0.0255555 0.000193574 0.999673 0.0267758 0.0 0.0 0.0 1.0
office/seq-08/color/frame-000157.color.png office/seq-08/color/frame-000160.color.png 0.99931 0.0188515 -0.0320081 0.0263494 -0.0187569 0.999819 0.00325574 -0.0058511 0.0320637 -0.00265312 0.999482 0.0142424 0.0 0.0 0.0 1.0
office/seq-08/color/frame-000160.color.png office/seq-08/color/frame-000163.color.png 0.999446 0.0173523 -0.0283816 0.0160133 -0.0172751 0.999846 0.00296003 -0.0149001 0.0284285 -0.0024681 0.999593 0.0278922 0.0 0.0 0.0 1.0
office/seq-08/color/frame-000163.color.png office/seq-08/color/frame-000166.color.png 0.998796 0.0192601 -0.0451252 0.0480975 -0.0192627 0.999815 0.000379367 -0.00519153 0.0451243 0.000490341 0.998981 0.0162698 0.0 0.0 0.0 1.0
office/seq-08/color/frame-000166.color.png office/seq-08/color/frame-000169.color.png 0.999003 0.0211871 -0.0392922 0.0479038 -0.0210057 0.999767 0.00502254 -0.0107053 0.0393894 -0.00419218 0.999215 0.0101624 0.0 0.0 0.0 1.0
office/seq-08/color/frame-000169.color.png office/seq-08/color/frame-000172.color.png 0.999473 0.012384 -0.0300093 0.026076 -0.0121179 0.999886 0.00903558 -0.0216353 0.0301177 -0.00866716 0.999509 0.0247825 0.0 0.0 0.0 1.0
office/seq-08/color/frame-000172.color.png office/seq-08/color/frame-000175.color.png 0.999437 0.000873113 -0.0335236 0.0460419 -0.000662542 0.99998 0.00629122 -0.0130547 0.0335284 -0.00626548 0.999418 0.0076443 0.0 0.0 0.0 1.0
office/seq-08/color/frame-000175.color.png office/seq-08/color/frame-000178.color.png 0.999679 0.00558646 -0.0247343 0.0161935 -0.00535773 0.999942 0.00930442 -0.00382392 0.0247849 -0.00916891 0.999651 0.0339683 0.0 0.0 0.0 1.0
office/seq-08/color/frame-000178.color.png office/seq-08/color/frame-000181.color.png 0.998824 0.0101643 -0.0474108 0.0779052 -0.0101072 0.999948 0.00144462 -0.000463532 0.047423 -0.000963726 0.998874 0.0111771 0.0 0.0 0.0 1.0
office/seq-08/color/frame-000181.color.png office/seq-08/color/frame-000184.color.png 0.999572 0.00900794 -0.0278146 0.0375052 -0.00905993 0.999957 -0.00174384 0.00533531 0.0277977 0.00199509 0.999612 0.00416374 0.0 0.0 0.0 1.0
office/seq-08/color/frame-000184.color.png office/seq-08/color/frame-000187.color.png 0.99881 0.00984403 -0.0477739 0.0829081 -0.0101555 0.999929 -0.0062814 0.0111317 0.0477087 0.00675909 0.998838 -0.00141346 0.0 0.0 0.0 1.0
office/seq-08/color/frame-000187.color.png office/seq-08/color/frame-000190.color.png 0.999425 0.00606562 -0.0333562 0.0460952 -0.0061195 0.99998 -0.00151331 0.000952505 0.0333463 0.00171656 0.999442 0.0137411 0.0 0.0 0.0 1.0
office/seq-08/color/frame-000190.color.png office/seq-08/color/frame-000193.color.png 0.997751 0.0208816 -0.0636922 0.107953 -0.0204346 0.999762 0.00766218 -8.93138e-05 0.063837 -0.00634342 0.99794 0.0112226 0.0 0.0 0.0 1.0
office/seq-08/color/frame-000193.color.png office/seq-08/color/frame-000196.color.png 0.996939 0.0140532 -0.0769154 0.129444 -0.0135898 0.999886 0.00654377 -0.00824663 0.0769986 -0.00547847 0.997016 -0.00481689 0.0 0.0 0.0 1.0
office/seq-08/color/frame-000196.color.png office/seq-08/color/frame-000199.color.png 0.997222 0.0211912 -0.0714152 0.12246 -0.0205975 0.999747 0.00904079 0.000141071 0.0715887 -0.0075447 0.997406 -0.00794637 0.0 0.0 0.0 1.0
office/seq-08/color/frame-000199.color.png office/seq-08/color/frame-000202.color.png 0.995285 0.0266204 -0.0932694 0.156153 -0.0256339 0.999602 0.0117595 0.00579224 0.0935453 -0.00931318 0.995571 -0.0105749 0.0 0.0 0.0 1.0
office/seq-08/color/frame-000202.color.png office/seq-08/color/frame-000205.color.png 0.997128 0.0289685 -0.069974 0.119883 -0.0280986 0.999515 0.0133843 0.000189925 0.0703278 -0.0113797 0.997459 -0.00395536 0.0 0.0 0.0 1.0
office/seq-08/color/frame-000205.color.png office/seq-08/color/frame-000208.color.png 0.99832 0.0211674 -0.0539393 0.0916801 -0.0206873 0.999741 0.00944262 -0.00183442 0.0541253 -0.0083109 0.9985 -0.0055933 0.0 0.0 0.0 1.0
office/seq-08/color/frame-000208.color.png office/seq-08/color/frame-000211.color.png 0.998567 0.0202238 -0.0495366 0.0777771 -0.0195053 0.999698 0.0149447 -0.009558 0.0498239 -0.0139571 0.99866 -0.00964928 0.0 0.0 0.0 1.0
office/seq-08/color/frame-000211.color.png office/seq-08/color/frame-000214.color.png 0.999245 0.0112405 -0.0371892 0.0605907 -0.0111433 0.999934 0.00282218 0.00622045 0.0372184 -0.00240564 0.999304 -0.0119822 0.0 0.0 0.0 1.0
office/seq-08/color/frame-000214.color.png office/seq-08/color/frame-000217.color.png 0.999252 0.0230125 -0.0310666 0.0520461 -0.0231042 0.99973 -0.00259631 0.0203329 0.0309984 0.00331213 0.999514 -0.0158756 0.0 0.0 0.0 1.0
office/seq-08/color/frame-000217.color.png office/seq-08/color/frame-000220.color.png 0.999534 0.0127428 -0.027724 0.051031 -0.0126944 0.999918 0.00192383 0.00242507 0.0277462 -0.001571 0.999614 -0.0200149 0.0 0.0 0.0 1.0
office/seq-08/color/frame-000220.color.png office/seq-08/color/frame-000223.color.png 0.999442 0.0213792 -0.0256516 0.0183491 -0.0217932 0.999635 -0.0159712 0.0460128 0.0253008 0.0165214 0.999543 -0.0336167 0.0 0.0 0.0 1.0
office/seq-08/color/frame-000223.color.png office/seq-08/color/frame-000226.color.png 0.998166 0.0348457 -0.0494985 0.0826435 -0.0347727 0.999393 0.00233652 0.0193344 0.0495498 -0.000611045 0.998771 -0.0453043 0.0 0.0 0.0 1.0
office/seq-08/color/frame-000226.color.png office/seq-08/color/frame-000229.color.png 0.999353 0.0153402 -0.0325384 0.0412467 -0.0151207 0.999861 0.00697978 -0.00101515 0.032641 -0.00648327 0.999446 -0.0363142 0.0 0.0 0.0 1.0
office/seq-08/color/frame-000229.color.png office/seq-08/color/frame-000232.color.png 0.999831 0.000769173 -0.0183713 0.0260246 -0.000636549 0.999974 0.00722801 -0.00217129 0.0183763 -0.00721509 0.999805 -0.0300025 0.0 0.0 0.0 1.0
office/seq-08/color/frame-000232.color.png office/seq-08/color/frame-000235.color.png 0.998982 0.0103618 -0.0439101 0.0686817 -0.00944941 0.999736 0.0209352 -0.0222677 0.0441156 -0.020499 0.998816 -0.0341756 0.0 0.0 0.0 1.0
office/seq-08/color/frame-000235.color.png office/seq-08/color/frame-000238.color.png 0.999531 -0.0014656 -0.0305802 0.043993 0.00198474 0.999854 0.0169534 -0.0160694 0.0305509 -0.0170062 0.999389 -0.0273538 0.0 0.0 0.0 1.0
office/seq-08/color/frame-000238.color.png office/seq-08/color/frame-000241.color.png 0.999361 0.0133579 -0.0331564 0.0477798 -0.0129544 0.99984 0.0123496 -0.00556151 0.0333161 -0.0119122 0.999374 -0.0187533 0.0 0.0 0.0 1.0
office/seq-08/color/frame-000241.color.png office/seq-08/color/frame-000244.color.png 0.998963 -8.30855e-05 -0.0455396 0.0719147 0.000458926 0.999966 0.00824397 -0.00572015 0.0455373 -0.00825633 0.998929 -0.0219729 0.0 0.0 0.0 1.0
office/seq-08/color/frame-000244.color.png office/seq-08/color/frame-000247.color.png 0.998451 0.00880894 -0.0549329 0.0903928 -0.00914438 0.999941 -0.0058581 0.0166031 0.054878 0.00635133 0.998473 -0.0227189 0.0 0.0 0.0 1.0
office/seq-08/color/frame-000247.color.png office/seq-08/color/frame-000250.color.png 0.999156 0.0076361 -0.0403545 0.0665773 -0.00737525 0.999951 0.00660929 -0.00437424 0.0404031 -0.00630609 0.999164 -0.016927 0.0 0.0 0.0 1.0
office/seq-08/color/frame-000250.color.png office/seq-08/color/frame-000253.color.png 0.999329 0.0149793 -0.0334159 0.0559471 -0.0154421 0.999788 -0.0136364 0.0346776 0.0332045 0.0141433 0.999348 -0.0167415 0.0 0.0 0.0 1.0
office/seq-08/color/frame-000253.color.png office/seq-08/color/frame-000256.color.png 0.998838 0.00483989 -0.0479504 0.0753286 -0.0041243 0.999879 0.0150101 -0.0090511 0.0480173 -0.0147949 0.998737 -0.0208659 0.0 0.0 0.0 1.0
office/seq-08/color/frame-000256.color.png office/seq-08/color/frame-000259.color.png 0.999331 0.00320435 -0.0364373 0.0631408 -0.00297682 0.999976 0.00629941 -0.0107903 0.0364565 -0.00618677 0.999316 -0.00439358 0.0 0.0 0.0 1.0
office/seq-08/color/frame-000259.color.png office/seq-08/color/frame-000262.color.png 0.998608 -0.00753872 -0.0521984 0.0906815 0.00754735 0.999971 -3.12388e-05 -0.00538214 0.0521971 -0.00036272 0.998637 -0.00719857 0.0 0.0 0.0 1.0
office/seq-08/color/frame-000262.color.png office/seq-08/color/frame-000265.color.png 0.999241 -0.0137075 -0.0364557 0.0581108 0.014014 0.999869 0.00816247 -0.0225171 0.036339 -0.00866717 0.999302 -0.0274988 0.0 0.0 0.0 1.0
office/seq-08/color/frame-000265.color.png office/seq-08/color/frame-000268.color.png 0.999058 0.0119874 -0.0417 0.0646975 -0.0122739 0.999903 -0.00662192 0.0107858 0.0416167 0.00712753 0.999108 -0.011723 0.0 0.0 0.0 1.0
office/seq-08/color/frame-000268.color.png office/seq-08/color/frame-000271.color.png 0.999688 -0.00212563 -0.024895 0.0390531 0.00236819 0.99995 0.00971789 -0.0155355 0.024873 -0.0097738 0.999643 -0.0146856 0.0 0.0 0.0 1.0
office/seq-08/color/frame-000271.color.png office/seq-08/color/frame-000274.color.png 0.99901 0.0128775 -0.0425869 0.0622486 -0.0127738 0.999915 0.00270616 0.0027103 0.0426181 -0.00215942 0.999089 -0.0195333 0.0 0.0 0.0 1.0
office/seq-08/color/frame-000274.color.png office/seq-08/color/frame-000277.color.png 0.999379 0.00697767 -0.0345372 0.0486709 -0.00680962 0.999964 0.00498298 -0.00287649 0.0345708 -0.00474477 0.999391 -0.0211182 0.0 0.0 0.0 1.0
office/seq-08/color/frame-000277.color.png office/seq-08/color/frame-000280.color.png 0.999285 0.00833971 -0.0368715 0.0507981 -0.00828054 0.999964 0.00175651 0.00747903 0.0368848 -0.00144995 0.999318 -0.0200183 0.0 0.0 0.0 1.0
office/seq-08/color/frame-000280.color.png office/seq-08/color/frame-000283.color.png 0.998871 0.0117275 -0.0460269 0.0504529 -0.0114738 0.999917 0.00577173 0.00372348 0.0460908 -0.00523712 0.998924 -0.0298337 0.0 0.0 0.0 1.0
office/seq-08/color/frame-000283.color.png office/seq-08/color/frame-000286.color.png 0.999136 0.0057029 -0.0411762 0.0609797 -0.00528553 0.999934 0.0102383 -0.0135491 0.0412318 -0.0100119 0.999099 -0.0201654 0.0 0.0 0.0 1.0
office/seq-08/color/frame-000286.color.png office/seq-08/color/frame-000289.color.png 0.998853 0.0141223 -0.0457465 0.0494803 -0.0145185 0.99986 -0.00834144 0.0248324 0.0456222 0.0089961 0.998918 -0.0319729 0.0 0.0 0.0 1.0
office/seq-08/color/frame-000289.color.png office/seq-08/color/frame-000292.color.png 0.999005 0.0046013 -0.0443625 0.0571776 -0.00460995 0.999989 -9.25465e-05 0.00500564 0.0443616 0.000296968 0.999016 -0.0267203 0.0 0.0 0.0 1.0
office/seq-08/color/frame-000292.color.png office/seq-08/color/frame-000295.color.png 0.999143 0.00703373 -0.040793 0.0517589 -0.00723086 0.999963 -0.00468432 0.0138437 0.0407585 0.00497524 0.999157 -0.0308098 0.0 0.0 0.0 1.0
office/seq-08/color/frame-000295.color.png office/seq-08/color/frame-000298.color.png 0.999354 0.00162798 -0.0358913 0.0422912 -0.00146143 0.999988 0.00466339 -0.00317392 0.0358985 -0.00460788 0.999345 -0.0314851 0.0 0.0 0.0 1.0
office/seq-08/color/frame-000298.color.png office/seq-08/color/frame-000301.color.png 0.999411 -0.00792423 -0.0333984 0.0447364 0.00812141 0.99995 0.00577218 -0.00851263 0.0333511 -0.00604002 0.999426 -0.0253946 0.0 0.0 0.0 1.0
office/seq-08/color/frame-000301.color.png office/seq-08/color/frame-000304.color.png 0.99976 -0.013881 -0.0169732 0.0267006 0.0139024 0.999903 0.00114686 -0.00571201 0.0169557 -0.00138258 0.999855 -0.0218415 0.0 0.0 0.0 1.0
office/seq-08/color/frame-000304.color.png office/seq-08/color/frame-000307.color.png 0.999351 -0.0044629 -0.0357342 0.0658779 0.00451842 0.999989 0.00147224 -0.00982501 0.0357272 -0.00163275 0.99936 -0.0336862 0.0 0.0 0.0 1.0
office/seq-08/color/frame-000307.color.png office/seq-08/color/frame-000310.color.png 0.999757 -0.0153208 -0.0158397 0.0312745 0.0155082 0.99981 0.0117747 -0.0296771 0.0156562 -0.0120174 0.999805 -0.0275636 0.0 0.0 0.0 1.0
office/seq-08/color/frame-000310.color.png office/seq-08/color/frame-000313.color.png 0.999713 -0.0016208 -0.0239115 0.0529757 0.00112187 0.999782 -0.020862 0.0332741 0.0239401 0.0208291 0.999497 -0.0387014 0.0 0.0 0.0 1.0
office/seq-08/color/frame-000313.color.png office/seq-08/color/frame-000316.color.png 0.999919 0.000108323 -0.012733 0.0275849 -6.9945e-05 0.999995 0.00301258 -0.00665229 0.0127333 -0.00301141 0.999914 -0.0215529 0.0 0.0 0.0 1.0
office/seq-08/color/frame-000316.color.png office/seq-08/color/frame-000319.color.png 0.99991 -0.000913214 -0.0133924 0.0352038 0.000935138 0.999998 0.00162659 -0.00204325 0.0133909 -0.00163894 0.999909 -0.0182242 0.0 0.0 0.0 1.0
office/seq-08/color/frame-000319.color.png office/seq-08/color/frame-000322.color.png 0.999886 0.00665341 -0.0135743 0.033824 -0.00661282 0.999973 0.0030356 -0.00789946 0.0135941 -0.00294546 0.999903 -0.0214411 0.0 0.0 0.0 1.0
office/seq-08/color/frame-000322.color.png office/seq-08/color/frame-000325.color.png 0.999845 0.00676566 -0.0162517 0.0385593 -0.00659504 0.999923 0.0105293 -0.0165939 0.0163218 -0.0104204 0.999813 -0.0242116 0.0 0.0 0.0 1.0
office/seq-08/color/frame-000325.color.png office/seq-08/color/frame-000328.color.png 0.999792 0.0107928 -0.0173018 0.0434022 -0.0106464 0.999907 0.00853161 -0.0121163 0.0173923 -0.00834568 0.999814 -0.0262939 0.0 0.0 0.0 1.0
office/seq-08/color/frame-000328.color.png office/seq-08/color/frame-000331.color.png 0.999485 0.0114693 -0.0299656 0.0463378 -0.0111127 0.999866 0.0120394 -0.0113514 0.0300997 -0.0117002 0.999479 -0.0160098 0.0 0.0 0.0 1.0
office/seq-08/color/frame-000331.color.png office/seq-08/color/frame-000334.color.png 0.999493 0.0105417 -0.0300434 0.0582331 -0.0102931 0.999911 0.00841917 -0.00586353 0.0301295 -0.00810566 0.999513 -0.0248592 0.0 0.0 0.0 1.0
office/seq-08/color/frame-000334.color.png office/seq-08/color/frame-000337.color.png 0.999342 0.0124043 -0.0340748 0.0508014 -0.0121307 0.999893 0.00822344 -0.00760829 0.0341731 -0.00780463 0.999385 -0.0255636 0.0 0.0 0.0 1.0
office/seq-08/color/frame-000337.color.png office/seq-08/color/frame-000340.color.png 0.99916 0.00726472 -0.0403374 0.0478483 -0.00640496 0.99975 0.0214036 -0.0339438 0.0404828 -0.0211273 0.998957 -0.0316901 0.0 0.0 0.0 1.0
office/seq-08/color/frame-000340.color.png office/seq-08/color/frame-000343.color.png 0.99921 0.00695708 -0.0391321 0.0326344 -0.00613435 0.999758 0.0211044 -0.0245907 0.0392695 -0.0208476 0.999011 -0.0587618 0.0 0.0 0.0 1.0
office/seq-08/color/frame-000343.color.png office/seq-08/color/frame-000346.color.png 0.997931 0.0109685 -0.0633447 0.0566946 -0.0102931 0.999887 0.0109798 -0.0067919 0.0634579 -0.0103051 0.997931 -0.0586507 0.0 0.0 0.0 1.0
office/seq-08/color/frame-000346.color.png office/seq-08/color/frame-000349.color.png 0.999432 -0.00445443 -0.0334066 0.0234619 0.00416026 0.999952 -0.008869 0.0358614 0.0334445 0.00872499 0.999403 -0.0556229 0.0 0.0 0.0 1.0
office/seq-08/color/frame-000349.color.png office/seq-08/color/frame-000352.color.png 0.999085 0.00572323 -0.0423743 0.0205261 -0.00557989 0.999978 0.00350044 -0.000842087 0.0423934 -0.00326089 0.999096 -0.0462654 0.0 0.0 0.0 1.0
office/seq-08/color/frame-000352.color.png office/seq-08/color/frame-000355.color.png 0.999288 0.000953986 -0.0377071 -0.00624233 -0.00114011 0.999987 -0.0049147 0.0215539 0.0377019 0.00495423 0.999277 -0.0491496 0.0 0.0 0.0 1.0
office/seq-08/color/frame-000355.color.png office/seq-08/color/frame-000358.color.png 0.999408 0.0076509 -0.0335514 -0.0192426 -0.00792677 0.999936 -0.00809688 0.0265649 0.0334873 0.00835803 0.999404 -0.0489908 0.0 0.0 0.0 1.0
office/seq-08/color/frame-000358.color.png office/seq-08/color/frame-000361.color.png 0.999845 0.00618813 -0.0164996 -0.0427004 -0.00622575 0.999978 -0.00222976 0.0166921 0.0164855 0.00233219 0.999861 -0.0519949 0.0 0.0 0.0 1.0
office/seq-08/color/frame-000361.color.png office/seq-08/color/frame-000364.color.png 0.999921 0.00919711 -0.00856471 -0.0387896 -0.00927362 0.999917 -0.0089349 0.0211937 0.00848178 0.0090136 0.999924 -0.0356181 0.0 0.0 0.0 1.0
office/seq-08/color/frame-000364.color.png office/seq-08/color/frame-000367.color.png 0.999949 -0.0100868 0.000379056 -0.057232 0.0100823 0.999895 0.0104234 -0.00260381 -0.000484144 -0.010419 0.999945 -0.0284341 0.0 0.0 0.0 1.0
office/seq-08/color/frame-000367.color.png office/seq-08/color/frame-000370.color.png 0.999873 -0.00913242 -0.0130386 -0.0541802 0.00923385 0.999927 0.00774412 0.00487033 0.012967 -0.00786357 0.999885 -0.0406404 0.0 0.0 0.0 1.0
office/seq-08/color/frame-000370.color.png office/seq-08/color/frame-000373.color.png 0.999963 -0.00849191 0.00158006 -0.0477062 0.00845474 0.999717 0.0222357 -0.0157605 -0.0017685 -0.0222215 0.999752 -0.0191643 0.0 0.0 0.0 1.0
office/seq-08/color/frame-000373.color.png office/seq-08/color/frame-000376.color.png 0.999844 -0.0159041 0.00769438 -0.0569729 0.0157764 0.999741 0.0163715 -0.00521645 -0.00795267 -0.0162475 0.999836 -0.0373848 0.0 0.0 0.0 1.0
office/seq-08/color/frame-000376.color.png office/seq-08/color/frame-000379.color.png 0.999854 -0.0158976 0.00622555 -0.0450787 0.0158428 0.999836 0.00875359 0.00372554 -0.00636366 -0.00865373 0.999942 -0.0197088 0.0 0.0 0.0 1.0
office/seq-08/color/frame-000379.color.png office/seq-08/color/frame-000382.color.png 0.999683 -0.0151842 0.0200925 -0.0664712 0.0148454 0.999747 0.0169049 -0.00546892 -0.0203441 -0.0166012 0.999655 -0.016329 0.0 0.0 0.0 1.0
office/seq-08/color/frame-000382.color.png office/seq-08/color/frame-000385.color.png 0.99865 -0.0181735 0.0486663 -0.0706894 0.0179939 0.99983 0.00412594 0.0275545 -0.048733 -0.00324467 0.998807 -0.0370277 0.0 0.0 0.0 1.0
office/seq-08/color/frame-000385.color.png office/seq-08/color/frame-000388.color.png 0.998657 -0.014723 0.049669 -0.0774216 0.0150957 0.999861 -0.00713708 0.0127387 -0.049557 0.00787727 0.99874 -0.0123864 0.0 0.0 0.0 1.0
office/seq-08/color/frame-000388.color.png office/seq-08/color/frame-000391.color.png 0.999236 -0.0237778 0.0310173 -0.0552624 0.0240636 0.999671 -0.00887442 0.00583749 -0.030796 0.00961404 0.999479 0.00342858 0.0 0.0 0.0 1.0
office/seq-08/color/frame-000391.color.png office/seq-08/color/frame-000394.color.png 0.997453 -0.0310041 0.0642386 -0.0863549 0.0321503 0.99934 -0.0168848 0.0209669 -0.0636727 0.0189071 0.997792 -0.015162 0.0 0.0 0.0 1.0
office/seq-08/color/frame-000394.color.png office/seq-08/color/frame-000397.color.png 0.999412 -0.0209732 0.0271198 -0.0294879 0.0216471 0.999458 -0.0247969 0.0294091 -0.0265851 0.0253694 0.999325 -0.0101805 0.0 0.0 0.0 1.0
office/seq-08/color/frame-000397.color.png office/seq-08/color/frame-000400.color.png 0.99817 -0.0331561 0.0505739 -0.0514125 0.0343651 0.999139 -0.0232267 0.0381269 -0.0497602 0.0249221 0.99845 -0.00820255 0.0 0.0 0.0 1.0
office/seq-08/color/frame-000400.color.png office/seq-08/color/frame-000403.color.png 0.999028 -0.0304213 0.031887 -0.0286732 0.0308041 0.999458 -0.0115827 0.0203557 -0.0315173 0.0125537 0.999424 -0.00897646 0.0 0.0 0.0 1.0
office/seq-08/color/frame-000403.color.png office/seq-08/color/frame-000406.color.png 0.997502 -0.0364685 0.0604968 -0.0429554 0.0383616 0.9988 -0.0304322 0.032735 -0.0593144 0.032677 0.997704 -0.0209268 0.0 0.0 0.0 1.0
office/seq-08/color/frame-000406.color.png office/seq-08/color/frame-000409.color.png 0.997954 -0.0221525 0.0599736 -0.0242857 0.0232826 0.999563 -0.018211 0.022744 -0.0595441 0.0195701 0.998034 -0.0197718 0.0 0.0 0.0 1.0
office/seq-08/color/frame-000409.color.png office/seq-08/color/frame-000412.color.png 0.99847 -0.0222353 0.0506213 -0.029895 0.0233248 0.999507 -0.0210344 0.0232627 -0.0501286 0.022183 0.998496 -0.00871587 0.0 0.0 0.0 1.0
office/seq-08/color/frame-000412.color.png office/seq-08/color/frame-000415.color.png 0.998847 -0.0298377 0.0376043 0.00243987 0.0300606 0.999534 -0.00537786 0.0104733 -0.0374264 0.0065021 0.999278 0.000808835 0.0 0.0 0.0 1.0
office/seq-08/color/frame-000415.color.png office/seq-08/color/frame-000418.color.png 0.999049 -0.0129173 0.0416477 -0.0323569 0.0133197 0.999867 -0.00939798 0.00674593 -0.0415206 0.00994378 0.999088 -0.0113088 0.0 0.0 0.0 1.0
office/seq-08/color/frame-000418.color.png office/seq-08/color/frame-000421.color.png 0.999287 -0.0126986 0.0355459 -0.0132427 0.0128667 0.999907 -0.00450399 0.00207168 -0.0354853 0.00495804 0.999358 -0.00373667 0.0 0.0 0.0 1.0
office/seq-08/color/frame-000421.color.png office/seq-08/color/frame-000424.color.png 0.999037 -0.00851105 0.0430417 -0.0125099 0.00870307 0.999953 -0.00427514 0.000301242 -0.0430033 0.00464568 0.999064 -0.00967234 0.0 0.0 0.0 1.0
office/seq-08/color/frame-000424.color.png office/seq-08/color/frame-000427.color.png 0.999098 -0.0156154 0.0394935 -0.0055695 0.0154326 0.999869 0.00492913 -0.00766709 -0.0395653 -0.00431523 0.999208 0.00942558 0.0 0.0 0.0 1.0
office/seq-08/color/frame-000427.color.png office/seq-08/color/frame-000430.color.png 0.999331 -0.0082481 0.035623 -0.0111198 0.00857613 0.999922 -0.00906653 -0.00391179 -0.0355453 0.00936598 0.999324 0.0249071 0.0 0.0 0.0 1.0
office/seq-08/color/frame-000430.color.png office/seq-08/color/frame-000433.color.png 0.998575 -0.013396 0.0516539 -0.0250334 0.0138089 0.999875 -0.00764468 0.00577424 -0.0515451 0.00834707 0.998636 0.00338334 0.0 0.0 0.0 1.0
office/seq-08/color/frame-000433.color.png office/seq-08/color/frame-000436.color.png 0.999006 -0.0161404 0.0415631 -0.0207254 0.0156251 0.999797 0.0126951 -0.023397 -0.0417597 -0.012033 0.999055 0.0144543 0.0 0.0 0.0 1.0
office/seq-08/color/frame-000436.color.png office/seq-08/color/frame-000439.color.png 0.999253 -0.0118847 0.0367812 -0.0140093 0.0121458 0.999902 -0.00688624 0.00268976 -0.0366957 0.00732777 0.9993 0.013972 0.0 0.0 0.0 1.0
office/seq-08/color/frame-000439.color.png office/seq-08/color/frame-000442.color.png 0.999088 -0.0135411 0.0405021 -0.0157189 0.0130917 0.99985 0.0113414 -0.023896 -0.0406497 -0.0108008 0.999115 0.00443792 0.0 0.0 0.0 1.0
office/seq-08/color/frame-000442.color.png office/seq-08/color/frame-000445.color.png 0.999381 -0.00367404 0.0349919 -0.0117114 0.00344459 0.999972 0.00661575 -0.0170347 -0.0350152 -0.00649118 0.999366 0.0107448 0.0 0.0 0.0 1.0
office/seq-08/color/frame-000445.color.png office/seq-08/color/frame-000448.color.png 0.999369 -0.00677133 0.0348605 -0.00230582 0.00670765 0.999976 0.00194191 -0.00998271 -0.0348727 -0.0017069 0.99939 0.00577539 0.0 0.0 0.0 1.0
office/seq-08/color/frame-000448.color.png office/seq-08/color/frame-000451.color.png 0.999407 -0.0106405 0.0327476 -0.0133108 0.0107035 0.999941 -0.00174837 -0.00765832 -0.0327271 0.00209786 0.999462 0.0170388 0.0 0.0 0.0 1.0
office/seq-08/color/frame-000451.color.png office/seq-08/color/frame-000454.color.png 0.99997 0.00465187 0.00619165 0.0506232 -0.00476063 0.999833 0.0176687 -0.0561412 -0.00610824 -0.0176976 0.999825 0.0646442 0.0 0.0 0.0 1.0
office/seq-08/color/frame-000454.color.png office/seq-08/color/frame-000457.color.png 0.999714 -0.00459076 0.0234802 -0.00322399 0.00463131 0.999988 -0.00167062 -0.0102712 -0.0234724 0.00177887 0.999723 0.028026 0.0 0.0 0.0 1.0
office/seq-08/color/frame-000457.color.png office/seq-08/color/frame-000460.color.png 0.9999 -0.00641178 0.0126466 -0.00434886 0.00644346 0.999976 -0.00246911 -0.00267775 -0.0126304 0.00255043 0.999917 0.0177749 0.0 0.0 0.0 1.0
office/seq-08/color/frame-000460.color.png office/seq-08/color/frame-000463.color.png 0.999966 -0.00285875 0.00774119 0.00769508 0.00288782 0.999989 -0.00374278 -0.0018952 -0.00773052 0.00376496 0.999963 0.0149556 0.0 0.0 0.0 1.0
office/seq-08/color/frame-000463.color.png office/seq-08/color/frame-000466.color.png 0.999861 -0.00304563 0.0164039 0.00380462 0.00308395 0.999993 -0.00231023 -0.00443426 -0.0163968 0.00236045 0.999863 0.0215143 0.0 0.0 0.0 1.0
office/seq-08/color/frame-000466.color.png office/seq-08/color/frame-000469.color.png 0.999985 0.00359636 0.00408085 0.016002 -0.00354046 0.999901 -0.0136267 0.0221123 -0.00412935 0.0136121 0.999899 0.0193855 0.0 0.0 0.0 1.0
office/seq-08/color/frame-000469.color.png office/seq-08/color/frame-000472.color.png 0.999928 -0.00175283 0.0118862 0.00109377 0.00172076 0.999995 0.00270753 -0.008232 -0.0118909 -0.00268688 0.999926 0.0114601 0.0 0.0 0.0 1.0
office/seq-08/color/frame-000472.color.png office/seq-08/color/frame-000475.color.png 0.999782 0.00115242 0.0208305 -0.0215962 -0.00104397 0.999986 -0.00521691 0.00696185 -0.0208363 0.00519398 0.99977 0.00708878 0.0 0.0 0.0 1.0
office/seq-08/color/frame-000475.color.png office/seq-08/color/frame-000478.color.png 0.999559 0.000701974 0.029697 -0.0233552 -0.000502736 0.999977 -0.00671706 0.011224 -0.0297009 0.00669916 0.999536 0.0221111 0.0 0.0 0.0 1.0
office/seq-08/color/frame-000478.color.png office/seq-08/color/frame-000481.color.png 0.999891 0.00639074 0.0133148 0.0256187 -0.00647582 0.999959 0.00636019 -0.0157262 -0.0132737 -0.00644576 0.999891 0.0182923 0.0 0.0 0.0 1.0
office/seq-08/color/frame-000481.color.png office/seq-08/color/frame-000484.color.png 0.999439 0.00683371 0.0327919 -0.0100747 -0.00658681 0.999949 -0.00763195 0.00451427 -0.0328424 0.00741178 0.999433 0.0194257 0.0 0.0 0.0 1.0
office/seq-08/color/frame-000484.color.png office/seq-08/color/frame-000487.color.png 0.999538 -0.00310329 0.0302331 -0.018366 0.00320987 0.999989 -0.0034762 0.00266913 -0.030222 0.00357156 0.999537 0.00903928 0.0 0.0 0.0 1.0
office/seq-08/color/frame-000487.color.png office/seq-08/color/frame-000490.color.png 0.999779 -0.000488681 0.021015 1.47521e-06 0.000600915 0.999986 -0.00533406 0.00200825 -0.021012 0.00534559 0.999765 0.0127177 0.0 0.0 0.0 1.0
office/seq-08/color/frame-000490.color.png office/seq-08/color/frame-000493.color.png 0.999076 0.0037783 0.0428052 -0.0159259 -0.00363197 0.999987 -0.0034957 0.00269338 -0.042818 0.00333696 0.999077 0.0115581 0.0 0.0 0.0 1.0
office/seq-08/color/frame-000493.color.png office/seq-08/color/frame-000496.color.png 0.99976 -0.00676449 0.0208278 -0.00698027 0.00687697 0.999962 -0.00533492 -0.00308575 -0.020791 0.00547683 0.999769 0.018069 0.0 0.0 0.0 1.0
office/seq-08/color/frame-000496.color.png office/seq-08/color/frame-000499.color.png 0.999419 -0.000248767 0.0340903 7.53105e-05 0.000424697 0.999987 -0.00515228 0.00639156 -0.0340885 0.00516377 0.999406 -0.00884926 0.0 0.0 0.0 1.0
office/seq-08/color/frame-000499.color.png office/seq-08/color/frame-000502.color.png 0.999091 -0.0157633 0.0396005 0.0112278 0.0154459 0.999846 0.00830498 -0.0235853 -0.0397253 -0.00768573 0.999181 -0.011186 0.0 0.0 0.0 1.0
office/seq-08/color/frame-000502.color.png office/seq-08/color/frame-000505.color.png 0.999739 -0.00788296 0.0214599 -0.00214481 0.00787732 0.999969 0.000350522 -0.00858996 -0.021462 -0.000181396 0.99977 0.00924134 0.0 0.0 0.0 1.0
office/seq-08/color/frame-000505.color.png office/seq-08/color/frame-000508.color.png 0.999546 -0.0123287 0.027472 0.016105 0.0122217 0.999917 0.00406122 -0.0202589 -0.0275198 -0.00372367 0.999614 0.0151248 0.0 0.0 0.0 1.0
office/seq-08/color/frame-000508.color.png office/seq-08/color/frame-000511.color.png 0.999174 -0.012526 0.0386508 -0.0164501 0.0129093 0.99987 -0.00968448 0.00410708 -0.0385244 0.0101755 0.999206 0.0269351 0.0 0.0 0.0 1.0
office/seq-08/color/frame-000511.color.png office/seq-08/color/frame-000514.color.png 0.999012 -0.0125614 0.0426365 -0.013309 0.0125564 0.999921 0.000386846 -0.00614773 -0.042638 0.000148815 0.999091 0.0273122 0.0 0.0 0.0 1.0
office/seq-08/color/frame-000514.color.png office/seq-08/color/frame-000517.color.png 0.999543 -0.010389 0.0283908 0.0335828 0.00998921 0.999849 0.0141865 -0.0341562 -0.0285339 -0.0138964 0.999496 0.0283715 0.0 0.0 0.0 1.0
office/seq-08/color/frame-000517.color.png office/seq-08/color/frame-000520.color.png 0.999669 -0.00598472 0.0250305 0.00589669 0.00602009 0.999981 -0.00133912 -0.00415074 -0.025022 0.00148935 0.999686 0.0211515 0.0 0.0 0.0 1.0
office/seq-08/color/frame-000520.color.png office/seq-08/color/frame-000523.color.png 0.999731 -0.00578291 0.0224707 0.0266283 0.00575033 0.999982 0.00151396 0.0147543 -0.022479 -0.00138437 0.999746 0.0282989 0.0 0.0 0.0 1.0
office/seq-08/color/frame-000523.color.png office/seq-08/color/frame-000526.color.png 0.999564 0.00319235 0.0293405 -0.0118558 -0.00352216 0.999931 0.0111956 -0.0105495 -0.0293028 -0.0112941 0.999507 0.0264628 0.0 0.0 0.0 1.0
office/seq-08/color/frame-000526.color.png office/seq-08/color/frame-000529.color.png 0.999887 0.00325533 0.0147013 0.0243431 -0.00337604 0.999961 0.00819495 -0.00495649 -0.014674 -0.0082436 0.999858 0.0128019 0.0 0.0 0.0 1.0
office/seq-08/color/frame-000529.color.png office/seq-08/color/frame-000532.color.png 0.999951 0.00954598 0.00243429 0.0345596 -0.00955706 0.999944 0.00459145 0.00915225 -0.00239034 -0.00461448 0.999986 0.0106601 0.0 0.0 0.0 1.0
office/seq-08/color/frame-000532.color.png office/seq-08/color/frame-000535.color.png 0.99995 0.00902714 0.00423555 0.0275676 -0.00907594 0.999891 0.0116319 -0.00346071 -0.00413004 -0.0116698 0.999923 0.0205163 0.0 0.0 0.0 1.0
office/seq-08/color/frame-000535.color.png office/seq-08/color/frame-000538.color.png 0.999642 0.022878 0.0138593 0.0173122 -0.0228544 0.999737 -0.00185576 0.00771147 -0.0138981 0.00153833 0.999902 0.0269829 0.0 0.0 0.0 1.0
office/seq-08/color/frame-000538.color.png office/seq-08/color/frame-000541.color.png 0.999839 0.0142852 0.010822 0.0189158 -0.0142595 0.999895 -0.00244155 0.010231 -0.0108558 0.00228681 0.999938 0.0204673 0.0 0.0 0.0 1.0
office/seq-08/color/frame-000541.color.png office/seq-08/color/frame-000544.color.png 0.99978 -0.00635091 0.0200081 0.00348979 0.00633033 0.999979 0.00108956 -0.0158888 -0.0200146 -0.000962631 0.999799 0.0210341 0.0 0.0 0.0 1.0
office/seq-08/color/frame-000544.color.png office/seq-08/color/frame-000547.color.png 0.999884 -0.00478208 0.0144376 -0.00695258 0.00473247 0.999983 0.00347044 -0.0140636 -0.0144539 -0.00340173 0.99989 0.0306112 0.0 0.0 0.0 1.0
office/seq-08/color/frame-000547.color.png office/seq-08/color/frame-000550.color.png 0.999891 -0.00485176 0.0139365 -0.00127548 0.00486119 0.999988 -0.000641383 -0.00756036 -0.0139332 0.000709043 0.999903 0.0289562 0.0 0.0 0.0 1.0
office/seq-08/color/frame-000550.color.png office/seq-08/color/frame-000553.color.png 0.999673 0.00178559 0.0255054 -0.0332803 -0.00165943 0.999986 -0.00496712 0.0077834 -0.0255139 0.00492317 0.999662 0.0463647 0.0 0.0 0.0 1.0
office/seq-08/color/frame-000553.color.png office/seq-08/color/frame-000556.color.png 0.999672 -0.0179363 0.0182792 -0.0247225 0.0179354 0.999839 0.000214323 -0.0226111 -0.0182802 0.000113613 0.999833 0.0436606 0.0 0.0 0.0 1.0
office/seq-08/color/frame-000556.color.png office/seq-08/color/frame-000559.color.png 0.999539 -0.0264953 0.014828 -0.0287693 0.0264869 0.999649 0.000761272 -0.0351326 -0.014843 -0.000368171 0.99989 0.0481524 0.0 0.0 0.0 1.0
office/seq-08/color/frame-000559.color.png office/seq-08/color/frame-000562.color.png 0.999475 -0.0323689 0.00154364 -0.0170708 0.0323714 0.999475 -0.00159186 -0.0347048 -0.0014913 0.00164097 0.999998 0.027432 0.0 0.0 0.0 1.0
office/seq-08/color/frame-000562.color.png office/seq-08/color/frame-000565.color.png 0.999941 -0.0108585 -0.000287551 -0.0272832 0.0108589 0.99994 0.00133571 -0.0214125 0.000273029 -0.00133878 0.999999 0.0373822 0.0 0.0 0.0 1.0
office/seq-08/color/frame-000565.color.png office/seq-08/color/frame-000568.color.png 0.999914 -0.0128406 0.00266106 -0.0371785 0.0128159 0.999876 0.00910251 -0.0290075 -0.00277761 -0.00906762 0.999955 0.0349485 0.0 0.0 0.0 1.0
office/seq-08/color/frame-000568.color.png office/seq-08/color/frame-000571.color.png 0.99991 -0.0084457 0.01039 -0.0533777 0.00832594 0.999899 0.0115164 -0.0262857 -0.0104862 -0.0114289 0.99988 0.0318283 0.0 0.0 0.0 1.0
office/seq-08/color/frame-000571.color.png office/seq-08/color/frame-000574.color.png 0.999535 -0.0277344 0.0126496 -0.0622151 0.0275802 0.999545 0.0122041 -0.05271 -0.0129823 -0.0118496 0.999845 0.0483514 0.0 0.0 0.0 1.0
office/seq-08/color/frame-000574.color.png office/seq-08/color/frame-000577.color.png 0.99949 -0.0261229 0.0183433 -0.0658377 0.0260625 0.999654 0.00352576 -0.0315587 -0.0184291 -0.00304585 0.999826 0.0530261 0.0 0.0 0.0 1.0
office/seq-08/color/frame-000577.color.png office/seq-08/color/frame-000580.color.png 0.999842 -0.0176247 0.00222713 -0.0321723 0.017618 0.99984 0.00295868 -0.0370043 -0.00227893 -0.00291897 0.999993 0.0290018 0.0 0.0 0.0 1.0
office/seq-08/color/frame-000580.color.png office/seq-08/color/frame-000583.color.png 0.999965 -0.00210839 -0.00808608 -0.030639 0.00207527 0.999989 -0.00410263 0.0035848 0.00809465 0.00408568 0.999959 0.0280143 0.0 0.0 0.0 1.0
office/seq-08/color/frame-000583.color.png office/seq-08/color/frame-000586.color.png 0.999811 -0.0143224 -0.0131272 -0.0129139 0.0144096 0.999875 0.00657197 -0.0267742 0.0130315 -0.00675986 0.999892 0.0189259 0.0 0.0 0.0 1.0
office/seq-08/color/frame-000586.color.png office/seq-08/color/frame-000589.color.png 0.999634 0.00799094 -0.0258322 -0.00437725 -0.00734394 0.999659 0.0250449 -0.0372932 0.0260235 -0.0248461 0.999353 -0.00694358 0.0 0.0 0.0 1.0
office/seq-08/color/frame-000589.color.png office/seq-08/color/frame-000592.color.png 0.999905 0.000353507 -0.0137533 -0.00642985 -0.000248136 0.999971 0.00766192 -0.0115901 0.0137556 -0.00765776 0.999876 0.0206838 0.0 0.0 0.0 1.0
office/seq-08/color/frame-000592.color.png office/seq-08/color/frame-000595.color.png 0.999956 0.00386298 -0.00855829 -0.00254983 -0.00380874 0.999973 0.00634735 -0.00164222 0.00858258 -0.00631444 0.999943 0.0244755 0.0 0.0 0.0 1.0
office/seq-08/color/frame-000595.color.png office/seq-08/color/frame-000598.color.png 0.999951 -0.00907802 -0.00396703 -0.0178775 0.00911316 0.999919 0.00893251 -0.0343488 0.00388562 -0.00896824 0.999952 0.0196719 0.0 0.0 0.0 1.0
office/seq-08/color/frame-000598.color.png office/seq-08/color/frame-000601.color.png 0.999984 -0.00452587 0.00347107 -0.0285305 0.00455445 0.999955 -0.00826947 0.0262915 -0.00343349 0.00828509 0.99996 0.0268557 0.0 0.0 0.0 1.0
office/seq-08/color/frame-000601.color.png office/seq-08/color/frame-000604.color.png 0.999934 -0.00757879 0.00859997 -0.0419172 0.00759508 0.999969 -0.00186369 -0.00180708 -0.00858558 0.0019289 0.999961 0.0201041 0.0 0.0 0.0 1.0
office/seq-08/color/frame-000604.color.png office/seq-08/color/frame-000607.color.png 0.999776 -0.02098 -0.00292914 -0.0157898 0.0210004 0.999754 0.00710604 -0.0465383 0.00277934 -0.00716592 0.99997 0.00965762 0.0 0.0 0.0 1.0
office/seq-08/color/frame-000607.color.png office/seq-08/color/frame-000610.color.png 0.999848 -0.0173664 0.00179907 -0.0349229 0.0173684 0.999849 -0.00108602 -0.0127334 -0.00177993 0.00111708 0.999998 0.013589 0.0 0.0 0.0 1.0
office/seq-08/color/frame-000610.color.png office/seq-08/color/frame-000613.color.png 0.999969 -0.00041005 -0.00788403 0.00435796 0.00059283 0.999731 0.0231958 -0.0842399 0.00787239 -0.0231998 0.9997 0.0181692 0.0 0.0 0.0 1.0
office/seq-08/color/frame-000613.color.png office/seq-08/color/frame-000616.color.png 0.999719 0.0100417 0.0214538 -0.0866539 -0.0102488 0.999902 0.00956781 -0.0241354 -0.0213556 -0.00978501 0.999724 0.0333378 0.0 0.0 0.0 1.0
office/seq-08/color/frame-000616.color.png office/seq-08/color/frame-000619.color.png 0.999992 0.00284426 0.00281707 -0.0217042 -0.00286244 0.999975 0.00647077 -0.0183772 -0.0027986 -0.00647879 0.999975 0.00872111 0.0 0.0 0.0 1.0
office/seq-08/color/frame-000619.color.png office/seq-08/color/frame-000622.color.png 0.999844 0.00024901 0.0176849 -0.0690832 -4.47848e-05 0.999933 -0.0115474 0.038282 -0.0176866 0.0115448 0.999777 0.00834286 0.0 0.0 0.0 1.0
office/seq-08/color/frame-000622.color.png office/seq-08/color/frame-000625.color.png 0.999949 -0.00893347 -0.00461595 -0.00314569 0.00893623 0.99996 0.000579472 -0.0136897 0.00461059 -0.000620704 0.999989 0.00347602 0.0 0.0 0.0 1.0
office/seq-08/color/frame-000625.color.png office/seq-08/color/frame-000628.color.png 0.999908 -0.00789296 0.011074 -0.0477469 0.00789338 0.999969 6.37237e-06 0.000545666 -0.0110737 8.10444e-05 0.999939 -0.00224459 0.0 0.0 0.0 1.0
office/seq-08/color/frame-000628.color.png office/seq-08/color/frame-000631.color.png 0.999947 -0.00424427 0.00937451 -0.0346318 0.00425366 0.99999 -0.000981877 0.003087 -0.00937026 0.0010217 0.999956 -0.00955534 0.0 0.0 0.0 1.0
office/seq-08/color/frame-000631.color.png office/seq-08/color/frame-000634.color.png 0.99991 -0.0100916 0.00885111 -0.0263962 0.010035 0.999929 0.00641805 -0.011335 -0.00891525 -0.00632864 0.99994 -0.00818086 0.0 0.0 0.0 1.0
office/seq-08/color/frame-000634.color.png office/seq-08/color/frame-000637.color.png 0.999778 -0.0147457 0.0150291 -0.0432236 0.014636 0.999865 0.00738583 -0.0137008 -0.015136 -0.00716423 0.99986 -0.0155513 0.0 0.0 0.0 1.0
office/seq-08/color/frame-000637.color.png office/seq-08/color/frame-000640.color.png 0.999855 -0.0156974 -0.00654987 0.0327465 0.0157258 0.999867 0.00431574 -0.0167423 0.00648124 -0.00441813 0.999969 -0.0193046 0.0 0.0 0.0 1.0
office/seq-08/color/frame-000640.color.png office/seq-08/color/frame-000643.color.png 0.998484 -0.0102353 0.0540746 -0.204839 0.0118059 0.999515 -0.0288059 0.111197 -0.0537535 0.0294006 0.998121 0.0394688 0.0 0.0 0.0 1.0
office/seq-08/color/frame-000643.color.png office/seq-08/color/frame-000646.color.png 0.999938 0.00893892 -0.00670411 0.0271015 -0.00901058 0.999902 -0.0107367 0.0443609 0.00660749 0.0107964 0.99992 -0.0257952 0.0 0.0 0.0 1.0
office/seq-08/color/frame-000646.color.png office/seq-08/color/frame-000649.color.png 0.999847 -0.00859733 0.015203 -0.0181453 0.00871953 0.99993 -0.00799004 0.0227411 -0.0151332 0.00812134 0.999853 -0.0343 0.0 0.0 0.0 1.0
office/seq-08/color/frame-000649.color.png office/seq-08/color/frame-000652.color.png 0.999752 0.0184899 -0.0124034 0.0762091 -0.0188603 0.999358 -0.0304429 0.0730555 0.0118325 0.0306693 0.99946 -0.0232674 0.0 0.0 0.0 1.0
office/seq-08/color/frame-000652.color.png office/seq-08/color/frame-000655.color.png 0.999589 -0.0128713 0.0256224 -0.0369205 0.0129281 0.999914 -0.00205315 -0.0189122 -0.0255938 0.00238357 0.99967 -0.0396438 0.0 0.0 0.0 1.0
office/seq-08/color/frame-000655.color.png office/seq-08/color/frame-000658.color.png 0.999792 0.0148037 0.0140139 0.0115284 -0.0147868 0.99989 -0.00131151 0.0030312 -0.0140318 0.00110402 0.999901 -0.0458694 0.0 0.0 0.0 1.0
office/seq-08/color/frame-000658.color.png office/seq-08/color/frame-000661.color.png 0.999855 0.00976428 0.0139358 0.00941235 -0.00978638 0.999951 0.00151963 0.00536615 -0.0139203 -0.00165578 0.999902 -0.023188 0.0 0.0 0.0 1.0
office/seq-08/color/frame-000661.color.png office/seq-08/color/frame-000664.color.png 0.999977 0.00486184 0.00468635 0.0125097 -0.00487479 0.999984 0.00275492 -0.0078941 -0.00467289 -0.0027777 0.999985 -0.0519677 0.0 0.0 0.0 1.0
office/seq-08/color/frame-000664.color.png office/seq-08/color/frame-000667.color.png 0.999708 -0.00957896 0.022189 -0.0363095 0.00943419 0.999934 0.00662013 -0.00191998 -0.0222509 -0.00640885 0.999732 -0.0371196 0.0 0.0 0.0 1.0
office/seq-08/color/frame-000667.color.png office/seq-08/color/frame-000670.color.png 0.999892 0.00798313 0.0122965 -0.00694785 -0.00787588 0.999931 -0.00874636 0.0272323 -0.0123655 0.0086486 0.999886 -0.0340582 0.0 0.0 0.0 1.0
office/seq-08/color/frame-000670.color.png office/seq-08/color/frame-000673.color.png 0.999514 0.00470461 0.0308077 -0.0482391 -0.00462964 0.999986 -0.00250442 0.0168652 -0.0308191 0.00236051 0.999522 -0.0349506 0.0 0.0 0.0 1.0
office/seq-08/color/frame-000673.color.png office/seq-08/color/frame-000676.color.png 0.999845 0.00093549 0.0175903 -0.0388298 -0.000808393 0.999974 -0.00723083 0.0231859 -0.0175967 0.00721551 0.999819 -0.0593361 0.0 0.0 0.0 1.0
office/seq-08/color/frame-000676.color.png office/seq-08/color/frame-000679.color.png 0.999996 0.00277094 0.000308864 0.00210619 -0.00277155 0.999994 0.00197602 -0.0168341 -0.000303346 -0.00197686 0.999998 -0.0280077 0.0 0.0 0.0 1.0
office/seq-08/color/frame-000679.color.png office/seq-08/color/frame-000682.color.png 0.999679 0.0238666 0.00852075 -0.018758 -0.0237327 0.999598 -0.0154891 0.0516484 -0.00888706 0.0152818 0.999844 -0.041398 0.0 0.0 0.0 1.0
office/seq-08/color/frame-000682.color.png office/seq-08/color/frame-000685.color.png 0.999605 0.00602977 0.0274539 -0.0626136 -0.00591584 0.999974 -0.00422952 0.0219271 -0.0274786 0.00406543 0.999614 -0.040499 0.0 0.0 0.0 1.0
office/seq-08/color/frame-000685.color.png office/seq-08/color/frame-000688.color.png 0.999738 -0.00278139 0.0227249 -0.0517281 0.0023057 0.999778 0.0209313 -0.0235407 -0.022778 -0.0208735 0.999523 -0.0247049 0.0 0.0 0.0 1.0
office/seq-08/color/frame-000688.color.png office/seq-08/color/frame-000691.color.png 0.999644 -0.000139174 0.0266705 -0.0446165 -8.82004e-06 0.999985 0.00554943 0.0122714 -0.0266709 -0.00554766 0.999629 -0.0201064 0.0 0.0 0.0 1.0
office/seq-08/color/frame-000691.color.png office/seq-08/color/frame-000694.color.png 0.999923 0.00925574 0.00823568 -0.0237892 -0.00922563 0.999951 -0.00368831 0.00681116 -0.0082694 0.00361203 0.999959 -0.0185317 0.0 0.0 0.0 1.0
office/seq-08/color/frame-000694.color.png office/seq-08/color/frame-000697.color.png 0.999879 0.00320916 0.0152294 -0.0350276 -0.00330057 0.999977 0.00598127 0.004775 -0.0152098 -0.0060308 0.999866 -0.01669 0.0 0.0 0.0 1.0
office/seq-08/color/frame-000697.color.png office/seq-08/color/frame-000700.color.png 0.999812 0.0179802 0.00728583 -0.0296423 -0.0178846 0.999756 -0.0129756 0.0307502 -0.00751734 0.0128429 0.999889 -0.0145156 0.0 0.0 0.0 1.0
office/seq-08/color/frame-000700.color.png office/seq-08/color/frame-000703.color.png 0.999092 0.0123555 0.0407804 -0.0533009 -0.0119464 0.999876 -0.0102604 0.0335639 -0.0409021 0.00976389 0.999116 0.000561357 0.0 0.0 0.0 1.0
office/seq-08/color/frame-000703.color.png office/seq-08/color/frame-000706.color.png 0.998394 -0.00477198 0.0564577 -0.0942145 0.00482333 0.999988 -0.000773785 0.00304922 -0.0564534 0.00104485 0.998405 -0.0272194 0.0 0.0 0.0 1.0
office/seq-08/color/frame-000706.color.png office/seq-08/color/frame-000709.color.png 0.998121 -0.0189296 0.0582768 -0.132793 0.0197019 0.999725 -0.0127065 0.0167671 -0.0580203 0.0138308 0.99822 -0.0220174 0.0 0.0 0.0 1.0
office/seq-08/color/frame-000709.color.png office/seq-08/color/frame-000712.color.png 0.999867 -0.0115278 0.0115271 -0.0281458 0.0113938 0.999867 0.0116163 0.00892025 -0.0116596 -0.0114834 0.999866 -0.0170684 0.0 0.0 0.0 1.0
office/seq-08/color/frame-000712.color.png office/seq-08/color/frame-000715.color.png 0.99975 -0.00575299 0.0216241 -0.0363155 0.0055743 0.99995 0.00831374 0.0104196 -0.0216706 -0.00819114 0.999732 -0.00658774 0.0 0.0 0.0 1.0
office/seq-08/color/frame-000715.color.png office/seq-08/color/frame-000718.color.png 0.997293 -0.029804 0.0672147 -0.0837262 0.0296202 0.999554 0.00372971 0.0154639 -0.0672959 -0.00172869 0.997732 -0.0311998 0.0 0.0 0.0 1.0
office/seq-08/color/frame-000718.color.png office/seq-08/color/frame-000721.color.png 0.99572 -0.0493855 0.0781167 -0.0945798 0.0492146 0.99878 0.00411273 -0.00996163 -0.0782245 -0.000250631 0.996936 -0.00744182 0.0 0.0 0.0 1.0
office/seq-08/color/frame-000721.color.png office/seq-08/color/frame-000724.color.png 0.997279 -0.010825 0.0729222 -0.10336 0.0122591 0.99974 -0.0192472 0.0240113 -0.0726951 0.0200888 0.997152 -0.0315387 0.0 0.0 0.0 1.0
office/seq-08/color/frame-000724.color.png office/seq-08/color/frame-000727.color.png 0.996561 -0.0178517 0.0809111 -0.129649 0.0212409 0.998924 -0.0412233 0.0376984 -0.0800879 0.0428001 0.995869 -0.0241641 0.0 0.0 0.0 1.0
office/seq-08/color/frame-000727.color.png office/seq-08/color/frame-000730.color.png 0.999352 -0.0176299 0.0313794 -0.067932 0.0183483 0.999573 -0.0227526 0.0168654 -0.0309649 0.0233136 0.999249 -0.0197153 0.0 0.0 0.0 1.0
office/seq-08/color/frame-000730.color.png office/seq-08/color/frame-000733.color.png 0.999432 0.00908185 0.0324668 -0.0619618 -0.00880438 0.999924 -0.00868 0.0297623 -0.0325431 0.0083892 0.999435 -0.0331654 0.0 0.0 0.0 1.0
office/seq-08/color/frame-000733.color.png office/seq-08/color/frame-000736.color.png 0.998255 -0.0438139 0.039585 -0.0462269 0.0446124 0.998814 -0.0195182 0.0289755 -0.0386829 0.0212502 0.999026 -0.0322083 0.0 0.0 0.0 1.0
office/seq-08/color/frame-000736.color.png office/seq-08/color/frame-000739.color.png 0.999948 0.000633335 0.0101742 -0.0502128 -0.000523483 0.999942 -0.0107943 0.016212 -0.0101805 0.0107884 0.99989 -0.00247002 0.0 0.0 0.0 1.0
office/seq-08/color/frame-000739.color.png office/seq-08/color/frame-000742.color.png 0.999962 -0.00872616 -0.00091776 -0.0192035 0.0087181 0.999927 -0.00839985 0.0141179 0.00099092 0.00839158 0.999964 -0.019196 0.0 0.0 0.0 1.0
office/seq-08/color/frame-000742.color.png office/seq-08/color/frame-000745.color.png 0.999458 0.0269316 -0.0189253 0.00592515 -0.0270872 0.999601 -0.00801246 -0.00365888 0.0187019 0.0085208 0.999789 -0.0134401 0.0 0.0 0.0 1.0
office/seq-08/color/frame-000745.color.png office/seq-08/color/frame-000748.color.png 0.999962 0.00825527 -0.00273129 -0.0307242 -0.00830661 0.999778 -0.0193506 0.00530033 0.002571 0.0193726 0.999809 -0.010608 0.0 0.0 0.0 1.0
office/seq-08/color/frame-000748.color.png office/seq-08/color/frame-000751.color.png 0.999827 0.00623546 -0.0175201 -0.0333812 -0.00627454 0.999978 -0.00217805 -0.00328746 0.0175061 0.00228757 0.999844 0.00823712 0.0 0.0 0.0 1.0
office/seq-08/color/frame-000751.color.png office/seq-08/color/frame-000754.color.png 0.99941 0.00325705 -0.0341755 -0.00606456 -0.00327005 0.999995 -0.000324903 -0.00457256 0.0341742 0.000436408 0.999416 0.0117962 0.0 0.0 0.0 1.0
office/seq-08/color/frame-000754.color.png office/seq-08/color/frame-000757.color.png 0.996628 0.0185451 -0.0799305 0.0187959 -0.0163771 0.999482 0.0276944 -0.0282445 0.0804028 -0.0262919 0.996415 0.0420635 0.0 0.0 0.0 1.0
office/seq-08/color/frame-000757.color.png office/seq-08/color/frame-000760.color.png 0.998987 0.0111231 -0.0436031 0.00954911 -0.00973286 0.999442 0.0319669 -0.0315654 0.0439343 -0.0315101 0.998537 0.0238683 0.0 0.0 0.0 1.0
office/seq-08/color/frame-000760.color.png office/seq-08/color/frame-000763.color.png 0.999558 0.00156685 -0.0296911 -0.0163387 -0.00101247 0.999825 0.0186772 -0.019222 0.0297152 -0.0186389 0.999385 0.0137277 0.0 0.0 0.0 1.0
office/seq-08/color/frame-000763.color.png office/seq-08/color/frame-000766.color.png 0.999561 0.0119994 -0.0271098 -0.00412822 -0.0116645 0.999854 0.0124765 -0.0064605 0.0272554 -0.0121548 0.999555 0.0149874 0.0 0.0 0.0 1.0
office/seq-08/color/frame-000766.color.png office/seq-08/color/frame-000769.color.png 0.999446 0.00707805 -0.0325158 -0.0212553 -0.00659785 0.999868 0.0148533 -0.0135047 0.0326168 -0.0146306 0.999361 0.0145401 0.0 0.0 0.0 1.0
office/seq-08/color/frame-000769.color.png office/seq-08/color/frame-000772.color.png 0.99998 -0.00442481 -0.0046011 -0.0319111 0.00446483 0.999952 0.0087169 0.00910047 0.00456218 -0.0087372 0.999951 -0.0049054 0.0 0.0 0.0 1.0
office/seq-08/color/frame-000772.color.png office/seq-08/color/frame-000775.color.png 0.999934 -0.00240625 -0.0112605 -0.0450509 0.00257814 0.99988 0.0152755 -0.0131377 0.0112225 -0.0153036 0.99982 0.00583911 0.0 0.0 0.0 1.0
office/seq-08/color/frame-000775.color.png office/seq-08/color/frame-000778.color.png 0.999962 -0.00629254 -0.00606039 -0.0307405 0.00632578 0.999965 0.00548147 0.00329742 0.00602565 -0.00551957 0.999967 0.000364602 0.0 0.0 0.0 1.0
office/seq-08/color/frame-000778.color.png office/seq-08/color/frame-000781.color.png 0.999975 -0.000608195 -0.00709874 -0.023303 0.00063168 0.999994 0.00330416 0.00777949 0.00709666 -0.00330854 0.999969 -0.00775772 0.0 0.0 0.0 1.0
office/seq-08/color/frame-000781.color.png office/seq-08/color/frame-000784.color.png 0.999969 -0.0020223 -0.00765268 -0.0324873 0.00208507 0.999964 0.00820283 -0.0094468 0.00763586 -0.0082185 0.999937 0.0051955 0.0 0.0 0.0 1.0
office/seq-08/color/frame-000784.color.png office/seq-08/color/frame-000787.color.png 0.999879 0.00375803 -0.0151003 -0.0132583 -0.00375716 0.999993 8.78427e-05 8.90046e-05 0.0151005 -3.11293e-05 0.999886 0.00221145 0.0 0.0 0.0 1.0
office/seq-08/color/frame-000787.color.png office/seq-08/color/frame-000790.color.png 0.999848 0.00469162 -0.0168176 -0.0179096 -0.00467644 0.999989 0.000940161 0.001477 0.0168217 -0.000861354 0.999858 -0.00103223 0.0 0.0 0.0 1.0
office/seq-08/color/frame-000790.color.png office/seq-08/color/frame-000793.color.png 0.999918 0.00879318 0.00927697 -0.0371192 -0.00888156 0.999915 0.00953008 -0.0132208 -0.00919239 -0.0096117 0.999912 -0.0230547 0.0 0.0 0.0 1.0
office/seq-08/color/frame-000793.color.png office/seq-08/color/frame-000796.color.png 0.999984 0.0033876 0.00457814 -0.0270337 -0.00345492 0.999885 0.014776 -0.00505804 -0.00452765 -0.0147916 0.99988 -0.0243173 0.0 0.0 0.0 1.0
office/seq-08/color/frame-000796.color.png office/seq-08/color/frame-000799.color.png 0.999957 -0.00837778 0.00413273 -0.0173451 0.00839291 0.999958 -0.00365167 0.0125484 -0.00410182 0.0036862 0.999985 -0.0132151 0.0 0.0 0.0 1.0
office/seq-08/color/frame-000799.color.png office/seq-08/color/frame-000802.color.png 0.999977 -0.00559784 -0.00376667 -0.0221072 0.00557571 0.999967 -0.0058509 0.0115593 0.00379935 0.00582974 0.999976 -0.017478 0.0 0.0 0.0 1.0
office/seq-08/color/frame-000802.color.png office/seq-08/color/frame-000805.color.png 0.999723 0.019132 -0.0136746 -0.0154084 -0.0187634 0.99947 0.0265959 -0.0351339 0.0141761 -0.0263319 0.999553 0.00373083 0.0 0.0 0.0 1.0
office/seq-08/color/frame-000805.color.png office/seq-08/color/frame-000808.color.png 0.999786 0.0205152 0.00253755 -0.0218852 -0.0205562 0.999638 0.0173358 -0.0302678 -0.00218084 -0.0173843 0.999847 -0.0169254 0.0 0.0 0.0 1.0
office/seq-08/color/frame-000808.color.png office/seq-08/color/frame-000811.color.png 0.999991 -0.000345416 0.00419817 -0.0184037 0.000372623 0.999979 -0.00647672 0.00398494 -0.00419598 0.00647824 0.99997 -0.0159559 0.0 0.0 0.0 1.0
office/seq-08/color/frame-000811.color.png office/seq-08/color/frame-000814.color.png 0.999995 0.00305596 0.000541339 -0.0226254 -0.00305387 0.999988 -0.00382966 -0.000694722 -0.000552978 0.003828 0.999993 -0.0271579 0.0 0.0 0.0 1.0
office/seq-08/color/frame-000814.color.png office/seq-08/color/frame-000817.color.png 0.99991 -0.0126697 -0.00434429 -0.0116078 0.0127051 0.999885 0.00823155 0.012234 0.00423949 -0.008286 0.999957 -0.0109152 0.0 0.0 0.0 1.0
office/seq-08/color/frame-000817.color.png office/seq-08/color/frame-000820.color.png 0.999917 -0.00144921 -0.0128301 -0.00387275 0.00150502 0.99999 0.00434186 0.000485003 0.0128237 -0.00436082 0.999908 0.00569421 0.0 0.0 0.0 1.0
office/seq-08/color/frame-000820.color.png office/seq-08/color/frame-000823.color.png 0.999729 0.00293404 -0.0231032 0.0057894 -0.00289759 0.999995 0.00161069 -0.00165366 0.0231078 -0.00154332 0.999732 0.0230038 0.0 0.0 0.0 1.0
office/seq-08/color/frame-000823.color.png office/seq-08/color/frame-000826.color.png 0.999705 0.00775883 -0.0230127 0.000388503 -0.00727934 0.999756 0.020847 -0.017395 0.0231687 -0.0206733 0.999518 0.0188944 0.0 0.0 0.0 1.0
office/seq-08/color/frame-000826.color.png office/seq-08/color/frame-000829.color.png 0.999911 0.0108222 -0.00780112 -0.00399339 -0.0106546 0.999718 0.0212164 -0.0191234 0.00802849 -0.0211314 0.999744 0.0132834 0.0 0.0 0.0 1.0
office/seq-08/color/frame-000829.color.png office/seq-08/color/frame-000832.color.png 0.999974 -0.000342498 -0.00715078 -0.0120083 0.000412789 0.999952 0.00982992 -0.00210387 0.00714718 -0.00983262 0.999926 0.0212472 0.0 0.0 0.0 1.0
office/seq-08/color/frame-000832.color.png office/seq-08/color/frame-000835.color.png 0.999644 -0.00415096 -0.0263627 0.00332355 0.00441201 0.999942 0.00985189 -0.00550924 0.0263203 -0.00996469 0.999604 0.0402594 0.0 0.0 0.0 1.0
office/seq-08/color/frame-000835.color.png office/seq-08/color/frame-000838.color.png 0.998906 -0.00702837 -0.0462405 0.015687 0.00799559 0.999752 0.0207658 -0.0184199 0.0460831 -0.0211128 0.998714 0.0760108 0.0 0.0 0.0 1.0
office/seq-08/color/frame-000838.color.png office/seq-08/color/frame-000841.color.png 0.999448 -0.00334758 -0.0330407 0.0137811 0.00387307 0.999867 0.0158531 -0.0250069 0.0329833 -0.0159723 0.999328 0.0579144 0.0 0.0 0.0 1.0
office/seq-08/color/frame-000841.color.png office/seq-08/color/frame-000844.color.png 0.999319 0.00600405 -0.0363984 0.0128636 -0.00565541 0.999937 0.00967389 -0.0300738 0.0364541 -0.00946146 0.999291 0.0400675 0.0 0.0 0.0 1.0
office/seq-08/color/frame-000844.color.png office/seq-08/color/frame-000847.color.png 0.999842 0.00765269 -0.0160312 0.00107729 -0.00735293 0.999799 0.0186749 -0.0349745 0.0161709 -0.0185541 0.999697 0.0215386 0.0 0.0 0.0 1.0
office/seq-08/color/frame-000847.color.png office/seq-08/color/frame-000850.color.png 0.999942 -0.00142932 -0.0106372 0.00283122 0.00158122 0.999897 0.0142857 -0.0248779 0.0106156 -0.0143017 0.999841 0.00916219 0.0 0.0 0.0 1.0
office/seq-08/color/frame-000850.color.png office/seq-08/color/frame-000853.color.png 0.999869 -0.0116054 -0.0112539 0.00277495 0.0118018 0.999776 0.0175428 -0.0209162 0.011048 -0.0176733 0.999783 0.0128832 0.0 0.0 0.0 1.0
office/seq-08/color/frame-000853.color.png office/seq-08/color/frame-000856.color.png 0.999965 0.000257289 -0.00841882 0.00231087 -0.000172472 0.999949 0.0100755 -0.0210065 0.00842088 -0.0100737 0.999914 0.00553632 0.0 0.0 0.0 1.0
office/seq-08/color/frame-000856.color.png office/seq-08/color/frame-000859.color.png 0.99983 -0.0176459 -0.00530298 0.00167978 0.0177054 0.999778 0.0113958 -0.0105999 0.0051008 -0.0114878 0.999921 0.00342339 0.0 0.0 0.0 1.0
office/seq-08/color/frame-000859.color.png office/seq-08/color/frame-000862.color.png 0.999998 -0.00217353 -0.000220298 -0.000582099 0.00217604 0.999924 0.0121068 -0.0247212 0.000193921 -0.0121073 0.999927 -0.00411081 0.0 0.0 0.0 1.0
office/seq-08/color/frame-000862.color.png office/seq-08/color/frame-000865.color.png 0.99995 -0.0041504 0.00905648 -0.00542831 0.00405391 0.999935 0.0106473 -0.0200858 -0.00910006 -0.01061 0.999902 -0.0213242 0.0 0.0 0.0 1.0
office/seq-08/color/frame-000865.color.png office/seq-08/color/frame-000868.color.png 0.999986 -0.00505755 -0.00128762 0.000250936 0.0050685 0.99995 0.00864724 -0.0200249 0.00124379 -0.00865366 0.999962 0.000122488 0.0 0.0 0.0 1.0
office/seq-08/color/frame-000868.color.png office/seq-08/color/frame-000871.color.png 0.999991 0.00402842 0.00110617 -0.00353825 -0.00403255 0.999985 0.00375494 -0.0229214 -0.00109102 -0.00375936 0.999992 0.0037806 0.0 0.0 0.0 1.0
office/seq-08/color/frame-000871.color.png office/seq-08/color/frame-000874.color.png 0.999943 0.0106412 -0.00109102 0.00267076 -0.0106296 0.999893 0.0100919 -0.049647 0.00119829 -0.0100797 0.999948 -0.0185406 0.0 0.0 0.0 1.0
office/seq-08/color/frame-000874.color.png office/seq-08/color/frame-000877.color.png 0.999989 0.00134439 0.00443729 -0.00139904 -0.00133067 0.999994 -0.00309731 -0.0208011 -0.0044415 0.00309134 0.999985 -0.00734234 0.0 0.0 0.0 1.0
office/seq-08/color/frame-000877.color.png office/seq-08/color/frame-000880.color.png 0.999951 0.00942357 0.00312084 -0.000736952 -0.00944692 0.999927 0.00755773 -0.0387296 -0.00304933 -0.00758679 0.999967 -0.014277 0.0 0.0 0.0 1.0
office/seq-08/color/frame-000880.color.png office/seq-08/color/frame-000883.color.png 0.999981 0.00139944 -0.00606346 0.0037601 -0.00137649 0.999992 0.00378664 -0.0219174 0.0060687 -0.00377825 0.999974 0.00504833 0.0 0.0 0.0 1.0
office/seq-08/color/frame-000883.color.png office/seq-08/color/frame-000886.color.png 0.999971 0.0074998 -0.0012591 0.00335217 -0.00747995 0.999858 0.0151018 -0.0402058 0.00137216 -0.0150919 0.999885 -0.0105718 0.0 0.0 0.0 1.0
office/seq-08/color/frame-000886.color.png office/seq-08/color/frame-000889.color.png 0.99999 0.00433413 0.00122196 0.00477171 -0.00433545 0.99999 0.00108241 -0.0211941 -0.00121716 -0.0010877 0.999999 -0.00723028 0.0 0.0 0.0 1.0
office/seq-08/color/frame-000889.color.png office/seq-08/color/frame-000892.color.png 0.999947 0.00680006 -0.00771767 0.00518358 -0.00677152 0.99997 0.0037187 -0.0337071 0.00774271 -0.00366626 0.999963 0.00432593 0.0 0.0 0.0 1.0
office/seq-08/color/frame-000892.color.png office/seq-08/color/frame-000895.color.png 0.999879 0.0153317 -0.00266104 0.0036999 -0.0152952 0.999796 0.0132348 -0.0449876 0.00286336 -0.0131925 0.999909 -0.00141937 0.0 0.0 0.0 1.0
office/seq-08/color/frame-000895.color.png office/seq-08/color/frame-000898.color.png 0.999917 0.0125488 -0.00282455 0.00886023 -0.0125011 0.999788 0.0163299 -0.0621957 0.00302881 -0.0162932 0.999862 -0.0139993 0.0 0.0 0.0 1.0
office/seq-08/color/frame-000898.color.png office/seq-08/color/frame-000901.color.png 0.999937 0.00958643 0.00580719 -0.00598466 -0.00961478 0.999942 0.00487371 -0.0269884 -0.00576008 -0.00492923 0.999971 -0.00931358 0.0 0.0 0.0 1.0
office/seq-08/color/frame-000901.color.png office/seq-08/color/frame-000904.color.png 0.999967 0.00768522 -0.00275115 0.0146194 -0.0076785 0.999967 0.00245754 -0.0479874 0.0027699 -0.00243632 0.999993 -0.01441 0.0 0.0 0.0 1.0
office/seq-08/color/frame-000904.color.png office/seq-08/color/frame-000907.color.png 0.999952 0.00897073 0.00385767 0.00524008 -0.00903298 0.999824 0.0164461 -0.0428209 -0.00370942 -0.0164802 0.999857 -0.014301 0.0 0.0 0.0 1.0
office/seq-08/color/frame-000907.color.png office/seq-08/color/frame-000910.color.png 0.999933 0.00605712 0.00986688 0.00268841 -0.00614717 0.99994 0.00911825 -0.0460673 -0.00981106 -0.0091783 0.99991 -0.00595379 0.0 0.0 0.0 1.0
office/seq-08/color/frame-000910.color.png office/seq-08/color/frame-000913.color.png 0.999999 -0.000257774 -0.00120304 0.0222048 0.000263565 0.999988 0.00482509 -0.0323421 0.00120184 -0.00482544 0.999988 -0.0258244 0.0 0.0 0.0 1.0
office/seq-08/color/frame-000913.color.png office/seq-08/color/frame-000916.color.png 0.999939 0.00417454 0.010261 0.0164709 -0.0041585 0.99999 -0.00158072 -0.0253066 -0.0102675 0.00153797 0.999946 -0.0153725 0.0 0.0 0.0 1.0
office/seq-08/color/frame-000916.color.png office/seq-08/color/frame-000919.color.png 0.999991 -7.48993e-05 -0.00417694 0.0289456 8.62423e-05 0.999996 0.00272067 -0.0346577 0.00417663 -0.00272105 0.999987 0.000857174 0.0 0.0 0.0 1.0
office/seq-08/color/frame-000919.color.png office/seq-08/color/frame-000922.color.png 0.999908 0.00884771 0.010247 0.01942 -0.00890437 0.999945 0.00549846 -0.0261708 -0.0101978 -0.0055892 0.999932 -0.0134351 0.0 0.0 0.0 1.0
office/seq-08/color/frame-000922.color.png office/seq-08/color/frame-000925.color.png 0.999829 0.00518814 0.0177781 0.0211664 -0.0051848 0.999987 -0.000233965 -0.0358059 -0.0177791 0.000141777 0.999842 -0.0210607 0.0 0.0 0.0 1.0
office/seq-08/color/frame-000925.color.png office/seq-08/color/frame-000928.color.png 0.999654 0.00975068 0.0244186 0.0226907 -0.00972481 0.999952 -0.00117709 -0.0358688 -0.0244289 0.000939222 0.999701 -0.0282287 0.0 0.0 0.0 1.0
office/seq-08/color/frame-000928.color.png office/seq-08/color/frame-000931.color.png 0.999701 0.00951315 0.0225077 0.0325103 -0.00926766 0.999897 -0.010986 -0.0145274 -0.02261 0.010774 0.999686 -0.0374186 0.0 0.0 0.0 1.0
office/seq-08/color/frame-000931.color.png office/seq-08/color/frame-000934.color.png 0.999902 0.00299721 0.0136926 0.0234978 -0.00285532 0.999942 -0.0103709 -0.00808388 -0.0137229 0.0103308 0.999852 -0.0152854 0.0 0.0 0.0 1.0
office/seq-08/color/frame-000934.color.png office/seq-08/color/frame-000937.color.png 0.999886 -0.003451 0.0146763 0.0422019 0.00361717 0.99993 -0.011308 -0.00377685 -0.0146362 0.0113598 0.999828 -0.035129 0.0 0.0 0.0 1.0
office/seq-08/color/frame-000937.color.png office/seq-08/color/frame-000940.color.png 0.999872 -0.0091896 0.0131346 0.0461793 0.009294 0.999926 -0.00791126 0.0109221 -0.013061 0.00803232 0.999883 -0.0296708 0.0 0.0 0.0 1.0
office/seq-08/color/frame-000940.color.png office/seq-08/color/frame-000943.color.png 0.999886 -0.00949127 0.0117524 0.0356665 0.00955137 0.999942 -0.00506967 0.00591782 -0.0117036 0.00518134 0.999918 -0.0161426 0.0 0.0 0.0 1.0
office/seq-08/color/frame-000943.color.png office/seq-08/color/frame-000946.color.png 0.999906 -0.00338486 0.0132751 0.0492432 0.003501 0.999956 -0.0087334 -0.00586638 -0.013245 0.00877904 0.999874 -0.0186227 0.0 0.0 0.0 1.0
office/seq-08/color/frame-000946.color.png office/seq-08/color/frame-000949.color.png 0.99995 0.000818566 0.00992141 0.0347412 -0.000924859 0.999942 0.0107113 0.00145623 -0.00991209 -0.0107199 0.999893 -0.00779063 0.0 0.0 0.0 1.0
office/seq-08/color/frame-000949.color.png office/seq-08/color/frame-000952.color.png 0.99998 -0.00538312 0.00318688 0.0630843 0.0053634 0.999967 0.00616959 -0.0147206 -0.00322001 -0.00615244 0.999976 -0.00592038 0.0 0.0 0.0 1.0
office/seq-08/color/frame-000952.color.png office/seq-08/color/frame-000955.color.png 0.999852 0.00319474 0.0169227 0.0473185 -0.00326032 0.999987 0.00384725 -0.0128053 -0.0169103 -0.00390184 0.999849 0.0217409 0.0 0.0 0.0 1.0
office/seq-08/color/frame-000955.color.png office/seq-08/color/frame-000958.color.png 0.999989 -0.00351986 0.0032149 0.067725 0.00356318 0.999901 -0.0135779 -0.00206298 -0.00316678 0.0135892 0.999903 0.0143592 0.0 0.0 0.0 1.0
office/seq-08/color/frame-000958.color.png office/seq-08/color/frame-000961.color.png 0.999999 -0.00117547 -0.000275606 0.0539145 0.00117389 0.999983 -0.00573569 0.00483388 0.000282201 0.00573536 0.999983 0.0165078 0.0 0.0 0.0 1.0
office/seq-08/color/frame-000961.color.png office/seq-08/color/frame-000964.color.png 0.999986 -0.00454556 -0.00286269 0.0629752 0.0045447 0.99999 -0.000313196 0.00130343 0.00286411 0.000300173 0.999996 0.00707924 0.0 0.0 0.0 1.0
office/seq-08/color/frame-000964.color.png office/seq-08/color/frame-000967.color.png 0.999969 -1.42684e-05 -0.00792215 0.0506355 -6.68646e-05 0.999948 -0.0102412 -0.00342244 0.00792179 0.0102414 0.999916 0.0254551 0.0 0.0 0.0 1.0
office/seq-08/color/frame-000967.color.png office/seq-08/color/frame-000970.color.png 0.999613 0.00669729 -0.0269969 0.0949496 -0.00664761 0.999976 0.00193037 0.00567764 0.0270092 -0.00175016 0.999634 0.0117685 0.0 0.0 0.0 1.0
office/seq-08/color/frame-000970.color.png office/seq-08/color/frame-000973.color.png 0.999247 0.0123351 -0.0367775 0.0826006 -0.0118788 0.99985 0.0125978 -0.0336885 0.0369274 -0.0121515 0.999244 0.0317144 0.0 0.0 0.0 1.0
office/seq-08/color/frame-000973.color.png office/seq-08/color/frame-000976.color.png 0.998256 0.0198151 -0.0556054 0.0872355 -0.0195777 0.999797 0.00480945 -0.00823498 0.0556894 -0.00371243 0.998441 0.0341781 0.0 0.0 0.0 1.0
office/seq-08/color/frame-000976.color.png office/seq-08/color/frame-000979.color.png 0.999112 0.0234144 -0.0350333 0.0807942 -0.0231498 0.9997 0.00794055 -0.0123577 0.0352086 -0.00712251 0.999354 0.015223 0.0 0.0 0.0 1.0
office/seq-08/color/frame-000979.color.png office/seq-08/color/frame-000982.color.png 0.999342 0.0115449 -0.0343895 0.0848679 -0.0120578 0.999819 -0.0147435 0.00303328 0.0342131 0.0151485 0.9993 0.0124169 0.0 0.0 0.0 1.0
office/seq-08/color/frame-000982.color.png office/seq-08/color/frame-000985.color.png 0.999865 -0.000500791 -0.0163964 0.0466744 0.00032854 0.999945 -0.0105067 0.00178051 0.0164007 0.0104998 0.99981 0.0192946 0.0 0.0 0.0 1.0
office/seq-08/color/frame-000985.color.png office/seq-08/color/frame-000988.color.png 0.999836 -0.014056 -0.0114302 0.0551877 0.0138795 0.999785 -0.0153802 -0.00152045 0.0116438 0.0152191 0.999816 0.0157862 0.0 0.0 0.0 1.0
office/seq-08/color/frame-000988.color.png office/seq-08/color/frame-000991.color.png 0.999898 -0.00762298 -0.0120498 0.0524999 0.00724767 0.999497 -0.0308864 0.022188 0.0122792 0.0307959 0.99945 0.0343932 0.0 0.0 0.0 1.0
office/seq-08/color/frame-000991.color.png office/seq-08/color/frame-000994.color.png 0.999765 -0.0157946 -0.0148634 0.0206614 0.0155567 0.999751 -0.0159913 -0.0109757 0.0151122 0.0157563 0.999762 0.0120227 0.0 0.0 0.0 1.0
office/seq-08/color/frame-000994.color.png office/seq-08/color/frame-000997.color.png 0.999944 -0.0090903 -0.00535054 0.0405979 0.00897599 0.999739 -0.0210107 0.00140244 0.00554007 0.0209615 0.999765 0.0290599 0.0 0.0 0.0 1.0
