office/seq-08/color/frame-000000.color.png office/seq-08/color/frame-000003.color.png 0.999993 0.00135806 -0.00357121 0.00196535 -0.00134157 0.999988 0.00461765 -0.00286307 0.00357744 -0.00461283 0.999983 0.0023626 0.0 0.0 0.0 1.0
office/seq-08/color/frame-000003.color.png office/seq-08/color/frame-000006.color.png 0.999975 -0.00449913 -0.00543693 -0.00152063 0.00457244 0.999898 0.0135462 -0.0042528 0.00537542 -0.0135707 0.999894 0.00811731 0.0 0.0 0.0 1.0
office/seq-08/color/frame-000006.color.png office/seq-08/color/frame-000009.color.png 0.999931 -0.00479416 -0.0107307 -0.00164507 0.00488701 0.999951 0.00864385 0.00049712 0.0106887 -0.0086957 0.999905 0.012576 0.0 0.0 0.0 1.0
office/seq-08/color/frame-000009.color.png office/seq-08/color/frame-000012.color.png 0.999755 0.01232 -0.0183863 -0.00255644 -0.0120773 0.999839 0.0132546 -0.0171627 0.0185466 -0.0130293 0.999743 0.0265151 0.0 0.0 0.0 1.0
office/seq-08/color/frame-000012.color.png office/seq-08/color/frame-000015.color.png 0.99985 -0.000846841 -0.0172827 0.0065244 0.000926764 0.999989 0.00461704 -0.000306934 0.0172786 -0.00463235 0.99984 0.027499 0.0 0.0 0.0 1.0
office/seq-08/color/frame-000015.color.png office/seq-08/color/frame-000018.color.png 0.999768 0.00296555 -0.0213271 0.0147339 -0.00261061 0.999858 0.016651 -0.00617243 0.0213735 -0.0165915 0.999634 0.0300286 0.0 0.0 0.0 1.0
office/seq-08/color/frame-000018.color.png office/seq-08/color/frame-000021.color.png 0.999853 0.00518171 -0.0163177 0.0144122 -0.00504736 0.999953 0.00826369 -0.00767326 0.0163597 -0.00818011 0.999833 0.0398326 0.0 0.0 0.0 1.0
office/seq-08/color/frame-000021.color.png office/seq-08/color/frame-000024.color.png 0.999814 6.03961e-05 -0.0192693 0.021739 0.000325589 0.999799 0.0200273 -0.00232373 0.0192666 -0.0200299 0.999614 0.0398561 0.0 0.0 0.0 1.0
office/seq-08/color/frame-000024.color.png office/seq-08/color/frame-000027.color.png 0.999854 0.0104395 -0.0135028 0.0124771 -0.0104103 0.999943 0.00223078 -0.0280704 0.0135254 -0.00208989 0.999906 0.0626299 0.0 0.0 0.0 1.0
office/seq-08/color/frame-000027.color.png office/seq-08/color/frame-000030.color.png 0.999785 -0.0143134 -0.0150334 0.0250688 0.0143323 0.999897 0.00114807 -0.0052961 0.0150154 -0.0013633 0.999886 0.0359355 0.0 0.0 0.0 1.0
office/seq-08/color/frame-000030.color.png office/seq-08/color/frame-000033.color.png 0.999842 0.00494548 -0.017053 0.0300538 -0.00496492 0.999987 -0.00109807 0.00230718 0.0170473 0.0011826 0.999854 0.0463141 0.0 0.0 0.0 1.0
office/seq-08/color/frame-000033.color.png office/seq-08/color/frame-000036.color.png 0.999825 -0.0106149 -0.0154193 0.0215891 0.0107843 0.999882 0.0109481 -0.0101768 0.0153012 -0.0111125 0.999821 0.0386293 0.0 0.0 0.0 1.0
office/seq-08/color/frame-000036.color.png office/seq-08/color/frame-000039.color.png 0.999601 0.00526345 -0.0277508 0.0413704 -0.00582805 0.999777 -0.0203039 0.0213897 0.0276378 0.0204576 0.999409 0.0411684 0.0 0.0 0.0 1.0
office/seq-08/color/frame-000039.color.png office/seq-08/color/frame-000042.color.png 0.999339 -0.00168177 -0.0363191 0.0383182 0.00176248 0.999996 0.00219033 0.0153233 0.0363152 -0.00225289 0.999338 0.0239351 0.0 0.0 0.0 1.0
office/seq-08/color/frame-000042.color.png office/seq-08/color/frame-000045.color.png 0.998818 0.0245733 -0.0419427 0.0405048 -0.0237632 0.999523 0.0197045 0.000578739 0.042407 -0.0186845 0.998926 0.038694 0.0 0.0 0.0 1.0
office/seq-08/color/frame-000045.color.png office/seq-08/color/frame-000048.color.png 0.99919 0.011272 -0.0386216 0.0374707 -0.011785 0.999845 -0.0130828 0.0360472 0.038468 0.0135274 0.999168 0.0188386 0.0 0.0 0.0 1.0
office/seq-08/color/frame-000048.color.png office/seq-08/color/frame-000051.color.png 0.999147 0.00598858 -0.0408477 0.0446416 -0.00618768 0.999969 -0.0047492 0.0189203 0.0408181 0.00499791 0.999154 0.0193778 0.0 0.0 0.0 1.0
office/seq-08/color/frame-000051.color.png office/seq-08/color/frame-000054.color.png 0.999801 0.0130163 -0.0151151 0.0208901 -0.0131965 0.999842 -0.0118868 0.0163499 0.0149579 0.0120839 0.999815 0.0255747 0.0 0.0 0.0 1.0
office/seq-08/color/frame-000054.color.png office/seq-08/color/frame-000057.color.png 0.999987 -0.00105723 -0.00492772 0.0158828 0.000906072 0.999532 -0.0305776 0.0300257 0.00495769 0.0305727 0.99952 0.030179 0.0 0.0 0.0 1.0
office/seq-08/color/frame-000057.color.png office/seq-08/color/frame-000060.color.png 0.999811 -0.0191118 -0.00356156 0.0363739 0.0189998 0.999393 -0.0291961 0.0223582 0.00411744 0.0291229 0.999567 0.0266252 0.0 0.0 0.0 1.0
office/seq-08/color/frame-000060.color.png office/seq-08/color/frame-000063.color.png 0.999375 0.0117775 0.033323 0.0492122 -0.0112282 0.999799 -0.016624 0.00874459 -0.0335121 0.0162395 0.999306 0.0291989 0.0 0.0 0.0 1.0
office/seq-08/color/frame-000063.color.png office/seq-08/color/frame-000066.color.png 0.999435 -0.0307816 0.0134773 0.0228496 0.0305031 0.999326 0.0204083 -0.0169425 -0.0140965 -0.0199856 0.999701 0.0238693 0.0 0.0 0.0 1.0
office/seq-08/color/frame-000066.color.png office/seq-08/color/frame-000069.color.png 0.99958 0.013616 0.0255685 0.0192527 -0.0136939 0.999902 0.00287615 0.00352872 -0.0255268 -0.00322508 0.999669 0.0361274 0.0 0.0 0.0 1.0
office/seq-08/color/frame-000069.color.png office/seq-08/color/frame-000072.color.png 0.997714 -0.0120747 0.0664848 -0.0351975 0.0120573 0.999927 0.000662682 0.0213805 -0.0664879 0.000140461 0.997787 0.0667392 0.0 0.0 0.0 1.0
office/seq-08/color/frame-000072.color.png office/seq-08/color/frame-000075.color.png 0.997734 0.00611379 0.0670025 -0.0205781 -0.0062201 0.99998 0.00137811 0.0092472 -0.0669926 -0.00179175 0.997752 0.0829875 0.0 0.0 0.0 1.0
office/seq-08/color/frame-000075.color.png office/seq-08/color/frame-000078.color.png 0.997795 -0.00700977 0.0660053 -0.0381132 0.0072101 0.99997 -0.0027974 0.000456885 -0.0659837 0.00326713 0.997815 0.0798818 0.0 0.0 0.0 1.0
office/seq-08/color/frame-000078.color.png office/seq-08/color/frame-000081.color.png 0.998872 -0.00631276 0.0470551 -0.0112662 0.00687113 0.999908 -0.0117142 0.0135476 -0.0469768 0.0120243 0.998824 0.0734674 0.0 0.0 0.0 1.0
office/seq-08/color/frame-000081.color.png office/seq-08/color/frame-000084.color.png 0.997136 -0.0109382 0.0748381 -0.0417473 0.0106926 0.999936 0.00368173 -0.0176529 -0.0748736 -0.00287097 0.997189 0.0765449 0.0 0.0 0.0 1.0
office/seq-08/color/frame-000084.color.png office/seq-08/color/frame-000087.color.png 0.99914 -0.00636905 0.0409693 -0.011579 0.00600468 0.999941 0.00901066 -0.00908137 -0.0410243 -0.00875691 0.99912 0.0558915 0.0 0.0 0.0 1.0
office/seq-08/color/frame-000087.color.png office/seq-08/color/frame-000090.color.png 0.996009 -0.0368029 0.0813171 -0.0517091 0.0356512 0.999243 0.0155712 -0.0388194 -0.0818286 -0.01261 0.996567 0.0983837 0.0 0.0 0.0 1.0
office/seq-08/color/frame-000090.color.png office/seq-08/color/frame-000093.color.png 0.997921 -0.0163428 0.0623374 -0.0513379 0.016026 0.999856 0.00557928 -0.0198987 -0.0624196 -0.00456867 0.998039 0.0707511 0.0 0.0 0.0 1.0
office/seq-08/color/frame-000093.color.png office/seq-08/color/frame-000096.color.png 0.997251 -0.0126743 0.072999 -0.0432394 0.0132637 0.999883 -0.00759564 -0.0169724 -0.0728941 0.00854301 0.997303 0.0679688 0.0 0.0 0.0 1.0
office/seq-08/color/frame-000096.color.png office/seq-08/color/frame-000099.color.png 0.99534 -0.0224469 0.0937834 -0.0748227 0.0235122 0.999671 -0.0102694 -0.0126858 -0.093522 0.0124266 0.99554 0.0791711 0.0 0.0 0.0 1.0
office/seq-08/color/frame-000099.color.png office/seq-08/color/frame-000102.color.png 0.997265 0.000556769 0.0739129 -0.0588964 -0.000830607 0.999993 0.00367391 0.00241673 -0.0739104 -0.00372526 0.997258 0.0521746 0.0 0.0 0.0 1.0
office/seq-08/color/frame-000102.color.png office/seq-08/color/frame-000105.color.png 0.995347 -0.0223016 0.0937446 -0.074538 0.0224053 0.999749 -5.41896e-05 -0.0197482 -0.0937199 0.00215432 0.995596 0.0663087 0.0 0.0 0.0 1.0
office/seq-08/color/frame-000105.color.png office/seq-08/color/frame-000108.color.png 0.996826 -0.00664177 0.0793374 -0.0753255 0.00743691 0.999925 -0.00973099 0.00585612 -0.0792668 0.0102901 0.9968 0.0464336 0.0 0.0 0.0 1.0
office/seq-08/color/frame-000108.color.png office/seq-08/color/frame-000111.color.png 0.995213 -0.0254178 0.0943622 -0.087741 0.0268397 0.999544 -0.0138291 -0.00333634 -0.0939676 0.0162955 0.995442 0.0586317 0.0 0.0 0.0 1.0
office/seq-08/color/frame-000111.color.png office/seq-08/color/frame-000114.color.png 0.998602 -0.0392293 0.0354222 -0.00647622 0.0401565 0.998859 -0.0258563 0.0370358 -0.0343674 0.0272426 0.999038 0.0385838 0.0 0.0 0.0 1.0
office/seq-08/color/frame-000114.color.png office/seq-08/color/frame-000117.color.png 0.998388 -0.0164165 0.0543262 -0.0645487 0.017389 0.999696 -0.0174771 0.00995451 -0.0540226 0.0183936 0.99837 0.020274 0.0 0.0 0.0 1.0
office/seq-08/color/frame-000117.color.png office/seq-08/color/frame-000120.color.png 0.999337 -0.0160588 0.0326768 -0.0375012 0.0161125 0.999869 -0.00137914 -0.00778452 -0.0326505 0.0019047 0.999465 0.00944173 0.0 0.0 0.0 1.0
office/seq-08/color/frame-000120.color.png office/seq-08/color/frame-000123.color.png 0.999248 -0.00735341 0.0380605 -0.053565 0.00827315 0.999676 -0.0240639 0.0158208 -0.0378713 0.0243607 0.998986 0.00721455 0.0 0.0 0.0 1.0
office/seq-08/color/frame-000123.color.png office/seq-08/color/frame-000126.color.png 0.999184 0.0011461 0.0403833 -0.0735538 -0.00100121 0.999993 -0.00360857 -0.00445478 -0.040387 0.00356521 0.999178 0.0179502 0.0 0.0 0.0 1.0
office/seq-08/color/frame-000126.color.png office/seq-08/color/frame-000129.color.png 0.99993 0.0034032 0.0113068 -0.0262756 -0.00350452 0.999954 0.00895477 -0.0130038 -0.0112759 -0.00899381 0.999896 -0.00947767 0.0 0.0 0.0 1.0
office/seq-08/color/frame-000129.color.png office/seq-08/color/frame-000132.color.png 0.999919 0.00765925 0.0101783 -0.0418708 -0.0078018 0.999871 0.0140391 -0.0114784 -0.0100694 -0.0141174 0.99985 -0.000343442 0.0 0.0 0.0 1.0
office/seq-08/color/frame-000132.color.png office/seq-08/color/frame-000135.color.png 0.999893 -0.00508151 0.0137318 -0.0552856 0.00490128 0.999902 0.0131241 -0.0256656 -0.0137972 -0.0130554 0.99982 0.01974 0.0 0.0 0.0 1.0
office/seq-08/color/frame-000135.color.png office/seq-08/color/frame-000138.color.png 0.999953 -0.00594052 -0.00767163 -0.00667769 0.00589603 0.999966 -0.00581819 -0.0134631 0.00770581 0.00577264 0.999954 -0.00608701 0.0 0.0 0.0 1.0
office/seq-08/color/frame-000138.color.png office/seq-08/color/frame-000141.color.png 0.999904 -0.00356886 0.0134095 -0.0386494 0.00362233 0.999986 -0.00396864 -0.00906148 -0.0133951 0.00401686 0.999902 0.0228903 0.0 0.0 0.0 1.0
office/seq-08/color/frame-000141.color.png office/seq-08/color/frame-000144.color.png 0.999299 0.012905 -0.0351459 0.0406203 -0.0133649 0.999828 -0.0128807 0.0404002 0.0349735 0.0133414 0.999299 -0.00736177 0.0 0.0 0.0 1.0
office/seq-08/color/frame-000144.color.png office/seq-08/color/frame-000147.color.png 0.998732 0.0267457 -0.0426407 0.0297573 -0.0261492 0.999553 0.0144864 -0.00640821 0.0430093 -0.0133531 0.998985 -0.00334513 0.0 0.0 0.0 1.0
office/seq-08/color/frame-000147.color.png office/seq-08/color/frame-000150.color.png 0.999783 0.0161956 -0.013091 -0.0207525 -0.0157233 0.999249 0.0354079 -0.0474768 0.0136546 -0.0351943 0.999287 0.0462385 0.0 0.0 0.0 1.0
office/seq-08/color/frame-000150.color.png office/seq-08/color/frame-000153.color.png 0.999553 0.0133822 -0.0267337 0.0208622 -0.0128287 0.999702 0.0207715 -0.0191089 0.0270035 -0.0204193 0.999427 0.0124756 0.0 0.0 0.0 1.0
office/seq-08/color/frame-000153.color.png office/seq-08/color/frame-000156.color.png 0.999986 0.000764601 -0.00525429 -0.0177933 -0.000695011 0.999912 0.0132386 -0.0271764 0.00526415 -0.0132347 0.999898 0.0377462 0.0 0.0 0.0 1.0
office/seq-08/color/frame-000156.color.png office/seq-08/color/frame-000159.color.png 0.998969 0.0145245 -0.0430182 0.0434603 -0.0148223 0.999868 -0.00660997 0.00807782 0.0429165 0.00724077 0.999053 0.0156897 0.0 0.0 0.0 1.0
office/seq-08/color/frame-000159.color.png office/seq-08/color/frame-000162.color.png 0.999313 0.0160335 -0.0334195 0.0328264 -0.0162606 0.999846 -0.00653455 0.0027005 0.0333096 0.00707347 0.99942 0.0156586 0.0 0.0 0.0 1.0
office/seq-08/color/frame-000162.color.png office/seq-08/color/frame-000165.color.png 0.99885 0.0199095 -0.0436197 0.0415474 -0.0198182 0.9998 0.00252356 -0.0129362 0.0436612 -0.0016562 0.999045 0.0143453 0.0 0.0 0.0 1.0
office/seq-08/color/frame-000165.color.png office/seq-08/color/frame-000168.color.png 0.999189 0.0192691 -0.0353471 0.0304579 -0.018495 0.999585 0.0220998 -0.0479034 0.0357582 -0.0214281 0.999131 0.0169597 0.0 0.0 0.0 1.0
office/seq-08/color/frame-000168.color.png office/seq-08/color/frame-000171.color.png 0.998982 0.0188638 -0.0409688 0.0541253 -0.0186058 0.999805 0.00666959 -0.0107714 0.0410866 -0.00590055 0.999138 0.0193756 0.0 0.0 0.0 1.0
office/seq-08/color/frame-000171.color.png office/seq-08/color/frame-000174.color.png 0.999482 0.0020702 -0.0321081 0.0421388 -0.00190683 0.999985 0.00511786 -0.0100884 0.0321183 -0.00505398 0.999471 0.00784171 0.0 0.0 0.0 1.0
office/seq-08/color/frame-000174.color.png office/seq-08/color/frame-000177.color.png 0.999446 0.000553464 -0.0332899 0.0451006 -0.000451407 0.999995 0.00307309 -0.00614919 0.0332913 -0.00305636 0.999441 0.0128052 0.0 0.0 0.0 1.0
office/seq-08/color/frame-000177.color.png office/seq-08/color/frame-000180.color.png 0.998858 0.00717924 -0.0472322 0.065656 -0.00693688 0.999962 0.00529308 -0.00965828 0.0472684 -0.0049594 0.99887 0.00772142 0.0 0.0 0.0 1.0
office/seq-08/color/frame-000180.color.png office/seq-08/color/frame-000183.color.png 0.999822 0.00613752 -0.0178708 0.00825563 -0.00628572 0.999946 -0.00824885 0.0250045 0.0178193 0.00835971 0.999806 0.0264134 0.0 0.0 0.0 1.0
office/seq-08/color/frame-000183.color.png office/seq-08/color/frame-000186.color.png 0.998897 0.0147343 -0.0445827 0.0753623 -0.0148104 0.999889 -0.00137721 0.00609384 0.0445573 0.00203598 0.999005 0.00923014 0.0 0.0 0.0 1.0
office/seq-08/color/frame-000186.color.png office/seq-08/color/frame-000189.color.png 0.999098 0.0106162 -0.0411226 0.071392 -0.0108432 0.999927 -0.00530109 0.0112422 0.0410634 0.00574221 0.99914 -0.00274837 0.0 0.0 0.0 1.0
office/seq-08/color/frame-000189.color.png office/seq-08/color/frame-000192.color.png 0.99787 0.0118463 -0.064153 0.104589 -0.0109521 0.999838 0.0142727 -0.0283923 0.0643117 -0.0135397 0.997838 -0.00490355 0.0 0.0 0.0 1.0
office/seq-08/color/frame-000192.color.png office/seq-08/color/frame-000195.color.png 0.998385 0.00148335 -0.0567898 0.107508 -0.00154308 0.999998 -0.00100791 0.00175115 0.0567882 0.00109391 0.998386 -0.00181544 0.0 0.0 0.0 1.0
office/seq-08/color/frame-000195.color.png office/seq-08/color/frame-000198.color.png 0.995285 0.0235721 -0.0940838 0.158474 -0.0221449 0.999624 0.0161856 -0.0205455 0.0944299 -0.0140258 0.995433 -0.0142999 0.0 0.0 0.0 1.0
office/seq-08/color/frame-000198.color.png office/seq-08/color/frame-000201.color.png 0.995762 0.0201053 -0.0897395 0.147445 -0.0194736 0.999779 0.00790981 0.00815306 0.0898787 -0.00612873 0.995934 -0.00523472 0.0 0.0 0.0 1.0
office/seq-08/color/frame-000201.color.png office/seq-08/color/frame-000204.color.png 0.997143 0.0240873 -0.0715929 0.119471 -0.0230003 0.999608 0.0159693 -0.0125897 0.0719494 -0.014277 0.997306 -0.0130277 0.0 0.0 0.0 1.0
office/seq-08/color/frame-000204.color.png office/seq-08/color/frame-000207.color.png 0.997566 0.0307957 -0.0625552 0.105222 -0.0305284 0.99952 0.00522515 0.0199738 0.0626861 -0.00330273 0.998028 -0.00622404 0.0 0.0 0.0 1.0
office/seq-08/color/frame-000207.color.png office/seq-08/color/frame-000210.color.png 0.998312 0.0230989 -0.0532799 0.0836335 -0.0228271 0.999723 0.00570435 0.0253399 0.0533969 -0.0044785 0.998563 -0.0124905 0.0 0.0 0.0 1.0
office/seq-08/color/frame-000210.color.png office/seq-08/color/frame-000213.color.png 0.999374 0.0109 -0.0336687 0.0481467 -0.0106643 0.999917 0.00717364 -0.00478927 0.0337441 -0.00681008 0.999407 -0.00869071 0.0 0.0 0.0 1.0
office/seq-08/color/frame-000213.color.png office/seq-08/color/frame-000216.color.png 0.999179 0.0230329 -0.0333253 0.0548338 -0.022955 0.999733 0.0027185 0.00785965 0.033379 -0.00195128 0.999441 -0.0174295 0.0 0.0 0.0 1.0
office/seq-08/color/frame-000216.color.png office/seq-08/color/frame-000219.color.png 0.999556 0.0155277 -0.0254244 0.041002 -0.0156206 0.999872 -0.00345996 0.0189779 0.0253674 0.00385556 0.999671 -0.0220509 0.0 0.0 0.0 1.0
office/seq-08/color/frame-000219.color.png office/seq-08/color/frame-000222.color.png 0.999385 0.0189073 -0.0295325 0.0417798 -0.0193318 0.999713 -0.0141571 0.038204 0.0292563 0.0147193 0.999464 -0.026283 0.0 0.0 0.0 1.0
office/seq-08/color/frame-000222.color.png office/seq-08/color/frame-000225.color.png 0.998393 0.0309253 -0.0474827 0.0724962 -0.0309722 0.99952 -0.000253575 0.0176181 0.047452 0.00172381 0.998872 -0.0436119 0.0 0.0 0.0 1.0
office/seq-08/color/frame-000225.color.png office/seq-08/color/frame-000228.color.png 0.999208 0.023478 -0.0321207 0.0392047 -0.0232293 0.999697 0.00809363 0.00158655 0.032301 -0.00734109 0.999451 -0.0364437 0.0 0.0 0.0 1.0
office/seq-08/color/frame-000228.color.png office/seq-08/color/frame-000231.color.png 0.99972 0.00159098 -0.0235964 0.0366975 -0.0014177 0.999972 0.00735888 -0.00711683 0.0236075 -0.00732337 0.999694 -0.0340178 0.0 0.0 0.0 1.0
office/seq-08/color/frame-000231.color.png office/seq-08/color/frame-000234.color.png 0.999423 0.00550794 -0.0335261 0.047808 -0.0050541 0.999895 0.0136077 -0.00555543 0.0335975 -0.0134304 0.999345 -0.0359312 0.0 0.0 0.0 1.0
office/seq-08/color/frame-000234.color.png office/seq-08/color/frame-000237.color.png 0.999251 0.00841836 -0.0377608 0.0590855 -0.00777592 0.999823 0.0171292 -0.019808 0.0378983 -0.0168227 0.99914 -0.0300655 0.0 0.0 0.0 1.0
office/seq-08/color/frame-000237.color.png office/seq-08/color/frame-000240.color.png 0.999511 -0.00360205 -0.031057 0.048557 0.00408874 0.99987 0.0156219 -0.0103364 0.0309967 -0.0157412 0.999395 -0.0221318 0.0 0.0 0.0 1.0
office/seq-08/color/frame-000240.color.png office/seq-08/color/frame-000243.color.png 0.998949 0.0176399 -0.0423072 0.0579921 -0.0174083 0.999831 0.00583591 0.00594733 0.0424029 -0.00509325 0.999088 -0.0276842 0.0 0.0 0.0 1.0
office/seq-08/color/frame-000243.color.png office/seq-08/color/frame-000246.color.png 0.998481 -0.00422254 -0.0549325 0.0874497 0.00448136 0.999979 0.00459027 -0.00853388 0.054912 -0.0048295 0.99848 -0.0195191 0.0 0.0 0.0 1.0
office/seq-08/color/frame-000246.color.png office/seq-08/color/frame-000249.color.png 0.999372 0.011239 -0.0336117 0.0592995 -0.0113426 0.999932 -0.00289496 0.0198011 0.033577 0.00327438 0.999431 -0.0173348 0.0 0.0 0.0 1.0
office/seq-08/color/frame-000249.color.png office/seq-08/color/frame-000252.color.png 0.997884 0.0200075 -0.0618696 0.112354 -0.0202914 0.999786 -0.00396338 0.017151 0.0617771 0.0052104 0.998076 -0.0225649 0.0 0.0 0.0 1.0
office/seq-08/color/frame-000252.color.png office/seq-08/color/frame-000255.color.png 0.999775 -0.00262658 -0.0210317 0.028238 0.00291773 0.9999 0.0138256 -0.0134684 0.0209931 -0.0138839 0.999683 -0.0115366 0.0 0.0 0.0 1.0
office/seq-08/color/frame-000255.color.png office/seq-08/color/frame-000258.color.png 0.998789 0.0133032 -0.0473551 0.0813994 -0.0131233 0.999905 0.00410564 0.00239795 0.0474052 -0.0034792 0.99887 -0.0151205 0.0 0.0 0.0 1.0
office/seq-08/color/frame-000258.color.png office/seq-08/color/frame-000261.color.png 0.998299 -0.0064152 -0.0579464 0.0889455 0.00673366 0.999963 0.0053025 -0.0203265 0.0579102 -0.00568371 0.998306 -0.020293 0.0 0.0 0.0 1.0
office/seq-08/color/frame-000261.color.png office/seq-08/color/frame-000264.color.png 0.999748 -0.00826416 -0.0208906 0.0281447 0.00830231 0.999964 0.00174118 -0.00777164 0.0208755 -0.00191411 0.99978 -0.00998616 0.0 0.0 0.0 1.0
office/seq-08/color/frame-000264.color.png office/seq-08/color/frame-000267.color.png 0.999102 9.99034e-05 -0.0423663 0.0630598 -0.000113872 1.0 -0.000326643 0.00682311 0.0423664 0.000331134 0.999102 -0.00864887 0.0 0.0 0.0 1.0
office/seq-08/color/frame-000267.color.png office/seq-08/color/frame-000270.color.png 0.999167 0.000538696 -0.0408084 0.0623952 -0.000367014 0.999991 0.00421295 -0.00714985 0.0408103 -0.00419452 0.999158 -0.0219949 0.0 0.0 0.0 1.0
office/seq-08/color/frame-000270.color.png office/seq-08/color/frame-000273.color.png 0.999609 0.00840412 -0.0266885 0.0397376 -0.00834268 0.999962 0.00241424 -0.00182068 0.0267079 -0.00219068 0.999641 -0.0141925 0.0 0.0 0.0 1.0
office/seq-08/color/frame-000273.color.png office/seq-08/color/frame-000276.color.png 0.999397 0.00732 -0.0339495 0.0469725 -0.00733928 0.999973 -0.00044552 0.00973883 0.0339451 0.000694493 0.999423 -0.0170603 0.0 0.0 0.0 1.0
office/seq-08/color/frame-000276.color.png office/seq-08/color/frame-000279.color.png 0.998265 0.0117832 -0.0576859 0.0841527 -0.0113401 0.999904 0.00800433 -0.0016131 0.0577746 -0.00733628 0.998303 -0.0311346 0.0 0.0 0.0 1.0
office/seq-08/color/frame-000279.color.png office/seq-08/color/frame-000282.color.png 0.999266 0.0156685 -0.0349462 0.0432534 -0.0155015 0.999867 0.00504561 0.00123996 0.0350207 -0.00450019 0.999376 -0.0232134 0.0 0.0 0.0 1.0
office/seq-08/color/frame-000282.color.png office/seq-08/color/frame-000285.color.png 0.998529 0.000269141 -0.054216 0.0765323 2.58642e-05 0.999985 0.00544041 0.00549136 0.0542166 -0.00543375 0.998514 -0.0325027 0.0 0.0 0.0 1.0
office/seq-08/color/frame-000285.color.png office/seq-08/color/frame-000288.color.png 0.999337 0.0083692 -0.0354397 0.0433702 -0.00853101 0.999954 -0.00441653 0.011738 0.0354012 0.00471591 0.999362 -0.0227355 0.0 0.0 0.0 1.0
office/seq-08/color/frame-000288.color.png office/seq-08/color/frame-000291.color.png 0.999176 0.00514798 -0.040256 0.0461921 -0.00503689 0.999983 0.00285921 0.00272255 0.0402701 -0.00265406 0.999185 -0.0268086 0.0 0.0 0.0 1.0
office/seq-08/color/frame-000291.color.png office/seq-08/color/frame-000294.color.png 0.999153 0.00563253 -0.0407516 0.0534733 -0.00585891 0.999968 -0.00543912 0.0137118 0.0407196 0.00567331 0.999154 -0.0327703 0.0 0.0 0.0 1.0
office/seq-08/color/frame-000294.color.png office/seq-08/color/frame-000297.color.png 0.999279 0.00264993 -0.0378889 0.0460683 -0.00273533 0.999994 -0.00220108 0.0101496 0.0378829 0.00230309 0.999279 -0.0293262 0.0 0.0 0.0 1.0
office/seq-08/color/frame-000297.color.png office/seq-08/color/frame-000300.color.png 0.999324 -0.00124687 -0.0367489 0.04264 0.00139296 0.999991 0.0039498 0.00108433 0.0367437 -0.00399836 0.999317 -0.0283955 0.0 0.0 0.0 1.0
office/seq-08/color/frame-000300.color.png office/seq-08/color/frame-000303.color.png 0.999822 -0.0117056 -0.0148011 0.0207635 0.0117961 0.999912 0.00604294 -0.0133619 0.0147291 -0.00621647 0.999872 -0.0214063 0.0 0.0 0.0 1.0
office/seq-08/color/frame-000303.color.png office/seq-08/color/frame-000306.color.png 0.999574 -0.00983168 -0.0274867 0.0467001 0.00975453 0.999948 -0.00293951 -0.00424142 0.0275142 0.00267013 0.999618 -0.0374416 0.0 0.0 0.0 1.0
office/seq-08/color/frame-000306.color.png office/seq-08/color/frame-000309.color.png 0.999667 -0.0109196 -0.0233851 0.0380679 0.0109955 0.999935 0.00311666 -0.0107833 0.0233495 -0.00337272 0.999722 -0.0276612 0.0 0.0 0.0 1.0
office/seq-08/color/frame-000309.color.png office/seq-08/color/frame-000312.color.png 0.999477 -0.00717998 -0.0315348 0.058198 0.00707942 0.999969 -0.00329769 0.00379927 0.0315574 0.00307276 0.999497 -0.0247381 0.0 0.0 0.0 1.0
office/seq-08/color/frame-000312.color.png office/seq-08/color/frame-000315.color.png 0.999945 -0.00569967 -0.00880686 0.0268692 0.00563422 0.999956 -0.00743594 0.0182152 0.00884889 0.00738584 0.999934 -0.0318407 0.0 0.0 0.0 1.0
office/seq-08/color/frame-000315.color.png office/seq-08/color/frame-000318.color.png 0.999897 0.00126633 -0.0143064 0.0412567 -0.00126059 0.999999 0.000410606 -0.0107405 0.014307 -0.000392529 0.999898 -0.0194085 0.0 0.0 0.0 1.0
office/seq-08/color/frame-000318.color.png office/seq-08/color/frame-000321.color.png 0.999948 0.00521853 -0.00870566 0.0276279 -0.00516647 0.999969 0.00598562 -0.0167283 0.00873659 -0.00594027 0.999944 -0.0209234 0.0 0.0 0.0 1.0
office/seq-08/color/frame-000321.color.png office/seq-08/color/frame-000324.color.png 0.999787 0.0100253 -0.0180557 0.0370011 -0.009913 0.999931 0.00630224 -0.0105589 0.0181177 -0.00612195 0.999817 -0.0202879 0.0 0.0 0.0 1.0
office/seq-08/color/frame-000324.color.png office/seq-08/color/frame-000327.color.png 0.999841 0.00388128 -0.0174223 0.0369489 -0.00365685 0.99991 0.0128934 -0.015653 0.0174708 -0.0128276 0.999765 -0.0221394 0.0 0.0 0.0 1.0
office/seq-08/color/frame-000327.color.png office/seq-08/color/frame-000330.color.png 0.999496 0.0139156 -0.0285429 0.0506316 -0.0136996 0.999876 0.0077509 -0.00707081 0.0286472 -0.00735599 0.999563 -0.0223438 0.0 0.0 0.0 1.0
office/seq-08/color/frame-000330.color.png office/seq-08/color/frame-000333.color.png 0.999825 0.00395102 -0.0183044 0.0388181 -0.00375931 0.999938 0.0104958 -0.013019 0.0183448 -0.0104252 0.999778 -0.0226592 0.0 0.0 0.0 1.0
office/seq-08/color/frame-000333.color.png office/seq-08/color/frame-000336.color.png 0.999047 0.0155572 -0.040781 0.066698 -0.0151743 0.999838 0.00968336 -0.00343619 0.040925 -0.0090553 0.999121 -0.033317 0.0 0.0 0.0 1.0
office/seq-08/color/frame-000336.color.png office/seq-08/color/frame-000339.color.png 0.999634 0.00628056 -0.0263246 0.0300086 -0.00602207 0.999933 0.00988733 -0.00825631 0.026385 -0.00972519 0.999605 -0.0267358 0.0 0.0 0.0 1.0
office/seq-08/color/frame-000339.color.png office/seq-08/color/frame-000342.color.png 0.999253 0.00325764 -0.0384957 0.0435801 -0.00248804 0.999796 0.0200242 -0.0316523 0.0385531 -0.0199134 0.999058 -0.0476449 0.0 0.0 0.0 1.0
office/seq-08/color/frame-000342.color.png office/seq-08/color/frame-000345.color.png 0.998494 0.0100216 -0.0539373 0.0487125 -0.0088844 0.999734 0.0212816 -0.0230775 0.0541362 -0.0207704 0.998317 -0.0565265 0.0 0.0 0.0 1.0
office/seq-08/color/frame-000345.color.png office/seq-08/color/frame-000348.color.png 0.99842 0.00609113 -0.0558658 0.0470535 -0.00646244 0.999958 -0.0064678 0.033088 0.0558241 0.00681862 0.998417 -0.0717362 0.0 0.0 0.0 1.0
office/seq-08/color/frame-000348.color.png office/seq-08/color/frame-000351.color.png 0.998972 0.00524001 -0.0450284 0.0228742 -0.00524081 0.999986 0.000101768 0.00483038 0.0450283 0.000134334 0.998986 -0.049701 0.0 0.0 0.0 1.0
office/seq-08/color/frame-000351.color.png office/seq-08/color/frame-000354.color.png 0.999072 0.00202939 -0.0430126 0.00898871 -0.00209463 0.999997 -0.00147382 0.0126956 0.0430094 0.00156254 0.999074 -0.0408058 0.0 0.0 0.0 1.0
office/seq-08/color/frame-000354.color.png office/seq-08/color/frame-000357.color.png 0.999507 0.00413778 -0.031121 -0.0270867 -0.00434781 0.999968 -0.00668344 0.0317608 0.0310924 0.00681542 0.999493 -0.0616782 0.0 0.0 0.0 1.0
office/seq-08/color/frame-000357.color.png office/seq-08/color/frame-000360.color.png 0.999718 0.00683194 -0.0227407 -0.0332311 -0.006961 0.99996 -0.00560106 0.0187091 0.0227015 0.00575776 0.999726 -0.0440333 0.0 0.0 0.0 1.0
office/seq-08/color/frame-000360.color.png office/seq-08/color/frame-000363.color.png 0.999849 0.00682742 -0.0159555 -0.0239494 -0.00682792 0.999977 2.16571e-05 0.016601 0.0159552 8.72866e-05 0.999873 -0.0185794 0.0 0.0 0.0 1.0
office/seq-08/color/frame-000363.color.png office/seq-08/color/frame-000366.color.png 0.999994 -0.00216654 0.00260982 -0.0725142 0.00214451 0.999962 0.00842907 0.00452484 -0.002628 -0.00842338 0.999961 -0.0411379 0.0 0.0 0.0 1.0
office/seq-08/color/frame-000366.color.png office/seq-08/color/frame-000369.color.png 0.999927 -0.00824935 -0.00884593 -0.0426324 0.00827376 0.999962 0.00272908 0.00336054 0.00882311 -0.00280208 0.999957 -0.0323359 0.0 0.0 0.0 1.0
office/seq-08/color/frame-000369.color.png office/seq-08/color/frame-000372.color.png 0.999929 -0.0111614 -0.00423183 -0.0583084 0.0112358 0.999775 0.0179954 -0.00846541 0.00403003 -0.0180416 0.999829 -0.0353868 0.0 0.0 0.0 1.0
office/seq-08/color/frame-000372.color.png office/seq-08/color/frame-000375.color.png 0.999866 -0.0152986 0.00578502 -0.0616903 0.015185 0.999701 0.0191873 -0.00357582 -0.00607683 -0.0190969 0.999799 -0.0327758 0.0 0.0 0.0 1.0
office/seq-08/color/frame-000375.color.png office/seq-08/color/frame-000378.color.png 0.999768 -0.0163544 0.0139893 -0.0443913 0.0162239 0.999824 0.00940075 0.0077045 -0.0141406 -0.00917161 0.999858 -0.0381346 0.0 0.0 0.0 1.0
office/seq-08/color/frame-000378.color.png office/seq-08/color/frame-000381.color.png 0.999658 -0.0209469 0.0156299 -0.0645205 0.0207472 0.999702 0.0128308 0.00594568 -0.0158939 -0.0125022 0.999795 -0.0248451 0.0 0.0 0.0 1.0
office/seq-08/color/frame-000381.color.png office/seq-08/color/frame-000384.color.png 0.999468 -0.010211 0.0309795 -0.0581193 0.0100062 0.999927 0.00675894 0.00444594 -0.0310462 -0.00644534 0.999497 -0.00836265 0.0 0.0 0.0 1.0
office/seq-08/color/frame-000384.color.png office/seq-08/color/frame-000387.color.png 0.998571 -0.012257 0.0520075 -0.0840084 0.0123702 0.999922 -0.00185615 0.0101876 -0.0519808 0.00249683 0.998645 -0.0144984 0.0 0.0 0.0 1.0
office/seq-08/color/frame-000387.color.png office/seq-08/color/frame-000390.color.png 0.999002 -0.0204861 0.0396877 -0.059893 0.0208263 0.99975 -0.00817642 0.0110495 -0.0395103 0.0089948 0.999179 -0.0126868 0.0 0.0 0.0 1.0
office/seq-08/color/frame-000390.color.png office/seq-08/color/frame-000393.color.png 0.99725 -0.0337068 0.066007 -0.0823853 0.0344881 0.999348 -0.0107322 0.0170809 -0.0656022 0.0129792 0.997761 -0.0135434 0.0 0.0 0.0 1.0
office/seq-08/color/frame-000393.color.png office/seq-08/color/frame-000396.color.png 0.999201 -0.0254626 0.0307998 -0.0368396 0.0261596 0.999406 -0.0224439 0.0329967 -0.0302101 0.0232317 0.999274 -0.0172242 0.0 0.0 0.0 1.0
office/seq-08/color/frame-000396.color.png office/seq-08/color/frame-000399.color.png 0.998134 -0.0269869 0.0547839 -0.0523607 0.0283118 0.999322 -0.0235525 0.0296148 -0.0541112 0.0250595 0.99822 -0.0152699 0.0 0.0 0.0 1.0
office/seq-08/color/frame-000399.color.png office/seq-08/color/frame-000402.color.png 0.998844 -0.0315618 0.0362587 -0.0338287 0.032177 0.999346 -0.0165103 0.0280493 -0.0357139 0.0176579 0.999206 -0.00634682 0.0 0.0 0.0 1.0
office/seq-08/color/frame-000402.color.png office/seq-08/color/frame-000405.color.png 0.998301 -0.0328591 0.0481216 -0.0285456 0.0343699 0.998931 -0.0309134 0.0271399 -0.0470543 0.0325148 0.998363 -0.0130846 0.0 0.0 0.0 1.0
office/seq-08/color/frame-000405.color.png office/seq-08/color/frame-000408.color.png 0.998621 -0.0252428 0.0460285 -0.0319039 0.0260848 0.999502 -0.0177843 0.0195743 -0.0455566 0.0189605 0.998782 0.00206113 0.0 0.0 0.0 1.0
office/seq-08/color/frame-000408.color.png office/seq-08/color/frame-000411.color.png 0.998376 -0.0175127 0.0542157 -0.0315748 0.0189333 0.999488 -0.0258014 0.0230933 -0.0537361 0.026786 0.998196 -0.013516 0.0 0.0 0.0 1.0
office/seq-08/color/frame-000411.color.png office/seq-08/color/frame-000414.color.png 0.998313 -0.0288013 0.0504236 -0.0216168 0.0296413 0.999433 -0.0159908 0.0171606 -0.0499344 0.0174583 0.9986 -0.0131179 0.0 0.0 0.0 1.0
office/seq-08/color/frame-000414.color.png office/seq-08/color/frame-000417.color.png 0.999205 -0.0158435 0.0365843 -0.00911084 0.0162848 0.999798 -0.0117953 0.0127934 -0.03639 0.0123817 0.999261 -0.00927776 0.0 0.0 0.0 1.0
office/seq-08/color/frame-000417.color.png office/seq-08/color/frame-000420.color.png 0.999306 -0.0124659 0.0350971 -0.0185897 0.0125418 0.999919 -0.00194359 -0.00139384 -0.03507 0.00238244 0.999382 -0.00335807 0.0 0.0 0.0 1.0
office/seq-08/color/frame-000420.color.png office/seq-08/color/frame-000423.color.png 0.999114 -0.00970411 0.0409481 -0.0241698 0.00987296 0.999944 -0.00392297 -0.00350505 -0.0409077 0.0043237 0.999154 -0.0103523 0.0 0.0 0.0 1.0
office/seq-08/color/frame-000423.color.png office/seq-08/color/frame-000426.color.png 0.998992 -0.0142355 0.0425644 -0.00518815 0.0138795 0.999866 0.00864618 -0.0078133 -0.0426817 -0.00804671 0.999056 0.0120147 0.0 0.0 0.0 1.0
office/seq-08/color/frame-000426.color.png office/seq-08/color/frame-000429.color.png 0.999407 -0.00528151 0.034021 -0.007801 0.0056561 0.999924 -0.0109237 -0.00574365 -0.0339607 0.0111097 0.999361 0.00876445 0.0 0.0 0.0 1.0
office/seq-08/color/frame-000429.color.png office/seq-08/color/frame-000432.color.png 0.998798 -0.0206884 0.0444378 -0.0187123 0.0210603 0.999747 -0.00791609 0.0138193 -0.0442628 0.00884244 0.998981 0.0212767 0.0 0.0 0.0 1.0
office/seq-08/color/frame-000432.color.png office/seq-08/color/frame-000435.color.png 0.99861 -0.0130222 0.0510749 -0.0259813 0.0124633 0.999859 0.0112459 -0.0196379 -0.0512141 -0.0105937 0.998632 0.00470197 0.0 0.0 0.0 1.0
office/seq-08/color/frame-000435.color.png office/seq-08/color/frame-000438.color.png 0.999332 -0.0147276 0.0334472 -0.0119083 0.0148909 0.999878 -0.00463859 -0.00384407 -0.033375 0.00513356 0.99943 0.0147271 0.0 0.0 0.0 1.0
office/seq-08/color/frame-000438.color.png office/seq-08/color/frame-000441.color.png 0.998985 -0.0101155 0.0438885 -0.0109658 0.00977407 0.99992 0.00798673 -0.015907 -0.0439659 -0.00754966 0.999005 -0.00555938 0.0 0.0 0.0 1.0
office/seq-08/color/frame-000441.color.png office/seq-08/color/frame-000444.color.png 0.999438 -0.0129907 0.0309007 -0.0114342 0.012719 0.999879 0.00897213 -0.0150181 -0.0310135 -0.00857409 0.999482 0.0333766 0.0 0.0 0.0 1.0
office/seq-08/color/frame-000444.color.png office/seq-08/color/frame-000447.color.png 0.999562 0.0002449 0.0296057 -0.00949633 -0.000403182 0.999986 0.00534282 -0.020613 -0.0296041 -0.00535238 0.999547 0.0231258 0.0 0.0 0.0 1.0
office/seq-08/color/frame-000447.color.png office/seq-08/color/frame-000450.color.png 0.999554 -0.0107823 0.0278336 -0.00613398 0.0106773 0.999935 0.00391396 -0.0157582 -0.0278739 -0.00361508 0.999605 0.0305349 0.0 0.0 0.0 1.0
office/seq-08/color/frame-000450.color.png office/seq-08/color/frame-000453.color.png 0.999738 -0.00251971 0.0227372 -0.000292283 0.00259345 0.999991 -0.00321178 -0.00639601 -0.022729 0.00326989 0.999736 0.0212518 0.0 0.0 0.0 1.0
office/seq-08/color/frame-000453.color.png office/seq-08/color/frame-000456.color.png 0.999717 -0.00282248 0.0236219 -0.00302355 0.00279665 0.999995 0.00112749 -0.0160328 -0.0236251 -0.00106106 0.99972 0.0295817 0.0 0.0 0.0 1.0
office/seq-08/color/frame-000456.color.png office/seq-08/color/frame-000459.color.png 0.999932 -0.00474416 0.0106534 0.00511243 0.00477179 0.999985 -0.00256977 -0.00300446 -0.0106411 0.00262039 0.99994 0.0197961 0.0 0.0 0.0 1.0
office/seq-08/color/frame-000459.color.png office/seq-08/color/frame-000462.color.png 0.999895 -0.00637882 0.0130466 0.00947876 0.00649797 0.999937 -0.00910994 0.00774857 -0.0129877 0.00919378 0.999873 0.0302992 0.0 0.0 0.0 1.0
office/seq-08/color/frame-000462.color.png office/seq-08/color/frame-000465.color.png 0.999784 -0.00355901 0.0204767 -0.0227506 0.00364416 0.999985 -0.00412455 0.00335168 -0.0204617 0.00419831 0.999782 0.0116245 0.0 0.0 0.0 1.0
office/seq-08/color/frame-000465.color.png office/seq-08/color/frame-000468.color.png 0.99988 -1.38331e-05 0.0155164 -0.0195071 0.000101893 0.999984 -0.00567484 0.0031192 -0.015516 0.0056758 0.999863 0.0056895 0.0 0.0 0.0 1.0
office/seq-08/color/frame-000468.color.png office/seq-08/color/frame-000471.color.png 0.999931 -0.00358711 0.0111657 -0.010548 0.00366348 0.99997 -0.00682202 0.0108988 -0.0111409 0.00686241 0.999914 0.0246348 0.0 0.0 0.0 1.0
office/seq-08/color/frame-000471.color.png office/seq-08/color/frame-000474.color.png 0.999992 0.00347293 0.00223991 0.0601402 -0.00348401 0.999982 0.00494308 -0.0195319 -0.00222283 -0.00495089 0.999985 0.0175585 0.0 0.0 0.0 1.0
office/seq-08/color/frame-000474.color.png office/seq-08/color/frame-000477.color.png 0.99982 0.00491337 0.0183472 -0.00494649 -0.00484297 0.999981 -0.00387996 0.000975817 -0.0183658 0.00379037 0.999824 0.00971925 0.0 0.0 0.0 1.0
office/seq-08/color/frame-000477.color.png office/seq-08/color/frame-000480.color.png 0.999617 0.00295779 0.027505 -0.023814 -0.00299956 0.999994 0.0014761 -0.0019743 -0.0275004 -0.00155796 0.999621 0.00733101 0.0 0.0 0.0 1.0
office/seq-08/color/frame-000480.color.png office/seq-08/color/frame-000483.color.png 0.999731 0.00654787 0.0222754 0.0143569 -0.00654657 0.999979 -0.000129575 -0.00847357 -0.0222758 -1.63255e-05 0.999752 0.0254941 0.0 0.0 0.0 1.0
office/seq-08/color/frame-000483.color.png office/seq-08/color/frame-000486.color.png 0.999699 0.000573743 0.0245309 -0.00829297 -0.000407705 0.999977 -0.00677513 0.0062712 -0.0245342 0.00676312 0.999676 0.0136933 0.0 0.0 0.0 1.0
office/seq-08/color/frame-000486.color.png office/seq-08/color/frame-000489.color.png 0.9993 -0.00119128 0.0373989 -0.0133925 0.00151668 0.999961 -0.00867254 0.00567822 -0.0373872 0.00872312 0.999263 0.015648 0.0 0.0 0.0 1.0
office/seq-08/color/frame-000489.color.png office/seq-08/color/frame-000492.color.png 0.999577 0.00409365 0.0288106 -0.00935224 -0.00403185 0.999989 -0.00220329 -0.000655666 -0.0288193 0.0020862 0.999583 0.0118239 0.0 0.0 0.0 1.0
office/seq-08/color/frame-000492.color.png office/seq-08/color/frame-000495.color.png 0.999359 -0.000904767 0.0357934 -0.016497 0.00133763 0.999926 -0.0120715 0.00794671 -0.0357798 0.0121116 0.999286 0.0207046 0.0 0.0 0.0 1.0
office/seq-08/color/frame-000495.color.png office/seq-08/color/frame-000498.color.png 0.999985 -0.000578016 0.00539511 0.0413221 0.00059791 0.999993 -0.00368916 0.000928134 -0.00539296 0.00369238 0.999979 0.0139194 0.0 0.0 0.0 1.0
office/seq-08/color/frame-000498.color.png office/seq-08/color/frame-000501.color.png 0.99921 -0.0152831 0.0366847 -0.00847727 0.0153944 0.999878 -0.00275317 -0.00379154 -0.0366381 0.00331573 0.999323 0.0105975 0.0 0.0 0.0 1.0
office/seq-08/color/frame-000501.color.png office/seq-08/color/frame-000504.color.png 0.999638 -0.0147739 0.0224774 -0.0108018 0.0147013 0.999886 0.00339293 -0.0127903 -0.0225251 -0.0030613 0.999742 0.00698113 0.0 0.0 0.0 1.0
office/seq-08/color/frame-000504.color.png office/seq-08/color/frame-000507.color.png 0.999481 -0.0111246 0.030226 0.00402889 0.0111581 0.999937 -0.000940603 -0.00806911 -0.0302135 0.00127743 0.999543 0.0125653 0.0 0.0 0.0 1.0
office/seq-08/color/frame-000507.color.png office/seq-08/color/frame-000510.color.png 0.999174 -0.012036 0.038821 -0.0137816 0.0121744 0.99992 -0.00333383 -0.00890913 -0.0387778 0.00380368 0.999241 0.0243645 0.0 0.0 0.0 1.0
office/seq-08/color/frame-000510.color.png office/seq-08/color/frame-000513.color.png 0.999151 -0.0125307 0.0392492 -0.0102254 0.0124948 0.999921 0.00115901 -0.0115296 -0.0392606 -0.000667602 0.999229 0.0172249 0.0 0.0 0.0 1.0
office/seq-08/color/frame-000513.color.png office/seq-08/color/frame-000516.color.png 0.999596 -0.00191352 0.0283592 0.0150015 0.00193795 0.999998 -0.000835483 -0.0129991 -0.0283576 0.000890025 0.999597 0.0436786 0.0 0.0 0.0 1.0
office/seq-08/color/frame-000516.color.png office/seq-08/color/frame-000519.color.png 0.999478 -0.0110891 0.0303567 -0.00676519 0.0111581 0.999936 -0.002105 -0.00624868 -0.0303313 0.00244266 0.999537 0.0252503 0.0 0.0 0.0 1.0
office/seq-08/color/frame-000519.color.png office/seq-08/color/frame-000522.color.png 0.999652 0.00160492 0.0263374 0.00758237 -0.00163327 0.999998 0.00105452 -0.00369303 -0.0263356 -0.00109712 0.999653 0.0147433 0.0 0.0 0.0 1.0
office/seq-08/color/frame-000522.color.png office/seq-08/color/frame-000525.color.png 0.999496 -0.00104211 0.0317367 -0.0120109 0.000693086 0.999939 0.0110067 -0.0071152 -0.0317462 -0.0109791 0.999436 0.0199833 0.0 0.0 0.0 1.0
office/seq-08/color/frame-000525.color.png office/seq-08/color/frame-000528.color.png 0.999677 -0.00507461 0.0249087 -0.00529587 0.00480444 0.999929 0.0108942 -0.0145022 -0.0249622 -0.0107711 0.99963 0.0243464 0.0 0.0 0.0 1.0
office/seq-08/color/frame-000528.color.png office/seq-08/color/frame-000531.color.png 0.999944 0.00591017 0.00876962 0.0211385 -0.00597178 0.999958 0.00701475 -0.00519015 -0.00872778 -0.00706675 0.999937 0.0195903 0.0 0.0 0.0 1.0
office/seq-08/color/frame-000531.color.png office/seq-08/color/frame-000534.color.png 0.99981 0.019468 -0.000624355 0.0426604 -0.0194618 0.999773 0.008706 -0.00410825 0.000793693 -0.00869214 0.999962 0.00978029 0.0 0.0 0.0 1.0
office/seq-08/color/frame-000534.color.png office/seq-08/color/frame-000537.color.png 0.999858 0.0137362 0.00971797 0.0194397 -0.0137518 0.999904 0.00154541 0.00650076 -0.00969585 -0.0016789 0.999952 0.0242884 0.0 0.0 0.0 1.0
office/seq-08/color/frame-000537.color.png office/seq-08/color/frame-000540.color.png 0.999618 0.0252767 0.0111482 0.0237654 -0.0251803 0.999645 -0.00870825 0.0237819 -0.0113643 0.00842425 0.9999 0.02819 0.0 0.0 0.0 1.0
office/seq-08/color/frame-000540.color.png office/seq-08/color/frame-000543.color.png 0.999875 -0.00161434 0.0157322 0.0179238 0.00165237 0.999996 -0.00240276 -0.00729725 -0.0157283 0.00242842 0.999873 0.0410094 0.0 0.0 0.0 1.0
office/seq-08/color/frame-000543.color.png office/seq-08/color/frame-000546.color.png 0.999891 0.00377652 0.0142984 -0.00470597 -0.00379415 0.999992 0.00120638 -0.0041075 -0.0142938 -0.00126047 0.999897 0.0244851 0.0 0.0 0.0 1.0
office/seq-08/color/frame-000546.color.png office/seq-08/color/frame-000549.color.png 0.999905 -0.00250278 0.0135251 -0.00918478 0.0025623 0.999987 -0.00438414 -0.00101469 -0.013514 0.00441836 0.999899 0.0234159 0.0 0.0 0.0 1.0
office/seq-08/color/frame-000549.color.png office/seq-08/color/frame-000552.color.png 0.999801 -0.0150501 0.0130806 0.00374895 0.0149741 0.99987 0.00588723 -0.0357254 -0.0131675 -0.00569025 0.999897 0.0512809 0.0 0.0 0.0 1.0
office/seq-08/color/frame-000552.color.png office/seq-08/color/frame-000555.color.png 0.999676 -0.0196987 0.0161476 -0.0166056 0.0197231 0.999805 -0.00135129 -0.0197455 -0.0161178 0.00166941 0.999869 0.0365195 0.0 0.0 0.0 1.0
office/seq-08/color/frame-000555.color.png office/seq-08/color/frame-000558.color.png 0.999545 -0.0242068 0.0179953 -0.0355333 0.024194 0.999707 0.000930327 -0.0263493 -0.0180125 -0.000494545 0.999838 0.0475026 0.0 0.0 0.0 1.0
office/seq-08/color/frame-000558.color.png office/seq-08/color/frame-000561.color.png 0.999772 -0.0206356 0.00553326 -0.026506 0.0206622 0.999775 -0.0048019 -0.0194387 -0.00543294 0.00491518 0.999973 0.0333427 0.0 0.0 0.0 1.0
office/seq-08/color/frame-000561.color.png office/seq-08/color/frame-000564.color.png 0.999831 -0.0183631 -0.000173272 -0.0291889 0.0183638 0.999817 0.00526936 -0.0380436 7.64749e-05 -0.00527167 0.999986 0.0367858 0.0 0.0 0.0 1.0
office/seq-08/color/frame-000564.color.png office/seq-08/color/frame-000567.color.png 0.999848 -0.0159294 0.00705996 -0.0524551 0.0158918 0.999859 0.00534936 -0.0208372 -0.00714418 -0.00523636 0.999961 0.0295413 0.0 0.0 0.0 1.0
office/seq-08/color/frame-000567.color.png office/seq-08/color/frame-000570.color.png 0.999959 -0.00496696 0.00764384 -0.0497985 0.00488331 0.999928 0.0109223 -0.0244109 -0.00769754 -0.0108845 0.999911 0.0370412 0.0 0.0 0.0 1.0
office/seq-08/color/frame-000570.color.png office/seq-08/color/frame-000573.color.png 0.999375 -0.0305727 0.0177676 -0.0789316 0.0303348 0.999449 0.0135094 -0.0498054 -0.0181708 -0.0129619 0.999751 0.0562961 0.0 0.0 0.0 1.0
office/seq-08/color/frame-000573.color.png office/seq-08/color/frame-000576.color.png 0.999789 -0.0132686 0.0157068 -0.059139 0.0132866 0.999911 -0.00103859 -0.00712939 -0.0156916 0.00124708 0.999876 0.0362272 0.0 0.0 0.0 1.0
office/seq-08/color/frame-000576.color.png office/seq-08/color/frame-000579.color.png 0.999379 -0.0340103 0.00923377 -0.0561397 0.0339979 0.999421 0.0014894 -0.0395815 -0.00927908 -0.00117455 0.999956 0.046567 0.0 0.0 0.0 1.0
office/seq-08/color/frame-000579.color.png office/seq-08/color/frame-000582.color.png 0.999977 0.000404015 -0.00673003 -0.040006 -0.000448701 0.999978 -0.0066389 0.00479934 0.00672721 0.00664175 0.999955 0.027952 0.0 0.0 0.0 1.0
office/seq-08/color/frame-000582.color.png office/seq-08/color/frame-000585.color.png 0.999867 -0.015778 -0.00423319 -0.0317512 0.0157962 0.999866 0.00432236 -0.0211685 0.00416442 -0.00438861 0.999982 0.021018 0.0 0.0 0.0 1.0
office/seq-08/color/frame-000585.color.png office/seq-08/color/frame-000588.color.png 0.999797 0.00920737 -0.0179435 -0.0161967 -0.00904787 0.999919 0.00894996 -0.0141701 0.0180245 -0.00878576 0.999799 0.0142809 0.0 0.0 0.0 1.0
office/seq-08/color/frame-000588.color.png office/seq-08/color/frame-000591.color.png 0.999677 0.0134573 -0.0215384 0.00611949 -0.0129498 0.999639 0.02353 -0.0333188 0.0218472 -0.0232435 0.999491 0.0227424 0.0 0.0 0.0 1.0
office/seq-08/color/frame-000591.color.png office/seq-08/color/frame-000594.color.png 0.999981 -0.0026741 -0.00547176 -0.0185871 0.00273094 0.999942 0.0104059 -0.0123168 0.00544362 -0.0104207 0.999931 0.0153786 0.0 0.0 0.0 1.0
office/seq-08/color/frame-000594.color.png office/seq-08/color/frame-000597.color.png 0.999982 -0.00201636 -0.00569361 -0.0125529 0.00204125 0.999988 0.00436811 -0.0145808 0.00568474 -0.00437962 0.999974 0.0323718 0.0 0.0 0.0 1.0
office/seq-08/color/frame-000597.color.png office/seq-08/color/frame-000600.color.png 0.999999 -0.0011799 -0.00108223 -0.0184122 0.00117307 0.999979 -0.00629137 0.0149246 0.00108962 0.0062901 0.99998 0.023097 0.0 0.0 0.0 1.0
office/seq-08/color/frame-000600.color.png office/seq-08/color/frame-000603.color.png 0.999944 -0.00912414 0.00534125 -0.0333691 0.00912656 0.999958 -0.000431957 -0.00695568 -0.00533708 0.000480656 0.999986 0.0222863 0.0 0.0 0.0 1.0
office/seq-08/color/frame-000603.color.png office/seq-08/color/frame-000606.color.png 0.999812 -0.019145 0.00288525 -0.0286758 0.0191478 0.999816 -0.000951835 -0.00851455 -0.0028665 0.00100693 0.999995 0.0174445 0.0 0.0 0.0 1.0
office/seq-08/color/frame-000606.color.png office/seq-08/color/frame-000609.color.png 0.999935 -0.010765 -0.0036976 -0.0148202 0.010738 0.999916 -0.00725178 0.0132064 0.00377535 0.0072116 0.999967 0.0110016 0.0 0.0 0.0 1.0
office/seq-08/color/frame-000609.color.png office/seq-08/color/frame-000612.color.png 0.999826 -0.00639634 0.0175169 -0.0899209 0.00649041 0.999965 -0.00531856 0.00701594 -0.0174823 0.00543136 0.999832 0.0209869 0.0 0.0 0.0 1.0
office/seq-08/color/frame-000612.color.png office/seq-08/color/frame-000615.color.png 0.999835 -0.00636765 0.0170136 -0.0854103 0.00642753 0.999973 -0.00346729 0.0044193 -0.016991 0.00357609 0.999849 0.00590873 0.0 0.0 0.0 1.0
office/seq-08/color/frame-000615.color.png office/seq-08/color/frame-000618.color.png 0.999872 0.00723425 0.0142478 -0.0613825 -0.00718053 0.999967 -0.00381791 0.013928 -0.014275 0.00371514 0.999891 0.00212872 0.0 0.0 0.0 1.0
office/seq-08/color/frame-000618.color.png office/seq-08/color/frame-000621.color.png 0.999922 0.00398077 0.011836 -0.0515693 -0.00391995 0.999979 -0.00515729 0.0146449 -0.0118563 0.00511045 0.999917 0.011024 0.0 0.0 0.0 1.0
office/seq-08/color/frame-000621.color.png office/seq-08/color/frame-000624.color.png 0.999987 -0.00478014 -0.00149421 -0.00285354 0.00478672 0.999979 0.00443419 -0.0171371 0.00147299 -0.00444127 0.999989 0.00262606 0.0 0.0 0.0 1.0
office/seq-08/color/frame-000624.color.png office/seq-08/color/frame-000627.color.png 0.999355 0.00728838 0.0351703 -0.145491 -0.00657179 0.999769 -0.0204475 0.0755471 -0.0353112 0.0202031 0.999172 0.0198885 0.0 0.0 0.0 1.0
office/seq-08/color/frame-000627.color.png office/seq-08/color/frame-000630.color.png 0.999927 -0.00987814 0.00702032 -0.0288927 0.00985979 0.999948 0.00264407 -0.0112848 -0.00704608 -0.00257467 0.999972 -0.0082221 0.0 0.0 0.0 1.0
office/seq-08/color/frame-000630.color.png office/seq-08/color/frame-000633.color.png 0.999894 -0.00777304 0.0122983 -0.0449304 0.00768634 0.999945 0.00708108 -0.0147465 -0.0123527 -0.00698578 0.999899 -0.0127456 0.0 0.0 0.0 1.0
office/seq-08/color/frame-000633.color.png office/seq-08/color/frame-000636.color.png 0.999834 -0.0143017 0.0113385 -0.0311321 0.0142508 0.999888 0.00456278 -0.00217181 -0.0114024 -0.00440038 0.999925 -0.0181282 0.0 0.0 0.0 1.0
office/seq-08/color/frame-000636.color.png office/seq-08/color/frame-000639.color.png 0.999783 -0.0205805 0.0032805 -0.00447481 0.0205477 0.999741 0.00973313 -0.0228852 -0.00347998 -0.00966362 0.999947 -0.0233556 0.0 0.0 0.0 1.0
office/seq-08/color/frame-000639.color.png office/seq-08/color/frame-000642.color.png 0.999914 0.0113744 -0.00645259 0.0256599 -0.0114302 0.999897 -0.00867943 0.0371258 0.00635322 0.00875242 0.999942 -0.016086 0.0 0.0 0.0 1.0
office/seq-08/color/frame-000642.color.png office/seq-08/color/frame-000645.color.png 0.999966 -0.00492886 -0.00653942 0.0187955 0.00494554 0.999985 0.00253897 -0.00755669 0.00652679 -0.00257123 0.999975 -0.0241498 0.0 0.0 0.0 1.0
office/seq-08/color/frame-000645.color.png office/seq-08/color/frame-000648.color.png 0.99998 -0.00577383 0.00260603 0.0222095 0.00577332 0.999983 0.000205597 -0.000987343 -0.00260715 -0.000190587 0.999997 -0.0405841 0.0 0.0 0.0 1.0
office/seq-08/color/frame-000648.color.png office/seq-08/color/frame-000651.color.png 0.999967 0.00797575 -0.00164893 0.0302622 -0.00799996 0.999852 -0.0152375 0.0300678 0.00152714 0.0152502 0.999882 -0.0289998 0.0 0.0 0.0 1.0
office/seq-08/color/frame-000651.color.png office/seq-08/color/frame-000654.color.png 0.999952 -0.00579818 0.00787208 0.031104 0.0059139 0.999874 -0.0147577 0.0229987 -0.00778552 0.0148036 0.99986 -0.0492406 0.0 0.0 0.0 1.0
office/seq-08/color/frame-000654.color.png office/seq-08/color/frame-000657.color.png 0.999897 0.0126503 0.00673533 0.0122026 -0.0126257 0.999913 -0.0036885 0.00565408 -0.00678144 0.00360309 0.999971 -0.0356882 0.0 0.0 0.0 1.0
office/seq-08/color/frame-000657.color.png office/seq-08/color/frame-000660.color.png 0.999641 0.00800363 0.0255722 -0.0157609 -0.00800953 0.999968 0.000127974 0.000412825 -0.0255703 -0.000332809 0.999673 -0.0399754 0.0 0.0 0.0 1.0
office/seq-08/color/frame-000660.color.png office/seq-08/color/frame-000663.color.png 0.999948 0.0015011 0.010102 0.00799762 -0.00154894 0.999988 0.00472883 -0.0183078 -0.0100947 -0.00474423 0.999938 -0.033453 0.0 0.0 0.0 1.0
office/seq-08/color/frame-000663.color.png office/seq-08/color/frame-000666.color.png 0.999906 3.6809e-05 0.0137139 -0.0228407 -5.85114e-05 0.999999 0.00158246 0.00854088 -0.0137139 -0.00158311 0.999905 -0.0315355 0.0 0.0 0.0 1.0
office/seq-08/color/frame-000666.color.png office/seq-08/color/frame-000669.color.png 0.999665 -0.0145124 0.0214216 -0.0405731 0.0144272 0.999887 0.00412612 -0.00119544 -0.0214791 -0.00381564 0.999762 -0.0418454 0.0 0.0 0.0 1.0
office/seq-08/color/frame-000669.color.png office/seq-08/color/frame-000672.color.png 0.999682 0.0120917 0.0221232 -0.0234683 -0.0118762 0.999881 -0.00984524 0.0373381 -0.0222396 0.00957934 0.999707 -0.0449209 0.0 0.0 0.0 1.0
office/seq-08/color/frame-000672.color.png office/seq-08/color/frame-000675.color.png 0.999829 0.00623158 0.0174065 -0.0207735 -0.00606737 0.999937 -0.00947114 0.0219097 -0.0174644 0.00936391 0.999804 -0.0426532 0.0 0.0 0.0 1.0
office/seq-08/color/frame-000675.color.png office/seq-08/color/frame-000678.color.png 0.999903 0.00257579 0.0137119 -0.0275024 -0.00252337 0.99999 -0.00383755 0.0240645 -0.0137217 0.00380263 0.999899 -0.0482843 0.0 0.0 0.0 1.0
office/seq-08/color/frame-000678.color.png office/seq-08/color/frame-000681.color.png 0.999719 0.0225676 0.00720136 -0.0233314 -0.0224665 0.999652 -0.0138246 0.0426505 -0.00751084 0.0136589 0.999879 -0.051232 0.0 0.0 0.0 1.0
office/seq-08/color/frame-000681.color.png office/seq-08/color/frame-000684.color.png 0.999785 0.00789017 0.0191987 -0.0398842 -0.00774409 0.999941 -0.00767194 0.02536 -0.0192581 0.00752158 0.999786 -0.0506876 0.0 0.0 0.0 1.0
office/seq-08/color/frame-000684.color.png office/seq-08/color/frame-000687.color.png 0.999518 -0.0129792 0.0282021 -0.0514304 0.0126218 0.999838 0.0128142 -0.00552256 -0.0283638 -0.012452 0.99952 -0.0282339 0.0 0.0 0.0 1.0
office/seq-08/color/frame-000687.color.png office/seq-08/color/frame-000690.color.png 0.999755 0.0204941 0.00830673 -0.0107216 -0.0205688 0.999748 0.00901373 0.00792551 -0.00811987 -0.00918243 0.999925 -0.0161973 0.0 0.0 0.0 1.0
office/seq-08/color/frame-000690.color.png office/seq-08/color/frame-000693.color.png 0.999693 -0.000863722 0.0247436 -0.0429823 0.000826752 0.999999 0.001505 0.00439543 -0.0247449 -0.00148401 0.999693 -0.0206963 0.0 0.0 0.0 1.0
office/seq-08/color/frame-000693.color.png office/seq-08/color/frame-000696.color.png 0.999882 0.0141786 0.00597427 -0.015647 -0.0141418 0.999881 -0.00616729 0.0251035 -0.00606095 0.00608204 0.999963 -0.0127598 0.0 0.0 0.0 1.0
office/seq-08/color/frame-000696.color.png office/seq-08/color/frame-000699.color.png 0.999951 -0.00545225 0.00830462 -0.0208205 0.00545698 0.999985 -0.000545849 0.00361174 -0.00830154 0.000591158 0.999965 -0.0110942 0.0 0.0 0.0 1.0
office/seq-08/color/frame-000699.color.png office/seq-08/color/frame-000702.color.png 0.999215 0.018388 0.0350741 -0.0747788 -0.0177747 0.999685 -0.0177167 0.0479643 -0.0353888 0.0170794 0.999228 -0.0208395 0.0 0.0 0.0 1.0
office/seq-08/color/frame-000702.color.png office/seq-08/color/frame-000705.color.png 0.997826 -0.00984811 0.0651641 -0.111395 0.0100757 0.999944 -0.00316574 0.0124483 -0.0651294 0.00381545 0.99787 -0.0293967 0.0 0.0 0.0 1.0
office/seq-08/color/frame-000705.color.png office/seq-08/color/frame-000708.color.png 0.99885 -0.0179264 0.0444623 -0.0780797 0.0187487 0.99966 -0.0181455 0.0277455 -0.044122 0.0189583 0.998846 -0.0261233 0.0 0.0 0.0 1.0
office/seq-08/color/frame-000708.color.png office/seq-08/color/frame-000711.color.png 0.999682 -0.0169042 0.0186992 -0.0551005 0.0167456 0.999823 0.00860357 0.00550753 -0.0188411 -0.00828774 0.999788 -0.0242279 0.0 0.0 0.0 1.0
office/seq-08/color/frame-000711.color.png office/seq-08/color/frame-000714.color.png 0.999799 -0.00538925 0.0193314 -0.0364746 0.00509085 0.999868 0.0154521 -8.52197e-05 -0.0194122 -0.0153506 0.999694 -0.0170978 0.0 0.0 0.0 1.0
office/seq-08/color/frame-000714.color.png office/seq-08/color/frame-000717.color.png 0.998819 -0.0124153 0.0469783 -0.0641998 0.012599 0.999914 -0.00361701 0.0269044 -0.0469294 0.00420461 0.998889 -0.0204997 0.0 0.0 0.0 1.0
office/seq-08/color/frame-000717.color.png office/seq-08/color/frame-000720.color.png 0.995959 -0.0486245 0.0755129 -0.104798 0.0480506 0.998801 0.00940027 0.00630748 -0.0758795 -0.0057339 0.997101 -0.0267282 0.0 0.0 0.0 1.0
office/seq-08/color/frame-000720.color.png office/seq-08/color/frame-000723.color.png 0.997294 -0.0209234 0.0704782 -0.0555585 0.0224687 0.999523 -0.0212043 0.0191957 -0.0700009 0.0227305 0.997288 -0.015152 0.0 0.0 0.0 1.0
office/seq-08/color/frame-000723.color.png office/seq-08/color/frame-000726.color.png 0.995814 -0.0267233 0.0874126 -0.121986 0.0309703 0.998386 -0.0475955 0.0587085 -0.0859997 0.0501034 0.995035 -0.0243864 0.0 0.0 0.0 1.0
office/seq-08/color/frame-000726.color.png office/seq-08/color/frame-000729.color.png 0.999435 -0.017014 0.0289854 -0.0709679 0.0178848 0.999388 -0.0300554 0.034516 -0.0284563 0.0305569 0.999128 -0.0365075 0.0 0.0 0.0 1.0
office/seq-08/color/frame-000729.color.png office/seq-08/color/frame-000732.color.png 0.999556 0.0143409 0.0261249 -0.0549063 -0.0142937 0.999896 -0.0019919 0.0102181 -0.0261507 0.00161754 0.999657 -0.0272573 0.0 0.0 0.0 1.0
office/seq-08/color/frame-000732.color.png office/seq-08/color/frame-000735.color.png 0.998889 -0.0322477 0.0343544 -0.0506268 0.0329443 0.999259 -0.0199065 0.0412199 -0.0336871 0.0210162 0.999211 -0.0307305 0.0 0.0 0.0 1.0
office/seq-08/color/frame-000735.color.png office/seq-08/color/frame-000738.color.png 0.999681 -0.0138944 0.0210877 -0.0299555 0.0141688 0.999816 -0.0129131 0.0243078 -0.0209044 0.0132078 0.999694 -0.010733 0.0 0.0 0.0 1.0
office/seq-08/color/frame-000738.color.png office/seq-08/color/frame-000741.color.png 0.999862 -0.0163178 -0.00321735 -0.0104162 0.0162646 0.999741 -0.0159363 0.020916 0.00347651 0.0158817 0.999868 -0.0179777 0.0 0.0 0.0 1.0
office/seq-08/color/frame-000741.color.png office/seq-08/color/frame-000744.color.png 0.999773 0.0190016 -0.00964819 -0.0209013 -0.0191324 0.999724 -0.0136467 0.019586 0.00938622 0.0138281 0.99986 0.007245 0.0 0.0 0.0 1.0
office/seq-08/color/frame-000744.color.png office/seq-08/color/frame-000747.color.png 0.99989 0.0123417 -0.00819592 -0.0103607 -0.0124307 0.999863 -0.0108914 -0.00242323 0.00806048 0.010992 0.999907 -0.0216566 0.0 0.0 0.0 1.0
office/seq-08/color/frame-000747.color.png office/seq-08/color/frame-000750.color.png 0.999889 0.0130802 -0.00713994 -0.0332039 -0.0131495 0.999866 -0.00976351 0.00538161 0.00701121 0.00985636 0.999927 -0.01151 0.0 0.0 0.0 1.0
office/seq-08/color/frame-000750.color.png office/seq-08/color/frame-000753.color.png 0.999592 0.0156048 -0.0239352 -0.0216884 -0.0153779 0.999835 0.00963672 -0.00832003 0.0240816 -0.0092648 0.999667 0.0125164 0.0 0.0 0.0 1.0
office/seq-08/color/frame-000753.color.png office/seq-08/color/frame-000756.color.png 0.997624 0.0220112 -0.0652905 0.0106098 -0.0197453 0.999187 0.0351484 -0.0462297 0.0660112 -0.0337756 0.997247 0.0373234 0.0 0.0 0.0 1.0
office/seq-08/color/frame-000756.color.png office/seq-08/color/frame-000759.color.png 0.99784 0.00448763 -0.0655363 0.0144644 -0.00282325 0.999672 0.0254667 -0.0123112 0.065629 -0.0252267 0.997525 0.0201059 0.0 0.0 0.0 1.0
office/seq-08/color/frame-000759.color.png office/seq-08/color/frame-000762.color.png 0.999595 0.00336759 -0.0282627 -0.00508529 -0.00274164 0.999751 0.0221582 -0.0201043 0.0283303 -0.0220717 0.999355 0.0159312 0.0 0.0 0.0 1.0
office/seq-08/color/frame-000762.color.png office/seq-08/color/frame-000765.color.png 0.999383 0.0121119 -0.0329731 -0.00115216 -0.0115304 0.999776 0.0177674 -0.0137401 0.033181 -0.0173763 0.999298 0.00422806 0.0 0.0 0.0 1.0
office/seq-08/color/frame-000765.color.png office/seq-08/color/frame-000768.color.png 0.999667 0.00851441 -0.0243494 -0.0170763 -0.00806281 0.999795 0.0185867 -0.0161878 0.0245027 -0.0183842 0.999531 0.0139259 0.0 0.0 0.0 1.0
office/seq-08/color/frame-000768.color.png office/seq-08/color/frame-000771.color.png 0.999871 0.0081511 -0.0138579 -0.04403 -0.00801302 0.999918 0.0099885 0.0109444 0.0139384 -0.00987614 0.999854 0.00447696 0.0 0.0 0.0 1.0
office/seq-08/color/frame-000771.color.png office/seq-08/color/frame-000774.color.png 0.999923 -0.0100573 -0.00728722 -0.0256971 0.0101474 0.999871 0.0124297 -0.00893971 0.00716123 -0.0125027 0.999896 0.00325119 0.0 0.0 0.0 1.0
office/seq-08/color/frame-000774.color.png office/seq-08/color/frame-000777.color.png 0.999964 -0.00706072 -0.00472188 -0.052586 0.00709858 0.999942 0.00804697 0.00846636 0.00466474 -0.00808019 0.999956 -0.00251597 0.0 0.0 0.0 1.0
office/seq-08/color/frame-000777.color.png office/seq-08/color/frame-000780.color.png 0.999922 -0.000550028 -0.0124621 -0.0143638 0.00066179 0.99996 0.00896311 -0.00348836 0.0124566 -0.00897058 0.999882 -0.00736165 0.0 0.0 0.0 1.0
office/seq-08/color/frame-000780.color.png office/seq-08/color/frame-000783.color.png 0.999959 -0.00865923 -0.00283639 -0.0303168 0.00866535 0.99996 0.00216078 0.0145216 0.00281753 -0.00218532 0.999994 -0.00223356 0.0 0.0 0.0 1.0
office/seq-08/color/frame-000783.color.png office/seq-08/color/frame-000786.color.png 0.999889 0.0109165 -0.0101693 -0.0314395 -0.0108708 0.999931 0.00453399 -0.0110237 0.0102181 -0.00442294 0.999938 0.00609899 0.0 0.0 0.0 1.0
office/seq-08/color/frame-000786.color.png office/seq-08/color/frame-000789.color.png 0.999835 0.00555438 -0.0172709 -0.00997245 -0.00552505 0.999983 0.00174562 -0.0027062 0.0172803 -0.00164992 0.999849 -0.00359631 0.0 0.0 0.0 1.0
office/seq-08/color/frame-000789.color.png office/seq-08/color/frame-000792.color.png 0.999941 0.0103047 -0.00339639 -0.0271471 -0.0102764 0.999913 0.00825103 -0.00722903 0.00348131 -0.00821565 0.99996 -0.0187092 0.0 0.0 0.0 1.0
office/seq-08/color/frame-000792.color.png office/seq-08/color/frame-000795.color.png 0.999959 -0.00109257 0.00898165 -0.0266615 0.00104526 0.999986 0.00527504 0.00985289 -0.00898741 -0.00526543 0.999946 -0.0222855 0.0 0.0 0.0 1.0
office/seq-08/color/frame-000795.color.png office/seq-08/color/frame-000798.color.png 0.999924 -0.0105973 0.00630674 -0.0230296 0.0105931 0.999944 0.00069124 0.0174134 -0.00631361 -0.00062442 0.99998 -0.0252276 0.0 0.0 0.0 1.0
office/seq-08/color/frame-000798.color.png office/seq-08/color/frame-000801.color.png 0.999934 0.00681732 -0.00926891 -0.0133089 -0.00680043 0.999975 0.00184986 -0.00523534 0.00928107 -0.00178664 0.999955 -0.00534165 0.0 0.0 0.0 1.0
office/seq-08/color/frame-000801.color.png office/seq-08/color/frame-000804.color.png 0.999946 0.00964816 -0.00387534 -0.0177415 -0.00957029 0.999761 0.019637 -0.0182573 0.00406399 -0.0195989 0.9998 0.00772351 0.0 0.0 0.0 1.0
office/seq-08/color/frame-000804.color.png office/seq-08/color/frame-000807.color.png 0.999776 0.00781929 0.0196968 -0.0869064 -0.00803375 0.999909 0.0108336 -0.0164985 -0.0196103 -0.0109894 0.999747 -0.00352556 0.0 0.0 0.0 1.0
office/seq-08/color/frame-000807.color.png office/seq-08/color/frame-000810.color.png 0.999932 -0.000396969 0.0116802 -0.025083 0.00047169 0.999979 -0.00639698 0.00785896 -0.0116774 0.00640206 0.999911 -0.0327378 0.0 0.0 0.0 1.0
office/seq-08/color/frame-000810.color.png office/seq-08/color/frame-000813.color.png 0.999897 0.0131636 -0.00569787 -0.0193187 -0.0131205 0.999885 0.0075385 -0.018019 0.00579636 -0.00746301 0.999955 -0.00840485 0.0 0.0 0.0 1.0
office/seq-08/color/frame-000813.color.png office/seq-08/color/frame-000816.color.png 0.999945 -0.00909636 0.00532023 -0.0212784 0.00909847 0.999959 -0.000381219 0.0191047 -0.00531644 0.000429571 0.999986 -0.0294318 0.0 0.0 0.0 1.0
office/seq-08/color/frame-000816.color.png office/seq-08/color/frame-000819.color.png 0.999881 -0.00178556 -0.0153194 -0.00363839 0.00190299 0.999969 0.007653 0.00201306 0.0153053 -0.00768123 0.999853 0.00533414 0.0 0.0 0.0 1.0
office/seq-08/color/frame-000819.color.png office/seq-08/color/frame-000822.color.png 0.99978 -0.0056236 -0.0202229 0.00595951 0.0056514 0.999983 0.00131771 0.00885636 0.0202152 -0.0014317 0.999795 0.0223142 0.0 0.0 0.0 1.0
office/seq-08/color/frame-000822.color.png office/seq-08/color/frame-000825.color.png 0.99968 0.00266328 -0.0251565 0.00998473 -0.00253782 0.999984 0.00501738 -0.000460625 0.0251694 -0.00495195 0.999671 0.0142924 0.0 0.0 0.0 1.0
office/seq-08/color/frame-000825.color.png office/seq-08/color/frame-000828.color.png 0.999758 0.0182133 -0.0123672 -0.00670063 -0.0178008 0.999307 0.0326851 -0.037148 0.012954 -0.032457 0.999389 0.027043 0.0 0.0 0.0 1.0
office/seq-08/color/frame-000828.color.png office/seq-08/color/frame-000831.color.png 0.999985 -0.00183886 0.0051664 -0.00783861 0.00180035 0.999971 0.00744855 0.0018084 -0.00517992 -0.00743913 0.999959 0.0132577 0.0 0.0 0.0 1.0
office/seq-08/color/frame-000831.color.png office/seq-08/color/frame-000834.color.png 0.999531 0.00588978 -0.0300516 0.00249577 -0.00531614 0.999803 0.0191322 -0.0202021 0.0301583 -0.0189635 0.999365 0.0508592 0.0 0.0 0.0 1.0
office/seq-08/color/frame-000834.color.png office/seq-08/color/frame-000837.color.png 0.999375 -0.00313979 -0.0352178 0.0122532 0.00380482 0.999815 0.0188323 -0.0139322 0.0351522 -0.0189545 0.999202 0.064597 0.0 0.0 0.0 1.0
office/seq-08/color/frame-000837.color.png office/seq-08/color/frame-000840.color.png 0.99975 -0.0028576 -0.0221713 -0.00102532 0.00320744 0.999871 0.0157598 -0.0215971 0.0221234 -0.015827 0.99963 0.0422352 0.0 0.0 0.0 1.0
office/seq-08/color/frame-000840.color.png office/seq-08/color/frame-000843.color.png 0.999035 0.0103778 -0.0426664 0.0163735 -0.00925452 0.999608 0.0264406 -0.052202 0.042924 -0.0260202 0.998739 0.0758576 0.0 0.0 0.0 1.0
office/seq-08/color/frame-000843.color.png office/seq-08/color/frame-000846.color.png 0.999803 -0.000267616 -0.019858 0.0044415 0.000442625 0.999961 0.00880972 -0.0254719 0.0198548 -0.00881677 0.999764 0.0282566 0.0 0.0 0.0 1.0
office/seq-08/color/frame-000846.color.png office/seq-08/color/frame-000849.color.png 0.99986 0.00635098 -0.0154802 0.0030818 -0.00596439 0.999672 0.0248931 -0.044918 0.0156333 -0.0247972 0.99957 0.0195069 0.0 0.0 0.0 1.0
office/seq-08/color/frame-000849.color.png office/seq-08/color/frame-000852.color.png 0.999979 -0.00188649 -0.00624012 -0.000342011 0.00196559 0.999918 0.0126929 -0.0229108 0.0062156 -0.0127049 0.9999 0.00625628 0.0 0.0 0.0 1.0
office/seq-08/color/frame-000852.color.png office/seq-08/color/frame-000855.color.png 0.999945 -0.0023339 -0.0102568 0.000498891 0.00256127 0.99975 0.0222103 -0.0351256 0.0102025 -0.0222354 0.999701 0.0143849 0.0 0.0 0.0 1.0
office/seq-08/color/frame-000855.color.png office/seq-08/color/frame-000858.color.png 0.999805 -0.018708 -0.0063899 0.00613368 0.0187858 0.999747 0.0123375 -0.00617498 0.00615744 -0.0124551 0.999904 0.00640249 0.0 0.0 0.0 1.0
office/seq-08/color/frame-000858.color.png office/seq-08/color/frame-000861.color.png 0.999995 -0.00244712 0.00185267 -0.0046649 0.00242354 0.999917 0.0126175 -0.0262658 -0.00188344 -0.012613 0.999919 -0.00483692 0.0 0.0 0.0 1.0
office/seq-08/color/frame-000861.color.png office/seq-08/color/frame-000864.color.png 0.999971 -0.00578842 0.00484953 -0.00764275 0.0057382 0.99993 0.0103056 -0.0196101 -0.00490868 -0.0102775 0.999935 -0.0153847 0.0 0.0 0.0 1.0
office/seq-08/color/frame-000864.color.png office/seq-08/color/frame-000867.color.png 0.999961 -0.00824866 0.00309063 0.000285268 0.00821769 0.999917 0.0098981 -0.0175621 -0.00317213 -0.00987232 0.999946 -0.00456548 0.0 0.0 0.0 1.0
office/seq-08/color/frame-000867.color.png office/seq-08/color/frame-000870.color.png 0.999977 0.00665853 0.00162367 -0.00626886 -0.00667068 0.999949 0.0075872 -0.032434 -0.00157304 -0.00759785 0.99997 -0.00786495 0.0 0.0 0.0 1.0
office/seq-08/color/frame-000870.color.png office/seq-08/color/frame-000873.color.png 0.999962 0.00792679 -0.00367539 0.00201142 -0.00790498 0.999951 0.00590664 -0.0417207 0.00372205 -0.00587737 0.999976 -0.00892639 0.0 0.0 0.0 1.0
office/seq-08/color/frame-000873.color.png office/seq-08/color/frame-000876.color.png 0.999967 0.00438421 0.00688053 -0.00665081 -0.00440647 0.999985 0.00322076 -0.0251561 -0.00686637 -0.00325097 0.999971 -0.00953442 0.0 0.0 0.0 1.0
office/seq-08/color/frame-000876.color.png office/seq-08/color/frame-000879.color.png 0.999972 0.0059052 0.00452252 -0.00346959 -0.00590769 0.999982 0.000542474 -0.0345836 -0.00451917 -0.000569163 0.99999 -0.0145147 0.0 0.0 0.0 1.0
office/seq-08/color/frame-000879.color.png office/seq-08/color/frame-000882.color.png 0.999983 0.00117273 -0.00564406 0.003425 -0.00110217 0.999922 0.0124867 -0.0276555 0.00565816 -0.0124803 0.999906 0.00252187 0.0 0.0 0.0 1.0
office/seq-08/color/frame-000882.color.png office/seq-08/color/frame-000885.color.png 1.0 0.000874447 0.000209106 0.000800729 -0.000873008 0.999977 -0.00675828 -0.0116065 -0.000214984 0.0067581 0.999977 -0.0104127 0.0 0.0 0.0 1.0
office/seq-08/color/frame-000885.color.png office/seq-08/color/frame-000888.color.png 0.999892 0.0146991 -0.000396065 0.00167763 -0.0146886 0.999702 0.0195213 -0.0531403 0.000682853 -0.0195134 0.999809 -0.00466597 0.0 0.0 0.0 1.0
office/seq-08/color/frame-000888.color.png office/seq-08/color/frame-000891.color.png 0.999981 0.00395648 -0.00477271 0.00242758 -0.00394193 0.999987 0.0030579 -0.0314055 0.00478477 -0.00303901 0.999984 0.00182891 0.0 0.0 0.0 1.0
office/seq-08/color/frame-000891.color.png office/seq-08/color/frame-000894.color.png 0.999941 0.0101488 -0.00392641 0.00182545 -0.0100929 0.999851 0.0139957 -0.0410864 0.00406785 -0.0139553 0.999894 -0.00590909 0.0 0.0 0.0 1.0
office/seq-08/color/frame-000894.color.png office/seq-08/color/frame-000897.color.png 0.999969 0.00587635 -0.00529479 0.00479496 -0.00587741 0.999983 -0.000187049 -0.0278413 0.00529365 0.000218177 0.999986 -0.000749111 0.0 0.0 0.0 1.0
office/seq-08/color/frame-000897.color.png office/seq-08/color/frame-000900.color.png 0.999806 0.0176318 0.00879786 -0.000545263 -0.0177916 0.999672 0.018423 -0.0654807 -0.00847008 -0.0185759 0.999791 -0.0208912 0.0 0.0 0.0 1.0
office/seq-08/color/frame-000900.color.png office/seq-08/color/frame-000903.color.png 0.999926 0.00611356 -0.0104896 0.0136385 -0.00603075 0.999951 0.00790902 -0.0355881 0.0105373 -0.00784518 0.999914 -0.000310957 0.0 0.0 0.0 1.0
office/seq-08/color/frame-000903.color.png office/seq-08/color/frame-000906.color.png 0.999953 0.00805513 0.00547557 0.00380528 -0.00810176 0.999931 0.00855078 -0.0505591 -0.0054063 -0.00859475 0.999949 -0.0229435 0.0 0.0 0.0 1.0
office/seq-08/color/frame-000906.color.png office/seq-08/color/frame-000909.color.png 0.999904 0.00951147 0.0100428 0.00231636 -0.00961997 0.999895 0.0108102 -0.0471023 -0.009939 -0.0109058 0.999891 -0.0202338 0.0 0.0 0.0 1.0
office/seq-08/color/frame-000909.color.png office/seq-08/color/frame-000912.color.png 0.999999 -0.00136271 -0.000987035 0.0133427 0.00135878 0.999991 -0.00397503 -0.0178068 0.000992619 0.0039737 0.999992 -0.0107187 0.0 0.0 0.0 1.0
office/seq-08/color/frame-000912.color.png office/seq-08/color/frame-000915.color.png 0.999885 0.00515915 0.0142281 0.00772107 -0.00514359 0.999986 -0.00113067 -0.0242929 -0.0142338 0.00105736 0.999898 -0.0111318 0.0 0.0 0.0 1.0
office/seq-08/color/frame-000915.color.png office/seq-08/color/frame-000918.color.png 0.999946 0.0102168 0.00172766 0.0101861 -0.0102394 0.999854 0.0136639 -0.0495686 -0.00158782 -0.0136808 0.999905 -0.0135206 0.0 0.0 0.0 1.0
office/seq-08/color/frame-000918.color.png office/seq-08/color/frame-000921.color.png 0.999999 -0.000229411 -0.00112399 0.0350711 0.000217934 0.999948 -0.0102281 -0.0188273 0.00112624 0.0102278 0.999947 -0.0142828 0.0 0.0 0.0 1.0
office/seq-08/color/frame-000921.color.png office/seq-08/color/frame-000924.color.png 0.99977 0.00762408 0.0200213 0.0168664 -0.00788894 0.999882 0.0131838 -0.0619217 -0.0199184 -0.0133387 0.999713 -0.0338971 0.0 0.0 0.0 1.0
office/seq-08/color/frame-000924.color.png office/seq-08/color/frame-000927.color.png 0.99998 0.00224417 0.00592879 0.0277727 -0.00220597 0.999977 -0.00645556 -0.0120739 -0.0059432 0.00644235 0.999962 -0.0268405 0.0 0.0 0.0 1.0
office/seq-08/color/frame-000927.color.png office/seq-08/color/frame-000930.color.png 0.99979 -0.00179626 0.0203953 0.0320589 0.0021387 0.999857 -0.0167782 -0.0091638 -0.0203622 0.0168183 0.999651 -0.0316005 0.0 0.0 0.0 1.0
office/seq-08/color/frame-000930.color.png office/seq-08/color/frame-000933.color.png 0.999711 0.0120169 0.0208335 0.0366427 -0.0119496 0.999923 -0.00335075 -0.0440979 -0.0208722 0.00310083 0.999777 -0.0432597 0.0 0.0 0.0 1.0
office/seq-08/color/frame-000933.color.png office/seq-08/color/frame-000936.color.png 0.999908 -0.0054971 0.0123942 0.0383385 0.00569155 0.999861 -0.0157088 0.00102687 -0.012306 0.0157779 0.9998 -0.0342539 0.0 0.0 0.0 1.0
office/seq-08/color/frame-000936.color.png office/seq-08/color/frame-000939.color.png 0.999925 -0.00466431 0.011343 0.035928 0.00477029 0.999945 -0.00933051 0.0028269 -0.0112989 0.00938392 0.999892 -0.0265079 0.0 0.0 0.0 1.0
office/seq-08/color/frame-000939.color.png office/seq-08/color/frame-000942.color.png 0.999851 -0.00943977 0.0144597 0.0456143 0.00951601 0.999941 -0.00521196 0.00834236 -0.0144096 0.00534878 0.999882 -0.0230224 0.0 0.0 0.0 1.0
office/seq-08/color/frame-000942.color.png office/seq-08/color/frame-000945.color.png 0.999792 -0.0105506 0.0174346 0.0364307 0.0107618 0.999869 -0.012064 0.00350693 -0.0173052 0.0122491 0.999775 -0.0166593 0.0 0.0 0.0 1.0
office/seq-08/color/frame-000945.color.png office/seq-08/color/frame-000948.color.png 0.999949 0.000424402 0.0100851 0.0311934 -0.000436341 0.999999 0.00118 -0.00196952 -0.0100845 -0.00118435 0.999949 -0.00757757 0.0 0.0 0.0 1.0
office/seq-08/color/frame-000948.color.png office/seq-08/color/frame-000951.color.png 0.999972 -0.000318778 0.00745283 0.0439045 0.000226996 0.999924 0.0123166 -0.0057992 -0.00745619 -0.0123146 0.999896 0.00932994 0.0 0.0 0.0 1.0
office/seq-08/color/frame-000951.color.png office/seq-08/color/frame-000954.color.png 0.999971 -0.00643315 0.00403111 0.0706552 0.00643238 0.999979 0.000200376 -0.0110772 -0.00403232 -0.000174486 0.999992 0.000679016 0.0 0.0 0.0 1.0
office/seq-08/color/frame-000954.color.png office/seq-08/color/frame-000957.color.png 0.999956 0.00729188 0.00589825 0.0750195 -0.00728944 0.999973 -0.000435376 -0.037688 -0.00590123 0.000392387 0.999983 0.0168137 0.0 0.0 0.0 1.0
office/seq-08/color/frame-000957.color.png office/seq-08/color/frame-000960.color.png 0.999979 -0.00303948 0.00571459 0.051003 0.0031157 0.999906 -0.0133823 0.00893155 -0.00567342 0.0133999 0.999894 0.0309851 0.0 0.0 0.0 1.0
office/seq-08/color/frame-000960.color.png office/seq-08/color/frame-000963.color.png 0.999886 -0.0140731 0.00538829 0.0360997 0.0140806 0.9999 -0.00134828 -0.0137298 -0.00536876 0.00142402 0.999985 0.0154264 0.0 0.0 0.0 1.0
office/seq-08/color/frame-000963.color.png office/seq-08/color/frame-000966.color.png 0.999926 0.00191673 -0.0119794 0.0656031 -0.00204335 0.999942 -0.010568 -0.00127256 0.0119585 0.0105917 0.999873 0.0195359 0.0 0.0 0.0 1.0
office/seq-08/color/frame-000966.color.png office/seq-08/color/frame-000969.color.png 0.999901 0.00571144 -0.0128196 0.0559757 -0.00563762 0.999967 0.00578699 -0.00701696 0.0128522 -0.00571415 0.999901 0.016292 0.0 0.0 0.0 1.0
office/seq-08/color/frame-000969.color.png office/seq-08/color/frame-000972.color.png 0.999619 0.0161954 -0.0223395 0.0579399 -0.0159274 0.9998 0.0121252 -0.0238988 0.0225314 -0.0117648 0.999677 0.0319424 0.0 0.0 0.0 1.0
office/seq-08/color/frame-000972.color.png office/seq-08/color/frame-000975.color.png 0.998303 0.0242591 -0.052946 0.0847701 -0.0240307 0.999699 0.00494539 -0.0113066 0.0530499 -0.00366466 0.998585 0.0358486 0.0 0.0 0.0 1.0
office/seq-08/color/frame-000975.color.png office/seq-08/color/frame-000978.color.png 0.998802 0.0276656 -0.0403651 0.0883024 -0.0275607 0.999615 0.00315473 0.00106093 0.0404369 -0.00203845 0.99918 0.0202751 0.0 0.0 0.0 1.0
office/seq-08/color/frame-000978.color.png office/seq-08/color/frame-000981.color.png 0.999467 0.0128569 -0.0300001 0.0631743 -0.0130016 0.999905 -0.00463472 -0.0178207 0.0299376 0.0050223 0.999539 0.025792 0.0 0.0 0.0 1.0
office/seq-08/color/frame-000981.color.png office/seq-08/color/frame-000984.color.png 0.999793 0.00846549 -0.0185122 0.0542834 -0.00858586 0.999942 -0.0064337 -0.00826928 0.0184567 0.00659131 0.999808 0.01474 0.0 0.0 0.0 1.0
office/seq-08/color/frame-000984.color.png office/seq-08/color/frame-000987.color.png 0.999817 -0.0125659 -0.0144225 0.0519339 0.0123899 0.999848 -0.012224 -0.00486392 0.0145739 0.0120431 0.999821 0.0116814 0.0 0.0 0.0 1.0
office/seq-08/color/frame-000987.color.png office/seq-08/color/frame-000990.color.png 0.999901 -0.0107682 -0.00901222 0.037786 0.0105659 0.999698 -0.0222014 -0.00383675 0.00924861 0.022104 0.999713 0.0251936 0.0 0.0 0.0 1.0
office/seq-08/color/frame-000990.color.png office/seq-08/color/frame-000993.color.png 0.999697 -0.0131715 -0.0207901 0.0460251 0.0125304 0.999451 -0.0306724 0.0143929 0.0211827 0.0304026 0.999313 0.0370504 0.0 0.0 0.0 1.0
office/seq-08/color/frame-000993.color.png office/seq-08/color/frame-000996.color.png 0.999911 -0.00824996 -0.0105118 0.0430165 0.00814133 0.999913 -0.0103333 -0.0106034 0.0105962 0.0102468 0.999891 0.019541 0.0 0.0 0.0 1.0
office/seq-08/color/frame-000996.color.png office/seq-08/color/frame-000999.color.png 0.999916 -0.0104478 -0.00767397 0.0437064 0.0101798 0.999364 -0.0341771 0.00300103 0.00802616 0.0340961 0.999386 0.0517848 0.0 0.0 0.0 1.0
