redkitchen/seq-01/color/frame-000001.color.png redkitchen/seq-01/color/frame-000004.color.png 0.999999 0.00144236 0.000473111 0.000643395 -0.00144328 0.999997 0.00195944 0.000300957 -0.000470283 -0.00196012 0.999998 0.000832726 0.0 0.0 0.0 1.0
redkitchen/seq-01/color/frame-000004.color.png redkitchen/seq-01/color/frame-000007.color.png 0.999994 -0.00084876 -0.00347421 -0.000925779 0.0008415 0.999997 -0.00209054 0.000211596 0.00347597 0.00208761 0.999992 0.00141305 0.0 0.0 0.0 1.0
redkitchen/seq-01/color/frame-000007.color.png redkitchen/seq-01/color/frame-000010.color.png 0.999992 0.00374952 -0.00130567 -0.00519707 -0.00374762 0.999992 0.00145583 -0.00652613 0.00131112 -0.00145092 0.999998 0.00044953 0.0 0.0 0.0 1.0
redkitchen/seq-01/color/frame-000010.color.png redkitchen/seq-01/color/frame-000013.color.png 0.999967 0.00709233 -0.00400167 -0.00136743 -0.00709826 0.999974 -0.00146894 -0.00300801 0.00399114 0.00149729 0.999991 0.00294437 0.0 0.0 0.0 1.0
redkitchen/seq-01/color/frame-000013.color.png redkitchen/seq-01/color/frame-000016.color.png 0.999985 0.00477155 -0.00259088 -0.00378965 -0.00478075 0.999982 -0.0035547 -0.00196443 0.00257387 0.00356704 0.99999 0.000793274 0.0 0.0 0.0 1.0
redkitchen/seq-01/color/frame-000016.color.png redkitchen/seq-01/color/frame-000019.color.png 0.999995 0.00118947 -0.00290289 -0.00297808 -0.00119705 0.999996 -0.0026098 -0.000529424 0.00289978 0.00261327 0.999992 0.0020539 0.0 0.0 0.0 1.0
redkitchen/seq-01/color/frame-000019.color.png redkitchen/seq-01/color/frame-000022.color.png 0.999987 0.00418196 -0.00303987 -0.00480187 -0.00417822 0.999991 0.00123484 -0.0030635 0.00304501 -0.00122213 0.999994 0.000800686 0.0 0.0 0.0 1.0
redkitchen/seq-01/color/frame-000022.color.png redkitchen/seq-01/color/frame-000025.color.png 0.999985 0.00480612 -0.00256502 -0.00708295 -0.00479506 0.999979 0.00430016 -0.00237802 0.00258563 -0.0042878 0.999988 0.00520038 0.0 0.0 0.0 1.0
redkitchen/seq-01/color/frame-000025.color.png redkitchen/seq-01/color/frame-000028.color.png 0.999982 0.000956674 -0.00584796 -0.0056206 -0.0009251 0.999985 0.00539947 0.000659956 0.00585304 -0.00539396 0.999968 0.00547608 0.0 0.0 0.0 1.0
redkitchen/seq-01/color/frame-000028.color.png redkitchen/seq-01/color/frame-000031.color.png 0.999982 0.00188351 -0.00576144 -0.00374458 -0.00185529 0.999986 0.00489792 0.000516173 0.00577058 -0.00488714 0.999971 0.00669097 0.0 0.0 0.0 1.0
redkitchen/seq-01/color/frame-000031.color.png redkitchen/seq-01/color/frame-000034.color.png 0.999975 0.00435039 -0.00550802 -0.00768336 -0.00430439 0.999956 0.00833614 0.000827232 0.00554404 -0.00831224 0.99995 0.00732421 0.0 0.0 0.0 1.0
redkitchen/seq-01/color/frame-000034.color.png redkitchen/seq-01/color/frame-000037.color.png 0.999849 0.0151127 0.00860349 -0.00936082 -0.0151588 0.999871 0.00531722 -0.00185195 -0.00852201 -0.00544683 0.999949 0.0111137 0.0 0.0 0.0 1.0
redkitchen/seq-01/color/frame-000037.color.png redkitchen/seq-01/color/frame-000040.color.png 0.999947 -0.00759429 -0.00693542 -0.00882179 0.00764279 0.999946 0.00699378 -0.00668156 0.00688193 -0.00704642 0.999951 0.0152717 0.0 0.0 0.0 1.0
redkitchen/seq-01/color/frame-000040.color.png redkitchen/seq-01/color/frame-000043.color.png 0.999951 0.00950451 0.00288949 -0.00992137 -0.00951391 0.99995 0.0032596 0.000178751 -0.00285835 -0.00328693 0.999991 0.0128506 0.0 0.0 0.0 1.0
redkitchen/seq-01/color/frame-000043.color.png redkitchen/seq-01/color/frame-000046.color.png 0.999944 0.0099949 0.00336402 -0.0177296 -0.00995766 0.999891 -0.0109099 -0.00602633 -0.0034727 0.0108758 0.999935 0.0101814 0.0 0.0 0.0 1.0
redkitchen/seq-01/color/frame-000046.color.png redkitchen/seq-01/color/frame-000049.color.png 0.999988 0.00344203 -0.0033492 -0.0182462 -0.00345914 0.999981 -0.0051127 -0.00318038 0.00333155 0.00512422 0.999981 0.014898 0.0 0.0 0.0 1.0
redkitchen/seq-01/color/frame-000049.color.png redkitchen/seq-01/color/frame-000052.color.png 0.999996 0.00194136 0.00185336 -0.0277529 -0.00192076 0.999937 -0.0110453 -0.00210892 -0.00187469 0.0110417 0.999937 0.0130133 0.0 0.0 0.0 1.0
redkitchen/seq-01/color/frame-000052.color.png redkitchen/seq-01/color/frame-000055.color.png 0.999976 0.000950805 -0.00685903 -0.0245894 -0.000912257 0.999984 0.00562031 -0.00846413 0.00686425 -0.00561391 0.999961 0.0217638 0.0 0.0 0.0 1.0
redkitchen/seq-01/color/frame-000055.color.png redkitchen/seq-01/color/frame-000058.color.png 0.999978 0.00469096 -0.00468726 -0.0374298 -0.00464711 0.999946 0.00932274 -0.0099065 0.00473074 -0.00930075 0.999946 0.0190673 0.0 0.0 0.0 1.0
redkitchen/seq-01/color/frame-000058.color.png redkitchen/seq-01/color/frame-000061.color.png 0.999912 0.00520012 -0.012195 -0.0253644 -0.00505582 0.999917 0.0118343 -0.0132392 0.0122555 -0.0117716 0.999856 0.0238668 0.0 0.0 0.0 1.0
redkitchen/seq-01/color/frame-000061.color.png redkitchen/seq-01/color/frame-000064.color.png 0.999894 0.00801248 -0.0121862 -0.0213888 -0.00779885 0.999817 0.0174772 -0.0115505 0.012324 -0.0173803 0.999773 0.0265571 0.0 0.0 0.0 1.0
redkitchen/seq-01/color/frame-000064.color.png redkitchen/seq-01/color/frame-000067.color.png 0.999904 0.00718709 -0.0118352 -0.0219949 -0.00708357 0.999936 0.00876658 -0.0105179 0.0118974 -0.0086819 0.999892 0.0210764 0.0 0.0 0.0 1.0
redkitchen/seq-01/color/frame-000067.color.png redkitchen/seq-01/color/frame-000070.color.png 0.999887 0.0054517 -0.0140474 -0.0186324 -0.00532149 0.999943 0.00928845 -0.00950975 0.0140972 -0.00921263 0.999858 0.0168855 0.0 0.0 0.0 1.0
redkitchen/seq-01/color/frame-000070.color.png redkitchen/seq-01/color/frame-000073.color.png 0.999868 0.014048 -0.00810833 -0.0154446 -0.0139876 0.999875 0.00745397 -0.0119514 0.00821202 -0.00733961 0.999939 0.0162495 0.0 0.0 0.0 1.0
redkitchen/seq-01/color/frame-000073.color.png redkitchen/seq-01/color/frame-000076.color.png 0.999855 -0.0100033 -0.013787 -0.00962201 0.0100904 0.999929 0.00626137 -0.00614297 0.0137234 -0.00639955 0.999885 0.0166998 0.0 0.0 0.0 1.0
redkitchen/seq-01/color/frame-000076.color.png redkitchen/seq-01/color/frame-000079.color.png 0.999976 -0.00145989 -0.00676449 -0.00825551 0.00142851 0.999988 -0.00463943 -0.00755505 0.00677117 0.00462963 0.999966 0.0136563 0.0 0.0 0.0 1.0
redkitchen/seq-01/color/frame-000079.color.png redkitchen/seq-01/color/frame-000082.color.png 0.999935 -0.00332522 -0.0108674 -0.00232324 0.003268 0.999981 -0.00527784 -0.0121855 0.0108846 0.00524201 0.999927 0.00927779 0.0 0.0 0.0 1.0
redkitchen/seq-01/color/frame-000082.color.png redkitchen/seq-01/color/frame-000085.color.png 0.999972 -0.000383439 -0.00750294 -0.00226077 0.000319043 0.999963 -0.0085825 -0.00586024 0.00750601 0.00857987 0.999935 0.00677475 0.0 0.0 0.0 1.0
redkitchen/seq-01/color/frame-000085.color.png redkitchen/seq-01/color/frame-000088.color.png 0.9999 0.00424759 -0.0135094 0.00143608 -0.00431828 0.999977 -0.00520696 -0.00748284 0.0134869 0.00526478 0.999895 0.0132594 0.0 0.0 0.0 1.0
redkitchen/seq-01/color/frame-000088.color.png redkitchen/seq-01/color/frame-000091.color.png 0.999953 0.00832054 -0.00493953 -0.00765601 -0.00833392 0.999962 -0.00269185 -0.012661 0.00491694 0.00273289 0.999984 0.0117468 0.0 0.0 0.0 1.0
redkitchen/seq-01/color/frame-000091.color.png redkitchen/seq-01/color/frame-000094.color.png 0.999901 -0.0053108 -0.013058 -0.00667551 0.00527902 0.999983 -0.00246779 -0.0046466 0.0130709 0.00239861 0.999912 0.0135564 0.0 0.0 0.0 1.0
redkitchen/seq-01/color/frame-000094.color.png redkitchen/seq-01/color/frame-000097.color.png 0.999789 -0.00109428 -0.0205007 0.00240853 0.00106049 0.999998 -0.00165922 -0.0087148 0.0205025 0.00163713 0.999788 0.0233817 0.0 0.0 0.0 1.0
redkitchen/seq-01/color/frame-000097.color.png redkitchen/seq-01/color/frame-000100.color.png 0.999804 -0.0127197 -0.0151727 -0.0129956 0.0127065 0.999919 -0.000964732 -0.018255 0.0151837 0.000771758 0.999885 0.0249432 0.0 0.0 0.0 1.0
redkitchen/seq-01/color/frame-000100.color.png redkitchen/seq-01/color/frame-000103.color.png 0.999909 -0.00109141 -0.0134802 0.00431216 0.00096755 0.999957 -0.00919229 -0.019638 0.0134897 0.0091784 0.999867 0.0250981 0.0 0.0 0.0 1.0
redkitchen/seq-01/color/frame-000103.color.png redkitchen/seq-01/color/frame-000106.color.png 0.999966 -0.00111594 -0.00818423 -0.000564277 0.00102146 0.999933 -0.0115372 -0.0119696 0.00819656 0.0115285 0.9999 0.0211227 0.0 0.0 0.0 1.0
redkitchen/seq-01/color/frame-000106.color.png redkitchen/seq-01/color/frame-000109.color.png 0.999875 -0.00542118 -0.0148783 0.00683531 0.00532114 0.999963 -0.00675484 -0.00759053 0.0149143 0.00667482 0.999867 0.0242096 0.0 0.0 0.0 1.0
redkitchen/seq-01/color/frame-000109.color.png redkitchen/seq-01/color/frame-000112.color.png 0.999867 0.0127677 -0.0101293 -0.000205487 -0.0128112 0.999909 -0.00424048 -0.0275924 0.0100742 0.00436968 0.99994 0.0243902 0.0 0.0 0.0 1.0
redkitchen/seq-01/color/frame-000112.color.png redkitchen/seq-01/color/frame-000115.color.png 0.999612 -0.0177646 -0.021462 0.00818875 0.0176493 0.999829 -0.00554809 -0.00559074 0.0215569 0.00516714 0.999754 0.0281427 0.0 0.0 0.0 1.0
redkitchen/seq-01/color/frame-000115.color.png redkitchen/seq-01/color/frame-000118.color.png 0.999739 0.0199139 -0.0111958 0.00793636 -0.0199054 0.999801 0.000867942 -0.0253895 0.0112109 -0.000644854 0.999937 0.0180465 0.0 0.0 0.0 1.0
redkitchen/seq-01/color/frame-000118.color.png redkitchen/seq-01/color/frame-000121.color.png 0.999903 0.012769 -0.00556151 0.00300097 -0.0127753 0.999918 -0.00109454 -0.0202352 0.00554711 0.00116549 0.999984 0.0081968 0.0 0.0 0.0 1.0
redkitchen/seq-01/color/frame-000121.color.png redkitchen/seq-01/color/frame-000124.color.png 0.99977 0.00184444 -0.0213783 0.0110676 -0.00172652 0.999983 0.00553395 -0.019558 0.021388 -0.00549575 0.999756 0.0187473 0.0 0.0 0.0 1.0
redkitchen/seq-01/color/frame-000124.color.png redkitchen/seq-01/color/frame-000127.color.png 0.999815 0.013963 -0.0132579 0.00748712 -0.0140337 0.999888 -0.00525959 -0.0230005 0.0131829 0.00544466 0.999898 0.0258338 0.0 0.0 0.0 1.0
redkitchen/seq-01/color/frame-000127.color.png redkitchen/seq-01/color/frame-000130.color.png 0.999972 0.00248518 -0.0070827 0.00650206 -0.00255592 0.999947 -0.00999549 -0.0115167 0.00705752 0.0100133 0.999925 0.0158336 0.0 0.0 0.0 1.0
redkitchen/seq-01/color/frame-000130.color.png redkitchen/seq-01/color/frame-000133.color.png 0.999931 0.0103093 -0.00568408 0.00820878 -0.0103418 0.99993 -0.0057122 -0.0291199 0.00562475 0.00577059 0.999968 0.0131585 0.0 0.0 0.0 1.0
redkitchen/seq-01/color/frame-000133.color.png redkitchen/seq-01/color/frame-000136.color.png 0.99999 0.000557547 0.00445856 -0.00590223 -0.00053371 0.999986 -0.00533889 -0.015921 -0.00446141 0.00533646 0.999976 0.0140094 0.0 0.0 0.0 1.0
redkitchen/seq-01/color/frame-000136.color.png redkitchen/seq-01/color/frame-000139.color.png 0.999971 -0.00767557 -0.000138928 0.00322077 0.00767432 0.999944 -0.00723494 -0.00570229 0.000194441 0.00723365 0.999974 0.016186 0.0 0.0 0.0 1.0
redkitchen/seq-01/color/frame-000139.color.png redkitchen/seq-01/color/frame-000142.color.png 0.999982 -0.00294205 0.00522994 0.0125673 0.00300187 0.99993 -0.0114713 -0.018334 -0.00519581 0.0114868 0.99992 0.0096454 0.0 0.0 0.0 1.0
redkitchen/seq-01/color/frame-000142.color.png redkitchen/seq-01/color/frame-000145.color.png 0.999867 -0.00574127 0.0152759 0.00895363 0.00597229 0.999868 -0.0151181 -0.00470376 -0.0151871 0.0152073 0.999769 0.0089792 0.0 0.0 0.0 1.0
redkitchen/seq-01/color/frame-000145.color.png redkitchen/seq-01/color/frame-000148.color.png 0.999735 -0.000480364 0.0230166 -0.00365269 0.000614655 0.999983 -0.00582816 -0.0122301 -0.0230133 0.00584076 0.999718 -0.00463009 0.0 0.0 0.0 1.0
redkitchen/seq-01/color/frame-000148.color.png redkitchen/seq-01/color/frame-000151.color.png 0.999673 -0.00961682 0.023699 0.00072965 0.00984457 0.999906 -0.0095132 -0.00193611 -0.0236054 0.00974339 0.999674 0.00426644 0.0 0.0 0.0 1.0
redkitchen/seq-01/color/frame-000151.color.png redkitchen/seq-01/color/frame-000154.color.png 0.999548 -0.00121018 0.0300444 -0.00112364 0.00136417 0.999986 -0.00510567 -0.0138344 -0.0300378 0.00514435 0.999536 -0.0133101 0.0 0.0 0.0 1.0
redkitchen/seq-01/color/frame-000154.color.png redkitchen/seq-01/color/frame-000157.color.png 0.999676 -0.00830495 0.0240778 0.00040102 0.00832766 0.999965 -0.000843154 -0.00182402 -0.02407 0.00104339 0.99971 -0.00989306 0.0 0.0 0.0 1.0
redkitchen/seq-01/color/frame-000157.color.png redkitchen/seq-01/color/frame-000160.color.png 0.999565 -0.0151661 0.0252887 -0.0104717 0.0152224 0.999882 -0.00203244 0.0111182 -0.0252548 0.00241648 0.999678 -0.000400066 0.0 0.0 0.0 1.0
redkitchen/seq-01/color/frame-000160.color.png redkitchen/seq-01/color/frame-000163.color.png 0.999607 -0.0113538 0.0256308 -0.000821799 0.0115317 0.99991 -0.0068025 -0.00012821 -0.0255513 0.00709539 0.999648 -0.00429016 0.0 0.0 0.0 1.0
redkitchen/seq-01/color/frame-000163.color.png redkitchen/seq-01/color/frame-000166.color.png 0.99965 -0.0126627 0.0232506 0.00167628 0.0127143 0.999917 -0.00207039 -0.000848651 -0.0232225 0.00236529 0.999727 -0.0134941 0.0 0.0 0.0 1.0
redkitchen/seq-01/color/frame-000166.color.png redkitchen/seq-01/color/frame-000169.color.png 0.999692 -0.0104043 0.0225347 0.000480309 0.0104142 0.999946 -0.000321179 -0.000144839 -0.0225302 0.000555744 0.999746 -0.00929481 0.0 0.0 0.0 1.0
redkitchen/seq-01/color/frame-000169.color.png redkitchen/seq-01/color/frame-000172.color.png 0.999419 -0.0155804 0.0303084 -0.0190227 0.0156782 0.999873 -0.0029895 0.00592893 -0.0302579 0.00346294 0.999536 -0.00136071 0.0 0.0 0.0 1.0
redkitchen/seq-01/color/frame-000172.color.png redkitchen/seq-01/color/frame-000175.color.png 0.999635 -0.0191697 0.0190409 0.000135958 0.0192463 0.999807 -0.0038521 0.00658607 -0.0189634 0.00421718 0.999811 -0.00575048 0.0 0.0 0.0 1.0
redkitchen/seq-01/color/frame-000175.color.png redkitchen/seq-01/color/frame-000178.color.png 0.999559 -0.00066104 0.0296892 -0.00242539 0.000630647 0.999999 0.00103312 -0.00416136 -0.0296899 -0.00101396 0.999559 -0.0136219 0.0 0.0 0.0 1.0
redkitchen/seq-01/color/frame-000178.color.png redkitchen/seq-01/color/frame-000181.color.png 0.999481 -0.0202596 0.0250568 -0.0151816 0.0201393 0.999784 0.00504304 0.00106674 -0.0251535 -0.00453579 0.999673 -0.0082438 0.0 0.0 0.0 1.0
redkitchen/seq-01/color/frame-000181.color.png redkitchen/seq-01/color/frame-000184.color.png 0.999551 -0.0153293 0.0257296 -0.00137708 0.015389 0.999879 -0.00212592 0.00716907 -0.0256939 0.00252092 0.999667 -0.0113928 0.0 0.0 0.0 1.0
redkitchen/seq-01/color/frame-000184.color.png redkitchen/seq-01/color/frame-000187.color.png 0.999371 -0.0143367 0.032444 -0.0231273 0.0142979 0.999897 0.0014258 0.00424922 -0.0324611 -0.000961009 0.999472 -0.0111789 0.0 0.0 0.0 1.0
redkitchen/seq-01/color/frame-000187.color.png redkitchen/seq-01/color/frame-000190.color.png 0.999462 -0.0175431 0.0277262 -0.0105506 0.017441 0.99984 0.00391951 0.00471848 -0.0277906 -0.00343382 0.999608 -0.0165547 0.0 0.0 0.0 1.0
redkitchen/seq-01/color/frame-000190.color.png redkitchen/seq-01/color/frame-000193.color.png 0.999458 -0.0194082 0.0265714 -0.00875963 0.0192537 0.999796 0.0060583 0.00945053 -0.0266836 -0.00554343 0.999629 -0.00985828 0.0 0.0 0.0 1.0
redkitchen/seq-01/color/frame-000193.color.png redkitchen/seq-01/color/frame-000196.color.png 0.999377 -0.02185 0.027704 -0.0168398 0.0215798 0.999717 0.0100155 0.00330564 -0.0279151 -0.00941138 0.999566 -0.014235 0.0 0.0 0.0 1.0
redkitchen/seq-01/color/frame-000196.color.png redkitchen/seq-01/color/frame-000199.color.png 0.999588 -0.0145064 0.0247522 -0.00097131 0.0144434 0.999892 0.00272303 0.0155635 -0.024789 -0.00236441 0.99969 -0.0113897 0.0 0.0 0.0 1.0
redkitchen/seq-01/color/frame-000199.color.png redkitchen/seq-01/color/frame-000202.color.png 0.999472 -0.0290579 0.014546 -0.00512697 0.0290663 0.999577 -0.000365788 0.0185355 -0.0145293 0.000788389 0.999894 0.00191996 0.0 0.0 0.0 1.0
redkitchen/seq-01/color/frame-000202.color.png redkitchen/seq-01/color/frame-000205.color.png 0.999659 -0.0148585 0.0214597 -0.00631817 0.014786 0.999884 0.00353576 0.00480542 -0.0215097 -0.00321725 0.999763 -0.0243789 0.0 0.0 0.0 1.0
redkitchen/seq-01/color/frame-000205.color.png redkitchen/seq-01/color/frame-000208.color.png 0.9998 -0.0160392 0.0119446 -0.000308007 0.016042 0.999871 -0.000144593 0.0165529 -0.0119408 0.000336177 0.999929 -0.0116215 0.0 0.0 0.0 1.0
redkitchen/seq-01/color/frame-000208.color.png redkitchen/seq-01/color/frame-000211.color.png 0.999907 -0.010974 0.00811839 0.00777411 0.010979 0.99994 -0.000570977 0.0143875 -0.00811161 0.00066005 0.999967 -0.0137217 0.0 0.0 0.0 1.0
redkitchen/seq-01/color/frame-000211.color.png redkitchen/seq-01/color/frame-000214.color.png 0.999893 -0.0108575 0.00984329 -0.00128607 0.0108637 0.999941 -0.000580331 0.00723809 -0.00983644 0.000687204 0.999951 -0.0160187 0.0 0.0 0.0 1.0
redkitchen/seq-01/color/frame-000214.color.png redkitchen/seq-01/color/frame-000217.color.png 0.999842 -0.0145906 0.0101858 0.00429598 0.0146082 0.999892 -0.00165697 0.0121776 -0.0101606 0.00180551 0.999947 -0.0203807 0.0 0.0 0.0 1.0
redkitchen/seq-01/color/frame-000217.color.png redkitchen/seq-01/color/frame-000220.color.png 0.999858 -0.016796 0.00113344 0.019618 0.0168127 0.999718 -0.0167745 0.036968 -0.000851337 0.0167912 0.999859 0.00123811 0.0 0.0 0.0 1.0
redkitchen/seq-01/color/frame-000220.color.png redkitchen/seq-01/color/frame-000223.color.png 0.999915 -0.0129563 0.00174062 0.00955592 0.0129538 0.999915 0.00142458 0.0144322 -0.00175893 -0.0014019 0.999997 -0.0132015 0.0 0.0 0.0 1.0
redkitchen/seq-01/color/frame-000223.color.png redkitchen/seq-01/color/frame-000226.color.png 0.999897 -0.0124723 -0.00712327 0.0178865 0.0124408 0.999913 -0.00444235 0.0272666 0.00717806 0.00435329 0.999965 -0.00667477 0.0 0.0 0.0 1.0
redkitchen/seq-01/color/frame-000226.color.png redkitchen/seq-01/color/frame-000229.color.png 0.999939 -0.0110347 0.000704799 -0.00328239 0.0110361 0.999937 -0.00203962 0.0123159 -0.000682257 0.00204727 0.999998 -0.00591463 0.0 0.0 0.0 1.0
redkitchen/seq-01/color/frame-000229.color.png redkitchen/seq-01/color/frame-000232.color.png 0.999957 -0.0080493 -0.0045083 0.0173452 0.00801293 0.999936 -0.00803255 0.0349495 0.00457267 0.00799608 0.999958 -0.00141883 0.0 0.0 0.0 1.0
redkitchen/seq-01/color/frame-000232.color.png redkitchen/seq-01/color/frame-000235.color.png 0.999884 -0.0114648 -0.0100139 0.0136563 0.0114783 0.999933 0.00129398 0.00335145 0.00999839 -0.00140877 0.999949 -0.0139082 0.0 0.0 0.0 1.0
redkitchen/seq-01/color/frame-000235.color.png redkitchen/seq-01/color/frame-000238.color.png 0.999993 -0.00324815 -0.00167354 0.0150747 0.00323592 0.999968 -0.00726966 0.0259552 0.00169713 0.0072642 0.999972 -0.00360325 0.0 0.0 0.0 1.0
redkitchen/seq-01/color/frame-000238.color.png redkitchen/seq-01/color/frame-000241.color.png 0.999986 0.000320372 -0.00527104 0.0185568 -0.000336943 0.999995 -0.00314013 0.000309616 0.00526998 0.00314187 0.999981 -0.0160057 0.0 0.0 0.0 1.0
redkitchen/seq-01/color/frame-000241.color.png redkitchen/seq-01/color/frame-000244.color.png 0.999982 0.00359669 -0.00481866 0.0187573 -0.00367361 0.999864 -0.016053 0.0306242 0.00476027 0.0160704 0.99986 -0.00121465 0.0 0.0 0.0 1.0
redkitchen/seq-01/color/frame-000244.color.png redkitchen/seq-01/color/frame-000247.color.png 0.999976 0.00568272 0.00387347 0.00682189 -0.0056547 0.999958 -0.00720361 0.0192028 -0.00391423 0.00718152 0.999967 -0.00824606 0.0 0.0 0.0 1.0
redkitchen/seq-01/color/frame-000247.color.png redkitchen/seq-01/color/frame-000250.color.png 0.999972 0.00149725 -0.00730518 0.0143223 -0.00153733 0.999984 -0.00548152 0.0127186 0.00729682 0.00549263 0.999958 -0.00298217 0.0 0.0 0.0 1.0
redkitchen/seq-01/color/frame-000250.color.png redkitchen/seq-01/color/frame-000253.color.png 0.999938 0.00801355 0.00767603 0.0117606 -0.00795515 0.999939 -0.00760481 0.018155 -0.0077365 0.00754326 0.999942 -0.00496015 0.0 0.0 0.0 1.0
redkitchen/seq-01/color/frame-000253.color.png redkitchen/seq-01/color/frame-000256.color.png 0.999994 -0.0025867 0.0022143 0.00906314 0.00260488 0.999963 -0.00824673 0.0174939 -0.00219287 0.00825243 0.999963 -0.00125933 0.0 0.0 0.0 1.0
redkitchen/seq-01/color/frame-000256.color.png redkitchen/seq-01/color/frame-000259.color.png 0.999954 0.00757272 0.00595007 0.0140816 -0.00755039 0.999964 -0.00376456 0.0081639 -0.00597835 0.00371947 0.999975 0.000642091 0.0 0.0 0.0 1.0
redkitchen/seq-01/color/frame-000259.color.png redkitchen/seq-01/color/frame-000262.color.png 0.999969 0.00195882 0.00759592 0.00601991 -0.00189861 0.999967 -0.00792845 0.0163818 -0.00761119 0.00791379 0.99994 0.000453919 0.0 0.0 0.0 1.0
redkitchen/seq-01/color/frame-000262.color.png redkitchen/seq-01/color/frame-000265.color.png 0.999909 -0.0133783 -0.00167094 0.0146843 0.0133635 0.999874 -0.00862155 0.0238281 0.00178603 0.00859843 0.999961 -0.000256389 0.0 0.0 0.0 1.0
redkitchen/seq-01/color/frame-000265.color.png redkitchen/seq-01/color/frame-000268.color.png 0.999999 -0.00107447 -0.000459077 0.0209634 0.00107633 0.999991 0.00413609 0.00898378 0.000454658 -0.00413659 0.999991 -0.00227672 0.0 0.0 0.0 1.0
redkitchen/seq-01/color/frame-000268.color.png redkitchen/seq-01/color/frame-000271.color.png 0.999989 0.00274587 0.00382537 0.0177399 -0.00276234 0.999987 0.00431802 0.0206646 -0.0038135 -0.00432854 0.999983 -0.00236943 0.0 0.0 0.0 1.0
redkitchen/seq-01/color/frame-000271.color.png redkitchen/seq-01/color/frame-000274.color.png 0.999965 -0.00830443 -3.59256e-05 0.0115345 0.00830445 0.999945 0.00635327 0.00875112 -1.67798e-05 -0.00635334 0.99998 0.00526524 0.0 0.0 0.0 1.0
redkitchen/seq-01/color/frame-000274.color.png redkitchen/seq-01/color/frame-000277.color.png 0.999988 0.00488553 -0.000787904 0.0261496 -0.00487889 0.999955 0.00815938 0.0141224 0.00082769 -0.00815546 0.999966 -0.00372538 0.0 0.0 0.0 1.0
redkitchen/seq-01/color/frame-000277.color.png redkitchen/seq-01/color/frame-000280.color.png 0.999709 0.0240791 0.00118766 0.023783 -0.0240947 0.99959 0.0154804 0.0158186 -0.000814409 -0.0155045 0.99988 0.00524366 0.0 0.0 0.0 1.0
redkitchen/seq-01/color/frame-000280.color.png redkitchen/seq-01/color/frame-000283.color.png 0.999964 0.00830927 -0.00161659 0.0188829 -0.00831044 0.999965 -0.000736788 0.0150201 0.00161037 0.000750183 0.999998 0.00173715 0.0 0.0 0.0 1.0
redkitchen/seq-01/color/frame-000283.color.png redkitchen/seq-01/color/frame-000286.color.png 0.999955 -0.00140182 -0.00936523 0.0241416 0.00144193 0.99999 0.00428584 0.00582061 0.00935917 -0.00429914 0.999947 -0.00268558 0.0 0.0 0.0 1.0
redkitchen/seq-01/color/frame-000286.color.png redkitchen/seq-01/color/frame-000289.color.png 0.999951 0.00964865 -0.00226614 0.0230963 -0.00963699 0.999941 0.00509392 0.0175361 0.00231515 -0.00507181 0.999984 0.00720456 0.0 0.0 0.0 1.0
redkitchen/seq-01/color/frame-000289.color.png redkitchen/seq-01/color/frame-000292.color.png 0.999892 0.0119823 -0.00853572 0.0264651 -0.0119808 0.999928 0.000228136 0.0213113 0.00853783 -0.000125838 0.999964 -0.0012584 0.0 0.0 0.0 1.0
redkitchen/seq-01/color/frame-000292.color.png redkitchen/seq-01/color/frame-000295.color.png 0.999974 0.00587605 -0.00423822 0.0160044 -0.00584354 0.999954 0.00764885 0.00832001 0.00428294 -0.0076239 0.999962 -0.000215381 0.0 0.0 0.0 1.0
redkitchen/seq-01/color/frame-000295.color.png redkitchen/seq-01/color/frame-000298.color.png 0.999957 0.00498419 -0.00781221 0.0223484 -0.00493219 0.999966 0.00665721 0.0107523 0.00784515 -0.00661841 0.999947 -0.00538647 0.0 0.0 0.0 1.0
redkitchen/seq-01/color/frame-000298.color.png redkitchen/seq-01/color/frame-000301.color.png 0.999992 5.56736e-05 -0.00404493 0.0244823 -1.69112e-05 0.999954 0.00958843 0.00736148 0.00404529 -0.00958827 0.999946 0.00234193 0.0 0.0 0.0 1.0
redkitchen/seq-01/color/frame-000301.color.png redkitchen/seq-01/color/frame-000304.color.png 0.99995 -0.00855356 -0.00514275 0.0264021 0.00859554 0.999929 0.00819536 0.00011524 0.00507227 -0.00823916 0.999953 -0.015934 0.0 0.0 0.0 1.0
redkitchen/seq-01/color/frame-000304.color.png redkitchen/seq-01/color/frame-000307.color.png 0.999928 -0.0100047 0.00664605 0.0104047 0.00998536 0.999946 0.00294263 0.00547668 -0.00667518 -0.00287607 0.999974 0.00286493 0.0 0.0 0.0 1.0
redkitchen/seq-01/color/frame-000307.color.png redkitchen/seq-01/color/frame-000310.color.png 0.999971 -0.00746786 -0.00144207 0.0213825 0.00747632 0.999954 0.00598049 0.00134841 0.00139737 -0.00599109 0.999981 -0.00388476 0.0 0.0 0.0 1.0
redkitchen/seq-01/color/frame-000310.color.png redkitchen/seq-01/color/frame-000313.color.png 0.999981 0.000866767 0.0061488 0.0132387 -0.000889828 0.999993 0.00375209 0.020522 -0.00614547 -0.00375752 0.999974 9.14931e-05 0.0 0.0 0.0 1.0
redkitchen/seq-01/color/frame-000313.color.png redkitchen/seq-01/color/frame-000316.color.png 0.999982 -0.00510024 -0.00330491 0.0277284 0.0051506 0.999868 0.0154102 -0.000452869 0.0032259 -0.0154269 0.999876 -0.0133839 0.0 0.0 0.0 1.0
redkitchen/seq-01/color/frame-000316.color.png redkitchen/seq-01/color/frame-000319.color.png 0.99997 -0.00247671 -0.00727627 0.0205351 0.0024883 0.999996 0.00158464 0.00217607 0.00727228 -0.0016027 0.999972 -0.0150337 0.0 0.0 0.0 1.0
redkitchen/seq-01/color/frame-000319.color.png redkitchen/seq-01/color/frame-000322.color.png 0.999966 0.00477925 -0.00671019 0.0210262 -0.00473533 0.999967 0.0065371 0.0144485 0.00674125 -0.0065051 0.999956 -0.0126889 0.0 0.0 0.0 1.0
redkitchen/seq-01/color/frame-000322.color.png redkitchen/seq-01/color/frame-000325.color.png 0.999942 0.00948981 -0.00501886 0.0214409 -0.0094623 0.99994 0.00548342 0.0104503 0.0050706 -0.00543562 0.999972 -0.021345 0.0 0.0 0.0 1.0
redkitchen/seq-01/color/frame-000325.color.png redkitchen/seq-01/color/frame-000328.color.png 0.999929 0.00386152 -0.0112405 0.0219135 -0.00393706 0.99997 -0.006707 0.0108091 0.0112142 0.00675078 0.999914 -0.0212012 0.0 0.0 0.0 1.0
redkitchen/seq-01/color/frame-000328.color.png redkitchen/seq-01/color/frame-000331.color.png 0.999556 0.012177 -0.0272046 0.0392882 -0.0121615 0.999926 0.000731816 0.0195977 0.0272115 -0.000400642 0.99963 -0.0355593 0.0 0.0 0.0 1.0
redkitchen/seq-01/color/frame-000331.color.png redkitchen/seq-01/color/frame-000334.color.png 0.999674 0.0190649 -0.0169587 0.0192494 -0.0190977 0.999816 -0.00176917 0.0158743 0.0169219 0.00209246 0.999855 -0.0257237 0.0 0.0 0.0 1.0
redkitchen/seq-01/color/frame-000334.color.png redkitchen/seq-01/color/frame-000337.color.png 0.999819 0.0160407 -0.0102403 0.0237312 -0.0160826 0.999863 -0.00402144 0.0197756 0.0101744 0.00418541 0.999939 -0.0224508 0.0 0.0 0.0 1.0
redkitchen/seq-01/color/frame-000337.color.png redkitchen/seq-01/color/frame-000340.color.png 0.999804 0.00570063 -0.0189284 0.0410773 -0.00582619 0.999961 -0.00658451 0.0196949 0.0188902 0.0066935 0.999799 -0.0398054 0.0 0.0 0.0 1.0
redkitchen/seq-01/color/frame-000340.color.png redkitchen/seq-01/color/frame-000343.color.png 0.99997 -0.00137033 0.00766968 0.0168733 0.00136425 0.999999 0.000796984 0.00321555 -0.00767076 -0.000786493 0.99997 -0.00267519 0.0 0.0 0.0 1.0
redkitchen/seq-01/color/frame-000343.color.png redkitchen/seq-01/color/frame-000346.color.png 0.999987 -0.00448117 -0.00227286 0.0282191 0.00446224 0.999956 -0.00825907 0.00438976 0.00230975 0.00824884 0.999963 -0.018656 0.0 0.0 0.0 1.0
redkitchen/seq-01/color/frame-000346.color.png redkitchen/seq-01/color/frame-000349.color.png 0.999777 -0.0160168 0.0137934 0.0197017 0.0160828 0.99986 -0.00469061 -0.00447264 -0.0137163 0.0049114 0.999894 0.00315751 0.0 0.0 0.0 1.0
redkitchen/seq-01/color/frame-000349.color.png redkitchen/seq-01/color/frame-000352.color.png 0.999967 -0.00756673 -0.00297798 0.0298646 0.00754797 0.999952 -0.00627103 0.00474642 0.00302529 0.00624834 0.999976 -0.0161328 0.0 0.0 0.0 1.0
redkitchen/seq-01/color/frame-000352.color.png redkitchen/seq-01/color/frame-000355.color.png 0.99993 0.0110931 0.00420875 0.0192794 -0.0111144 0.999925 0.00508989 0.0122718 -0.00415196 -0.00513632 0.999978 -0.00907525 0.0 0.0 0.0 1.0
redkitchen/seq-01/color/frame-000355.color.png redkitchen/seq-01/color/frame-000358.color.png 0.999898 0.0085369 0.0114114 0.00486714 -0.00869882 0.999861 0.014214 0.00665127 -0.0112884 -0.0143119 0.999834 0.0135308 0.0 0.0 0.0 1.0
redkitchen/seq-01/color/frame-000358.color.png redkitchen/seq-01/color/frame-000361.color.png 0.999979 -0.00350032 -0.00541114 0.0300218 0.00354426 0.999961 0.00812822 0.00632986 0.00538248 -0.00814723 0.999952 -0.00918703 0.0 0.0 0.0 1.0
redkitchen/seq-01/color/frame-000361.color.png redkitchen/seq-01/color/frame-000364.color.png 0.999939 0.00268746 0.0107328 0.0127012 -0.00277338 0.999964 0.00799819 0.00323126 -0.010711 -0.00802747 0.99991 0.0080055 0.0 0.0 0.0 1.0
redkitchen/seq-01/color/frame-000364.color.png redkitchen/seq-01/color/frame-000367.color.png 0.999922 -0.0111568 0.00563955 0.0128742 0.0111706 0.999935 -0.00242482 -0.00392215 -0.00561209 0.00248764 0.999981 0.00163608 0.0 0.0 0.0 1.0
redkitchen/seq-01/color/frame-000367.color.png redkitchen/seq-01/color/frame-000370.color.png 0.999916 -0.0102052 0.00792621 0.0309706 0.0100977 0.999858 0.0134885 0.00888108 -0.00806276 -0.0134074 0.999877 0.00372957 0.0 0.0 0.0 1.0
redkitchen/seq-01/color/frame-000370.color.png redkitchen/seq-01/color/frame-000373.color.png 0.999983 -0.000115131 0.00575178 0.0166294 6.26612e-05 0.999958 0.00912015 0.00664619 -0.0057526 -0.00911964 0.999942 0.00621227 0.0 0.0 0.0 1.0
redkitchen/seq-01/color/frame-000373.color.png redkitchen/seq-01/color/frame-000376.color.png 0.999982 -0.0059195 -0.00134009 0.0284536 0.00594105 0.999843 0.0166806 0.00538184 0.00124112 -0.0166882 0.99986 0.00223617 0.0 0.0 0.0 1.0
redkitchen/seq-01/color/frame-000376.color.png redkitchen/seq-01/color/frame-000379.color.png 0.999978 -0.00669737 -0.000283746 0.0209618 0.00670066 0.999879 0.0140291 0.00645143 0.000189736 -0.0140307 0.999901 0.0104937 0.0 0.0 0.0 1.0
redkitchen/seq-01/color/frame-000379.color.png redkitchen/seq-01/color/frame-000382.color.png 0.999959 0.00502839 -0.00750212 0.0252004 -0.00487992 0.999794 0.0196771 0.011053 0.0075996 -0.0196396 0.999778 -0.00197372 0.0 0.0 0.0 1.0
redkitchen/seq-01/color/frame-000382.color.png redkitchen/seq-01/color/frame-000385.color.png 0.999871 0.0154189 0.00448293 0.0263101 -0.015553 0.99938 0.0315759 0.00988416 -0.00399334 -0.0316415 0.999491 0.0135894 0.0 0.0 0.0 1.0
redkitchen/seq-01/color/frame-000385.color.png redkitchen/seq-01/color/frame-000388.color.png 0.99998 0.00633599 -0.000463774 0.0180411 -0.0063352 0.999979 0.00162045 0.00324146 0.000474023 -0.00161747 0.999999 -0.00248782 0.0 0.0 0.0 1.0
redkitchen/seq-01/color/frame-000388.color.png redkitchen/seq-01/color/frame-000391.color.png 0.999967 0.00264974 0.00773414 0.00959992 -0.0026821 0.999988 0.00417279 -0.002845 -0.00772299 -0.00419339 0.999961 0.0148318 0.0 0.0 0.0 1.0
redkitchen/seq-01/color/frame-000391.color.png redkitchen/seq-01/color/frame-000394.color.png 0.999873 0.0127375 0.00958492 0.0227265 -0.0127372 0.999919 -8.87391e-05 0.00909421 -0.00958529 -3.33354e-05 0.999954 0.00917206 0.0 0.0 0.0 1.0
redkitchen/seq-01/color/frame-000394.color.png redkitchen/seq-01/color/frame-000397.color.png 0.999918 -0.00269532 0.0124811 0.0175952 0.00272024 0.999994 -0.00198299 -0.0130066 -0.0124756 0.00201676 0.99992 0.0120873 0.0 0.0 0.0 1.0
redkitchen/seq-01/color/frame-000397.color.png redkitchen/seq-01/color/frame-000400.color.png 0.999955 0.0018661 0.00933887 0.016063 -0.00176077 0.999935 -0.0112728 -0.00100182 -0.00935931 0.0112559 0.999893 0.00294091 0.0 0.0 0.0 1.0
redkitchen/seq-01/color/frame-000400.color.png redkitchen/seq-01/color/frame-000403.color.png 0.999703 0.0182972 0.016065 0.0130997 -0.0183194 0.999831 0.00123605 0.0115985 -0.0160396 -0.00152999 0.99987 0.018919 0.0 0.0 0.0 1.0
redkitchen/seq-01/color/frame-000403.color.png redkitchen/seq-01/color/frame-000406.color.png 0.999923 0.0104504 0.00670659 0.0100937 -0.0105281 0.999877 0.0116534 0.00188763 -0.00658396 -0.0117231 0.99991 0.0100263 0.0 0.0 0.0 1.0
redkitchen/seq-01/color/frame-000406.color.png redkitchen/seq-01/color/frame-000409.color.png 0.999789 0.00301181 0.0203136 0.0138603 -0.00314631 0.999973 0.00659145 -0.0106339 -0.0202932 -0.00665399 0.999772 0.0191022 0.0 0.0 0.0 1.0
redkitchen/seq-01/color/frame-000409.color.png redkitchen/seq-01/color/frame-000412.color.png 0.999794 0.00799614 0.0186342 0.007972 -0.00786155 0.999942 -0.00728392 -0.00264184 -0.0186914 0.00713592 0.9998 0.0157818 0.0 0.0 0.0 1.0
redkitchen/seq-01/color/frame-000412.color.png redkitchen/seq-01/color/frame-000415.color.png 0.999885 0.00910054 0.0121114 0.00653148 -0.00913527 0.999954 0.00281529 0.00237608 -0.0120852 -0.0029256 0.999923 0.0174082 0.0 0.0 0.0 1.0
redkitchen/seq-01/color/frame-000415.color.png redkitchen/seq-01/color/frame-000418.color.png 0.999979 -0.00206641 0.00606062 0.00767183 0.00211987 0.999959 -0.00882882 -0.018803 -0.00604214 0.0088415 0.999943 0.00532404 0.0 0.0 0.0 1.0
redkitchen/seq-01/color/frame-000418.color.png redkitchen/seq-01/color/frame-000421.color.png 0.999941 0.00736429 0.00801502 0.00942957 -0.00732436 0.999961 -0.0049994 -0.00368574 -0.00805156 0.00494039 0.999955 0.0023344 0.0 0.0 0.0 1.0
redkitchen/seq-01/color/frame-000421.color.png redkitchen/seq-01/color/frame-000424.color.png 0.999915 0.00724417 0.0108792 0.00131118 -0.00730384 0.999958 0.00545587 -0.0105987 -0.0108392 -0.00553486 0.999926 0.0143272 0.0 0.0 0.0 1.0
redkitchen/seq-01/color/frame-000424.color.png redkitchen/seq-01/color/frame-000427.color.png 0.999963 -0.00240661 0.00825019 -0.00257862 0.00242291 0.999995 -0.00196565 -0.0219834 -0.00824544 0.00198558 0.999964 0.0139008 0.0 0.0 0.0 1.0
redkitchen/seq-01/color/frame-000427.color.png redkitchen/seq-01/color/frame-000430.color.png 0.999974 0.00258633 -0.00677487 -0.00272679 -0.00262245 0.999982 -0.00532742 -0.01734 0.0067609 0.00534504 0.999963 -0.00214236 0.0 0.0 0.0 1.0
redkitchen/seq-01/color/frame-000430.color.png redkitchen/seq-01/color/frame-000433.color.png 0.999977 -0.00248157 -0.00637399 -0.00617075 0.00239726 0.99991 -0.0132013 -0.0275037 0.00640625 0.0131857 0.999893 -0.00349945 0.0 0.0 0.0 1.0
redkitchen/seq-01/color/frame-000433.color.png redkitchen/seq-01/color/frame-000436.color.png 0.999774 -0.0116659 -0.0177814 0.00161099 0.0112374 0.999649 -0.0240147 -0.0288217 0.0180553 0.0238095 0.999553 -0.0220233 0.0 0.0 0.0 1.0
redkitchen/seq-01/color/frame-000436.color.png redkitchen/seq-01/color/frame-000439.color.png 0.999699 0.023457 -0.00716404 -0.00939476 -0.023447 0.999724 0.00148345 0.00432953 0.00719693 -0.00131502 0.999973 -0.000174254 0.0 0.0 0.0 1.0
redkitchen/seq-01/color/frame-000439.color.png redkitchen/seq-01/color/frame-000442.color.png 0.999561 0.0266537 -0.0129469 -0.0103768 -0.026773 0.9996 -0.00912988 -0.00609121 0.0126983 0.0094725 0.999875 -0.0194602 0.0 0.0 0.0 1.0
redkitchen/seq-01/color/frame-000442.color.png redkitchen/seq-01/color/frame-000445.color.png 0.999464 0.0317117 -0.00812965 -0.015691 -0.0318436 0.999354 -0.0166388 0.0192478 0.00759674 0.0168888 0.999828 -0.00297052 0.0 0.0 0.0 1.0
redkitchen/seq-01/color/frame-000445.color.png redkitchen/seq-01/color/frame-000448.color.png 0.999622 0.0190924 -0.0197601 -0.0223662 -0.0194402 0.999657 -0.0175639 -0.00260714 0.019418 0.0179414 0.999651 -0.0165712 0.0 0.0 0.0 1.0
redkitchen/seq-01/color/frame-000448.color.png redkitchen/seq-01/color/frame-000451.color.png 0.99972 0.0159732 -0.017444 -0.0254394 -0.0161143 0.999838 -0.00797851 -0.0044713 0.0173137 0.00825736 0.999816 -0.0110116 0.0 0.0 0.0 1.0
redkitchen/seq-01/color/frame-000451.color.png redkitchen/seq-01/color/frame-000454.color.png 0.99991 0.00908466 -0.00983115 -0.0153838 -0.00908342 0.999959 0.000169991 -0.00863638 0.00983231 -8.06666e-05 0.999952 -0.0113767 0.0 0.0 0.0 1.0
redkitchen/seq-01/color/frame-000454.color.png redkitchen/seq-01/color/frame-000457.color.png 0.99979 0.0104358 -0.0176119 -0.0297598 -0.0105836 0.999909 -0.00832056 -0.0051849 0.0175234 0.00850521 0.99981 -0.0101997 0.0 0.0 0.0 1.0
redkitchen/seq-01/color/frame-000457.color.png redkitchen/seq-01/color/frame-000460.color.png 0.999717 0.0156517 -0.0179244 -0.03106 -0.0157832 0.999849 -0.00721616 0.000292525 0.0178087 0.00749701 0.999813 -0.0167857 0.0 0.0 0.0 1.0
redkitchen/seq-01/color/frame-000460.color.png redkitchen/seq-01/color/frame-000463.color.png 0.999396 -0.0101186 -0.0332481 -0.045589 0.00939996 0.99972 -0.0217004 -0.0161812 0.0334583 0.0213748 0.999211 -0.0236697 0.0 0.0 0.0 1.0
redkitchen/seq-01/color/frame-000463.color.png redkitchen/seq-01/color/frame-000466.color.png 0.999695 0.0176191 -0.0173012 -0.0507879 -0.0177718 0.999804 -0.00871625 0.0196575 0.0171443 0.00902109 0.999812 -0.00537495 0.0 0.0 0.0 1.0
redkitchen/seq-01/color/frame-000466.color.png redkitchen/seq-01/color/frame-000469.color.png 0.999498 -0.000566024 -0.0316897 -0.0413492 0.000292598 0.999963 -0.0086317 -0.000261337 0.0316934 0.00861809 0.99946 -0.0143695 0.0 0.0 0.0 1.0
redkitchen/seq-01/color/frame-000469.color.png redkitchen/seq-01/color/frame-000472.color.png 0.999315 0.00860206 -0.0359852 -0.0270258 -0.00844147 0.999954 0.00461212 0.0021521 0.0360232 -0.00430519 0.999342 -0.0391258 0.0 0.0 0.0 1.0
redkitchen/seq-01/color/frame-000472.color.png redkitchen/seq-01/color/frame-000475.color.png 0.999464 0.00647493 -0.0320789 -0.0259649 -0.00634719 0.999972 0.00408168 0.00934821 0.0321044 -0.00387589 0.999477 -0.0223565 0.0 0.0 0.0 1.0
redkitchen/seq-01/color/frame-000475.color.png redkitchen/seq-01/color/frame-000478.color.png 0.999541 -0.0036286 -0.0300874 -0.0176994 0.0036959 0.999991 0.00218186 -0.01311 0.0300792 -0.00229207 0.999545 -0.0272584 0.0 0.0 0.0 1.0
redkitchen/seq-01/color/frame-000478.color.png redkitchen/seq-01/color/frame-000481.color.png 0.999864 -0.00946496 -0.0134797 -0.0256012 0.0094908 0.999953 0.00185458 -0.00750406 0.0134615 -0.00198222 0.999907 -0.0170115 0.0 0.0 0.0 1.0
redkitchen/seq-01/color/frame-000481.color.png redkitchen/seq-01/color/frame-000484.color.png 0.999793 -0.0118777 -0.0165392 -0.0109124 0.0120055 0.999898 0.00765361 -0.0110896 0.0164466 -0.00785061 0.999834 -0.00924191 0.0 0.0 0.0 1.0
redkitchen/seq-01/color/frame-000484.color.png redkitchen/seq-01/color/frame-000487.color.png 0.999608 -0.0265089 -0.00895757 -0.0182776 0.02663 0.999552 0.0136872 -0.0281252 0.00859071 -0.0139204 0.999866 -0.00537217 0.0 0.0 0.0 1.0
redkitchen/seq-01/color/frame-000487.color.png redkitchen/seq-01/color/frame-000490.color.png 0.999959 -0.00885123 -0.00178692 -0.0172099 0.00885129 0.999961 2.78536e-05 0.00686781 0.00178661 -4.36444e-05 0.999998 0.00801732 0.0 0.0 0.0 1.0
redkitchen/seq-01/color/frame-000490.color.png redkitchen/seq-01/color/frame-000493.color.png 0.999919 -0.0123554 0.00301297 -0.0173714 0.0123376 0.999907 0.00585714 -0.00270338 -0.00308506 -0.0058195 0.999978 0.00599356 0.0 0.0 0.0 1.0
redkitchen/seq-01/color/frame-000493.color.png redkitchen/seq-01/color/frame-000496.color.png 0.999924 -0.00320008 0.0119449 -0.0144903 0.00308212 0.999946 0.00988109 -0.00800005 -0.0119759 -0.00984351 0.99988 0.0177548 0.0 0.0 0.0 1.0
redkitchen/seq-01/color/frame-000496.color.png redkitchen/seq-01/color/frame-000499.color.png 0.999929 -0.00979428 0.00673188 -0.0189656 0.00971606 0.999886 0.0115559 -0.0116283 -0.0068443 -0.0114897 0.99991 0.0135892 0.0 0.0 0.0 1.0
redkitchen/seq-01/color/frame-000499.color.png redkitchen/seq-01/color/frame-000502.color.png 0.999659 -0.0241804 0.00989669 -0.0222899 0.024085 0.999664 0.00964686 -0.0177632 -0.0101266 -0.0094052 0.999905 0.0158283 0.0 0.0 0.0 1.0
redkitchen/seq-01/color/frame-000502.color.png redkitchen/seq-01/color/frame-000505.color.png 0.999637 -0.0254823 0.00872152 -0.0150764 0.0253765 0.999605 0.0120336 -0.0228705 -0.00902473 -0.011808 0.999889 0.0164566 0.0 0.0 0.0 1.0
redkitchen/seq-01/color/frame-000505.color.png redkitchen/seq-01/color/frame-000508.color.png 0.999488 -0.0299578 0.0112843 -0.0339788 0.0298205 0.999481 0.0121492 -0.0272258 -0.0116424 -0.0118065 0.999863 0.0250843 0.0 0.0 0.0 1.0
redkitchen/seq-01/color/frame-000508.color.png redkitchen/seq-01/color/frame-000511.color.png 0.999775 -0.019326 0.0087211 -0.0198358 0.0192743 0.999796 0.00598257 -0.0084696 -0.00883495 -0.00581313 0.999944 0.014936 0.0 0.0 0.0 1.0
redkitchen/seq-01/color/frame-000511.color.png redkitchen/seq-01/color/frame-000514.color.png 0.99977 -0.0207892 0.00524307 -0.0199896 0.0207393 0.999741 0.00939917 -0.00947696 -0.00543711 -0.00928827 0.999942 0.0205928 0.0 0.0 0.0 1.0
redkitchen/seq-01/color/frame-000514.color.png redkitchen/seq-01/color/frame-000517.color.png 0.999858 -0.0157434 0.00598009 -0.0244099 0.0156556 0.999773 0.0144503 -0.0250788 -0.00620623 -0.0143546 0.999878 0.0145012 0.0 0.0 0.0 1.0
redkitchen/seq-01/color/frame-000517.color.png redkitchen/seq-01/color/frame-000520.color.png 0.999878 -0.0144587 0.00583216 -0.0223722 0.0144109 0.999863 0.00814419 -0.0141812 -0.00594911 -0.00805915 0.99995 0.0178696 0.0 0.0 0.0 1.0
redkitchen/seq-01/color/frame-000520.color.png redkitchen/seq-01/color/frame-000523.color.png 0.999818 -0.0185098 -0.00464103 -0.0109854 0.0184957 0.999824 -0.0030648 -0.0101109 0.00469694 0.0029784 0.999984 0.00864163 0.0 0.0 0.0 1.0
redkitchen/seq-01/color/frame-000523.color.png redkitchen/seq-01/color/frame-000526.color.png 0.99995 -0.00897067 0.00448429 -0.014404 0.00896718 0.99996 0.000793734 -0.0099095 -0.00449123 -0.000753483 0.99999 0.0114383 0.0 0.0 0.0 1.0
redkitchen/seq-01/color/frame-000526.color.png redkitchen/seq-01/color/frame-000529.color.png 0.999997 -0.00235765 -0.000390475 -0.0193024 0.00235794 0.999997 0.000714601 -0.00705482 0.00038879 -0.000715519 1.0 0.00824207 0.0 0.0 0.0 1.0
redkitchen/seq-01/color/frame-000529.color.png redkitchen/seq-01/color/frame-000532.color.png 0.999959 0.00720403 -0.0054406 0.000806212 -0.00724102 0.999951 -0.0068132 0.00353906 0.00539125 0.00685231 0.999962 0.00531682 0.0 0.0 0.0 1.0
redkitchen/seq-01/color/frame-000532.color.png redkitchen/seq-01/color/frame-000535.color.png 0.999891 -0.00155444 0.0146435 -0.0208203 0.0014689 0.999982 0.00585211 -0.00650704 -0.0146523 -0.00582997 0.999876 0.0143784 0.0 0.0 0.0 1.0
redkitchen/seq-01/color/frame-000535.color.png redkitchen/seq-01/color/frame-000538.color.png 0.99994 -0.0102428 -0.00384772 0.000923038 0.0101739 0.999795 -0.0175277 -0.00579542 0.00402647 0.0174875 0.999839 0.0103003 0.0 0.0 0.0 1.0
redkitchen/seq-01/color/frame-000538.color.png redkitchen/seq-01/color/frame-000541.color.png 0.999847 5.82171e-05 0.0174948 -0.0277536 8.34731e-05 0.999967 -0.00809617 0.000264332 -0.0174947 0.00809639 0.999814 0.0172225 0.0 0.0 0.0 1.0
redkitchen/seq-01/color/frame-000541.color.png redkitchen/seq-01/color/frame-000544.color.png 0.999982 -0.00154219 -0.0057321 -0.00371221 0.00152701 0.999995 -0.00265239 0.000993103 0.00573617 0.00264359 0.99998 0.00847688 0.0 0.0 0.0 1.0
redkitchen/seq-01/color/frame-000544.color.png redkitchen/seq-01/color/frame-000547.color.png 0.999946 -0.0102689 -0.00149239 -0.0207662 0.0102664 0.999946 -0.00171883 -0.0140558 0.00150996 0.00170342 0.999997 0.0100557 0.0 0.0 0.0 1.0
redkitchen/seq-01/color/frame-000547.color.png redkitchen/seq-01/color/frame-000550.color.png 0.999822 -0.0116992 -0.0148193 0.00275517 0.011577 0.999898 -0.00830267 0.00250575 0.014915 0.00812963 0.999856 0.00105286 0.0 0.0 0.0 1.0
redkitchen/seq-01/color/frame-000550.color.png redkitchen/seq-01/color/frame-000553.color.png 0.999848 0.007451 -0.0157969 0.00111499 -0.0075249 0.999961 -0.00462333 0.00242233 0.0157619 0.00474149 0.999865 0.0157007 0.0 0.0 0.0 1.0
redkitchen/seq-01/color/frame-000553.color.png redkitchen/seq-01/color/frame-000556.color.png 0.999955 -0.00125872 -0.00934607 -0.00999054 0.00129218 0.999993 0.00357517 -0.01276 0.0093415 -0.00358709 0.99995 0.0126191 0.0 0.0 0.0 1.0
redkitchen/seq-01/color/frame-000556.color.png redkitchen/seq-01/color/frame-000559.color.png 0.999736 0.0228869 -0.00209118 -0.00326315 -0.0228604 0.999668 0.0119071 0.00530246 0.002363 -0.0118562 0.999927 0.0230006 0.0 0.0 0.0 1.0
redkitchen/seq-01/color/frame-000559.color.png redkitchen/seq-01/color/frame-000562.color.png 0.99984 0.00181996 -0.0177945 0.00357902 -0.00178982 0.999997 0.00171012 -0.00467081 0.0177976 -0.001678 0.99984 0.0150008 0.0 0.0 0.0 1.0
redkitchen/seq-01/color/frame-000562.color.png redkitchen/seq-01/color/frame-000565.color.png 0.999993 -0.000970978 -0.00366558 -0.0150133 0.000962705 0.999997 -0.00225099 -0.0231574 0.00366775 0.00224744 0.999991 0.0241656 0.0 0.0 0.0 1.0
redkitchen/seq-01/color/frame-000565.color.png redkitchen/seq-01/color/frame-000568.color.png 0.999958 0.00664951 -0.00635267 -0.00128633 -0.00671822 0.999919 -0.010852 0.00540838 0.00627999 0.0108942 0.999921 0.0229683 0.0 0.0 0.0 1.0
redkitchen/seq-01/color/frame-000568.color.png redkitchen/seq-01/color/frame-000571.color.png 0.99974 0.00618662 -0.0219534 0.00523871 -0.0063765 0.999943 -0.00859127 -0.016859 0.021899 0.00872902 0.999722 0.0166698 0.0 0.0 0.0 1.0
redkitchen/seq-01/color/frame-000571.color.png redkitchen/seq-01/color/frame-000574.color.png 0.999747 0.0220188 0.00448462 -0.0104184 -0.0220552 0.999723 0.00822942 -0.00744858 -0.00430217 -0.00832625 0.999956 0.0116627 0.0 0.0 0.0 1.0
redkitchen/seq-01/color/frame-000574.color.png redkitchen/seq-01/color/frame-000577.color.png 0.999918 0.0117567 -0.00515661 -0.0273688 -0.0118159 0.999863 -0.0116103 -0.00534341 0.0050194 0.0116703 0.999919 0.0178869 0.0 0.0 0.0 1.0
redkitchen/seq-01/color/frame-000577.color.png redkitchen/seq-01/color/frame-000580.color.png 0.999637 0.000369253 -0.0269257 -0.00567201 -0.000680424 0.999933 -0.0115476 -0.000401229 0.0269196 0.0115618 0.999571 0.0126181 0.0 0.0 0.0 1.0
redkitchen/seq-01/color/frame-000580.color.png redkitchen/seq-01/color/frame-000583.color.png 0.999914 -0.00457841 -0.0122677 -0.0219728 0.00446649 0.999948 -0.00913818 0.00976753 0.0123089 0.0090826 0.999883 0.0166641 0.0 0.0 0.0 1.0
redkitchen/seq-01/color/frame-000583.color.png redkitchen/seq-01/color/frame-000586.color.png 0.999886 0.00595345 -0.0138392 -0.0150272 -0.00586451 0.999962 0.00646351 0.000139385 0.0138771 -0.00638163 0.999883 -0.00205177 0.0 0.0 0.0 1.0
redkitchen/seq-01/color/frame-000586.color.png redkitchen/seq-01/color/frame-000589.color.png 0.999802 -0.00298075 -0.0196817 -0.00916263 0.00334876 0.99982 0.01869 -0.0135322 0.0196225 -0.0187522 0.999632 0.00713885 0.0 0.0 0.0 1.0
redkitchen/seq-01/color/frame-000589.color.png redkitchen/seq-01/color/frame-000592.color.png 0.999962 -0.00844955 0.00211655 -0.0300415 0.00842854 0.999917 0.0097348 -0.01054 -0.00219866 -0.0097166 0.99995 0.00967866 0.0 0.0 0.0 1.0
redkitchen/seq-01/color/frame-000592.color.png redkitchen/seq-01/color/frame-000595.color.png 0.999959 -0.00497705 0.00762483 -0.0195329 0.00493571 0.999973 0.00542911 -0.010044 -0.00765166 -0.00539125 0.999956 0.0107951 0.0 0.0 0.0 1.0
redkitchen/seq-01/color/frame-000595.color.png redkitchen/seq-01/color/frame-000598.color.png 0.999703 -0.00719857 0.0233009 -0.0431536 0.00696296 0.999924 0.0101787 -0.0144256 -0.0233724 -0.0100134 0.999677 0.00698096 0.0 0.0 0.0 1.0
redkitchen/seq-01/color/frame-000598.color.png redkitchen/seq-01/color/frame-000601.color.png 0.999853 -0.0021286 0.0169951 -0.0276911 0.00220782 0.999987 -0.00464596 -0.00113893 -0.016985 0.0046828 0.999845 0.00796616 0.0 0.0 0.0 1.0
redkitchen/seq-01/color/frame-000601.color.png redkitchen/seq-01/color/frame-000604.color.png 0.999844 -0.0172134 0.00395375 -0.0253369 0.0171976 0.999844 0.00401357 -0.00877112 -0.00402221 -0.00394495 0.999984 -0.00184363 0.0 0.0 0.0 1.0
redkitchen/seq-01/color/frame-000604.color.png redkitchen/seq-01/color/frame-000607.color.png 0.999698 0.0101754 0.0223833 -0.0336165 -0.0102122 0.999947 0.00152772 -0.00288627 -0.0223665 -0.00175584 0.999748 0.00480473 0.0 0.0 0.0 1.0
redkitchen/seq-01/color/frame-000607.color.png redkitchen/seq-01/color/frame-000610.color.png 0.999903 -0.0100879 0.00961316 -0.0339786 0.0100794 0.999949 0.000929355 -0.00914013 -0.00962204 -0.000832369 0.999953 0.000640452 0.0 0.0 0.0 1.0
redkitchen/seq-01/color/frame-000610.color.png redkitchen/seq-01/color/frame-000613.color.png 0.999931 0.00695246 0.009519 -0.021911 -0.0069389 0.999975 -0.00146015 -0.0102715 -0.00952892 0.00139399 0.999954 0.000330567 0.0 0.0 0.0 1.0
redkitchen/seq-01/color/frame-000613.color.png redkitchen/seq-01/color/frame-000616.color.png 0.999983 -0.00485189 -0.00309591 -0.0186193 0.00484066 0.999982 -0.00362971 -0.00606987 0.00311347 0.00361467 0.999989 -0.00131875 0.0 0.0 0.0 1.0
redkitchen/seq-01/color/frame-000616.color.png redkitchen/seq-01/color/frame-000619.color.png 0.999803 0.0198427 -0.000613242 -0.0150619 -0.0198447 0.999797 -0.0033928 -0.000680625 0.000545797 0.0034043 0.999994 -0.00275886 0.0 0.0 0.0 1.0
redkitchen/seq-01/color/frame-000619.color.png redkitchen/seq-01/color/frame-000622.color.png 0.999867 0.00166005 -0.0162507 -0.0050872 -0.00177538 0.999973 -0.00708602 0.00305513 0.0162385 0.00711393 0.999843 0.00146943 0.0 0.0 0.0 1.0
redkitchen/seq-01/color/frame-000622.color.png redkitchen/seq-01/color/frame-000625.color.png 0.999623 0.00696111 -0.0265711 -0.00480593 -0.00697053 0.999976 -0.000261879 -0.00347933 0.0265686 0.000446995 0.999647 -0.00243461 0.0 0.0 0.0 1.0
redkitchen/seq-01/color/frame-000625.color.png redkitchen/seq-01/color/frame-000628.color.png 0.999663 0.00800095 -0.0246837 -0.00239967 -0.00823059 0.999924 -0.00921511 0.0186734 0.0246081 0.00941517 0.999653 -0.00440991 0.0 0.0 0.0 1.0
redkitchen/seq-01/color/frame-000628.color.png redkitchen/seq-01/color/frame-000631.color.png 0.999375 0.00292868 -0.0352356 0.0161297 -0.00289135 0.999995 0.00111022 -0.00609839 0.0352387 -0.00100764 0.999378 0.000368059 0.0 0.0 0.0 1.0
redkitchen/seq-01/color/frame-000631.color.png redkitchen/seq-01/color/frame-000634.color.png 0.999849 0.0104529 -0.0138732 -0.000243206 -0.0103685 0.999928 0.00613631 -0.00347653 0.0139363 -0.00599154 0.999885 -0.00200784 0.0 0.0 0.0 1.0
redkitchen/seq-01/color/frame-000634.color.png redkitchen/seq-01/color/frame-000637.color.png 0.999877 0.00267019 -0.0154716 -0.00551339 -0.00269769 0.999995 -0.00175707 -0.00160947 0.0154668 0.00179859 0.999879 0.00231314 0.0 0.0 0.0 1.0
redkitchen/seq-01/color/frame-000637.color.png redkitchen/seq-01/color/frame-000640.color.png 0.999974 0.0037103 -0.00622265 -0.00715003 -0.00374547 0.999977 -0.00565019 0.00528589 0.00620151 0.00567335 0.999965 0.0033257 0.0 0.0 0.0 1.0
redkitchen/seq-01/color/frame-000640.color.png redkitchen/seq-01/color/frame-000643.color.png 0.99999 0.00352282 -0.00260538 -0.0048633 -0.00352436 0.999994 -0.000591596 -0.00466222 0.00260334 0.000600775 0.999996 0.00881779 0.0 0.0 0.0 1.0
redkitchen/seq-01/color/frame-000643.color.png redkitchen/seq-01/color/frame-000646.color.png 0.999978 0.00496028 0.00449953 -0.0168883 -0.00498019 0.999978 0.00443278 -0.0112249 -0.00447743 -0.00445508 0.99998 0.00896442 0.0 0.0 0.0 1.0
redkitchen/seq-01/color/frame-000646.color.png redkitchen/seq-01/color/frame-000649.color.png 0.999962 -0.00218432 0.00845214 -0.0208044 0.00217419 0.999997 0.00120745 -0.0034993 -0.00845478 -0.00118903 0.999964 0.0173407 0.0 0.0 0.0 1.0
redkitchen/seq-01/color/frame-000649.color.png redkitchen/seq-01/color/frame-000652.color.png 0.999892 -0.00290787 0.0144152 -0.0240668 0.00283812 0.999984 0.00485633 -0.0107275 -0.0144291 -0.00481489 0.999884 0.00826162 0.0 0.0 0.0 1.0
redkitchen/seq-01/color/frame-000652.color.png redkitchen/seq-01/color/frame-000655.color.png 0.999685 -0.0139054 0.0208897 -0.0395404 0.0138341 0.999898 0.00355462 -0.0124967 -0.020937 -0.00326451 0.999775 0.0146418 0.0 0.0 0.0 1.0
redkitchen/seq-01/color/frame-000655.color.png redkitchen/seq-01/color/frame-000658.color.png 0.999715 -0.0191117 0.0143028 -0.0373167 0.0189835 0.999779 0.00904973 -0.0230319 -0.0144726 -0.00877564 0.999857 0.00702703 0.0 0.0 0.0 1.0
redkitchen/seq-01/color/frame-000658.color.png redkitchen/seq-01/color/frame-000661.color.png 0.999781 0.00881738 0.018972 -0.0299897 -0.00895122 0.999936 0.00697923 -0.0152326 -0.0189092 -0.00714753 0.999795 0.0175875 0.0 0.0 0.0 1.0
redkitchen/seq-01/color/frame-000661.color.png redkitchen/seq-01/color/frame-000664.color.png 0.999941 -0.0105424 0.00266276 -0.0283207 0.0105234 0.99992 0.00704523 -0.0190207 -0.00273682 -0.00701678 0.999972 0.0150813 0.0 0.0 0.0 1.0
redkitchen/seq-01/color/frame-000664.color.png redkitchen/seq-01/color/frame-000667.color.png 0.999859 0.000503216 0.0167573 -0.0298317 -0.000515875 1.0 0.000749544 -0.00843412 -0.0167569 -0.00075809 0.999859 0.0101757 0.0 0.0 0.0 1.0
redkitchen/seq-01/color/frame-000667.color.png redkitchen/seq-01/color/frame-000670.color.png 0.999884 -0.0149346 -0.00303179 -0.016795 0.0149245 0.999883 -0.00332094 -0.00293547 0.00308102 0.00327531 0.99999 0.0190103 0.0 0.0 0.0 1.0
redkitchen/seq-01/color/frame-000670.color.png redkitchen/seq-01/color/frame-000673.color.png 0.999983 -0.00323336 0.00476465 -0.0197904 0.00322286 0.999992 0.00220593 -0.00619301 -0.00477173 -0.00219054 0.999986 0.00755936 0.0 0.0 0.0 1.0
redkitchen/seq-01/color/frame-000673.color.png redkitchen/seq-01/color/frame-000676.color.png 0.999961 -0.00575202 0.00677145 -0.0127769 0.00567398 0.999918 0.0114938 -0.0154777 -0.00683702 -0.0114549 0.999911 0.00268334 0.0 0.0 0.0 1.0
redkitchen/seq-01/color/frame-000676.color.png redkitchen/seq-01/color/frame-000679.color.png 0.99988 -0.0127443 -0.0087699 0.00020422 0.0128597 0.99983 0.0132276 -0.014737 0.00859984 -0.0133388 0.999874 0.0104613 0.0 0.0 0.0 1.0
redkitchen/seq-01/color/frame-000679.color.png redkitchen/seq-01/color/frame-000682.color.png 0.999977 -0.00615005 0.00303091 -0.0164443 0.00610153 0.999857 0.0157703 -0.0159579 -0.00312748 -0.0157514 0.999871 0.00740349 0.0 0.0 0.0 1.0
redkitchen/seq-01/color/frame-000682.color.png redkitchen/seq-01/color/frame-000685.color.png 0.999985 0.00543893 0.000743379 0.00384191 -0.00545378 0.999749 0.0217193 -0.0237231 -0.00062506 -0.0217231 0.999764 0.00404269 0.0 0.0 0.0 1.0
redkitchen/seq-01/color/frame-000685.color.png redkitchen/seq-01/color/frame-000688.color.png 0.999959 -0.00680165 -0.00603831 0.0059348 0.00679644 0.999976 -0.000878858 -0.00230983 0.00604415 0.000837769 0.999981 0.0202308 0.0 0.0 0.0 1.0
redkitchen/seq-01/color/frame-000688.color.png redkitchen/seq-01/color/frame-000691.color.png 0.999999 0.00035367 0.00162257 0.00297356 -0.00035361 1.0 -3.58449e-05 -0.0151462 -0.00162257 3.52856e-05 0.999999 0.0163984 0.0 0.0 0.0 1.0
redkitchen/seq-01/color/frame-000691.color.png redkitchen/seq-01/color/frame-000694.color.png 0.999964 -0.00495144 0.0068135 0.000540257 0.0050109 0.999949 -0.00874152 0.00381005 -0.00676988 0.00877533 0.999939 0.0196381 0.0 0.0 0.0 1.0
redkitchen/seq-01/color/frame-000694.color.png redkitchen/seq-01/color/frame-000697.color.png 0.999934 -0.00356021 0.0109603 -0.00820425 0.00360443 0.999985 -0.00401007 0.00167233 -0.0109459 0.00404931 0.999932 0.00781995 0.0 0.0 0.0 1.0
redkitchen/seq-01/color/frame-000697.color.png redkitchen/seq-01/color/frame-000700.color.png 0.999953 -0.00954116 0.00171238 0.000187084 0.00953765 0.999952 0.00204982 -0.00484782 -0.00173186 -0.00203338 0.999997 0.0125033 0.0 0.0 0.0 1.0
redkitchen/seq-01/color/frame-000700.color.png redkitchen/seq-01/color/frame-000703.color.png 0.999939 -0.00815624 0.00744319 -0.00938623 0.00814651 0.999966 0.00133366 0.00935739 -0.00745383 -0.00127294 0.999971 0.0197417 0.0 0.0 0.0 1.0
redkitchen/seq-01/color/frame-000703.color.png redkitchen/seq-01/color/frame-000706.color.png 0.999953 -0.00662932 0.0070402 0.0104033 0.00657131 0.999945 0.00823285 -0.0172375 -0.00709439 -0.0081862 0.999941 -0.005588 0.0 0.0 0.0 1.0
redkitchen/seq-01/color/frame-000706.color.png redkitchen/seq-01/color/frame-000709.color.png 0.999752 -0.0201483 0.00942303 -0.0110338 0.0200798 0.999772 0.00731099 -0.00128937 -0.00956818 -0.00711997 0.999929 0.0113298 0.0 0.0 0.0 1.0
redkitchen/seq-01/color/frame-000709.color.png redkitchen/seq-01/color/frame-000712.color.png 0.999771 -0.0185979 0.0106031 -0.0079505 0.0185833 0.999826 0.00147414 -0.00782055 -0.0106287 -0.00127676 0.999943 0.00240314 0.0 0.0 0.0 1.0
redkitchen/seq-01/color/frame-000712.color.png redkitchen/seq-01/color/frame-000715.color.png 0.999925 -0.00609526 0.0106033 -0.013148 0.00602825 0.999962 0.00633706 -0.00825679 -0.0106415 -0.00627268 0.999924 -0.00460821 0.0 0.0 0.0 1.0
redkitchen/seq-01/color/frame-000715.color.png redkitchen/seq-01/color/frame-000718.color.png 0.999827 -0.0122704 0.0139689 -0.0163714 0.0121986 0.999912 0.00521414 -0.00300354 -0.0140316 -0.00504283 0.999889 0.00372553 0.0 0.0 0.0 1.0
redkitchen/seq-01/color/frame-000718.color.png redkitchen/seq-01/color/frame-000721.color.png 0.999882 -0.0114122 0.0103181 -0.0162269 0.011378 0.99993 0.00337062 -0.00154352 -0.0103558 -0.00325284 0.999941 0.00214171 0.0 0.0 0.0 1.0
redkitchen/seq-01/color/frame-000721.color.png redkitchen/seq-01/color/frame-000724.color.png 0.999821 -0.00284754 0.0186987 -0.0157455 0.00268857 0.99996 0.00852506 -0.00183827 -0.0187222 -0.00847325 0.999789 -0.00302243 0.0 0.0 0.0 1.0
redkitchen/seq-01/color/frame-000724.color.png redkitchen/seq-01/color/frame-000727.color.png 0.999731 -0.00900181 0.0214009 -0.02611 0.00868266 0.99985 0.014958 -0.0130139 -0.0215323 -0.0147681 0.999659 1.78814e-06 0.0 0.0 0.0 1.0
redkitchen/seq-01/color/frame-000727.color.png redkitchen/seq-01/color/frame-000730.color.png 0.999925 0.00316385 0.011825 0.00843702 -0.00331422 0.999914 0.0127173 -0.0217388 -0.0117837 -0.0127556 0.999849 -0.00544667 0.0 0.0 0.0 1.0
redkitchen/seq-01/color/frame-000730.color.png redkitchen/seq-01/color/frame-000733.color.png 0.999881 -0.00505172 0.0146002 0.0208102 0.00480521 0.999846 0.0168701 -0.0272587 -0.0146832 -0.0167979 0.999751 -0.00769281 0.0 0.0 0.0 1.0
redkitchen/seq-01/color/frame-000733.color.png redkitchen/seq-01/color/frame-000736.color.png 0.999478 -0.011072 0.0303549 -0.0329617 0.0107624 0.999889 0.0103419 -0.0134223 -0.030466 -0.0100098 0.999486 -0.0107862 0.0 0.0 0.0 1.0
redkitchen/seq-01/color/frame-000736.color.png redkitchen/seq-01/color/frame-000739.color.png 0.999794 -0.00653745 0.0192137 -0.00924406 0.00648181 0.999975 0.00295909 -0.00194913 -0.0192325 -0.00283394 0.999811 0.00240433 0.0 0.0 0.0 1.0
redkitchen/seq-01/color/frame-000739.color.png redkitchen/seq-01/color/frame-000742.color.png 0.999094 -0.01951 0.0378338 -0.0362946 0.0191539 0.999769 0.00975166 -0.0148069 -0.0380153 -0.00901818 0.999236 -0.00753999 0.0 0.0 0.0 1.0
redkitchen/seq-01/color/frame-000742.color.png redkitchen/seq-01/color/frame-000745.color.png 0.999635 -0.00791298 0.0258446 -0.0270922 0.00765939 0.999922 0.00989566 -0.0130942 -0.0259209 -0.00969406 0.999617 -0.0103188 0.0 0.0 0.0 1.0
redkitchen/seq-01/color/frame-000745.color.png redkitchen/seq-01/color/frame-000748.color.png 0.999754 -0.0096575 0.0199661 -0.0119066 0.00963231 0.999953 0.00135215 -0.00504005 -0.0199782 -0.00115952 0.9998 0.00457633 0.0 0.0 0.0 1.0
redkitchen/seq-01/color/frame-000748.color.png redkitchen/seq-01/color/frame-000751.color.png 0.999426 -0.0156924 0.0300303 -0.0373333 0.0155781 0.99987 0.00404188 -0.0066812 -0.0300899 -0.00357173 0.999541 -0.0063529 0.0 0.0 0.0 1.0
redkitchen/seq-01/color/frame-000751.color.png redkitchen/seq-01/color/frame-000754.color.png 0.999867 -0.00612189 0.0151415 -0.00758464 0.0060754 0.999977 0.0031136 -0.00458622 -0.0151602 -0.00302119 0.999881 0.00264657 0.0 0.0 0.0 1.0
redkitchen/seq-01/color/frame-000754.color.png redkitchen/seq-01/color/frame-000757.color.png 0.999903 -0.00359627 0.0134338 -0.0120652 0.00357164 0.999992 0.0018563 -0.00613981 -0.0134404 -0.00180815 0.999908 -0.000646472 0.0 0.0 0.0 1.0
redkitchen/seq-01/color/frame-000757.color.png redkitchen/seq-01/color/frame-000760.color.png 0.999866 -0.00204537 0.0162315 -0.0140526 0.00198284 0.999991 0.00386863 -0.00636095 -0.0162393 -0.0038359 0.999861 -0.00227857 0.0 0.0 0.0 1.0
redkitchen/seq-01/color/frame-000760.color.png redkitchen/seq-01/color/frame-000763.color.png 0.999781 -0.0110176 0.0177916 -0.0188696 0.0111063 0.999926 -0.0048934 0.00615919 -0.0177364 0.00508994 0.99983 -0.00026381 0.0 0.0 0.0 1.0
redkitchen/seq-01/color/frame-000763.color.png redkitchen/seq-01/color/frame-000766.color.png 0.999872 -0.00769177 0.0140306 -0.0144698 0.00762614 0.99996 0.00472189 -0.00324255 -0.0140663 -0.00461429 0.999891 0.00146711 0.0 0.0 0.0 1.0
redkitchen/seq-01/color/frame-000766.color.png redkitchen/seq-01/color/frame-000769.color.png 0.999883 -0.00257765 0.015097 -0.0124572 0.00256605 0.999996 0.000792374 -0.00203848 -0.0150991 -0.000753568 0.999886 -0.00500238 0.0 0.0 0.0 1.0
redkitchen/seq-01/color/frame-000769.color.png redkitchen/seq-01/color/frame-000772.color.png 0.999802 -0.00766217 0.0183736 -0.0206936 0.00766152 0.999971 0.000106692 0.00355762 -0.0183739 3.40964e-05 0.999831 -0.0019815 0.0 0.0 0.0 1.0
redkitchen/seq-01/color/frame-000772.color.png redkitchen/seq-01/color/frame-000775.color.png 0.999499 -0.017292 0.0265147 -0.0285198 0.0172636 0.99985 0.00130031 0.00266236 -0.0265332 -0.000841862 0.999648 -0.00597715 0.0 0.0 0.0 1.0
redkitchen/seq-01/color/frame-000775.color.png redkitchen/seq-01/color/frame-000778.color.png 0.999834 -0.01023 0.0150884 -0.0147008 0.0102684 0.999944 -0.00247212 0.00720346 -0.0150622 0.00262663 0.999883 -0.00395793 0.0 0.0 0.0 1.0
redkitchen/seq-01/color/frame-000778.color.png redkitchen/seq-01/color/frame-000781.color.png 0.999311 -0.0127854 0.0348436 -0.0406524 0.0123946 0.999858 0.0114093 -0.0156376 -0.0349846 -0.0109695 0.999328 -0.0216936 0.0 0.0 0.0 1.0
redkitchen/seq-01/color/frame-000781.color.png redkitchen/seq-01/color/frame-000784.color.png 0.999842 -0.00580376 0.0168098 -0.0170095 0.00582578 0.999982 -0.00126326 0.00562304 -0.0168022 0.00136104 0.999858 -0.0017215 0.0 0.0 0.0 1.0
redkitchen/seq-01/color/frame-000784.color.png redkitchen/seq-01/color/frame-000787.color.png 0.999396 -0.012729 0.0323358 -0.0292122 0.0125786 0.999909 0.00485785 -0.00379682 -0.0323947 -0.00444822 0.999465 -0.0129941 0.0 0.0 0.0 1.0
redkitchen/seq-01/color/frame-000787.color.png redkitchen/seq-01/color/frame-000790.color.png 0.999768 -0.000985404 0.0215307 -0.0193809 0.000857405 0.999982 0.00595294 -0.00714177 -0.0215362 -0.00593309 0.99975 -0.0207009 0.0 0.0 0.0 1.0
redkitchen/seq-01/color/frame-000790.color.png redkitchen/seq-01/color/frame-000793.color.png 0.999363 -0.0134366 0.0330754 -0.0359438 0.0134006 0.999909 0.00130725 0.00408405 -0.0330899 -0.000863108 0.999452 -0.00623244 0.0 0.0 0.0 1.0
redkitchen/seq-01/color/frame-000793.color.png redkitchen/seq-01/color/frame-000796.color.png 0.999619 -0.0127885 0.0244705 -0.0296297 0.0124875 0.999845 0.0124184 -0.0153815 -0.0246255 -0.0121082 0.999623 -0.00945616 0.0 0.0 0.0 1.0
redkitchen/seq-01/color/frame-000796.color.png redkitchen/seq-01/color/frame-000799.color.png 0.999489 -0.0150569 0.0281821 -0.0294747 0.0148802 0.999868 0.00646926 0.00216103 -0.0282758 -0.00604665 0.999582 -0.00855964 0.0 0.0 0.0 1.0
redkitchen/seq-01/color/frame-000799.color.png redkitchen/seq-01/color/frame-000802.color.png 0.999627 -0.0119941 0.0245338 -0.0219937 0.0119022 0.999922 0.00388748 0.000954986 -0.0245785 -0.003594 0.999691 -0.00749874 0.0 0.0 0.0 1.0
redkitchen/seq-01/color/frame-000802.color.png redkitchen/seq-01/color/frame-000805.color.png 0.999602 -0.0094545 0.0265714 -0.0253944 0.00906251 0.999849 0.0148305 -0.0116578 -0.0267077 -0.0145837 0.999537 -0.0138389 0.0 0.0 0.0 1.0
redkitchen/seq-01/color/frame-000805.color.png redkitchen/seq-01/color/frame-000808.color.png 0.999833 -0.00667763 0.0170223 -0.0198064 0.00659714 0.999967 0.00478595 -0.00140691 -0.0170536 -0.00467287 0.999844 -0.00662148 0.0 0.0 0.0 1.0
redkitchen/seq-01/color/frame-000808.color.png redkitchen/seq-01/color/frame-000811.color.png 0.999667 -0.0167675 0.0196085 -0.0184083 0.016575 0.999813 0.00994303 -0.010048 -0.0197715 -0.00961462 0.999758 -0.0164294 0.0 0.0 0.0 1.0
redkitchen/seq-01/color/frame-000811.color.png redkitchen/seq-01/color/frame-000814.color.png 0.999633 -0.0102895 0.0250723 -0.0215007 0.0104109 0.999935 -0.00471845 0.0290328 -0.0250221 0.00497775 0.999675 0.014073 0.0 0.0 0.0 1.0
redkitchen/seq-01/color/frame-000814.color.png redkitchen/seq-01/color/frame-000817.color.png 0.999696 -0.0127571 0.021094 -0.0224261 0.0126743 0.999911 0.00405889 0.00306916 -0.0211439 -0.00379035 0.999769 -0.00281912 0.0 0.0 0.0 1.0
redkitchen/seq-01/color/frame-000817.color.png redkitchen/seq-01/color/frame-000820.color.png 0.999728 -0.0091248 0.0214564 -0.0200029 0.00884994 0.999878 0.012877 -0.0103218 -0.0215713 -0.0126836 0.999687 -0.0122524 0.0 0.0 0.0 1.0
redkitchen/seq-01/color/frame-000820.color.png redkitchen/seq-01/color/frame-000823.color.png 0.999717 -0.00946415 0.0218366 -0.0197348 0.00939312 0.99995 0.00334693 -0.00335342 -0.0218671 -0.00314093 0.999756 -0.00782043 0.0 0.0 0.0 1.0
redkitchen/seq-01/color/frame-000823.color.png redkitchen/seq-01/color/frame-000826.color.png 0.999695 -0.00498412 0.024202 -0.0237619 0.00489484 0.999981 0.00374688 -0.00414604 -0.0242203 -0.00362722 0.9997 -0.00936335 0.0 0.0 0.0 1.0
redkitchen/seq-01/color/frame-000826.color.png redkitchen/seq-01/color/frame-000829.color.png 0.999737 -0.00759108 0.0216221 -0.0181433 0.0075624 0.99997 0.00140659 0.00109595 -0.0216321 -0.0012427 0.999765 -0.00621063 0.0 0.0 0.0 1.0
redkitchen/seq-01/color/frame-000829.color.png redkitchen/seq-01/color/frame-000832.color.png 0.999795 -0.00169519 0.0201903 -0.0214293 0.00174664 0.999995 -0.00252812 0.00188142 -0.0201859 0.00256289 0.999793 -0.00871766 0.0 0.0 0.0 1.0
redkitchen/seq-01/color/frame-000832.color.png redkitchen/seq-01/color/frame-000835.color.png 0.999726 0.00677756 0.0223941 -0.0195614 -0.00681624 0.999975 0.00164875 -0.00903541 -0.0223824 -0.00180099 0.999748 -0.004623 0.0 0.0 0.0 1.0
redkitchen/seq-01/color/frame-000835.color.png redkitchen/seq-01/color/frame-000838.color.png 0.9999 0.00646536 0.0125713 -0.00109113 -0.00629575 0.999889 -0.0134825 0.00354791 -0.0126571 0.013402 0.99983 -0.0133694 0.0 0.0 0.0 1.0
redkitchen/seq-01/color/frame-000838.color.png redkitchen/seq-01/color/frame-000841.color.png 0.999676 0.0198856 0.0159092 -0.00703875 -0.0198627 0.999801 -0.00159302 -0.00224483 -0.0159378 0.00127646 0.999872 -0.00302941 0.0 0.0 0.0 1.0
redkitchen/seq-01/color/frame-000841.color.png redkitchen/seq-01/color/frame-000844.color.png 0.999846 0.0121218 0.0127034 -0.00906124 -0.0120351 0.999904 -0.00687887 -0.00141793 -0.0127855 0.00672492 0.999896 -0.00296795 0.0 0.0 0.0 1.0
redkitchen/seq-01/color/frame-000844.color.png redkitchen/seq-01/color/frame-000847.color.png 0.999808 0.0161901 0.011005 -0.00295665 -0.0160908 0.999829 -0.00906408 0.00764567 -0.01115 0.00888524 0.999898 -0.00298101 0.0 0.0 0.0 1.0
redkitchen/seq-01/color/frame-000847.color.png redkitchen/seq-01/color/frame-000850.color.png 0.999691 0.0214192 0.0126069 -0.00743604 -0.0212852 0.999717 -0.010656 0.00315177 -0.0128316 0.0103844 0.999864 -0.00444937 0.0 0.0 0.0 1.0
redkitchen/seq-01/color/frame-000850.color.png redkitchen/seq-01/color/frame-000853.color.png 0.99966 0.025246 0.0065408 -0.00189262 -0.0251992 0.999657 -0.00716665 0.000175476 -0.00671946 0.0069994 0.999953 -0.00454837 0.0 0.0 0.0 1.0
redkitchen/seq-01/color/frame-000853.color.png redkitchen/seq-01/color/frame-000856.color.png 0.999682 0.0249432 0.00374586 0.000358907 -0.0249192 0.99967 -0.0062783 0.000625134 -0.00390125 0.00618301 0.999973 -0.00763077 0.0 0.0 0.0 1.0
redkitchen/seq-01/color/frame-000856.color.png redkitchen/seq-01/color/frame-000859.color.png 0.999793 0.0203343 -0.00102024 0.00634441 -0.0203357 0.999792 -0.00134361 -0.0129586 0.000992729 0.00136403 0.999999 -0.00771695 0.0 0.0 0.0 1.0
redkitchen/seq-01/color/frame-000859.color.png redkitchen/seq-01/color/frame-000862.color.png 0.999866 0.0161366 -0.00270894 -0.000209492 -0.0161463 0.999863 -0.00357382 0.00331247 0.00265096 0.00361716 0.99999 -0.00760978 0.0 0.0 0.0 1.0
redkitchen/seq-01/color/frame-000862.color.png redkitchen/seq-01/color/frame-000865.color.png 0.999987 0.00229791 -0.00446602 -0.000786613 -0.00229853 0.999997 -0.000116021 0.00378346 0.00446577 0.000126358 0.99999 -0.00532639 0.0 0.0 0.0 1.0
redkitchen/seq-01/color/frame-000865.color.png redkitchen/seq-01/color/frame-000868.color.png 0.999974 -0.00216899 -0.0069028 0.00545081 0.00219713 0.999989 0.004061 -0.000620961 0.00689379 -0.00407617 0.999968 -0.00845879 0.0 0.0 0.0 1.0
redkitchen/seq-01/color/frame-000868.color.png redkitchen/seq-01/color/frame-000871.color.png 0.999954 -0.00392796 -0.0086968 0.00177499 0.00395792 0.999986 0.00343414 0.00609893 0.00868332 -0.00346839 0.999956 -0.00347561 0.0 0.0 0.0 1.0
redkitchen/seq-01/color/frame-000871.color.png redkitchen/seq-01/color/frame-000874.color.png 0.999709 0.00354119 -0.0238844 0.0204571 -0.00357956 0.999992 -0.0015679 0.0091303 0.0238786 0.00165296 0.999713 -0.00427383 0.0 0.0 0.0 1.0
redkitchen/seq-01/color/frame-000874.color.png redkitchen/seq-01/color/frame-000877.color.png 0.999558 0.0103029 -0.0278842 0.0280844 -0.0101381 0.99993 0.00604932 -0.00303155 0.0279446 -0.00576402 0.999593 -0.00713491 0.0 0.0 0.0 1.0
redkitchen/seq-01/color/frame-000877.color.png redkitchen/seq-01/color/frame-000880.color.png 0.999547 0.0172468 -0.0246648 0.026714 -0.0171824 0.999848 0.00282046 0.0125436 0.0247098 -0.00239539 0.999692 -0.0175629 0.0 0.0 0.0 1.0
redkitchen/seq-01/color/frame-000880.color.png redkitchen/seq-01/color/frame-000883.color.png 0.999786 0.00864269 -0.0188044 0.0175915 -0.00882446 0.999915 -0.0096063 0.015149 0.0187198 0.0097701 0.999777 -0.00928742 0.0 0.0 0.0 1.0
redkitchen/seq-01/color/frame-000883.color.png redkitchen/seq-01/color/frame-000886.color.png 0.999663 0.0169309 -0.019666 0.0181207 -0.0170723 0.999829 -0.00704512 0.0159702 0.0195435 0.00737847 0.999782 -0.0161794 0.0 0.0 0.0 1.0
redkitchen/seq-01/color/frame-000886.color.png redkitchen/seq-01/color/frame-000889.color.png 0.999814 0.00879265 -0.0171394 0.0163115 -0.00886841 0.999951 -0.00434709 0.0107192 0.0171002 0.00449832 0.999844 -0.0183678 0.0 0.0 0.0 1.0
redkitchen/seq-01/color/frame-000889.color.png redkitchen/seq-01/color/frame-000892.color.png 0.9997 0.00402487 -0.0241772 0.0150004 -0.00440569 0.999867 -0.0157181 0.0307189 0.0241106 0.0158199 0.999584 -0.0165828 0.0 0.0 0.0 1.0
redkitchen/seq-01/color/frame-000892.color.png redkitchen/seq-01/color/frame-000895.color.png 0.999836 0.00341058 -0.017763 0.0179934 -0.00337695 0.999992 0.00191757 0.0128849 0.0177694 -0.00185727 0.99984 -0.0202911 0.0 0.0 0.0 1.0
redkitchen/seq-01/color/frame-000895.color.png redkitchen/seq-01/color/frame-000898.color.png 0.999896 0.000480568 -0.0144035 0.00646728 -0.000524288 0.999995 -0.00302429 0.0147912 0.014402 0.00303152 0.999892 -0.0177868 0.0 0.0 0.0 1.0
redkitchen/seq-01/color/frame-000898.color.png redkitchen/seq-01/color/frame-000901.color.png 0.999727 0.00113386 -0.0233426 0.0182818 -0.00120941 0.999994 -0.00322631 0.00296703 0.0233387 0.00325361 0.999722 -0.0212222 0.0 0.0 0.0 1.0
redkitchen/seq-01/color/frame-000901.color.png redkitchen/seq-01/color/frame-000904.color.png 0.999852 0.0103797 -0.0137515 0.0166953 -0.0105396 0.999877 -0.0116066 0.014275 0.0136293 0.0117498 0.999838 -0.0139245 0.0 0.0 0.0 1.0
redkitchen/seq-01/color/frame-000904.color.png redkitchen/seq-01/color/frame-000907.color.png 0.999903 0.01145 -0.00794143 0.0159269 -0.0114933 0.999919 -0.00542687 0.0190534 0.00787877 0.00551763 0.999954 -0.0119113 0.0 0.0 0.0 1.0
redkitchen/seq-01/color/frame-000907.color.png redkitchen/seq-01/color/frame-000910.color.png 0.999838 0.00986485 -0.0150582 0.0221104 -0.0099076 0.999947 -0.00276355 0.0234483 0.0150301 0.00291226 0.999883 -0.0214187 0.0 0.0 0.0 1.0
redkitchen/seq-01/color/frame-000910.color.png redkitchen/seq-01/color/frame-000913.color.png 0.999961 0.00140446 -0.0086604 0.0173231 -0.00141297 0.999999 -0.000976233 0.0094274 0.00865892 0.000988487 0.999962 -0.00395083 0.0 0.0 0.0 1.0
redkitchen/seq-01/color/frame-000913.color.png redkitchen/seq-01/color/frame-000916.color.png 0.999853 0.00343185 -0.0168044 0.0228246 -0.00360434 0.999941 -0.0102391 0.0315088 0.0167684 0.0102981 0.999806 -0.0142041 0.0 0.0 0.0 1.0
redkitchen/seq-01/color/frame-000916.color.png redkitchen/seq-01/color/frame-000919.color.png 0.999687 0.00390314 -0.0246884 0.0243871 -0.0040198 0.999981 -0.00468026 0.0218567 0.0246699 0.00477801 0.999684 -0.0251211 0.0 0.0 0.0 1.0
redkitchen/seq-01/color/frame-000919.color.png redkitchen/seq-01/color/frame-000922.color.png 0.999132 0.0199088 -0.0365802 0.0523878 -0.0201079 0.999785 -0.00508581 0.010222 0.036471 0.00581698 0.999318 -0.0331148 0.0 0.0 0.0 1.0
redkitchen/seq-01/color/frame-000922.color.png redkitchen/seq-01/color/frame-000925.color.png 0.999758 0.00931346 -0.0199296 0.0316107 -0.00950145 0.999911 -0.00935427 0.022921 0.0198406 0.00954139 0.999758 -0.0346193 0.0 0.0 0.0 1.0
redkitchen/seq-01/color/frame-000925.color.png redkitchen/seq-01/color/frame-000928.color.png 0.999971 -0.00140065 -0.00747163 0.0115082 0.00126199 0.999827 -0.018542 0.0330635 0.00749626 0.018532 0.9998 -0.00639421 0.0 0.0 0.0 1.0
redkitchen/seq-01/color/frame-000928.color.png redkitchen/seq-01/color/frame-000931.color.png 0.999972 -0.0015575 -0.00726036 0.0199065 0.0014929 0.999959 -0.00888261 0.0274779 0.00727388 0.00887154 0.999934 -0.0173766 0.0 0.0 0.0 1.0
redkitchen/seq-01/color/frame-000931.color.png redkitchen/seq-01/color/frame-000934.color.png 0.999967 -0.0028621 -0.00757854 0.0127672 0.00284538 0.999994 -0.00221748 0.00972199 0.00758481 0.00219583 0.999969 -0.0170946 0.0 0.0 0.0 1.0
redkitchen/seq-01/color/frame-000934.color.png redkitchen/seq-01/color/frame-000937.color.png 0.999951 -0.00552095 -0.00815638 0.00659563 0.00543809 0.999934 -0.0101592 0.0143173 0.00821198 0.0101143 0.999915 -0.0147756 0.0 0.0 0.0 1.0
redkitchen/seq-01/color/frame-000937.color.png redkitchen/seq-01/color/frame-000940.color.png 0.999916 -0.00488823 -0.0119676 0.0104142 0.00485758 0.999985 -0.00258762 0.00862354 0.0119801 0.00252929 0.999925 -0.0182168 0.0 0.0 0.0 1.0
redkitchen/seq-01/color/frame-000940.color.png redkitchen/seq-01/color/frame-000943.color.png 0.999937 0.00582444 -0.00960238 0.0104617 -0.00585297 0.999979 -0.00294115 0.0207233 0.00958497 0.00299717 0.999949 -0.0236232 0.0 0.0 0.0 1.0
redkitchen/seq-01/color/frame-000943.color.png redkitchen/seq-01/color/frame-000946.color.png 0.999512 0.00901798 -0.0298972 0.0142999 -0.00913496 0.999951 -0.00378374 0.026023 0.0298616 0.00405499 0.999546 -0.030969 0.0 0.0 0.0 1.0
redkitchen/seq-01/color/frame-000946.color.png redkitchen/seq-01/color/frame-000949.color.png 0.999363 0.0210351 -0.0288225 0.00939271 -0.0208944 0.999768 0.00517448 0.0226648 0.0289246 -0.00456896 0.999571 -0.0240201 0.0 0.0 0.0 1.0
redkitchen/seq-01/color/frame-000949.color.png redkitchen/seq-01/color/frame-000952.color.png 0.999368 0.0102284 -0.0340594 0.0185052 -0.00960302 0.999783 0.0184749 0.00911979 0.0342409 -0.0181361 0.999249 -0.0289664 0.0 0.0 0.0 1.0
redkitchen/seq-01/color/frame-000952.color.png redkitchen/seq-01/color/frame-000955.color.png 0.999829 0.0147179 -0.0111962 0.00927426 -0.0146423 0.99987 0.00679748 0.0278506 0.0112948 -0.00663237 0.999914 -0.0229129 0.0 0.0 0.0 1.0
redkitchen/seq-01/color/frame-000955.color.png redkitchen/seq-01/color/frame-000958.color.png 0.999834 -0.00605814 -0.0171771 0.00738212 0.00588392 0.999931 -0.0101779 0.0141334 0.0172375 0.0100752 0.999801 -0.0247867 0.0 0.0 0.0 1.0
redkitchen/seq-01/color/frame-000958.color.png redkitchen/seq-01/color/frame-000961.color.png 0.999845 0.0128631 -0.0119959 0.00847925 -0.0130314 0.999816 -0.014059 0.0204408 0.0118129 0.0142131 0.999829 -0.0217341 0.0 0.0 0.0 1.0
redkitchen/seq-01/color/frame-000961.color.png redkitchen/seq-01/color/frame-000964.color.png 0.999972 -0.00156513 -0.00732842 -6.32703e-05 0.00154894 0.999996 -0.00221721 0.00428601 0.00733181 0.00220578 0.999971 -0.017691 0.0 0.0 0.0 1.0
redkitchen/seq-01/color/frame-000964.color.png redkitchen/seq-01/color/frame-000967.color.png 0.999897 -0.00124086 -0.0143053 0.0119981 0.00119501 0.999994 -0.00321365 0.00516205 0.0143092 0.00319622 0.999893 -0.0177423 0.0 0.0 0.0 1.0
redkitchen/seq-01/color/frame-000967.color.png redkitchen/seq-01/color/frame-000970.color.png 0.99984 0.00512567 -0.0171536 0.0167614 -0.00529477 0.999938 -0.00982429 0.012819 0.0171022 0.00991355 0.999805 -0.0144713 0.0 0.0 0.0 1.0
redkitchen/seq-01/color/frame-000970.color.png redkitchen/seq-01/color/frame-000973.color.png 0.999897 0.0138393 -0.00368496 0.0080988 -0.0138337 0.999903 0.00150399 0.00380635 0.00370541 -0.00145285 0.999992 -0.0087688 0.0 0.0 0.0 1.0
redkitchen/seq-01/color/frame-000973.color.png redkitchen/seq-01/color/frame-000976.color.png 0.999902 0.0037069 -0.0134768 0.0249162 -0.00374461 0.999989 -0.00276788 0.0121694 0.0134663 0.00281809 0.999905 -0.00847979 0.0 0.0 0.0 1.0
redkitchen/seq-01/color/frame-000976.color.png redkitchen/seq-01/color/frame-000979.color.png 0.999897 0.013325 -0.00539287 0.0179219 -0.0133034 0.999903 0.0040075 0.0108323 0.00544579 -0.00393536 0.999977 -0.00588324 0.0 0.0 0.0 1.0
redkitchen/seq-01/color/frame-000979.color.png redkitchen/seq-01/color/frame-000982.color.png 0.99995 0.00114756 -0.00993938 0.00733227 -0.00116558 0.999998 -0.00179977 0.0121869 0.00993723 0.00181127 0.999949 -0.00649454 0.0 0.0 0.0 1.0
redkitchen/seq-01/color/frame-000982.color.png redkitchen/seq-01/color/frame-000985.color.png 0.999802 0.00622903 -0.0188807 0.0149819 -0.00624145 0.99998 -0.000603955 0.0140206 0.0188767 0.000721669 0.999822 -0.00217017 0.0 0.0 0.0 1.0
redkitchen/seq-01/color/frame-000985.color.png redkitchen/seq-01/color/frame-000988.color.png 0.999958 0.0022808 -0.00885544 0.00898825 -0.00219945 0.999955 0.00919049 -0.000617038 0.00887593 -0.00917062 0.999918 -0.00101115 0.0 0.0 0.0 1.0
redkitchen/seq-01/color/frame-000988.color.png redkitchen/seq-01/color/frame-000991.color.png 0.999891 0.00546713 -0.0137214 0.0149486 -0.00540531 0.999975 0.00454315 0.0143532 0.013746 -0.00446847 0.999896 -0.00583206 0.0 0.0 0.0 1.0
redkitchen/seq-01/color/frame-000991.color.png redkitchen/seq-01/color/frame-000994.color.png 0.99996 0.00613912 -0.00653896 0.00656027 -0.00612498 0.999979 0.00216939 0.0125089 0.00655212 -0.00212927 0.999976 0.000601776 0.0 0.0 0.0 1.0
redkitchen/seq-01/color/frame-000994.color.png redkitchen/seq-01/color/frame-000997.color.png 0.999708 0.00686316 -0.0231617 0.00755641 -0.00672291 0.999959 0.0061288 0.00618434 0.0232028 -0.0059713 0.999713 -0.00854675 0.0 0.0 0.0 1.0
