redkitchen/seq-01/color/frame-000002.color.png redkitchen/seq-01/color/frame-000005.color.png 1.0 -0.000962978 0.000140205 -0.000301756 0.000962695 0.999997 0.00200099 -0.00276371 -0.000142131 -0.00200085 0.999998 0.00222208 0.0 0.0 0.0 1.0
redkitchen/seq-01/color/frame-000005.color.png redkitchen/seq-01/color/frame-000008.color.png 0.999992 0.00339862 -0.00186138 -0.00085363 -0.00339923 0.999994 -0.000321873 -0.00059018 0.00186027 0.000328198 0.999998 0.00121457 0.0 0.0 0.0 1.0
redkitchen/seq-01/color/frame-000008.color.png redkitchen/seq-01/color/frame-000011.color.png 0.999985 0.00372044 -0.00412306 -0.00469891 -0.00372652 0.999992 -0.00146913 -0.00354521 0.00411756 0.00148447 0.999991 0.000740542 0.0 0.0 0.0 1.0
redkitchen/seq-01/color/frame-000011.color.png redkitchen/seq-01/color/frame-000014.color.png 0.999972 0.00719292 -0.00214565 -0.00283836 -0.00719894 0.99997 -0.00280877 -0.00365505 0.00212539 0.00282414 0.999994 0.00131464 0.0 0.0 0.0 1.0
redkitchen/seq-01/color/frame-000014.color.png redkitchen/seq-01/color/frame-000017.color.png 0.999991 0.00339567 -0.00232856 -0.00380957 -0.00340136 0.999991 -0.00244524 -0.00185558 0.00232024 0.00245313 0.999994 0.00180291 0.0 0.0 0.0 1.0
redkitchen/seq-01/color/frame-000017.color.png redkitchen/seq-01/color/frame-000020.color.png 0.999994 0.000510846 -0.00328761 -0.00380133 -0.000512891 1.0 -0.000620578 -0.00294403 0.00328729 0.000622261 0.999994 0.00248731 0.0 0.0 0.0 1.0
redkitchen/seq-01/color/frame-000020.color.png redkitchen/seq-01/color/frame-000023.color.png 0.99997 0.00713174 -0.00309853 -0.00410025 -0.00712881 0.999974 0.000955844 -0.00108613 0.00310527 -0.000933725 0.999995 0.00257582 0.0 0.0 0.0 1.0
redkitchen/seq-01/color/frame-000023.color.png redkitchen/seq-01/color/frame-000026.color.png 0.999984 0.00325382 -0.00456309 -0.00609849 -0.00323723 0.999988 0.00363714 0.0014389 0.00457486 -0.00362231 0.999983 0.00428988 0.0 0.0 0.0 1.0
redkitchen/seq-01/color/frame-000026.color.png redkitchen/seq-01/color/frame-000029.color.png 0.999984 0.000285726 -0.00571695 -0.00626406 -0.000243973 0.999973 0.00730215 -0.00329425 0.00571888 -0.00730064 0.999957 0.0062342 0.0 0.0 0.0 1.0
redkitchen/seq-01/color/frame-000029.color.png redkitchen/seq-01/color/frame-000032.color.png 0.999993 0.00154803 -0.00353751 -0.00846088 -0.00152267 0.999973 0.00716034 -0.00251449 0.00354851 -0.0071549 0.999968 0.00483508 0.0 0.0 0.0 1.0
redkitchen/seq-01/color/frame-000032.color.png redkitchen/seq-01/color/frame-000035.color.png 0.999945 0.00956067 -0.00432214 -0.0026866 -0.00952043 0.999912 0.00923793 0.000802381 0.00441008 -0.00919627 0.999948 0.0116318 0.0 0.0 0.0 1.0
redkitchen/seq-01/color/frame-000035.color.png redkitchen/seq-01/color/frame-000038.color.png 0.999924 0.00966656 0.0075836 -0.0125278 -0.00970636 0.999939 0.00522993 0.00309601 -0.00753259 -0.00530315 0.999958 0.0066342 0.0 0.0 0.0 1.0
redkitchen/seq-01/color/frame-000038.color.png redkitchen/seq-01/color/frame-000041.color.png 0.999955 -0.00457965 -0.00833459 -0.00622771 0.00454705 0.999982 -0.00392597 -0.00227344 0.00835242 0.00388789 0.999958 0.0159924 0.0 0.0 0.0 1.0
redkitchen/seq-01/color/frame-000041.color.png redkitchen/seq-01/color/frame-000044.color.png 0.999955 0.00831245 0.00455555 -0.0128637 -0.0083228 0.999963 0.00225675 -0.00759296 -0.00453662 -0.00229457 0.999987 0.0160301 0.0 0.0 0.0 1.0
redkitchen/seq-01/color/frame-000044.color.png redkitchen/seq-01/color/frame-000047.color.png 0.99996 0.00862998 0.0023023 -0.0197635 -0.00861389 0.999939 -0.00691564 -0.00494394 -0.00236184 0.00689553 0.999973 0.00809991 0.0 0.0 0.0 1.0
redkitchen/seq-01/color/frame-000047.color.png redkitchen/seq-01/color/frame-000050.color.png 0.999982 0.00569617 -0.00171855 -0.0187255 -0.00570563 0.999968 -0.00555396 -0.00573386 0.00168686 0.00556367 0.999983 0.019971 0.0 0.0 0.0 1.0
redkitchen/seq-01/color/frame-000050.color.png redkitchen/seq-01/color/frame-000053.color.png 0.999984 -0.0033741 -0.00459369 -0.0252857 0.00335337 0.999984 -0.00451406 -0.00187506 0.00460884 0.00449858 0.999979 0.0144712 0.0 0.0 0.0 1.0
redkitchen/seq-01/color/frame-000053.color.png redkitchen/seq-01/color/frame-000056.color.png 0.999971 0.00517192 -0.0055708 -0.0266861 -0.00513641 0.999967 0.00637035 -0.0101989 0.00560356 -0.00634155 0.999964 0.0216284 0.0 0.0 0.0 1.0
redkitchen/seq-01/color/frame-000056.color.png redkitchen/seq-01/color/frame-000059.color.png 0.999951 0.00526997 -0.00843617 -0.0320297 -0.0051598 0.999902 0.0130284 -0.0122488 0.00850399 -0.0129842 0.99988 0.0192584 0.0 0.0 0.0 1.0
redkitchen/seq-01/color/frame-000059.color.png redkitchen/seq-01/color/frame-000062.color.png 0.999905 0.00602508 -0.012429 -0.0241257 -0.00592254 0.999948 0.00826924 -0.00361094 0.0124782 -0.00819483 0.999889 0.0191565 0.0 0.0 0.0 1.0
redkitchen/seq-01/color/frame-000062.color.png redkitchen/seq-01/color/frame-000065.color.png 0.999905 0.00670992 -0.0120605 -0.018633 -0.00650847 0.99984 0.0166671 -0.0164961 0.0121704 -0.0165871 0.999788 0.0307879 0.0 0.0 0.0 1.0
redkitchen/seq-01/color/frame-000065.color.png redkitchen/seq-01/color/frame-000068.color.png 0.999925 0.0106048 -0.00619678 -0.0327342 -0.0105377 0.999886 0.0107697 -0.014984 0.00631032 -0.0107036 0.999923 0.0162898 0.0 0.0 0.0 1.0
redkitchen/seq-01/color/frame-000068.color.png redkitchen/seq-01/color/frame-000071.color.png 0.999844 0.00320324 -0.0173871 -0.0151732 -0.0030415 0.999952 0.0093199 -0.00876071 0.0174161 -0.00926554 0.999805 0.0215612 0.0 0.0 0.0 1.0
redkitchen/seq-01/color/frame-000071.color.png redkitchen/seq-01/color/frame-000074.color.png 0.999946 0.00709829 -0.00758798 -0.0118102 -0.00704721 0.999952 0.00673775 -0.00730824 0.00763544 -0.00668393 0.999949 0.0154485 0.0 0.0 0.0 1.0
redkitchen/seq-01/color/frame-000074.color.png redkitchen/seq-01/color/frame-000077.color.png 0.99988 -0.00735747 -0.0136507 -0.00655863 0.00740105 0.999968 0.00314392 -0.00704534 0.0136271 -0.00324457 0.999902 0.0166764 0.0 0.0 0.0 1.0
redkitchen/seq-01/color/frame-000077.color.png redkitchen/seq-01/color/frame-000080.color.png 0.999995 -0.00326992 9.18725e-05 -0.0216 0.0032702 0.999989 -0.00339107 -0.0124297 -8.07575e-05 0.00339133 0.999994 0.00377685 0.0 0.0 0.0 1.0
redkitchen/seq-01/color/frame-000080.color.png redkitchen/seq-01/color/frame-000083.color.png 0.999938 -0.000370297 -0.0111124 0.000573874 0.000246181 0.999938 -0.0111656 -0.00507784 0.0111158 0.0111622 0.999876 0.011217 0.0 0.0 0.0 1.0
redkitchen/seq-01/color/frame-000083.color.png redkitchen/seq-01/color/frame-000086.color.png 0.999967 -0.00188613 -0.00791235 -0.00724611 0.00183669 0.999979 -0.00625208 -0.00741875 0.00792394 0.00623734 0.999949 0.00739866 0.0 0.0 0.0 1.0
redkitchen/seq-01/color/frame-000086.color.png redkitchen/seq-01/color/frame-000089.color.png 0.999921 0.0101678 -0.00742527 -0.00135028 -0.0101823 0.999946 -0.00192866 -0.0145745 0.00740526 0.00200413 0.999971 0.00832179 0.0 0.0 0.0 1.0
redkitchen/seq-01/color/frame-000089.color.png redkitchen/seq-01/color/frame-000092.color.png 0.999958 0.00287969 -0.00871627 -0.00903946 -0.00291591 0.999987 -0.00414577 -0.0103403 0.00870422 0.00417102 0.999953 0.0175946 0.0 0.0 0.0 1.0
redkitchen/seq-01/color/frame-000092.color.png redkitchen/seq-01/color/frame-000095.color.png 0.999729 -0.00886226 -0.0215358 0.00377426 0.00885382 0.999961 -0.000487063 -0.00221659 0.0215392 0.00029626 0.999768 0.0200427 0.0 0.0 0.0 1.0
redkitchen/seq-01/color/frame-000095.color.png redkitchen/seq-01/color/frame-000098.color.png 0.999874 0.000346442 -0.0158968 -0.00247529 -0.000354425 1.0 -0.00049919 -0.0133179 0.0158966 0.000504766 0.999874 0.0231048 0.0 0.0 0.0 1.0
redkitchen/seq-01/color/frame-000098.color.png redkitchen/seq-01/color/frame-000101.color.png 0.999797 -0.0117004 -0.0163983 -0.00740373 0.0116406 0.999925 -0.00373311 -0.0189012 0.0164407 0.00354146 0.999859 0.0243645 0.0 0.0 0.0 1.0
redkitchen/seq-01/color/frame-000101.color.png redkitchen/seq-01/color/frame-000104.color.png 0.999894 0.00131747 -0.0145305 0.016592 -0.00155989 0.99986 -0.0166854 -0.00737187 0.0145064 0.0167063 0.999755 0.0301523 0.0 0.0 0.0 1.0
redkitchen/seq-01/color/frame-000104.color.png redkitchen/seq-01/color/frame-000107.color.png 0.999933 -0.000434217 -0.0115804 -0.00200543 0.000368204 0.999984 -0.00570256 -0.0218608 0.0115828 0.00569792 0.999917 0.0222854 0.0 0.0 0.0 1.0
redkitchen/seq-01/color/frame-000107.color.png redkitchen/seq-01/color/frame-000110.color.png 0.999831 -0.00959847 -0.0157047 0.00366852 0.00954721 0.999949 -0.00333422 -0.0076485 0.0157359 0.00318371 0.999871 0.0248952 0.0 0.0 0.0 1.0
redkitchen/seq-01/color/frame-000110.color.png redkitchen/seq-01/color/frame-000113.color.png 0.999915 0.0108443 -0.00724834 0.00459298 -0.0109026 0.999908 -0.00805701 -0.0246346 0.00716036 0.00813535 0.999941 0.0234851 0.0 0.0 0.0 1.0
redkitchen/seq-01/color/frame-000113.color.png redkitchen/seq-01/color/frame-000116.color.png 0.99971 -0.00775227 -0.0228176 0.0052444 0.0076476 0.99996 -0.00467193 -0.0119404 0.0228529 0.00449608 0.999729 0.0271994 0.0 0.0 0.0 1.0
redkitchen/seq-01/color/frame-000116.color.png redkitchen/seq-01/color/frame-000119.color.png 0.999714 0.0225728 -0.00786333 0.00256377 -0.0225735 0.999745 1.90456e-06 -0.0263076 0.00786128 0.000175601 0.999969 0.0186656 0.0 0.0 0.0 1.0
redkitchen/seq-01/color/frame-000119.color.png redkitchen/seq-01/color/frame-000122.color.png 0.999921 -0.00120154 -0.0124897 0.00704673 0.00126093 0.999988 0.00474966 -0.0159661 0.012484 -0.00476504 0.999911 0.00785682 0.0 0.0 0.0 1.0
redkitchen/seq-01/color/frame-000122.color.png redkitchen/seq-01/color/frame-000125.color.png 0.999824 0.0155045 -0.0105531 0.000792146 -0.0155033 0.99988 0.000197383 -0.025932 0.0105549 -3.37388e-05 0.999944 0.0215366 0.0 0.0 0.0 1.0
redkitchen/seq-01/color/frame-000125.color.png redkitchen/seq-01/color/frame-000128.color.png 0.999839 0.0096205 -0.0151302 0.0115266 -0.00970146 0.999939 -0.00528696 -0.0180667 0.0150785 0.00543289 0.999871 0.0236038 0.0 0.0 0.0 1.0
redkitchen/seq-01/color/frame-000128.color.png redkitchen/seq-01/color/frame-000131.color.png 0.999968 -0.00295307 -0.00740822 0.00273946 0.00288947 0.999959 -0.00858136 -0.0107762 0.00743324 0.00855967 0.999936 0.0167773 0.0 0.0 0.0 1.0
redkitchen/seq-01/color/frame-000131.color.png redkitchen/seq-01/color/frame-000134.color.png 0.999926 0.0119994 -0.00194156 0.0131007 -0.0120211 0.99986 -0.0116194 -0.0206294 0.00180186 0.0116419 0.999931 0.0132321 0.0 0.0 0.0 1.0
redkitchen/seq-01/color/frame-000134.color.png redkitchen/seq-01/color/frame-000137.color.png 0.999992 0.00382612 0.00117364 0.00233677 -0.00381624 0.999958 -0.00830063 -0.0170772 -0.00120532 0.00829609 0.999965 0.0163233 0.0 0.0 0.0 1.0
redkitchen/seq-01/color/frame-000137.color.png redkitchen/seq-01/color/frame-000140.color.png 0.999973 -0.00729265 -0.000405754 0.000684172 0.00729148 0.999969 -0.00282445 -0.0178654 0.000426349 0.00282142 0.999996 0.0135838 0.0 0.0 0.0 1.0
redkitchen/seq-01/color/frame-000140.color.png redkitchen/seq-01/color/frame-000143.color.png 0.999913 -0.00654914 0.0114457 0.00662148 0.00668565 0.999906 -0.0119305 -0.00930184 -0.0113665 0.0120059 0.999863 0.00396281 0.0 0.0 0.0 1.0
redkitchen/seq-01/color/frame-000143.color.png redkitchen/seq-01/color/frame-000146.color.png 0.999749 -0.0014778 0.0223387 0.00236163 0.00172817 0.999936 -0.0111906 -0.0125941 -0.0223208 0.0112264 0.999688 0.00301099 0.0 0.0 0.0 1.0
redkitchen/seq-01/color/frame-000146.color.png redkitchen/seq-01/color/frame-000149.color.png 0.999754 -0.00127498 0.0221332 0.000395507 0.00149319 0.99995 -0.00984755 -0.00800505 -0.0221195 0.00987816 0.999707 0.00254476 0.0 0.0 0.0 1.0
redkitchen/seq-01/color/frame-000149.color.png redkitchen/seq-01/color/frame-000152.color.png 0.999642 -0.00583735 0.0261038 0.00204208 0.00596773 0.99997 -0.00491831 -0.0116401 -0.0260743 0.00507233 0.999647 -0.00338793 0.0 0.0 0.0 1.0
redkitchen/seq-01/color/frame-000152.color.png redkitchen/seq-01/color/frame-000155.color.png 0.999616 -0.0143334 0.0237055 -0.00297156 0.0145496 0.999854 -0.00897709 0.00943702 -0.0235734 0.00931854 0.999679 -0.00703996 0.0 0.0 0.0 1.0
redkitchen/seq-01/color/frame-000155.color.png redkitchen/seq-01/color/frame-000158.color.png 0.999667 0.000320878 0.0258237 0.00292909 -0.000407558 0.999994 0.00335206 -0.0143695 -0.0258224 -0.00336147 0.999661 -0.0116725 0.0 0.0 0.0 1.0
redkitchen/seq-01/color/frame-000158.color.png redkitchen/seq-01/color/frame-000161.color.png 0.999618 -0.0163614 0.0222753 -0.0160406 0.0163049 0.999863 0.00271523 -0.00343919 -0.0223167 -0.00235098 0.999748 -0.00753176 0.0 0.0 0.0 1.0
redkitchen/seq-01/color/frame-000161.color.png redkitchen/seq-01/color/frame-000164.color.png 0.999462 -0.0142623 0.0295247 0.00353125 0.0146334 0.999816 -0.0123926 0.0143516 -0.0293425 0.012818 0.999487 -0.00663972 0.0 0.0 0.0 1.0
redkitchen/seq-01/color/frame-000164.color.png redkitchen/seq-01/color/frame-000167.color.png 0.999623 -0.00901527 0.0259521 -0.00366856 0.0089183 0.999953 0.00384982 -0.00827307 -0.0259856 -0.0036169 0.999656 -0.0175169 0.0 0.0 0.0 1.0
redkitchen/seq-01/color/frame-000167.color.png redkitchen/seq-01/color/frame-000170.color.png 0.999829 -0.0116812 0.0143623 0.0221841 0.011647 0.999929 0.00246186 -0.00701052 -0.0143901 -0.00229416 0.999894 -0.00711358 0.0 0.0 0.0 1.0
redkitchen/seq-01/color/frame-000170.color.png redkitchen/seq-01/color/frame-000173.color.png 0.999495 -0.0173827 0.0266011 -0.0175362 0.0175421 0.99983 -0.00576793 0.00460237 -0.0264963 0.00623166 0.99963 -0.00374931 0.0 0.0 0.0 1.0
redkitchen/seq-01/color/frame-000173.color.png redkitchen/seq-01/color/frame-000176.color.png 0.999689 -0.0111247 0.0223322 0.00219996 0.0111969 0.999932 -0.00311114 0.00372088 -0.022296 0.00336023 0.999746 -0.00527406 0.0 0.0 0.0 1.0
redkitchen/seq-01/color/frame-000176.color.png redkitchen/seq-01/color/frame-000179.color.png 0.99958 -0.00949568 0.0273878 -0.00622854 0.00942912 0.999952 0.00255831 0.000723422 -0.0274108 -0.00229901 0.999622 -0.0109394 0.0 0.0 0.0 1.0
redkitchen/seq-01/color/frame-000179.color.png redkitchen/seq-01/color/frame-000182.color.png 0.999357 -0.0215795 0.0286343 -0.0210799 0.0215426 0.999767 0.00159822 0.00807852 -0.0286621 -0.000980325 0.999589 -0.00383824 0.0 0.0 0.0 1.0
redkitchen/seq-01/color/frame-000182.color.png redkitchen/seq-01/color/frame-000185.color.png 0.999445 -0.019954 0.0266709 -0.00433919 0.019945 0.999801 0.000603491 0.00915694 -0.0266776 -7.12141e-05 0.999644 -0.0132576 0.0 0.0 0.0 1.0
redkitchen/seq-01/color/frame-000185.color.png redkitchen/seq-01/color/frame-000188.color.png 0.999186 -0.0159608 0.0370598 -0.0373287 0.0159632 0.999873 0.000230493 0.00631201 -0.0370587 0.000361284 0.999313 -0.00916851 0.0 0.0 0.0 1.0
redkitchen/seq-01/color/frame-000188.color.png redkitchen/seq-01/color/frame-000191.color.png 0.999674 -0.0175997 0.0184929 0.0138822 0.0174805 0.999826 0.00658888 0.0021565 -0.0186057 -0.00626343 0.999807 -0.0133541 0.0 0.0 0.0 1.0
redkitchen/seq-01/color/frame-000191.color.png redkitchen/seq-01/color/frame-000194.color.png 0.999492 -0.0173432 0.0267212 -0.0111618 0.0171304 0.99982 0.00817004 0.000473738 -0.026858 -0.00770816 0.999609 -0.00929427 0.0 0.0 0.0 1.0
redkitchen/seq-01/color/frame-000194.color.png redkitchen/seq-01/color/frame-000197.color.png 0.999457 -0.0233194 0.0232884 -0.00836458 0.0232 0.999716 0.00538593 0.0147566 -0.0234073 -0.00484273 0.999714 -0.00881365 0.0 0.0 0.0 1.0
redkitchen/seq-01/color/frame-000197.color.png redkitchen/seq-01/color/frame-000200.color.png 0.999335 -0.0167325 0.0324062 -0.0233009 0.0165468 0.999845 0.00598932 0.00519142 -0.0325014 -0.00544912 0.999457 -0.0143914 0.0 0.0 0.0 1.0
redkitchen/seq-01/color/frame-000200.color.png redkitchen/seq-01/color/frame-000203.color.png 0.999763 -0.0160725 0.0146657 0.00821107 0.0160441 0.999869 0.00205121 0.0114755 -0.0146967 -0.00181543 0.99989 -0.0131933 0.0 0.0 0.0 1.0
redkitchen/seq-01/color/frame-000203.color.png redkitchen/seq-01/color/frame-000206.color.png 0.999668 -0.0163003 0.0199505 -0.011747 0.0163767 0.999859 -0.00366823 0.019091 -0.0198879 0.00399373 0.999794 -0.00911656 0.0 0.0 0.0 1.0
redkitchen/seq-01/color/frame-000206.color.png redkitchen/seq-01/color/frame-000209.color.png 0.999794 -0.0151479 0.0134667 -0.00562859 0.0150641 0.999867 0.00630629 0.00243533 -0.0135604 -0.00610212 0.999889 -0.0161941 0.0 0.0 0.0 1.0
redkitchen/seq-01/color/frame-000209.color.png redkitchen/seq-01/color/frame-000212.color.png 0.999968 -0.00773424 0.00202977 0.027005 0.00774683 0.99995 -0.00627878 0.0288868 -0.00198109 0.00629431 0.999978 -0.00886041 0.0 0.0 0.0 1.0
redkitchen/seq-01/color/frame-000212.color.png redkitchen/seq-01/color/frame-000215.color.png 0.999907 -0.0127584 0.00485449 0.0116641 0.0127913 0.999895 -0.00682487 0.0161416 -0.00476692 0.00688634 0.999965 -0.0100761 0.0 0.0 0.0 1.0
redkitchen/seq-01/color/frame-000215.color.png redkitchen/seq-01/color/frame-000218.color.png 0.99983 -0.0142169 0.0117249 -0.00235486 0.0142487 0.999895 -0.00263436 0.0119848 -0.0116862 0.00280095 0.999928 -0.0175042 0.0 0.0 0.0 1.0
redkitchen/seq-01/color/frame-000218.color.png redkitchen/seq-01/color/frame-000221.color.png 0.99984 -0.0177064 0.00253133 0.00536097 0.0177381 0.999757 -0.0130723 0.0355521 -0.00229926 0.0131151 0.999911 -0.00323087 0.0 0.0 0.0 1.0
redkitchen/seq-01/color/frame-000221.color.png redkitchen/seq-01/color/frame-000224.color.png 0.999956 -0.00843575 0.00396848 0.00291579 0.00847439 0.999916 -0.00984017 0.0407026 -0.00388514 0.00987339 0.999944 -0.00583547 0.0 0.0 0.0 1.0
redkitchen/seq-01/color/frame-000224.color.png redkitchen/seq-01/color/frame-000227.color.png 0.999876 -0.014907 -0.00499999 0.0155752 0.0148887 0.999882 -0.00368639 0.0299445 0.00505433 0.0036115 0.999981 -0.0145268 0.0 0.0 0.0 1.0
redkitchen/seq-01/color/frame-000227.color.png redkitchen/seq-01/color/frame-000230.color.png 0.999891 -0.0120164 -0.00857149 0.00911868 0.011986 0.999922 -0.00359424 0.011011 0.00861397 0.0034911 0.999957 -0.00893217 0.0 0.0 0.0 1.0
redkitchen/seq-01/color/frame-000230.color.png redkitchen/seq-01/color/frame-000233.color.png 0.999935 -0.0113046 -0.00120353 0.00960388 0.0113058 0.999936 0.00104471 0.0199308 0.00119168 -0.00105826 0.999999 -0.0112514 0.0 0.0 0.0 1.0
redkitchen/seq-01/color/frame-000233.color.png redkitchen/seq-01/color/frame-000236.color.png 0.999937 -0.00407721 -0.0104797 0.0229148 0.00400082 0.999965 -0.00730231 0.0184238 0.0105091 0.00725993 0.999918 -0.00513831 0.0 0.0 0.0 1.0
redkitchen/seq-01/color/frame-000236.color.png redkitchen/seq-01/color/frame-000239.color.png 0.999972 -0.00671127 -0.0032158 0.0137103 0.00672064 0.999973 0.00291924 0.0021975 0.00319609 -0.00294078 0.999991 -0.0128288 0.0 0.0 0.0 1.0
redkitchen/seq-01/color/frame-000239.color.png redkitchen/seq-01/color/frame-000242.color.png 0.999978 0.00638485 0.00170807 0.00852206 -0.00636393 0.999908 -0.0119993 0.0153942 -0.00178448 0.0119882 0.999927 -0.00588021 0.0 0.0 0.0 1.0
redkitchen/seq-01/color/frame-000242.color.png redkitchen/seq-01/color/frame-000245.color.png 0.999984 -0.00038314 -0.00560988 0.0140282 0.000327899 0.999952 -0.00983741 0.0202638 0.00561342 0.0098354 0.999936 0.00109234 0.0 0.0 0.0 1.0
redkitchen/seq-01/color/frame-000245.color.png redkitchen/seq-01/color/frame-000248.color.png 0.999989 0.00472879 0.000557776 0.0100352 -0.00472494 0.999967 -0.00663751 0.0164047 -0.000589199 0.00663479 0.999978 -0.0166722 0.0 0.0 0.0 1.0
redkitchen/seq-01/color/frame-000248.color.png redkitchen/seq-01/color/frame-000251.color.png 0.999981 0.00609431 -0.00133588 0.0154114 -0.00610193 0.999965 -0.00576799 0.01736 0.00130066 0.00577604 0.999982 -0.00253683 0.0 0.0 0.0 1.0
redkitchen/seq-01/color/frame-000251.color.png redkitchen/seq-01/color/frame-000254.color.png 0.999961 0.00570496 0.0067688 0.00330476 -0.00566529 0.999967 -0.00586193 0.0123726 -0.00680204 0.00582334 0.99996 -0.00117576 0.0 0.0 0.0 1.0
redkitchen/seq-01/color/frame-000254.color.png redkitchen/seq-01/color/frame-000257.color.png 0.999993 -0.00377584 -3.98962e-05 0.0217396 0.00377556 0.999982 -0.00471806 0.00856762 5.77483e-05 0.00471788 0.999989 -0.0127811 0.0 0.0 0.0 1.0
redkitchen/seq-01/color/frame-000257.color.png redkitchen/seq-01/color/frame-000260.color.png 0.999905 0.00766497 0.0114494 0.00561355 -0.00756917 0.999936 -0.00838877 0.0162612 -0.0115129 0.00830133 0.999899 0.00398478 0.0 0.0 0.0 1.0
redkitchen/seq-01/color/frame-000260.color.png redkitchen/seq-01/color/frame-000263.color.png 0.999969 -0.00568205 0.00539753 0.00512536 0.00572493 0.999952 -0.00795594 0.0163045 -0.00535205 0.00798657 0.999954 0.00242293 0.0 0.0 0.0 1.0
redkitchen/seq-01/color/frame-000263.color.png redkitchen/seq-01/color/frame-000266.color.png 0.999944 -0.0086246 -0.00606568 0.0236764 0.0086115 0.999961 -0.00217966 0.0201281 0.00608422 0.00212735 0.999979 -0.00460973 0.0 0.0 0.0 1.0
redkitchen/seq-01/color/frame-000266.color.png redkitchen/seq-01/color/frame-000269.color.png 0.999987 0.00173651 0.00474642 0.00968789 -0.00175319 0.999992 0.00350381 0.0127947 -0.00474023 -0.00351212 0.999983 -0.00159672 0.0 0.0 0.0 1.0
redkitchen/seq-01/color/frame-000269.color.png redkitchen/seq-01/color/frame-000272.color.png 0.999986 -0.00487637 0.00221725 0.0237008 0.00485457 0.99994 0.00976637 0.016271 -0.00226481 -0.00975547 0.99995 -0.00522673 0.0 0.0 0.0 1.0
redkitchen/seq-01/color/frame-000272.color.png redkitchen/seq-01/color/frame-000275.color.png 0.999981 -0.00215947 -0.00583599 0.0218538 0.00214757 0.999995 -0.00204757 0.0199884 0.00584043 0.00203498 0.999981 0.00251222 0.0 0.0 0.0 1.0
redkitchen/seq-01/color/frame-000275.color.png redkitchen/seq-01/color/frame-000278.color.png 0.999848 0.0159399 0.00709149 0.0160677 -0.0160284 0.999792 0.0125986 0.00930259 -0.00688922 -0.0127103 0.999895 0.00350121 0.0 0.0 0.0 1.0
redkitchen/seq-01/color/frame-000278.color.png redkitchen/seq-01/color/frame-000281.color.png 0.999913 0.0125753 -0.00402744 0.0203499 -0.0125255 0.999848 0.012146 0.00594025 0.00417957 -0.0120945 0.999918 -0.000226498 0.0 0.0 0.0 1.0
redkitchen/seq-01/color/frame-000281.color.png redkitchen/seq-01/color/frame-000284.color.png 0.999943 0.00954359 -0.00479239 0.0274345 -0.0095499 0.999954 -0.00129979 0.0261743 0.00477978 0.00134549 0.999988 0.00541744 0.0 0.0 0.0 1.0
redkitchen/seq-01/color/frame-000284.color.png redkitchen/seq-01/color/frame-000287.color.png 0.999942 0.00564962 -0.00917956 0.0330061 -0.00562981 0.999982 0.00218535 0.00797698 0.00919174 -0.00213354 0.999955 -0.00457251 0.0 0.0 0.0 1.0
redkitchen/seq-01/color/frame-000287.color.png redkitchen/seq-01/color/frame-000290.color.png 0.999999 0.00126482 0.000675428 0.00717467 -0.00127034 0.999965 0.00822171 0.00450657 -0.000664991 -0.0082226 0.999966 0.00553754 0.0 0.0 0.0 1.0
redkitchen/seq-01/color/frame-000290.color.png redkitchen/seq-01/color/frame-000293.color.png 0.999814 0.0166093 -0.00984536 0.0346008 -0.0165473 0.999843 0.00635208 0.0240709 0.00994928 -0.00618796 0.999931 -0.00279981 0.0 0.0 0.0 1.0
redkitchen/seq-01/color/frame-000293.color.png redkitchen/seq-01/color/frame-000296.color.png 0.999946 0.00361193 -0.00976965 0.0205361 -0.00357904 0.999988 0.00337578 0.0119592 0.00978173 -0.00334065 0.999947 -0.00238127 0.0 0.0 0.0 1.0
redkitchen/seq-01/color/frame-000296.color.png redkitchen/seq-01/color/frame-000299.color.png 0.99998 0.00590527 -0.00240316 0.0172215 -0.005889 0.99996 0.00673458 0.0122104 0.00244283 -0.00672028 0.999974 0.00196177 0.0 0.0 0.0 1.0
redkitchen/seq-01/color/frame-000299.color.png redkitchen/seq-01/color/frame-000302.color.png 0.999986 -0.00372412 -0.00385005 0.0184993 0.00375035 0.99997 0.00683268 0.00055899 0.00382451 -0.00684702 0.999969 -0.00271115 0.0 0.0 0.0 1.0
redkitchen/seq-01/color/frame-000302.color.png redkitchen/seq-01/color/frame-000305.color.png 0.999938 -0.0110549 0.00149527 0.027482 0.0110413 0.9999 0.00884451 0.0047157 -0.00159293 -0.00882747 0.99996 -0.00918996 0.0 0.0 0.0 1.0
redkitchen/seq-01/color/frame-000305.color.png redkitchen/seq-01/color/frame-000308.color.png 0.999902 -0.0139898 -0.000189119 0.0161336 0.0139906 0.999886 0.00567495 -0.000299467 0.000109771 -0.00567703 0.999984 -0.00588816 0.0 0.0 0.0 1.0
redkitchen/seq-01/color/frame-000308.color.png redkitchen/seq-01/color/frame-000311.color.png 0.999995 -0.000183294 0.00326424 0.021423 0.000163679 0.999982 0.00601774 0.00667194 -0.00326531 -0.00601717 0.999977 -0.00768402 0.0 0.0 0.0 1.0
redkitchen/seq-01/color/frame-000311.color.png redkitchen/seq-01/color/frame-000314.color.png 0.99999 -0.00444463 0.000220566 0.0149207 0.00443994 0.999826 0.0181367 -0.00163642 -0.000301187 -0.0181356 0.999835 -0.00347844 0.0 0.0 0.0 1.0
redkitchen/seq-01/color/frame-000314.color.png redkitchen/seq-01/color/frame-000317.color.png 1.0 0.000444634 0.000421755 0.0155954 -0.000444338 1.0 -0.000723673 0.0164282 -0.000422061 0.000723478 1.0 -0.00564307 0.0 0.0 0.0 1.0
redkitchen/seq-01/color/frame-000317.color.png redkitchen/seq-01/color/frame-000320.color.png 0.999959 -0.0030552 -0.00845813 0.0234164 0.00306182 0.999995 0.000770624 0.00334269 0.00845577 -0.00079649 0.999964 -0.0153254 0.0 0.0 0.0 1.0
redkitchen/seq-01/color/frame-000320.color.png redkitchen/seq-01/color/frame-000323.color.png 0.999893 0.0116367 -0.00890286 0.03311 -0.0115498 0.999886 0.00975235 0.0205591 0.0090153 -0.00964847 0.999913 -0.0197143 0.0 0.0 0.0 1.0
redkitchen/seq-01/color/frame-000323.color.png redkitchen/seq-01/color/frame-000326.color.png 0.999933 0.0089419 -0.00729661 0.0191674 -0.00891079 0.999951 0.00428812 0.00626622 0.00733463 -0.00422282 0.999964 -0.0147754 0.0 0.0 0.0 1.0
redkitchen/seq-01/color/frame-000326.color.png redkitchen/seq-01/color/frame-000329.color.png 0.999903 -1.56693e-05 -0.0139622 0.0199183 -0.000150257 0.999929 -0.0118857 0.0183877 0.0139614 0.0118866 0.999832 -0.0226838 0.0 0.0 0.0 1.0
redkitchen/seq-01/color/frame-000329.color.png redkitchen/seq-01/color/frame-000332.color.png 0.999492 0.0216516 -0.0233833 0.0362652 -0.0215428 0.999756 0.00489571 0.0186919 0.0234836 -0.00438949 0.999715 -0.0352338 0.0 0.0 0.0 1.0
redkitchen/seq-01/color/frame-000332.color.png redkitchen/seq-01/color/frame-000335.color.png 0.999586 0.0183949 -0.0221502 0.0307997 -0.0185188 0.999814 -0.00540077 0.0198417 0.0220467 0.00580873 0.99974 -0.0316365 0.0 0.0 0.0 1.0
redkitchen/seq-01/color/frame-000335.color.png redkitchen/seq-01/color/frame-000338.color.png 0.999929 0.0100976 -0.00636473 0.0149057 -0.0101188 0.999943 -0.00329691 0.0140695 0.00633108 0.00336107 0.999974 -0.0137059 0.0 0.0 0.0 1.0
redkitchen/seq-01/color/frame-000338.color.png redkitchen/seq-01/color/frame-000341.color.png 0.999852 0.00391129 -0.016774 0.039706 -0.00405387 0.999956 -0.00847305 0.0213738 0.0167401 0.0085398 0.999823 -0.0299433 0.0 0.0 0.0 1.0
redkitchen/seq-01/color/frame-000341.color.png redkitchen/seq-01/color/frame-000344.color.png 0.999947 -0.00943731 0.00400877 0.0293252 0.0094359 0.999955 0.000376279 -0.00489329 -0.00401214 -0.000338451 0.999992 -0.012679 0.0 0.0 0.0 1.0
redkitchen/seq-01/color/frame-000344.color.png redkitchen/seq-01/color/frame-000347.color.png 0.999941 0.00656149 0.00865931 0.0255377 -0.00649636 0.999951 -0.00753117 0.0201373 -0.0087083 0.00747449 0.999934 -0.00470919 0.0 0.0 0.0 1.0
redkitchen/seq-01/color/frame-000347.color.png redkitchen/seq-01/color/frame-000350.color.png 0.999603 -0.0281796 0.000653982 0.02854 0.0281839 0.99957 -0.00803268 -0.0185507 -0.000427354 0.00804793 0.999967 -0.013443 0.0 0.0 0.0 1.0
redkitchen/seq-01/color/frame-000350.color.png redkitchen/seq-01/color/frame-000353.color.png 0.99995 0.00473184 0.00883928 0.016794 -0.00477131 0.999979 0.00444569 0.010966 -0.00881806 -0.00448763 0.999951 0.000180505 0.0 0.0 0.0 1.0
redkitchen/seq-01/color/frame-000353.color.png redkitchen/seq-01/color/frame-000356.color.png 0.99992 0.0124915 0.00173786 0.0233375 -0.0125019 0.999903 0.0061297 0.0171344 -0.00166112 -0.00615095 0.99998 -0.00313199 0.0 0.0 0.0 1.0
redkitchen/seq-01/color/frame-000356.color.png redkitchen/seq-01/color/frame-000359.color.png 0.999974 0.00513519 0.00497024 0.0065521 -0.00516494 0.999969 0.00599252 0.00619309 -0.00493932 -0.00601805 0.99997 0.00334516 0.0 0.0 0.0 1.0
redkitchen/seq-01/color/frame-000359.color.png redkitchen/seq-01/color/frame-000362.color.png 0.999992 -0.00361172 -0.00147196 0.0155314 0.00362357 0.99996 0.00811438 -0.00048019 0.0014426 -0.00811966 0.999966 -0.0031729 0.0 0.0 0.0 1.0
redkitchen/seq-01/color/frame-000362.color.png redkitchen/seq-01/color/frame-000365.color.png 0.999915 -0.00326894 0.0126068 0.0215788 0.00316584 0.999961 0.00818858 0.000162736 -0.0126332 -0.00814798 0.999887 0.00723526 0.0 0.0 0.0 1.0
redkitchen/seq-01/color/frame-000365.color.png redkitchen/seq-01/color/frame-000368.color.png 0.999949 -0.00999575 0.00137364 0.0169995 0.0100008 0.999943 -0.00371015 0.00312063 -0.00133638 0.0037237 0.999992 -0.00193151 0.0 0.0 0.0 1.0
redkitchen/seq-01/color/frame-000368.color.png redkitchen/seq-01/color/frame-000371.color.png 0.999891 -0.00537519 0.013744 0.0256934 0.00507894 0.999756 0.0214964 0.00466992 -0.0138563 -0.0214243 0.999674 0.0162868 0.0 0.0 0.0 1.0
redkitchen/seq-01/color/frame-000371.color.png redkitchen/seq-01/color/frame-000374.color.png 0.999989 -0.00415582 0.00226895 0.0172961 0.00413718 0.999958 0.00817658 0.00835091 -0.00230282 -0.00816709 0.999964 0.00569144 0.0 0.0 0.0 1.0
redkitchen/seq-01/color/frame-000374.color.png redkitchen/seq-01/color/frame-000377.color.png 0.999996 -0.00258135 -0.00114544 0.029429 0.0025983 0.999883 0.015092 0.0120026 0.00110638 -0.0150949 0.999886 0.00228465 0.0 0.0 0.0 1.0
redkitchen/seq-01/color/frame-000377.color.png redkitchen/seq-01/color/frame-000380.color.png 0.999998 -0.00156916 -0.00106193 0.0139056 0.00159253 0.999748 0.0223819 -0.00101735 0.00102648 -0.0223835 0.999749 0.00255159 0.0 0.0 0.0 1.0
redkitchen/seq-01/color/frame-000380.color.png redkitchen/seq-01/color/frame-000383.color.png 0.999991 0.00406224 0.000686367 0.0222421 -0.00407621 0.999754 0.0218139 0.0039687 -0.00059752 -0.0218165 0.999762 0.0077823 0.0 0.0 0.0 1.0
redkitchen/seq-01/color/frame-000383.color.png redkitchen/seq-01/color/frame-000386.color.png 0.999941 0.010738 -0.0017523 0.024948 -0.010708 0.999809 0.0163236 0.0132636 0.00192722 -0.0163038 0.999865 0.00378959 0.0 0.0 0.0 1.0
redkitchen/seq-01/color/frame-000386.color.png redkitchen/seq-01/color/frame-000389.color.png 0.999949 0.00718891 0.00704856 0.0211942 -0.00723194 0.999955 0.00609846 0.000296742 -0.00700438 -0.00614914 0.999957 0.00477605 0.0 0.0 0.0 1.0
redkitchen/seq-01/color/frame-000389.color.png redkitchen/seq-01/color/frame-000392.color.png 0.999957 0.00928438 -4.10422e-06 0.0214802 -0.00928439 0.999956 0.00118988 0.00600842 1.51572e-05 -0.00118978 0.999999 -0.000800475 0.0 0.0 0.0 1.0
redkitchen/seq-01/color/frame-000392.color.png redkitchen/seq-01/color/frame-000395.color.png 0.999916 0.00672032 0.0110562 0.0062958 -0.00674832 0.999974 0.00249926 -0.000669226 -0.0110391 -0.00257366 0.999936 0.0132045 0.0 0.0 0.0 1.0
redkitchen/seq-01/color/frame-000395.color.png redkitchen/seq-01/color/frame-000398.color.png 0.999893 -0.00493245 0.0137737 0.0269115 0.0050838 0.999927 -0.0109766 -0.0148613 -0.0137186 0.0110454 0.999845 0.00941216 0.0 0.0 0.0 1.0
redkitchen/seq-01/color/frame-000398.color.png redkitchen/seq-01/color/frame-000401.color.png 0.99986 0.00781589 0.0148265 0.0106173 -0.0077303 0.999953 -0.00581897 0.00814353 -0.0148713 0.00570356 0.999873 0.0224599 0.0 0.0 0.0 1.0
redkitchen/seq-01/color/frame-000401.color.png redkitchen/seq-01/color/frame-000404.color.png 0.999749 0.018604 0.0125205 0.013247 -0.0186818 0.999807 0.00612573 0.0118867 -0.0124041 -0.00635811 0.999903 0.0125474 0.0 0.0 0.0 1.0
redkitchen/seq-01/color/frame-000404.color.png redkitchen/seq-01/color/frame-000407.color.png 0.999875 0.0120823 0.0101494 0.00858796 -0.0121557 0.9999 0.00719943 0.00155394 -0.0100613 -0.0073219 0.999923 0.00965572 0.0 0.0 0.0 1.0
redkitchen/seq-01/color/frame-000407.color.png redkitchen/seq-01/color/frame-000410.color.png 0.999592 0.00101285 0.0285423 0.0108593 -0.00111766 0.999993 0.00365626 -0.0153209 -0.0285384 -0.00368665 0.999586 0.0343557 0.0 0.0 0.0 1.0
redkitchen/seq-01/color/frame-000410.color.png redkitchen/seq-01/color/frame-000413.color.png 0.999988 0.00314676 0.00384965 0.00823498 -0.00312675 0.999982 -0.00518896 -0.00209075 -0.00386587 0.00517687 0.999979 -0.0027175 0.0 0.0 0.0 1.0
redkitchen/seq-01/color/frame-000413.color.png redkitchen/seq-01/color/frame-000416.color.png 0.99975 0.0137408 0.0176605 0.00403857 -0.0138446 0.999888 0.00576613 0.000374779 -0.0175793 -0.00600919 0.999827 0.0233126 0.0 0.0 0.0 1.0
redkitchen/seq-01/color/frame-000416.color.png redkitchen/seq-01/color/frame-000419.color.png 0.999968 -0.00803075 -4.90514e-05 0.0146375 0.00802936 0.999879 -0.0133205 -0.0259642 0.000156006 0.0133196 0.999911 -0.00983397 0.0 0.0 0.0 1.0
redkitchen/seq-01/color/frame-000419.color.png redkitchen/seq-01/color/frame-000422.color.png 0.999778 0.0170676 0.0123374 0.0034368 -0.0171382 0.999837 0.00563817 0.0032838 -0.0122391 -0.00584837 0.999908 0.0119201 0.0 0.0 0.0 1.0
redkitchen/seq-01/color/frame-000422.color.png redkitchen/seq-01/color/frame-000425.color.png 0.999948 0.000514508 0.0101935 -0.000654817 -0.000531144 0.999999 0.00162816 -0.0194968 -0.0101926 -0.00163348 0.999947 0.0151621 0.0 0.0 0.0 1.0
redkitchen/seq-01/color/frame-000425.color.png redkitchen/seq-01/color/frame-000428.color.png 0.999982 -0.00483082 0.00361173 -0.00200868 0.00486031 0.999955 -0.00819869 -0.0219636 -0.003572 0.0082161 0.99996 0.00882854 0.0 0.0 0.0 1.0
redkitchen/seq-01/color/frame-000428.color.png redkitchen/seq-01/color/frame-000431.color.png 0.999942 0.00641168 -0.00861908 -0.00188255 -0.00643718 0.999975 -0.00293271 -0.0165938 0.00860001 0.00298802 0.999959 -0.00432477 0.0 0.0 0.0 1.0
redkitchen/seq-01/color/frame-000431.color.png redkitchen/seq-01/color/frame-000434.color.png 0.99991 -0.0100845 -0.00885615 -0.00897467 0.00985964 0.999637 -0.0250818 -0.0256747 0.00910597 0.0249922 0.999646 -0.00541722 0.0 0.0 0.0 1.0
redkitchen/seq-01/color/frame-000434.color.png redkitchen/seq-01/color/frame-000437.color.png 0.999889 0.00120551 -0.0148266 0.000402093 -0.00134541 0.999955 -0.00942898 -0.0263416 0.0148145 0.00944789 0.999846 -0.0166671 0.0 0.0 0.0 1.0
redkitchen/seq-01/color/frame-000437.color.png redkitchen/seq-01/color/frame-000440.color.png 0.999664 0.0245461 -0.008303 -0.00929976 -0.0245268 0.999696 0.00241648 0.00112058 0.00835984 -0.00221202 0.999963 -0.00734671 0.0 0.0 0.0 1.0
redkitchen/seq-01/color/frame-000440.color.png redkitchen/seq-01/color/frame-000443.color.png 0.999533 0.0277682 -0.0127786 -0.00966144 -0.0280199 0.999408 -0.0199591 0.0102326 0.0122168 0.0203078 0.999719 -0.0140015 0.0 0.0 0.0 1.0
redkitchen/seq-01/color/frame-000443.color.png redkitchen/seq-01/color/frame-000446.color.png 0.99951 0.0283446 -0.013253 -0.0168576 -0.0284906 0.999534 -0.0109627 0.0061296 0.012936 0.0113349 0.999852 -0.0158867 0.0 0.0 0.0 1.0
redkitchen/seq-01/color/frame-000446.color.png redkitchen/seq-01/color/frame-000449.color.png 0.999651 0.0185644 -0.0188078 -0.0246339 -0.0188326 0.999722 -0.0141874 -0.00808762 0.0185391 0.0145366 0.999722 -0.0151938 0.0 0.0 0.0 1.0
redkitchen/seq-01/color/frame-000449.color.png redkitchen/seq-01/color/frame-000452.color.png 0.999787 0.0134499 -0.0156686 -0.0272676 -0.0135847 0.999871 -0.0085263 -0.000111878 0.0155519 0.00873733 0.999841 -0.00056538 0.0 0.0 0.0 1.0
redkitchen/seq-01/color/frame-000452.color.png redkitchen/seq-01/color/frame-000455.color.png 0.999966 0.00404004 -0.00713662 -0.0228307 -0.00405782 0.999989 -0.00247776 -0.0101322 0.00712654 0.00250664 0.999971 -0.00353702 0.0 0.0 0.0 1.0
redkitchen/seq-01/color/frame-000455.color.png redkitchen/seq-01/color/frame-000458.color.png 0.999724 0.0144812 -0.0184721 -0.025337 -0.0146794 0.999836 -0.0106406 0.00475799 0.018315 0.0109089 0.999773 -0.00254759 0.0 0.0 0.0 1.0
redkitchen/seq-01/color/frame-000458.color.png redkitchen/seq-01/color/frame-000461.color.png 0.999748 0.00579273 -0.0216854 -0.0359051 -0.00586239 0.999978 -0.00315051 -0.0322918 0.0216667 0.00327684 0.99976 -0.0320504 0.0 0.0 0.0 1.0
redkitchen/seq-01/color/frame-000461.color.png redkitchen/seq-01/color/frame-000464.color.png 0.999364 -0.000713643 -0.0356586 -0.0270431 0.000110907 0.999857 -0.0169017 0.0133792 0.0356656 0.016887 0.999221 -0.0275395 0.0 0.0 0.0 1.0
redkitchen/seq-01/color/frame-000464.color.png redkitchen/seq-01/color/frame-000467.color.png 0.999639 0.00992042 -0.0249792 -0.0548489 -0.0102706 0.99985 -0.0139324 0.0253103 0.0248372 0.014184 0.999591 -0.00460964 0.0 0.0 0.0 1.0
redkitchen/seq-01/color/frame-000467.color.png redkitchen/seq-01/color/frame-000470.color.png 0.999598 -0.000158182 -0.0283569 -0.0531948 -0.000302903 0.999868 -0.0162548 0.0143855 0.0283557 0.0162569 0.999466 0.00438675 0.0 0.0 0.0 1.0
redkitchen/seq-01/color/frame-000470.color.png redkitchen/seq-01/color/frame-000473.color.png 0.999313 0.0154336 -0.0337065 -0.0208911 -0.0152842 0.999872 0.00468648 0.0044021 0.0337745 -0.00416807 0.999421 -0.0308428 0.0 0.0 0.0 1.0
redkitchen/seq-01/color/frame-000473.color.png redkitchen/seq-01/color/frame-000476.color.png 0.999448 0.000341367 -0.0332338 -0.010755 3.87407e-05 0.999935 0.0114362 -0.0179113 0.0332356 -0.0114311 0.999382 -0.0429982 0.0 0.0 0.0 1.0
redkitchen/seq-01/color/frame-000476.color.png redkitchen/seq-01/color/frame-000479.color.png 0.999668 -0.00385157 -0.025475 -0.0190608 0.00388019 0.999992 0.00107413 -0.00743118 0.0254707 -0.00117264 0.999675 -0.0336535 0.0 0.0 0.0 1.0
redkitchen/seq-01/color/frame-000479.color.png redkitchen/seq-01/color/frame-000482.color.png 0.999758 -0.0148704 -0.0162391 -0.0304033 0.0149267 0.999883 0.00335074 -0.00714652 0.0161873 -0.00359233 0.999863 -0.0136385 0.0 0.0 0.0 1.0
redkitchen/seq-01/color/frame-000482.color.png redkitchen/seq-01/color/frame-000485.color.png 0.999914 -0.00948624 -0.00907689 -0.0143301 0.00955212 0.999928 0.00724437 -0.0142611 0.00900751 -0.00733044 0.999933 -0.0114557 0.0 0.0 0.0 1.0
redkitchen/seq-01/color/frame-000485.color.png redkitchen/seq-01/color/frame-000488.color.png 0.999707 -0.0238828 -0.00395896 -0.0290085 0.0238991 0.999706 0.00413709 -0.0126055 0.00385899 -0.00423048 0.999984 0.0123852 0.0 0.0 0.0 1.0
redkitchen/seq-01/color/frame-000488.color.png redkitchen/seq-01/color/frame-000491.color.png 0.999879 -0.0153745 -0.00223483 -0.00955838 0.0154045 0.999782 0.0140937 -0.016121 0.00201765 -0.0141265 0.999898 -0.00798574 0.0 0.0 0.0 1.0
redkitchen/seq-01/color/frame-000491.color.png redkitchen/seq-01/color/frame-000494.color.png 0.999965 -0.00784854 0.00308361 -0.0130459 0.00781413 0.999909 0.0110162 -0.00619064 -0.00316979 -0.0109917 0.999934 0.00870752 0.0 0.0 0.0 1.0
redkitchen/seq-01/color/frame-000494.color.png redkitchen/seq-01/color/frame-000497.color.png 0.999884 -0.00334849 0.0148365 -0.0195002 0.00326916 0.99998 0.00536838 0.0034568 -0.0148542 -0.00531927 0.999876 0.0198233 0.0 0.0 0.0 1.0
redkitchen/seq-01/color/frame-000497.color.png redkitchen/seq-01/color/frame-000500.color.png 0.999901 -0.0135128 0.00388203 -0.0176601 0.0134746 0.999862 0.00970614 -0.0184848 -0.00401264 -0.00965286 0.999945 0.0108 0.0 0.0 0.0 1.0
redkitchen/seq-01/color/frame-000500.color.png redkitchen/seq-01/color/frame-000503.color.png 0.999504 -0.0286194 0.0131228 -0.0259974 0.0284574 0.999519 0.0123648 -0.0212478 -0.0134704 -0.0119853 0.999838 0.0229156 0.0 0.0 0.0 1.0
redkitchen/seq-01/color/frame-000503.color.png redkitchen/seq-01/color/frame-000506.color.png 0.999627 -0.0231269 0.0145183 -0.020911 0.0229588 0.999669 0.0116393 -0.0160159 -0.0147827 -0.0113017 0.999827 0.0235313 0.0 0.0 0.0 1.0
redkitchen/seq-01/color/frame-000506.color.png redkitchen/seq-01/color/frame-000509.color.png 0.999792 -0.0203249 0.00166575 -0.0182943 0.0203114 0.999764 0.00775502 -0.0232609 -0.00182298 -0.00771957 0.999969 0.00673254 0.0 0.0 0.0 1.0
redkitchen/seq-01/color/frame-000509.color.png redkitchen/seq-01/color/frame-000512.color.png 0.999543 -0.0291546 0.00796907 -0.0231143 0.0290561 0.999503 0.0122035 -0.0203133 -0.0083209 -0.0119664 0.999894 0.0187567 0.0 0.0 0.0 1.0
redkitchen/seq-01/color/frame-000512.color.png redkitchen/seq-01/color/frame-000515.color.png 0.999774 -0.0178074 0.0116169 -0.0283011 0.0176133 0.999707 0.0165959 -0.0146489 -0.0119091 -0.0163876 0.999795 0.0226964 0.0 0.0 0.0 1.0
redkitchen/seq-01/color/frame-000515.color.png redkitchen/seq-01/color/frame-000518.color.png 0.999917 -0.0124076 -0.0035665 -0.0113281 0.0124011 0.999922 -0.00184602 -0.00125937 0.00358913 0.00180163 0.999992 0.0137602 0.0 0.0 0.0 1.0
redkitchen/seq-01/color/frame-000518.color.png redkitchen/seq-01/color/frame-000521.color.png 0.999902 -0.0116169 0.00779887 -0.0191953 0.0115507 0.999897 0.00847291 -0.016022 -0.00789649 -0.008382 0.999934 0.0146799 0.0 0.0 0.0 1.0
redkitchen/seq-01/color/frame-000521.color.png redkitchen/seq-01/color/frame-000524.color.png 0.999771 -0.0213155 -0.00170468 -0.0181846 0.0213146 0.999773 -0.000539117 -0.0172657 0.00171578 0.000502659 0.999998 0.0119214 0.0 0.0 0.0 1.0
redkitchen/seq-01/color/frame-000524.color.png redkitchen/seq-01/color/frame-000527.color.png 0.99999 -0.00301258 0.00318893 -0.0145912 0.00301812 0.999994 -0.00174568 -0.00682376 -0.00318364 0.00175529 0.999994 0.00657168 0.0 0.0 0.0 1.0
redkitchen/seq-01/color/frame-000527.color.png redkitchen/seq-01/color/frame-000530.color.png 0.99999 -0.00272931 -0.00347284 -0.0161837 0.0027322 0.999996 0.000824386 -0.00864308 0.00347057 -0.000833868 0.999994 0.0094772 0.0 0.0 0.0 1.0
redkitchen/seq-01/color/frame-000530.color.png redkitchen/seq-01/color/frame-000533.color.png 0.999955 0.00898285 0.00308066 -0.00183535 -0.0089639 0.999941 -0.00611104 0.0132668 -0.00313537 0.00608315 0.999977 0.00606856 0.0 0.0 0.0 1.0
redkitchen/seq-01/color/frame-000533.color.png redkitchen/seq-01/color/frame-000536.color.png 0.999902 -0.0115208 0.00788057 -0.0253143 0.0114857 0.999924 0.00448071 -0.0240584 -0.00793159 -0.00438976 0.999959 0.015683 0.0 0.0 0.0 1.0
redkitchen/seq-01/color/frame-000536.color.png redkitchen/seq-01/color/frame-000539.color.png 0.999959 -0.00216081 0.00881107 -0.00316292 0.002313 0.999848 -0.0173001 0.00258867 -0.00877235 0.0173197 0.999812 0.0161938 0.0 0.0 0.0 1.0
redkitchen/seq-01/color/frame-000539.color.png redkitchen/seq-01/color/frame-000542.color.png 0.999996 -0.00191744 0.00192942 -0.0157467 0.00193689 0.999947 -0.0101007 0.0054957 -0.00190996 0.0101044 0.999947 0.010537 0.0 0.0 0.0 1.0
redkitchen/seq-01/color/frame-000542.color.png redkitchen/seq-01/color/frame-000545.color.png 0.999972 -0.00744782 0.000457353 -0.0126537 0.00744706 0.999971 0.00174138 -0.00845078 -0.000470295 -0.00173792 0.999999 0.0125793 0.0 0.0 0.0 1.0
redkitchen/seq-01/color/frame-000545.color.png redkitchen/seq-01/color/frame-000548.color.png 0.99981 -0.0101063 -0.0166932 -0.00153282 0.00992914 0.999894 -0.0106619 -0.00182709 0.0167992 0.0104941 0.999804 0.00432867 0.0 0.0 0.0 1.0
redkitchen/seq-01/color/frame-000548.color.png redkitchen/seq-01/color/frame-000551.color.png 0.999917 -0.0068177 -0.0108967 -0.00177529 0.00678586 0.999973 -0.00295717 -0.00384669 0.0109165 0.00288298 0.999936 0.0115167 0.0 0.0 0.0 1.0
redkitchen/seq-01/color/frame-000551.color.png redkitchen/seq-01/color/frame-000554.color.png 0.999926 0.00763206 -0.00943669 -0.00953969 -0.007634 0.999971 -0.000164452 -0.000512764 0.00943516 0.000236481 0.999955 0.0136491 0.0 0.0 0.0 1.0
redkitchen/seq-01/color/frame-000554.color.png redkitchen/seq-01/color/frame-000557.color.png 0.999802 0.00746274 -0.0184658 0.0119786 -0.00756761 0.999956 -0.00561522 0.00602701 0.0184231 0.00575385 0.999814 0.00951073 0.0 0.0 0.0 1.0
redkitchen/seq-01/color/frame-000557.color.png redkitchen/seq-01/color/frame-000560.color.png 0.999864 0.0159643 0.00410051 -0.0272746 -0.0160442 0.999666 0.0202759 -0.0131667 -0.00377545 -0.0203389 0.999786 0.0318806 0.0 0.0 0.0 1.0
redkitchen/seq-01/color/frame-000560.color.png redkitchen/seq-01/color/frame-000563.color.png 0.999913 0.00108248 -0.0131608 0.0126295 -0.00101544 0.999986 0.0050981 -0.0112359 0.0131661 -0.00508429 0.9999 0.00985512 0.0 0.0 0.0 1.0
redkitchen/seq-01/color/frame-000563.color.png redkitchen/seq-01/color/frame-000566.color.png 0.999941 -0.000973112 -0.0108045 -0.00878933 0.000863505 0.999948 -0.0101427 -0.0170179 0.0108138 0.0101327 0.99989 0.0244967 0.0 0.0 0.0 1.0
redkitchen/seq-01/color/frame-000566.color.png redkitchen/seq-01/color/frame-000569.color.png 0.99998 0.00625836 0.00123027 -0.0187793 -0.00626057 0.999979 0.00181032 -0.0121207 -0.00121892 -0.00181799 0.999998 0.00744092 0.0 0.0 0.0 1.0
redkitchen/seq-01/color/frame-000569.color.png redkitchen/seq-01/color/frame-000572.color.png 0.999707 0.0171316 -0.0171092 0.00706533 -0.0174609 0.999662 -0.0192827 0.0132857 0.0167731 0.0195757 0.999668 0.0311216 0.0 0.0 0.0 1.0
redkitchen/seq-01/color/frame-000572.color.png redkitchen/seq-01/color/frame-000575.color.png 0.999822 0.0180961 0.00535791 -0.0223846 -0.0181448 0.999793 0.00918662 -0.0291916 -0.00519056 -0.00928221 0.999943 0.0144256 0.0 0.0 0.0 1.0
redkitchen/seq-01/color/frame-000575.color.png redkitchen/seq-01/color/frame-000578.color.png 0.99989 0.00469964 -0.0140589 -0.0231921 -0.00486984 0.999915 -0.0120936 -0.000125378 0.0140009 0.0121608 0.999828 0.0150548 0.0 0.0 0.0 1.0
redkitchen/seq-01/color/frame-000578.color.png redkitchen/seq-01/color/frame-000581.color.png 0.999671 -0.0025125 -0.025525 -0.00757402 0.00224425 0.999942 -0.0105337 0.00181702 0.02555 0.010473 0.999619 0.0096209 0.0 0.0 0.0 1.0
redkitchen/seq-01/color/frame-000581.color.png redkitchen/seq-01/color/frame-000584.color.png 0.99978 -0.00327759 -0.0206932 -0.0019455 0.00328573 0.999995 0.000359256 -0.00337163 0.0206919 -0.000427171 0.999786 0.000312626 0.0 0.0 0.0 1.0
redkitchen/seq-01/color/frame-000584.color.png redkitchen/seq-01/color/frame-000587.color.png 0.999929 0.00865485 -0.00823098 -0.0258501 -0.00854102 0.999869 0.0137621 -0.00628397 0.00834901 -0.0136908 0.999871 0.00471324 0.0 0.0 0.0 1.0
redkitchen/seq-01/color/frame-000587.color.png redkitchen/seq-01/color/frame-000590.color.png 0.999904 -0.00765133 -0.0115273 -0.0155954 0.00783581 0.99984 0.0160456 -0.0118619 0.0114026 -0.0161344 0.999805 0.0120526 0.0 0.0 0.0 1.0
redkitchen/seq-01/color/frame-000590.color.png redkitchen/seq-01/color/frame-000593.color.png 0.999931 -0.0105984 0.00514523 -0.0309135 0.0105726 0.999932 0.00500938 -0.00251752 -0.00519794 -0.00495463 0.999974 0.0191382 0.0 0.0 0.0 1.0
redkitchen/seq-01/color/frame-000593.color.png redkitchen/seq-01/color/frame-000596.color.png 0.999914 0.00304451 0.0127316 -0.0225061 -0.00301553 0.999993 -0.00229267 0.00794187 -0.0127386 0.00225408 0.999917 0.00954688 0.0 0.0 0.0 1.0
redkitchen/seq-01/color/frame-000596.color.png redkitchen/seq-01/color/frame-000599.color.png 0.999758 -0.00825212 0.0203726 -0.0377116 0.00806893 0.999926 0.00905584 -0.0215104 -0.0204458 -0.00888927 0.999751 0.00766683 0.0 0.0 0.0 1.0
redkitchen/seq-01/color/frame-000599.color.png redkitchen/seq-01/color/frame-000602.color.png 0.999736 -0.0110585 0.0201136 -0.045248 0.0111631 0.999925 -0.00509665 -0.000552416 -0.0200557 0.00531984 0.999785 0.00361067 0.0 0.0 0.0 1.0
redkitchen/seq-01/color/frame-000602.color.png redkitchen/seq-01/color/frame-000605.color.png 0.999968 -0.00270626 0.00757725 -0.0155292 0.00265511 0.999974 0.00675194 -0.00821802 -0.00759532 -0.0067316 0.999948 0.00461137 0.0 0.0 0.0 1.0
redkitchen/seq-01/color/frame-000605.color.png redkitchen/seq-01/color/frame-000608.color.png 0.999913 0.00332478 0.0127702 -0.0278245 -0.00333546 0.999994 0.000816745 0.000971109 -0.0127674 -0.000859266 0.999918 0.00401926 0.0 0.0 0.0 1.0
redkitchen/seq-01/color/frame-000608.color.png redkitchen/seq-01/color/frame-000611.color.png 0.999947 -0.00807284 0.00646867 -0.0250487 0.00805838 0.999965 0.00225958 -0.0134606 -0.0064867 -0.00220734 0.999977 -0.00364912 0.0 0.0 0.0 1.0
redkitchen/seq-01/color/frame-000611.color.png redkitchen/seq-01/color/frame-000614.color.png 0.999928 0.00579834 0.0105164 -0.0230034 -0.00573405 0.999965 -0.00613442 -0.00182486 -0.0105516 0.00607368 0.999926 0.00179058 0.0 0.0 0.0 1.0
redkitchen/seq-01/color/frame-000614.color.png redkitchen/seq-01/color/frame-000617.color.png 0.999949 -0.000709886 -0.0101167 -0.0115154 0.000636945 0.999974 -0.0072151 -0.00426036 0.0101215 0.00720829 0.999923 -0.00472301 0.0 0.0 0.0 1.0
redkitchen/seq-01/color/frame-000617.color.png redkitchen/seq-01/color/frame-000620.color.png 0.999818 0.0189383 -0.00208932 -0.022895 -0.0189416 0.999819 -0.0015576 -0.00448731 0.00205943 0.00159689 0.999997 -0.00205785 0.0 0.0 0.0 1.0
redkitchen/seq-01/color/frame-000620.color.png redkitchen/seq-01/color/frame-000623.color.png 0.999858 0.00166033 -0.0167561 -0.00167334 -0.00177267 0.999976 -0.0066936 0.00899193 0.0167446 0.00672236 0.999837 0.000658333 0.0 0.0 0.0 1.0
redkitchen/seq-01/color/frame-000623.color.png redkitchen/seq-01/color/frame-000626.color.png 0.999439 0.00628759 -0.0328961 0.00704724 -0.00634155 0.999979 -0.00153505 -0.00545305 0.0328858 0.0017428 0.999458 -0.0052768 0.0 0.0 0.0 1.0
redkitchen/seq-01/color/frame-000626.color.png redkitchen/seq-01/color/frame-000629.color.png 0.999661 0.0022549 -0.025955 -0.00806882 -0.00215071 0.99999 0.00404035 -0.00512317 0.0259638 -0.00398315 0.999655 -0.0062173 0.0 0.0 0.0 1.0
redkitchen/seq-01/color/frame-000629.color.png redkitchen/seq-01/color/frame-000632.color.png 0.999782 0.00558639 -0.0201109 0.0112608 -0.00580483 0.999925 -0.01082 0.0200987 0.0200489 0.0109344 0.999739 0.00722778 0.0 0.0 0.0 1.0
redkitchen/seq-01/color/frame-000632.color.png redkitchen/seq-01/color/frame-000635.color.png 0.99973 0.0085042 -0.021607 0.00307087 -0.00834358 0.999937 0.00751309 -0.00879708 0.0216696 -0.00733079 0.999738 -0.00364262 0.0 0.0 0.0 1.0
redkitchen/seq-01/color/frame-000635.color.png redkitchen/seq-01/color/frame-000638.color.png 0.999921 0.00474499 -0.0116589 -0.00537923 -0.00475641 0.999988 -0.000951308 -0.00679097 0.0116542 0.00100669 0.999932 -0.00440174 0.0 0.0 0.0 1.0
redkitchen/seq-01/color/frame-000638.color.png redkitchen/seq-01/color/frame-000641.color.png 0.999961 0.00321004 -0.00817124 -0.00447563 -0.00320598 0.999995 0.000514355 -0.00345311 0.00817284 -0.000488137 0.999967 0.00331759 0.0 0.0 0.0 1.0
redkitchen/seq-01/color/frame-000641.color.png redkitchen/seq-01/color/frame-000644.color.png 0.999937 0.0100761 0.00496442 -0.0157306 -0.0100611 0.999945 -0.00303227 0.00065133 -0.00499464 0.00298213 0.999983 0.00447875 0.0 0.0 0.0 1.0
redkitchen/seq-01/color/frame-000644.color.png redkitchen/seq-01/color/frame-000647.color.png 0.999988 -1.28123e-05 0.00492361 -0.015254 -1.53585e-05 0.999984 0.00571968 -0.0150782 -0.00492364 -0.00571969 0.999972 0.0128575 0.0 0.0 0.0 1.0
redkitchen/seq-01/color/frame-000647.color.png redkitchen/seq-01/color/frame-000650.color.png 0.999917 -0.00394955 0.0122285 -0.0231113 0.00389689 0.999983 0.00432482 -0.0066998 -0.0122454 -0.00427681 0.999916 0.0172966 0.0 0.0 0.0 1.0
redkitchen/seq-01/color/frame-000650.color.png redkitchen/seq-01/color/frame-000653.color.png 0.999893 -0.00299803 0.014311 -0.0246279 0.00297181 0.999994 0.00185757 -0.00630748 -0.0143164 -0.00181484 0.999896 0.00845969 0.0 0.0 0.0 1.0
redkitchen/seq-01/color/frame-000653.color.png redkitchen/seq-01/color/frame-000656.color.png 0.999594 -0.0186967 0.0215241 -0.0433201 0.0186608 0.999824 0.00186305 -0.00966224 -0.0215552 -0.00146064 0.999767 0.0167526 0.0 0.0 0.0 1.0
redkitchen/seq-01/color/frame-000656.color.png redkitchen/seq-01/color/frame-000659.color.png 0.999787 -0.0180672 0.00999681 -0.0355593 0.018008 0.99982 0.00598224 -0.0155396 -0.0101031 -0.00580094 0.999932 0.0136198 0.0 0.0 0.0 1.0
redkitchen/seq-01/color/frame-000659.color.png redkitchen/seq-01/color/frame-000662.color.png 0.999689 0.00908011 0.0232144 -0.0399554 -0.00936705 0.999881 0.0122813 -0.0291134 -0.0231001 -0.012495 0.999655 0.00677991 0.0 0.0 0.0 1.0
redkitchen/seq-01/color/frame-000662.color.png redkitchen/seq-01/color/frame-000665.color.png 0.99997 -0.00607254 -0.00486465 -0.0060768 0.00609852 0.999967 0.00534412 -0.0141583 0.00483204 -0.00537363 0.999974 0.0129688 0.0 0.0 0.0 1.0
redkitchen/seq-01/color/frame-000665.color.png redkitchen/seq-01/color/frame-000668.color.png 0.999682 -0.00611115 0.0244642 -0.0582455 0.00615755 0.999979 -0.00182404 -0.00639749 -0.0244525 0.0019741 0.999699 0.0162479 0.0 0.0 0.0 1.0
redkitchen/seq-01/color/frame-000668.color.png redkitchen/seq-01/color/frame-000671.color.png 0.999965 -0.00834426 -0.00102612 -0.00759152 0.0083423 0.999963 -0.0019365 -0.00781047 0.00104224 0.00192787 0.999998 0.017196 0.0 0.0 0.0 1.0
redkitchen/seq-01/color/frame-000671.color.png redkitchen/seq-01/color/frame-000674.color.png 0.999995 -0.00305318 -0.000767684 -0.00635487 0.00305952 0.99996 0.0083556 -0.00926566 0.000742156 -0.00835791 0.999965 0.0100647 0.0 0.0 0.0 1.0
redkitchen/seq-01/color/frame-000674.color.png redkitchen/seq-01/color/frame-000677.color.png 0.999897 -0.0128016 0.00646085 -0.0254922 0.0127334 0.999864 0.0104854 -0.0117228 -0.00659422 -0.010402 0.999924 -0.00185919 0.0 0.0 0.0 1.0
redkitchen/seq-01/color/frame-000677.color.png redkitchen/seq-01/color/frame-000680.color.png 0.999989 -0.00393271 -0.00254541 0.00518781 0.00397078 0.999877 0.0151363 -0.0119833 0.00248557 -0.0151462 0.999882 0.0136653 0.0 0.0 0.0 1.0
redkitchen/seq-01/color/frame-000680.color.png redkitchen/seq-01/color/frame-000683.color.png 0.999942 -0.00504414 -0.009519 0.00738746 0.00514427 0.999931 0.0105256 -0.0127795 0.00946527 -0.010574 0.999899 0.0126207 0.0 0.0 0.0 1.0
redkitchen/seq-01/color/frame-000683.color.png redkitchen/seq-01/color/frame-000686.color.png 0.999995 -0.000986653 0.00291632 -0.0121116 0.000929292 0.999807 0.0196051 -0.0262719 -0.00293511 -0.0196023 0.999804 0.0106267 0.0 0.0 0.0 1.0
redkitchen/seq-01/color/frame-000686.color.png redkitchen/seq-01/color/frame-000689.color.png 0.999988 -0.00318272 -0.00376489 0.0119499 0.00318129 0.999995 -0.000391103 -0.00183868 0.00376612 0.00037912 0.999993 0.0129793 0.0 0.0 0.0 1.0
redkitchen/seq-01/color/frame-000689.color.png redkitchen/seq-01/color/frame-000692.color.png 0.999987 -0.00492602 0.00159136 -0.000301749 0.00493421 0.999974 -0.00518592 -0.008928 -0.00156577 0.00519371 0.999985 0.0150756 0.0 0.0 0.0 1.0
redkitchen/seq-01/color/frame-000692.color.png redkitchen/seq-01/color/frame-000695.color.png 0.999924 -0.00311361 0.0119443 -0.00239252 0.0031937 0.999972 -0.00669164 0.00106758 -0.0119232 0.00672928 0.999906 0.0173684 0.0 0.0 0.0 1.0
redkitchen/seq-01/color/frame-000695.color.png redkitchen/seq-01/color/frame-000698.color.png 0.999959 -0.00122123 0.00893449 -0.00966424 0.00124294 0.999996 -0.00242463 0.000931501 -0.0089315 0.00243565 0.999957 0.00744301 0.0 0.0 0.0 1.0
redkitchen/seq-01/color/frame-000698.color.png redkitchen/seq-01/color/frame-000701.color.png 0.999912 -0.0128001 0.00341169 -0.00393531 0.012795 0.999917 0.00151109 0.000762224 -0.00343074 -0.00146731 0.999993 0.0145726 0.0 0.0 0.0 1.0
redkitchen/seq-01/color/frame-000701.color.png redkitchen/seq-01/color/frame-000704.color.png 0.99997 -0.0070357 0.00324868 0.0138685 0.00700689 0.999937 0.00879683 -0.014103 -0.00331037 -0.0087738 0.999956 0.0130175 0.0 0.0 0.0 1.0
redkitchen/seq-01/color/frame-000704.color.png redkitchen/seq-01/color/frame-000707.color.png 0.999875 -0.0103352 0.0119785 -0.0134447 0.0102776 0.999935 0.00485312 0.00112551 -0.0120279 -0.00472941 0.999917 0.00475019 0.0 0.0 0.0 1.0
redkitchen/seq-01/color/frame-000707.color.png redkitchen/seq-01/color/frame-000710.color.png 0.999779 -0.0181199 0.010672 -0.010902 0.0180742 0.999827 0.00437062 -0.00060004 -0.0107493 -0.00417679 0.999933 0.0101877 0.0 0.0 0.0 1.0
redkitchen/seq-01/color/frame-000710.color.png redkitchen/seq-01/color/frame-000713.color.png 0.999863 -0.0140366 0.00881916 -0.0129877 0.0140644 0.999896 -0.0030928 0.00342685 -0.00877484 0.00321641 0.999956 0.00184828 0.0 0.0 0.0 1.0
redkitchen/seq-01/color/frame-000713.color.png redkitchen/seq-01/color/frame-000716.color.png 0.999865 -0.0134148 0.00954167 -0.00607395 0.01333 0.999872 0.00889042 -0.00895673 -0.00965971 -0.00876202 0.999915 0.00321239 0.0 0.0 0.0 1.0
redkitchen/seq-01/color/frame-000716.color.png redkitchen/seq-01/color/frame-000719.color.png 0.999831 -0.0104322 0.0151543 -0.0156163 0.0103489 0.999931 0.005564 -0.00527495 -0.0152113 -0.00540622 0.99987 -0.000513315 0.0 0.0 0.0 1.0
redkitchen/seq-01/color/frame-000719.color.png redkitchen/seq-01/color/frame-000722.color.png 0.999944 -0.00953976 0.00457239 -0.00375563 0.00952282 0.999948 0.00371902 -0.00467384 -0.00460763 -0.00367528 0.999983 -0.00132781 0.0 0.0 0.0 1.0
redkitchen/seq-01/color/frame-000722.color.png redkitchen/seq-01/color/frame-000725.color.png 0.999822 -0.00263028 0.0186605 -0.00742768 0.0023002 0.999841 0.0176857 -0.0216638 -0.018704 -0.0176397 0.999669 -0.00606352 0.0 0.0 0.0 1.0
redkitchen/seq-01/color/frame-000725.color.png redkitchen/seq-01/color/frame-000728.color.png 0.999951 -0.00729939 0.00670858 0.00193638 0.00722715 0.999916 0.0107392 -0.00902164 -0.00678641 -0.0106902 0.99992 0.00266159 0.0 0.0 0.0 1.0
redkitchen/seq-01/color/frame-000728.color.png redkitchen/seq-01/color/frame-000731.color.png 0.999618 0.00389688 0.0273456 -0.0165137 -0.00436235 0.999846 0.0169769 -0.0260603 -0.0272753 -0.0170897 0.999482 -0.0145939 0.0 0.0 0.0 1.0
redkitchen/seq-01/color/frame-000731.color.png redkitchen/seq-01/color/frame-000734.color.png 0.999884 -0.00495573 0.0143948 0.00155625 0.00485666 0.999964 0.00691016 -0.0076499 -0.0144285 -0.00683945 0.999873 0.000841022 0.0 0.0 0.0 1.0
redkitchen/seq-01/color/frame-000734.color.png redkitchen/seq-01/color/frame-000737.color.png 0.998838 -0.0183546 0.0445517 -0.0532249 0.017891 0.999782 0.0107836 -0.0117118 -0.0447399 -0.00997395 0.998949 -0.00502872 0.0 0.0 0.0 1.0
redkitchen/seq-01/color/frame-000737.color.png redkitchen/seq-01/color/frame-000740.color.png 0.999611 -0.00471145 0.0275012 -0.0250133 0.0044904 0.999957 0.00809461 -0.00938964 -0.0275382 -0.00796797 0.999589 -0.00901282 0.0 0.0 0.0 1.0
redkitchen/seq-01/color/frame-000740.color.png redkitchen/seq-01/color/frame-000743.color.png 0.999269 -0.018072 0.0337003 -0.0267605 0.0179283 0.999829 0.0045585 -0.00504363 -0.0337769 -0.00395099 0.999422 -0.00488973 0.0 0.0 0.0 1.0
redkitchen/seq-01/color/frame-000743.color.png redkitchen/seq-01/color/frame-000746.color.png 0.999782 -0.0113433 0.017538 -0.00983131 0.0112242 0.999913 0.00688239 -0.00859332 -0.0176145 -0.00668404 0.999823 0.00254691 0.0 0.0 0.0 1.0
redkitchen/seq-01/color/frame-000746.color.png redkitchen/seq-01/color/frame-000749.color.png 0.999625 -0.00639993 0.0266203 -0.0302593 0.00641739 0.999979 -0.000570813 -0.000371516 -0.026616 0.000741429 0.999645 -0.00526869 0.0 0.0 0.0 1.0
redkitchen/seq-01/color/frame-000749.color.png redkitchen/seq-01/color/frame-000752.color.png 0.999807 -0.0126286 0.0150325 -0.0147817 0.0125599 0.99991 0.00465045 -0.00939906 -0.01509 -0.00446075 0.999876 0.00141788 0.0 0.0 0.0 1.0
redkitchen/seq-01/color/frame-000752.color.png redkitchen/seq-01/color/frame-000755.color.png 0.999707 -0.00850875 0.022671 -0.0172915 0.00841679 0.999956 0.00414851 -0.00770247 -0.0227052 -0.00395647 0.999734 -0.000691056 0.0 0.0 0.0 1.0
redkitchen/seq-01/color/frame-000755.color.png redkitchen/seq-01/color/frame-000758.color.png 0.999911 -0.00418322 0.0126424 -0.00832728 0.0041658 0.99999 0.00140399 -0.00445539 -0.0126483 -0.00135121 0.999919 0.00134397 0.0 0.0 0.0 1.0
redkitchen/seq-01/color/frame-000758.color.png redkitchen/seq-01/color/frame-000761.color.png 0.999835 -0.0059912 0.0171231 -0.022616 0.00586084 0.999954 0.00765286 -0.0175796 -0.0171681 -0.00755126 0.999824 -0.00434887 0.0 0.0 0.0 1.0
redkitchen/seq-01/color/frame-000761.color.png redkitchen/seq-01/color/frame-000764.color.png 0.9999 -0.00222597 0.0139397 -0.0149827 0.00227902 0.99999 -0.00378747 0.00801986 -0.0139311 0.00381886 0.999896 -0.000617862 0.0 0.0 0.0 1.0
redkitchen/seq-01/color/frame-000764.color.png redkitchen/seq-01/color/frame-000767.color.png 0.999689 -0.0136515 0.0208676 -0.022708 0.0135653 0.999899 0.00426762 -0.0063321 -0.0209239 -0.00398319 0.999773 -0.00307381 0.0 0.0 0.0 1.0
redkitchen/seq-01/color/frame-000767.color.png redkitchen/seq-01/color/frame-000770.color.png 0.999883 -0.000701439 0.0152759 -0.00918534 0.000711226 1.0 -0.000636656 0.0066511 -0.0152755 0.000647409 0.999883 -0.00331557 0.0 0.0 0.0 1.0
redkitchen/seq-01/color/frame-000770.color.png redkitchen/seq-01/color/frame-000773.color.png 0.999782 -0.0118623 0.0172018 -0.0228859 0.011848 0.999929 0.000935402 -0.0014922 -0.0172117 -0.000731362 0.999852 -0.00486791 0.0 0.0 0.0 1.0
redkitchen/seq-01/color/frame-000773.color.png redkitchen/seq-01/color/frame-000776.color.png 0.999438 -0.0173364 0.0287029 -0.0310998 0.0173245 0.99985 0.000664308 0.00261182 -0.0287101 -0.000166672 0.999588 -0.00581336 0.0 0.0 0.0 1.0
redkitchen/seq-01/color/frame-000776.color.png redkitchen/seq-01/color/frame-000779.color.png 0.999844 -0.00950014 0.0148682 -0.0113116 0.00945299 0.99995 0.00323179 0.000334918 -0.0148981 -0.00309074 0.999884 -0.0146759 0.0 0.0 0.0 1.0
redkitchen/seq-01/color/frame-000779.color.png redkitchen/seq-01/color/frame-000782.color.png 0.999397 -0.013909 0.031803 -0.0365197 0.0138527 0.999902 0.00199168 0.000159144 -0.0318277 -0.00154994 0.999492 -0.00262827 0.0 0.0 0.0 1.0
redkitchen/seq-01/color/frame-000782.color.png redkitchen/seq-01/color/frame-000785.color.png 0.999776 -0.00330171 0.0208915 -0.0181204 0.00321866 0.999987 0.0040085 -0.00343585 -0.0209045 -0.00394036 0.999774 -0.0179677 0.0 0.0 0.0 1.0
redkitchen/seq-01/color/frame-000785.color.png redkitchen/seq-01/color/frame-000788.color.png 0.99927 -0.00563744 0.0377942 -0.0423892 0.00537452 0.999961 0.00705565 -0.00829619 -0.0378326 -0.00684735 0.999261 -0.0104615 0.0 0.0 0.0 1.0
redkitchen/seq-01/color/frame-000788.color.png redkitchen/seq-01/color/frame-000791.color.png 0.999743 -0.0006839 0.0226412 -0.01675 0.000565381 0.999986 0.00523785 0.000819504 -0.0226444 -0.00522375 0.99973 -0.00368518 0.0 0.0 0.0 1.0
redkitchen/seq-01/color/frame-000791.color.png redkitchen/seq-01/color/frame-000794.color.png 0.999215 -0.0210848 0.0335275 -0.0406168 0.0210799 0.999778 0.000500754 0.00477755 -0.0335306 0.000206434 0.999438 -0.0137004 0.0 0.0 0.0 1.0
redkitchen/seq-01/color/frame-000794.color.png redkitchen/seq-01/color/frame-000797.color.png 0.999812 -0.00852842 0.0173989 -0.0171216 0.00838193 0.999929 0.00847603 -0.00852132 -0.0174699 -0.0083286 0.999813 -0.00732893 0.0 0.0 0.0 1.0
redkitchen/seq-01/color/frame-000797.color.png redkitchen/seq-01/color/frame-000800.color.png 0.999452 -0.0150949 0.0294502 -0.0340077 0.0147411 0.999817 0.012193 -0.0119655 -0.029629 -0.0117522 0.999492 -0.0138198 0.0 0.0 0.0 1.0
redkitchen/seq-01/color/frame-000800.color.png redkitchen/seq-01/color/frame-000803.color.png 0.99955 -0.0108334 0.0279756 -0.0275265 0.0106476 0.99992 0.00678436 -0.00208747 -0.0280467 -0.00648344 0.999586 -0.00904983 0.0 0.0 0.0 1.0
redkitchen/seq-01/color/frame-000803.color.png redkitchen/seq-01/color/frame-000806.color.png 0.999618 -0.012183 0.0247948 -0.0241681 0.0119267 0.999874 0.0104603 -0.00562149 -0.0249193 -0.0101605 0.999638 -0.00861406 0.0 0.0 0.0 1.0
redkitchen/seq-01/color/frame-000806.color.png redkitchen/seq-01/color/frame-000809.color.png 0.999841 -0.0110525 0.0140206 -0.0166484 0.0109469 0.999911 0.00757973 -0.00621164 -0.014103 -0.00742502 0.999873 -0.00952673 0.0 0.0 0.0 1.0
redkitchen/seq-01/color/frame-000809.color.png redkitchen/seq-01/color/frame-000812.color.png 0.999598 -0.0125828 0.025416 -0.0250833 0.0124501 0.999908 0.00537539 0.00396931 -0.0254814 -0.00505674 0.999662 -0.00290722 0.0 0.0 0.0 1.0
redkitchen/seq-01/color/frame-000812.color.png redkitchen/seq-01/color/frame-000815.color.png 0.99974 -0.0112531 0.0198411 -0.0182756 0.0110763 0.999898 0.00900529 -0.00826943 -0.0199403 -0.00878318 0.999763 -0.0113495 0.0 0.0 0.0 1.0
redkitchen/seq-01/color/frame-000815.color.png redkitchen/seq-01/color/frame-000818.color.png 0.999799 -0.0100039 0.0173694 -0.0161485 0.0099268 0.999941 0.00451865 0.00214738 -0.0174136 -0.0043454 0.999839 -0.00808144 0.0 0.0 0.0 1.0
redkitchen/seq-01/color/frame-000818.color.png redkitchen/seq-01/color/frame-000821.color.png 0.999713 -0.00864529 0.0223478 -0.0219505 0.00835329 0.999879 0.013131 -0.0143631 -0.0224585 -0.0129405 0.999664 -0.0110898 0.0 0.0 0.0 1.0
redkitchen/seq-01/color/frame-000821.color.png redkitchen/seq-01/color/frame-000824.color.png 0.999719 -0.00855035 0.022098 -0.0177292 0.00861469 0.999959 -0.00282345 0.00848669 -0.0220729 0.00301292 0.999752 -0.0127177 0.0 0.0 0.0 1.0
redkitchen/seq-01/color/frame-000824.color.png redkitchen/seq-01/color/frame-000827.color.png 0.999704 -0.00406545 0.0239818 -0.0232555 0.00400984 0.999989 0.00236356 -0.00102806 -0.0239911 -0.00226652 0.99971 -0.0103358 0.0 0.0 0.0 1.0
redkitchen/seq-01/color/frame-000827.color.png redkitchen/seq-01/color/frame-000830.color.png 0.999716 -0.00320699 0.0236259 -0.0226669 0.00311664 0.999988 0.00387095 -0.0052855 -0.023638 -0.00379629 0.999713 -0.00823647 0.0 0.0 0.0 1.0
redkitchen/seq-01/color/frame-000830.color.png redkitchen/seq-01/color/frame-000833.color.png 0.9998 -0.00318169 0.0197707 -0.0149006 0.00328473 0.999981 -0.00518445 0.0108479 -0.0197539 0.00524837 0.999791 0.00203198 0.0 0.0 0.0 1.0
redkitchen/seq-01/color/frame-000833.color.png redkitchen/seq-01/color/frame-000836.color.png 0.999811 0.00509861 0.0187466 -0.0135894 -0.00498981 0.99997 -0.00584807 -0.00223064 -0.0187759 0.00575337 0.999807 -0.00357604 0.0 0.0 0.0 1.0
redkitchen/seq-01/color/frame-000836.color.png redkitchen/seq-01/color/frame-000839.color.png 0.999627 0.0185082 0.0200869 -0.0113712 -0.0183761 0.999808 -0.00674214 0.000919044 -0.0202079 0.00637057 0.999776 -0.00314885 0.0 0.0 0.0 1.0
redkitchen/seq-01/color/frame-000839.color.png redkitchen/seq-01/color/frame-000842.color.png 0.999719 0.0189855 0.0141716 -0.00836999 -0.0189561 0.999818 -0.00221776 -0.00441033 -0.0142111 0.00194856 0.999897 -0.0101827 0.0 0.0 0.0 1.0
redkitchen/seq-01/color/frame-000842.color.png redkitchen/seq-01/color/frame-000845.color.png 0.999849 0.0125907 0.0120233 -0.00757238 -0.0124344 0.999838 -0.0129839 0.00853872 -0.0121848 0.0128324 0.999843 -0.000175536 0.0 0.0 0.0 1.0
redkitchen/seq-01/color/frame-000845.color.png redkitchen/seq-01/color/frame-000848.color.png 0.999668 0.0219929 0.0134371 -0.00738712 -0.0219494 0.999753 -0.00337447 -0.00303566 -0.0135081 0.00307845 0.999904 -0.00990695 0.0 0.0 0.0 1.0
redkitchen/seq-01/color/frame-000848.color.png redkitchen/seq-01/color/frame-000851.color.png 0.999839 0.0164922 0.00701182 -0.00159075 -0.0164117 0.999801 -0.0113751 0.0061447 -0.00719801 0.0112581 0.999911 0.00021255 0.0 0.0 0.0 1.0
redkitchen/seq-01/color/frame-000851.color.png redkitchen/seq-01/color/frame-000854.color.png 0.999775 0.0210523 -0.0026685 0.0175276 -0.0210851 0.999694 -0.0129154 0.00667179 0.00239569 0.0129687 0.999913 -0.00936997 0.0 0.0 0.0 1.0
redkitchen/seq-01/color/frame-000854.color.png redkitchen/seq-01/color/frame-000857.color.png 0.999696 0.0244945 0.00296729 0.00101948 -0.0244786 0.999686 -0.00529197 -0.00146294 -0.00309594 0.00521793 0.999981 -0.00563949 0.0 0.0 0.0 1.0
redkitchen/seq-01/color/frame-000857.color.png redkitchen/seq-01/color/frame-000860.color.png 0.999677 0.0253205 0.00209736 3.26335e-05 -0.0253121 0.999672 -0.00394184 0.00167203 -0.00219648 0.00388742 0.99999 -0.00595605 0.0 0.0 0.0 1.0
redkitchen/seq-01/color/frame-000860.color.png redkitchen/seq-01/color/frame-000863.color.png 0.999961 0.00740882 -0.00468868 -0.000578897 -0.00741996 0.99997 -0.0023678 -0.00544029 0.00467108 0.00240251 0.999986 -0.00585902 0.0 0.0 0.0 1.0
redkitchen/seq-01/color/frame-000863.color.png redkitchen/seq-01/color/frame-000866.color.png 0.99997 0.000102332 -0.00778643 0.0038731 -0.00010086 1.0 0.000188954 0.00951642 0.00778642 -0.000188105 0.99997 -0.00518978 0.0 0.0 0.0 1.0
redkitchen/seq-01/color/frame-000866.color.png redkitchen/seq-01/color/frame-000869.color.png 0.999973 -0.00239923 -0.0069401 0.00439134 0.00242497 0.99999 0.00369757 0.00288206 0.00693108 -0.00371436 0.999969 -0.00770622 0.0 0.0 0.0 1.0
redkitchen/seq-01/color/frame-000869.color.png redkitchen/seq-01/color/frame-000872.color.png 0.999936 -0.00357201 -0.0107545 0.00473792 0.00364408 0.999971 0.00669037 -0.00542361 0.0107303 -0.00672917 0.99992 -0.00633448 0.0 0.0 0.0 1.0
redkitchen/seq-01/color/frame-000872.color.png redkitchen/seq-01/color/frame-000875.color.png 0.999675 0.00669054 -0.0246152 0.0199185 -0.00662996 0.999975 0.00254353 0.00368762 0.0246316 -0.00237946 0.999694 -0.00529039 0.0 0.0 0.0 1.0
redkitchen/seq-01/color/frame-000875.color.png redkitchen/seq-01/color/frame-000878.color.png 0.999565 0.0116523 -0.0271063 0.0250924 -0.0117981 0.999917 -0.00522768 0.0140542 0.0270432 0.00554525 0.999619 -0.0035097 0.0 0.0 0.0 1.0
redkitchen/seq-01/color/frame-000878.color.png redkitchen/seq-01/color/frame-000881.color.png 0.999738 0.0108496 -0.0201614 0.0217705 -0.0107289 0.999924 0.0060824 0.00100076 0.0202258 -0.00586454 0.999778 -0.0169043 0.0 0.0 0.0 1.0
redkitchen/seq-01/color/frame-000881.color.png redkitchen/seq-01/color/frame-000884.color.png 0.999737 0.0123296 -0.0193382 0.0224228 -0.0124951 0.999886 -0.00845901 0.0152313 0.0192316 0.0086984 0.999777 -0.012008 0.0 0.0 0.0 1.0
redkitchen/seq-01/color/frame-000884.color.png redkitchen/seq-01/color/frame-000887.color.png 0.99955 0.0175469 -0.0243379 0.0236958 -0.017781 0.999797 -0.00943804 0.0230197 0.0241675 0.00986665 0.999659 -0.0173936 0.0 0.0 0.0 1.0
redkitchen/seq-01/color/frame-000887.color.png redkitchen/seq-01/color/frame-000890.color.png 0.999827 0.00675394 -0.017325 0.0128915 -0.00689415 0.999944 -0.00803969 0.0164196 0.0172697 0.00815778 0.999818 -0.0202943 0.0 0.0 0.0 1.0
redkitchen/seq-01/color/frame-000890.color.png redkitchen/seq-01/color/frame-000893.color.png 0.999656 0.0046048 -0.0258111 0.0181937 -0.00502431 0.999856 -0.0162148 0.0369663 0.0257327 0.0163389 0.999535 -0.0182548 0.0 0.0 0.0 1.0
redkitchen/seq-01/color/frame-000893.color.png redkitchen/seq-01/color/frame-000896.color.png 0.999903 0.00390719 -0.0133267 0.010476 -0.00387855 0.99999 0.00217393 0.00798699 0.0133351 -0.002122 0.999909 -0.0176641 0.0 0.0 0.0 1.0
redkitchen/seq-01/color/frame-000896.color.png redkitchen/seq-01/color/frame-000899.color.png 0.999873 -0.000486157 -0.0159081 0.0116924 0.000456207 0.999998 -0.00188189 0.0154422 0.0159091 0.00187436 0.999872 -0.0147711 0.0 0.0 0.0 1.0
redkitchen/seq-01/color/frame-000899.color.png redkitchen/seq-01/color/frame-000902.color.png 0.999678 0.00586307 -0.0246762 0.0249972 -0.00606863 0.999947 -0.00826613 0.00920007 0.0246264 0.00841322 0.999661 -0.0142793 0.0 0.0 0.0 1.0
redkitchen/seq-01/color/frame-000902.color.png redkitchen/seq-01/color/frame-000905.color.png 0.999888 0.00966084 -0.011408 0.0124335 -0.00973088 0.999934 -0.00609925 0.00514027 0.011348 0.00620957 0.999916 -0.0199016 0.0 0.0 0.0 1.0
redkitchen/seq-01/color/frame-000905.color.png redkitchen/seq-01/color/frame-000908.color.png 0.999947 0.00857678 -0.00566957 0.0142977 -0.00858702 0.999962 -0.00176765 0.0138652 0.00565427 0.00181624 0.999982 -0.0124337 0.0 0.0 0.0 1.0
redkitchen/seq-01/color/frame-000908.color.png redkitchen/seq-01/color/frame-000911.color.png 0.999809 0.00856017 -0.0175906 0.0201165 -0.00840924 0.999927 0.00863114 0.00833747 0.0176632 -0.00848154 0.999808 -0.0399938 0.0 0.0 0.0 1.0
redkitchen/seq-01/color/frame-000911.color.png redkitchen/seq-01/color/frame-000914.color.png 0.999933 0.00160647 -0.0114609 0.0145276 -0.00179864 0.999858 -0.0167771 0.0268011 0.0114323 0.0167966 0.999794 -0.00695628 0.0 0.0 0.0 1.0
redkitchen/seq-01/color/frame-000914.color.png redkitchen/seq-01/color/frame-000917.color.png 0.999723 0.00311818 -0.0233383 0.0328986 -0.00319246 0.99999 -0.00314516 0.0188028 0.0233282 0.00321878 0.999723 -0.0169146 0.0 0.0 0.0 1.0
redkitchen/seq-01/color/frame-000917.color.png redkitchen/seq-01/color/frame-000920.color.png 0.999486 0.00800507 -0.0310559 0.035044 -0.00799372 0.999968 0.000494112 0.00983837 0.031059 -0.000245618 0.999518 -0.0191915 0.0 0.0 0.0 1.0
redkitchen/seq-01/color/frame-000920.color.png redkitchen/seq-01/color/frame-000923.color.png 0.999558 0.0158271 -0.0251827 0.0385207 -0.0163537 0.999649 -0.0208472 0.0335411 0.0248439 0.0212499 0.999465 -0.0257116 0.0 0.0 0.0 1.0
redkitchen/seq-01/color/frame-000923.color.png redkitchen/seq-01/color/frame-000926.color.png 0.999867 0.0102789 -0.0126742 0.0281514 -0.0103501 0.999931 -0.00556231 0.0226371 0.0126162 0.00569274 0.999904 -0.0249491 0.0 0.0 0.0 1.0
redkitchen/seq-01/color/frame-000926.color.png redkitchen/seq-01/color/frame-000929.color.png 0.99988 -0.00701491 -0.0137893 0.0186123 0.00679292 0.999848 -0.0160771 0.03067 0.0139 0.0159815 0.999776 -0.0137601 0.0 0.0 0.0 1.0
redkitchen/seq-01/color/frame-000929.color.png redkitchen/seq-01/color/frame-000932.color.png 0.999985 -0.0025187 -0.00488287 0.0142847 0.00252517 0.999996 0.00129857 0.0117984 0.00487954 -0.00131084 0.999987 -0.0172829 0.0 0.0 0.0 1.0
redkitchen/seq-01/color/frame-000932.color.png redkitchen/seq-01/color/frame-000935.color.png 0.999972 -0.00489906 -0.005717 0.00962328 0.00486834 0.999974 -0.00538398 0.0118314 0.0057431 0.00535599 0.999969 -0.0132907 0.0 0.0 0.0 1.0
redkitchen/seq-01/color/frame-000935.color.png redkitchen/seq-01/color/frame-000938.color.png 0.999907 -0.00493563 -0.0127301 0.0147003 0.00476352 0.999897 -0.0135256 0.0250145 0.0127956 0.0134637 0.999828 -0.0200045 0.0 0.0 0.0 1.0
redkitchen/seq-01/color/frame-000938.color.png redkitchen/seq-01/color/frame-000941.color.png 0.999852 0.00641997 -0.0159655 0.0129732 -0.00652562 0.999957 -0.00656743 0.0168728 0.0159227 0.00667064 0.999851 -0.0176857 0.0 0.0 0.0 1.0
redkitchen/seq-01/color/frame-000941.color.png redkitchen/seq-01/color/frame-000944.color.png 0.999934 0.00513427 -0.0102327 0.00015834 -0.0051623 0.999983 -0.00272123 0.0146151 0.0102186 0.00277388 0.999944 -0.0197866 0.0 0.0 0.0 1.0
redkitchen/seq-01/color/frame-000944.color.png redkitchen/seq-01/color/frame-000947.color.png 0.999588 0.0101623 -0.0268486 0.0158255 -0.0100688 0.999943 0.00361838 0.0253656 0.0268838 -0.00334653 0.999633 -0.0278695 0.0 0.0 0.0 1.0
redkitchen/seq-01/color/frame-000947.color.png redkitchen/seq-01/color/frame-000950.color.png 0.999161 0.0187209 -0.0364369 0.0158175 -0.0184821 0.999806 0.00687921 0.03464 0.0365586 -0.00620001 0.999312 -0.0340453 0.0 0.0 0.0 1.0
redkitchen/seq-01/color/frame-000950.color.png redkitchen/seq-01/color/frame-000953.color.png 0.999383 0.020427 -0.0285618 0.0197584 -0.0202034 0.999763 0.00809935 0.0147571 0.0287206 -0.00751735 0.999559 -0.0201708 0.0 0.0 0.0 1.0
redkitchen/seq-01/color/frame-000953.color.png redkitchen/seq-01/color/frame-000956.color.png 0.999971 -0.00153944 -0.00746139 0.00309993 0.00161264 0.999951 0.00980128 0.0100404 0.007446 -0.00981299 0.999924 -0.0216184 0.0 0.0 0.0 1.0
redkitchen/seq-01/color/frame-000956.color.png redkitchen/seq-01/color/frame-000959.color.png 0.999822 -0.0045014 -0.0183228 0.012579 0.00433122 0.999947 -0.00931554 0.00950482 0.0183637 0.00923451 0.999789 -0.0285126 0.0 0.0 0.0 1.0
redkitchen/seq-01/color/frame-000959.color.png redkitchen/seq-01/color/frame-000962.color.png 0.999912 0.00940529 -0.00933237 0.00686714 -0.00947969 0.999923 -0.00796475 0.0192138 0.00925677 0.00805251 0.999925 -0.0220676 0.0 0.0 0.0 1.0
redkitchen/seq-01/color/frame-000962.color.png redkitchen/seq-01/color/frame-000965.color.png 0.999922 -0.000556032 -0.0124662 0.000701562 0.000466682 0.999974 -0.00716914 0.00804446 0.0124699 0.00716274 0.999897 -0.014802 0.0 0.0 0.0 1.0
redkitchen/seq-01/color/frame-000965.color.png redkitchen/seq-01/color/frame-000968.color.png 0.999932 0.000674848 -0.01162 0.00833061 -0.000742698 0.999983 -0.00583056 0.00458642 0.0116158 0.00583881 0.999916 -0.0140912 0.0 0.0 0.0 1.0
redkitchen/seq-01/color/frame-000968.color.png redkitchen/seq-01/color/frame-000971.color.png 0.999849 0.0122077 -0.0123987 0.018609 -0.0122725 0.999911 -0.00516025 0.0149143 0.0123346 0.00531161 0.99991 -0.0134127 0.0 0.0 0.0 1.0
redkitchen/seq-01/color/frame-000971.color.png redkitchen/seq-01/color/frame-000974.color.png 0.999935 0.00705397 -0.00900139 0.00882751 -0.00710372 0.99996 -0.00550427 0.00835851 0.00896222 0.00556784 0.999944 -0.00694945 0.0 0.0 0.0 1.0
redkitchen/seq-01/color/frame-000974.color.png redkitchen/seq-01/color/frame-000977.color.png 0.999944 0.00887502 -0.00571804 0.0231447 -0.00886778 0.99996 0.00128348 0.0111695 0.00572918 -0.00123271 0.999983 -0.0100502 0.0 0.0 0.0 1.0
redkitchen/seq-01/color/frame-000977.color.png redkitchen/seq-01/color/frame-000980.color.png 0.999911 0.0114044 -0.00693327 0.0182719 -0.0113813 0.99993 0.00335644 0.00974042 0.00697105 -0.00327723 0.99997 -0.00330794 0.0 0.0 0.0 1.0
redkitchen/seq-01/color/frame-000980.color.png redkitchen/seq-01/color/frame-000983.color.png 0.99992 -0.00098298 -0.0125723 0.00788054 0.000973178 0.999999 -0.000785193 0.00806724 0.012573 0.000772906 0.999921 -0.00541046 0.0 0.0 0.0 1.0
redkitchen/seq-01/color/frame-000983.color.png redkitchen/seq-01/color/frame-000986.color.png 0.999687 0.00602335 -0.0242625 0.0218812 -0.00589283 0.999968 0.00544456 0.014809 0.0242945 -0.00529988 0.999691 -0.00621261 0.0 0.0 0.0 1.0
redkitchen/seq-01/color/frame-000986.color.png redkitchen/seq-01/color/frame-000989.color.png 0.999927 0.00781804 -0.00924216 0.00780335 -0.00781247 0.999969 0.000641632 0.0111911 0.00924693 -0.000569391 0.999957 0.000847675 0.0 0.0 0.0 1.0
redkitchen/seq-01/color/frame-000989.color.png redkitchen/seq-01/color/frame-000992.color.png 0.999942 0.00310001 -0.0103502 0.0150559 -0.00301443 0.999961 0.0082749 0.00651277 0.0103755 -0.00824322 0.999912 -0.00165253 0.0 0.0 0.0 1.0
redkitchen/seq-01/color/frame-000992.color.png redkitchen/seq-01/color/frame-000995.color.png 0.999907 0.00574022 -0.0123308 0.00310656 -0.00568324 0.999973 0.00464444 0.00843649 0.0123571 -0.00457394 0.999913 -0.00425857 0.0 0.0 0.0 1.0
redkitchen/seq-01/color/frame-000995.color.png redkitchen/seq-01/color/frame-000998.color.png 0.999892 0.00458799 -0.0139315 0.00513032 -0.0045663 0.999988 0.00159041 0.00717073 0.0139386 -0.00152662 0.999902 -0.00302588 0.0 0.0 0.0 1.0
