heads/seq-02/color/frame-000002.color.png heads/seq-02/color/frame-000005.color.png 0.999953 0.00705193 0.00664788 0.00320556 -0.0070129 0.999958 -0.00587596 -0.00250749 -0.00668904 0.00582907 0.999961 -0.00435014 0.0 0.0 0.0 1.0
heads/seq-02/color/frame-000005.color.png heads/seq-02/color/frame-000008.color.png 0.999941 0.00657636 0.0086631 -0.00337747 -0.0064224 0.999823 -0.0176806 -0.00738769 -0.00877784 0.0176239 0.999806 -0.00468194 0.0 0.0 0.0 1.0
heads/seq-02/color/frame-000008.color.png heads/seq-02/color/frame-000011.color.png 0.999982 0.00495828 -0.00339586 0.00335318 -0.00500552 0.999889 -0.0140449 0.00146625 0.00332584 0.0140616 0.999896 -0.0031134 0.0 0.0 0.0 1.0
heads/seq-02/color/frame-000011.color.png heads/seq-02/color/frame-000014.color.png 0.999904 0.0043618 0.0131525 0.000573509 -0.00421463 0.999928 -0.0111963 -0.00128275 -0.0132003 0.0111398 0.999851 -0.00354069 0.0 0.0 0.0 1.0
heads/seq-02/color/frame-000014.color.png heads/seq-02/color/frame-000017.color.png 0.999645 -0.026215 -0.00478937 -0.00155631 0.0262072 0.999655 -0.00169689 -0.00555472 0.0048322 0.00157078 0.999987 -0.00383205 0.0 0.0 0.0 1.0
heads/seq-02/color/frame-000017.color.png heads/seq-02/color/frame-000020.color.png 0.999858 -0.0140987 -0.0092784 0.00645819 0.0140091 0.999855 -0.0096449 -0.00204767 0.00941304 0.00951354 0.99991 -0.00897885 0.0 0.0 0.0 1.0
heads/seq-02/color/frame-000020.color.png heads/seq-02/color/frame-000023.color.png 0.999937 -0.0112114 -0.000284262 0.00205174 0.0112097 0.999923 -0.00540051 -0.00132805 0.000344785 0.00539698 0.999985 -0.00957345 0.0 0.0 0.0 1.0
heads/seq-02/color/frame-000023.color.png heads/seq-02/color/frame-000026.color.png 0.999912 -0.0101433 -0.00852711 0.00450617 0.010203 0.999924 0.0069821 -0.00422205 0.00845564 -0.00706851 0.999939 -0.0116747 0.0 0.0 0.0 1.0
heads/seq-02/color/frame-000026.color.png heads/seq-02/color/frame-000029.color.png 0.999891 -0.00816385 -0.0123272 0.00083877 0.00813334 0.999964 -0.00252246 -0.00235623 0.0123474 0.00242193 0.999921 -0.00997328 0.0 0.0 0.0 1.0
heads/seq-02/color/frame-000029.color.png heads/seq-02/color/frame-000032.color.png 0.99974 0.00243553 -0.0226777 0.011701 -0.0021397 0.999912 0.0130604 -0.00393673 0.0227075 -0.0130085 0.999658 -0.0108598 0.0 0.0 0.0 1.0
heads/seq-02/color/frame-000032.color.png heads/seq-02/color/frame-000035.color.png 0.999972 -0.00182285 -0.0072784 0.00719577 0.00187141 0.999976 0.00667029 0.00284993 0.00726607 -0.00668373 0.999951 -0.010445 0.0 0.0 0.0 1.0
heads/seq-02/color/frame-000035.color.png heads/seq-02/color/frame-000038.color.png 0.999859 -0.00768174 -0.0149027 0.0111118 0.00797944 0.999768 0.0200208 -0.010226 0.0147454 -0.0201369 0.999688 -0.0092332 0.0 0.0 0.0 1.0
heads/seq-02/color/frame-000038.color.png heads/seq-02/color/frame-000041.color.png 0.999913 0.0129749 -0.0024576 0.0290539 -0.0129732 0.999916 0.000707132 0.0041744 0.00246656 -0.000675186 0.999997 -0.0130188 0.0 0.0 0.0 1.0
heads/seq-02/color/frame-000041.color.png heads/seq-02/color/frame-000044.color.png 0.999937 3.24367e-06 0.0112192 0.0196611 -4.29639e-05 0.999994 0.00354013 0.00439684 -0.0112192 -0.00354039 0.999931 -0.0068595 0.0 0.0 0.0 1.0
heads/seq-02/color/frame-000044.color.png heads/seq-02/color/frame-000047.color.png 0.999953 -0.00784598 -0.00566241 0.0208408 0.00791843 0.999886 0.0128861 -0.008372 0.00556066 -0.0129303 0.999901 -0.0116075 0.0 0.0 0.0 1.0
heads/seq-02/color/frame-000047.color.png heads/seq-02/color/frame-000050.color.png 0.999971 -5.43718e-05 -0.00762766 0.0369111 3.01713e-05 0.999995 -0.00317122 -0.00405343 0.00762778 0.0031709 0.999966 -0.00986212 0.0 0.0 0.0 1.0
heads/seq-02/color/frame-000050.color.png heads/seq-02/color/frame-000053.color.png 0.999485 -0.00734593 0.03124 0.0172273 0.00720907 0.999964 0.00449139 -0.00234174 -0.0312718 -0.00426387 0.999502 -0.00508396 0.0 0.0 0.0 1.0
heads/seq-02/color/frame-000053.color.png heads/seq-02/color/frame-000056.color.png 0.999948 -0.00895702 -0.00490657 0.0150963 0.00902519 0.99986 0.01405 -0.00658733 0.00478005 -0.0140935 0.999889 -0.0146623 0.0 0.0 0.0 1.0
heads/seq-02/color/frame-000056.color.png heads/seq-02/color/frame-000059.color.png 0.995647 -0.00935342 -0.0927308 0.155868 0.0151412 0.997967 0.0619089 -0.0535735 0.0919632 -0.0630434 0.993765 -0.0896787 0.0 0.0 0.0 1.0
heads/seq-02/color/frame-000059.color.png heads/seq-02/color/frame-000062.color.png 0.998799 -0.00880251 0.0481976 0.0157473 0.00897791 0.999954 -0.00342346 -0.00933987 -0.0481653 0.00385205 0.998832 0.000485495 0.0 0.0 0.0 1.0
heads/seq-02/color/frame-000062.color.png heads/seq-02/color/frame-000065.color.png 0.999428 -0.00938489 0.032486 0.0271275 0.00935176 0.999956 0.00117182 0.00250483 -0.0324956 -0.000867339 0.999472 0.0130126 0.0 0.0 0.0 1.0
heads/seq-02/color/frame-000065.color.png heads/seq-02/color/frame-000068.color.png 0.999077 -0.00562732 0.0425729 0.0240597 0.00569231 0.999983 -0.00140536 0.00506367 -0.0425643 0.00164642 0.999092 0.0201185 0.0 0.0 0.0 1.0
heads/seq-02/color/frame-000068.color.png heads/seq-02/color/frame-000071.color.png 0.999454 -0.0263523 -0.0199478 0.0435601 0.0265199 0.999615 0.00818823 -0.00534531 0.0197244 -0.00871279 0.999767 -0.0166282 0.0 0.0 0.0 1.0
heads/seq-02/color/frame-000071.color.png heads/seq-02/color/frame-000074.color.png 0.99992 0.00299784 -0.0122665 0.0259038 -0.00293984 0.999984 0.00474675 0.00906282 0.0122805 -0.0047103 0.999914 0.00453378 0.0 0.0 0.0 1.0
heads/seq-02/color/frame-000074.color.png heads/seq-02/color/frame-000077.color.png 0.999776 -0.00956025 0.018883 0.0276268 0.00938217 0.999911 0.00949819 -0.00656577 -0.0189721 -0.00931891 0.999776 0.0158162 0.0 0.0 0.0 1.0
heads/seq-02/color/frame-000077.color.png heads/seq-02/color/frame-000080.color.png 0.998734 -0.00789426 0.0496845 0.028391 0.00797024 0.999967 -0.00133172 -0.00324081 -0.0496724 0.00172603 0.998764 0.0193179 0.0 0.0 0.0 1.0
heads/seq-02/color/frame-000080.color.png heads/seq-02/color/frame-000083.color.png 0.998927 -0.00397829 0.0461504 -0.0158728 0.00511671 0.999685 -0.0245758 0.0174395 -0.0460381 0.0247855 0.998632 0.0483065 0.0 0.0 0.0 1.0
heads/seq-02/color/frame-000083.color.png heads/seq-02/color/frame-000086.color.png 0.999861 -0.00955519 0.0136721 0.0160429 0.00960937 0.999946 -0.00390529 -0.0110512 -0.013634 0.00403612 0.999899 0.00695784 0.0 0.0 0.0 1.0
heads/seq-02/color/frame-000086.color.png heads/seq-02/color/frame-000089.color.png 0.999966 -0.00428645 -0.00708765 0.013165 0.00422875 0.999958 -0.00814149 -0.00457247 0.00712225 0.00811124 0.999942 -0.00208883 0.0 0.0 0.0 1.0
heads/seq-02/color/frame-000089.color.png heads/seq-02/color/frame-000092.color.png 0.999953 -0.00800311 0.00552457 0.0148668 0.0080155 0.999965 -0.00222287 -0.0102144 -0.00550658 0.00226705 0.999982 0.00273556 0.0 0.0 0.0 1.0
heads/seq-02/color/frame-000092.color.png heads/seq-02/color/frame-000095.color.png 0.999859 -0.00867893 0.0144056 0.0128111 0.00866671 0.999962 0.000910796 -0.00230276 -0.014413 -0.000785827 0.999896 0.00608158 0.0 0.0 0.0 1.0
heads/seq-02/color/frame-000095.color.png heads/seq-02/color/frame-000098.color.png 0.999743 -0.0204861 0.00968205 0.00921112 0.0204821 0.99979 0.000510393 -0.0130338 -0.00969048 -0.000311949 0.999953 0.00623238 0.0 0.0 0.0 1.0
heads/seq-02/color/frame-000098.color.png heads/seq-02/color/frame-000101.color.png 0.999845 -0.0134232 0.0114223 0.0134587 0.013414 0.99991 0.000880177 -0.00726687 -0.0114331 -0.00072682 0.999934 0.00402825 0.0 0.0 0.0 1.0
heads/seq-02/color/frame-000101.color.png heads/seq-02/color/frame-000104.color.png 0.999878 -0.0136237 0.00761656 0.00313139 0.0136187 0.999907 0.000700325 -0.00321054 -0.00762542 -0.000596519 0.999971 0.00932127 0.0 0.0 0.0 1.0
heads/seq-02/color/frame-000104.color.png heads/seq-02/color/frame-000107.color.png 0.999948 -0.00728167 -0.00714937 0.00519884 0.00733839 0.999942 0.00794065 -0.00958261 0.00709113 -0.00799271 0.999943 -0.00292513 0.0 0.0 0.0 1.0
heads/seq-02/color/frame-000107.color.png heads/seq-02/color/frame-000110.color.png 0.999988 -0.00375636 0.0030727 0.0142825 0.0037887 0.999937 -0.0105967 -0.00977342 -0.00303268 0.0106082 0.999939 0.00338954 0.0 0.0 0.0 1.0
heads/seq-02/color/frame-000110.color.png heads/seq-02/color/frame-000113.color.png 0.99992 -0.0112884 0.00567404 0.00541472 0.0113885 0.999774 -0.0179246 -0.00647964 -0.00547042 0.0179878 0.999823 -0.000229642 0.0 0.0 0.0 1.0
heads/seq-02/color/frame-000113.color.png heads/seq-02/color/frame-000116.color.png 0.999691 -0.0113678 -0.0220931 -0.0020715 0.0113956 0.999934 0.001129 -0.00442889 0.0220787 -0.00138042 0.999755 -0.00784053 0.0 0.0 0.0 1.0
heads/seq-02/color/frame-000116.color.png heads/seq-02/color/frame-000119.color.png 0.998792 -0.0190264 -0.0453006 -0.00194889 0.0191467 0.999814 0.00222198 -0.0136739 0.04525 -0.00308665 0.998971 -0.0259835 0.0 0.0 0.0 1.0
heads/seq-02/color/frame-000119.color.png heads/seq-02/color/frame-000122.color.png 0.998845 0.0150029 -0.0456569 0.00262636 -0.015234 0.999873 -0.00471847 0.00297127 0.0455803 0.00540856 0.998946 -0.0282842 0.0 0.0 0.0 1.0
heads/seq-02/color/frame-000122.color.png heads/seq-02/color/frame-000125.color.png 0.99789 0.0487696 -0.0428701 0.00689405 -0.048127 0.998715 0.015896 0.028294 0.0435902 -0.0137992 0.998954 -0.0275503 0.0 0.0 0.0 1.0
heads/seq-02/color/frame-000125.color.png heads/seq-02/color/frame-000128.color.png 0.998075 0.0444405 -0.0432605 0.00347483 -0.0442536 0.999007 0.00526934 0.0211135 0.0434517 -0.00334479 0.99905 -0.0263366 0.0 0.0 0.0 1.0
heads/seq-02/color/frame-000128.color.png heads/seq-02/color/frame-000131.color.png 0.998358 0.0428662 -0.0379945 0.0031535 -0.0426073 0.999063 0.00759735 0.0136591 0.0382846 -0.00596604 0.999249 -0.0287823 0.0 0.0 0.0 1.0
heads/seq-02/color/frame-000131.color.png heads/seq-02/color/frame-000134.color.png 0.996892 0.0414488 -0.0669882 0.00465173 -0.0419818 0.999097 -0.00656862 0.0236426 0.0666554 0.00936049 0.997732 -0.0308772 0.0 0.0 0.0 1.0
heads/seq-02/color/frame-000134.color.png heads/seq-02/color/frame-000137.color.png 0.996957 0.0269358 -0.0731521 0.00954574 -0.0270607 0.999633 -0.000716143 0.0169465 0.073106 0.00269355 0.997321 -0.0344427 0.0 0.0 0.0 1.0
heads/seq-02/color/frame-000137.color.png heads/seq-02/color/frame-000140.color.png 0.997112 0.0200563 -0.0732465 0.0123977 -0.0204744 0.999778 -0.00496167 0.0083767 0.0731307 0.00644702 0.997301 -0.0344903 0.0 0.0 0.0 1.0
heads/seq-02/color/frame-000140.color.png heads/seq-02/color/frame-000143.color.png 0.995512 0.0340452 -0.0883032 0.0310597 -0.0348751 0.999361 -0.00787235 0.0164604 0.0879788 0.0109166 0.996063 -0.0394708 0.0 0.0 0.0 1.0
heads/seq-02/color/frame-000143.color.png heads/seq-02/color/frame-000146.color.png 0.998259 0.0281663 -0.0518201 0.0173231 -0.027492 0.999528 0.0136795 0.00503922 0.0521809 -0.0122311 0.998563 -0.0182919 0.0 0.0 0.0 1.0
heads/seq-02/color/frame-000146.color.png heads/seq-02/color/frame-000149.color.png 0.999882 0.0142337 -0.00572818 0.00708789 -0.0142211 0.999896 0.00224164 0.00998642 0.00575954 -0.00215993 0.999981 0.00896011 0.0 0.0 0.0 1.0
heads/seq-02/color/frame-000149.color.png heads/seq-02/color/frame-000152.color.png 0.998663 0.0394502 -0.0333954 0.00795281 -0.0395065 0.999219 -0.00102556 0.0225486 0.0333288 0.00234354 0.999442 -0.016032 0.0 0.0 0.0 1.0
heads/seq-02/color/frame-000152.color.png heads/seq-02/color/frame-000155.color.png 0.999552 0.0205052 -0.0218076 0.0213021 -0.0207974 0.999696 -0.0132585 0.0199042 0.0215292 0.0137061 0.999674 0.00395524 0.0 0.0 0.0 1.0
heads/seq-02/color/frame-000155.color.png heads/seq-02/color/frame-000158.color.png 0.999675 0.0189179 -0.0170979 0.0357043 -0.018416 0.999408 0.0290504 -0.0149212 0.0176373 -0.028726 0.999432 -0.0107824 0.0 0.0 0.0 1.0
heads/seq-02/color/frame-000158.color.png heads/seq-02/color/frame-000161.color.png 0.999331 0.035858 0.00721003 0.0369278 -0.0359392 0.999288 0.011469 0.0231198 -0.00679366 -0.0117205 0.999908 -0.00320805 0.0 0.0 0.0 1.0
heads/seq-02/color/frame-000161.color.png heads/seq-02/color/frame-000164.color.png 0.999303 0.0255966 0.0271641 0.0186688 -0.0264196 0.999189 0.030384 4.95911e-05 -0.0263645 -0.0310805 0.999169 0.00358854 0.0 0.0 0.0 1.0
heads/seq-02/color/frame-000164.color.png heads/seq-02/color/frame-000167.color.png 0.999818 0.0175862 0.00736544 0.0142542 -0.017777 0.999486 0.026687 0.000159934 -0.00689228 -0.0268132 0.999617 -0.00388265 0.0 0.0 0.0 1.0
heads/seq-02/color/frame-000167.color.png heads/seq-02/color/frame-000170.color.png 0.998276 -0.0217174 0.0545237 -0.0088349 0.0193505 0.998863 0.0435688 -0.0433291 -0.0554079 -0.0424386 0.997562 0.0267718 0.0 0.0 0.0 1.0
heads/seq-02/color/frame-000170.color.png heads/seq-02/color/frame-000173.color.png 0.99919 -0.0200807 0.034878 0.0048551 0.0192757 0.999543 0.0232651 -0.0186613 -0.0353293 -0.022574 0.999121 0.025189 0.0 0.0 0.0 1.0
heads/seq-02/color/frame-000173.color.png heads/seq-02/color/frame-000176.color.png 0.997884 -0.024175 0.0603511 -0.0146468 0.0225909 0.999386 0.026794 -0.0219048 -0.0609617 -0.0253739 0.997818 0.0355752 0.0 0.0 0.0 1.0
heads/seq-02/color/frame-000176.color.png heads/seq-02/color/frame-000179.color.png 0.999323 -0.0172055 0.0325354 -0.0222386 0.0162572 0.999442 0.0291918 -0.0193807 -0.0330195 -0.0286431 0.999044 0.0191879 0.0 0.0 0.0 1.0
heads/seq-02/color/frame-000179.color.png heads/seq-02/color/frame-000182.color.png 0.999323 -0.0134414 0.034234 -0.020622 0.0128213 0.999751 0.0182692 -0.0159175 -0.034471 -0.017818 0.999247 0.0234364 0.0 0.0 0.0 1.0
heads/seq-02/color/frame-000182.color.png heads/seq-02/color/frame-000185.color.png 0.998578 -0.0317985 0.0427779 -0.0328721 0.0305754 0.999113 0.0289497 -0.0382088 -0.0436605 -0.0276006 0.998665 0.0300997 0.0 0.0 0.0 1.0
heads/seq-02/color/frame-000185.color.png heads/seq-02/color/frame-000188.color.png 0.999062 -0.0236132 0.0363012 -0.0258035 0.0229222 0.99955 0.0193342 -0.0214387 -0.0367414 -0.018484 0.999154 0.0202231 0.0 0.0 0.0 1.0
heads/seq-02/color/frame-000188.color.png heads/seq-02/color/frame-000191.color.png 0.999022 -0.0130625 0.0422427 -0.0246724 0.010861 0.998592 0.0519303 -0.0296984 -0.0428615 -0.0514208 0.997757 0.0126939 0.0 0.0 0.0 1.0
heads/seq-02/color/frame-000191.color.png heads/seq-02/color/frame-000194.color.png 0.998206 -0.0267163 0.0535775 -0.0311999 0.0239724 0.9984 0.0512175 -0.0418823 -0.0548602 -0.0498412 0.997249 0.0194295 0.0 0.0 0.0 1.0
heads/seq-02/color/frame-000194.color.png heads/seq-02/color/frame-000197.color.png 0.999637 -0.0112205 0.0244968 -0.017858 0.0108897 0.999848 0.0135978 -0.0142635 -0.0246456 -0.0133261 0.999607 0.00509843 0.0 0.0 0.0 1.0
heads/seq-02/color/frame-000197.color.png heads/seq-02/color/frame-000200.color.png 0.997814 -0.0262968 0.0606312 -0.0334539 0.0262904 0.999654 0.000903071 -0.0421416 -0.0606339 0.0006929 0.99816 0.0280839 0.0 0.0 0.0 1.0
heads/seq-02/color/frame-000200.color.png heads/seq-02/color/frame-000203.color.png 0.997676 -0.0153229 0.0663911 -0.0435687 0.0148236 0.999858 0.00800609 -0.0143524 -0.0665044 -0.00700332 0.997762 0.0224628 0.0 0.0 0.0 1.0
heads/seq-02/color/frame-000203.color.png heads/seq-02/color/frame-000206.color.png 0.997241 -0.00838519 0.0737557 -0.056056 0.00615445 0.999518 0.0304204 -0.0165503 -0.0739753 -0.0298825 0.996812 0.0330083 0.0 0.0 0.0 1.0
heads/seq-02/color/frame-000206.color.png heads/seq-02/color/frame-000209.color.png 0.998827 -0.03923 0.0283746 -0.042028 0.0393749 0.999214 -0.00456255 -0.0130264 -0.0281734 0.00567453 0.999587 0.0212609 0.0 0.0 0.0 1.0
heads/seq-02/color/frame-000209.color.png heads/seq-02/color/frame-000212.color.png 0.997228 -0.0184147 0.0720862 -0.0385195 0.0189164 0.999801 -0.0062823 -0.00603527 -0.0719562 0.00762854 0.997379 0.0460741 0.0 0.0 0.0 1.0
heads/seq-02/color/frame-000212.color.png heads/seq-02/color/frame-000215.color.png 0.997339 -0.00864203 0.0723882 -0.033583 0.0106063 0.999585 -0.0267956 0.0126141 -0.0721265 0.027492 0.997016 0.0468443 0.0 0.0 0.0 1.0
heads/seq-02/color/frame-000215.color.png heads/seq-02/color/frame-000218.color.png 0.99719 -0.0563453 0.0493621 -0.0347758 0.0590902 0.996679 -0.0560352 -0.0222875 -0.0460409 0.0587946 0.997208 0.042513 0.0 0.0 0.0 1.0
heads/seq-02/color/frame-000218.color.png heads/seq-02/color/frame-000221.color.png 0.999173 0.00679727 0.0400849 -0.039957 -0.0052063 0.9992 -0.0396606 0.0299191 -0.0403224 0.0394192 0.998409 0.0298723 0.0 0.0 0.0 1.0
heads/seq-02/color/frame-000221.color.png heads/seq-02/color/frame-000224.color.png 0.999005 -0.000255329 0.0446015 -0.00813279 0.00107012 0.999833 -0.0182448 0.0182706 -0.0445895 0.0182742 0.998838 0.030706 0.0 0.0 0.0 1.0
heads/seq-02/color/frame-000224.color.png heads/seq-02/color/frame-000227.color.png 0.997256 0.0356494 0.0648867 0.00613984 -0.0353471 0.999358 -0.0057998 0.0267928 -0.0650518 0.00349037 0.997876 0.0177949 0.0 0.0 0.0 1.0
heads/seq-02/color/frame-000227.color.png heads/seq-02/color/frame-000230.color.png 0.997447 -0.00181695 0.0713895 -0.00817341 0.00365231 0.999666 -0.0255868 0.0114469 -0.0713191 0.0257822 0.99712 0.039982 0.0 0.0 0.0 1.0
heads/seq-02/color/frame-000230.color.png heads/seq-02/color/frame-000233.color.png 0.999696 0.0107637 0.0221826 -0.0188839 -0.0105226 0.999885 -0.010963 0.0260095 -0.022298 0.0107263 0.999694 0.0250838 0.0 0.0 0.0 1.0
heads/seq-02/color/frame-000233.color.png heads/seq-02/color/frame-000236.color.png 0.997535 0.0245332 0.0657431 0.00806931 -0.0234691 0.999582 -0.016908 0.0158963 -0.0661304 0.0153234 0.997693 0.0488048 0.0 0.0 0.0 1.0
heads/seq-02/color/frame-000236.color.png heads/seq-02/color/frame-000239.color.png 0.999292 0.0173968 0.0333523 -0.0217548 -0.0161058 0.999125 -0.0385933 0.0295278 -0.0339946 0.0380288 0.998698 0.0302493 0.0 0.0 0.0 1.0
heads/seq-02/color/frame-000239.color.png heads/seq-02/color/frame-000242.color.png 0.999998 0.00183723 -0.0010028 -0.00671531 -0.00181938 0.999844 0.017546 0.0101135 0.00103495 -0.0175442 0.999846 0.01413 0.0 0.0 0.0 1.0
heads/seq-02/color/frame-000242.color.png heads/seq-02/color/frame-000245.color.png 0.999866 0.0140167 0.00850012 -0.0149679 -0.0138999 0.99981 -0.0136523 0.0230278 -0.00868988 0.0135323 0.999871 0.0328377 0.0 0.0 0.0 1.0
heads/seq-02/color/frame-000245.color.png heads/seq-02/color/frame-000248.color.png 0.999522 0.0246587 -0.0186284 -0.00645906 -0.0248481 0.999641 -0.0100071 0.0257633 0.0183749 0.0104653 0.999776 0.0285425 0.0 0.0 0.0 1.0
heads/seq-02/color/frame-000248.color.png heads/seq-02/color/frame-000251.color.png 0.999496 0.0268439 -0.0169343 -0.0044083 -0.0268523 0.999639 -0.000266299 0.0227915 0.0169211 0.000720862 0.999857 0.0271794 0.0 0.0 0.0 1.0
heads/seq-02/color/frame-000251.color.png heads/seq-02/color/frame-000254.color.png 0.999054 0.00274734 -0.0433879 -0.00735228 -0.00282006 0.999995 -0.00161503 0.00512135 0.0433832 0.00173585 0.999057 0.0141403 0.0 0.0 0.0 1.0
heads/seq-02/color/frame-000254.color.png heads/seq-02/color/frame-000257.color.png 0.992564 0.0926692 -0.0789232 0.00234854 -0.0944239 0.995355 -0.0187898 0.0125234 0.0768154 0.0261024 0.996704 0.00629634 0.0 0.0 0.0 1.0
heads/seq-02/color/frame-000257.color.png heads/seq-02/color/frame-000260.color.png 0.996205 0.0867985 -0.00646928 -0.00228234 -0.0868484 0.99619 -0.00788709 0.0152284 0.00576001 0.008419 0.999948 0.00979207 0.0 0.0 0.0 1.0
heads/seq-02/color/frame-000260.color.png heads/seq-02/color/frame-000263.color.png 0.99877 0.049509 0.00271474 -0.00902397 -0.0495102 0.998774 0.000379955 0.00852627 -0.00269257 -0.000513865 0.999996 0.00358181 0.0 0.0 0.0 1.0
heads/seq-02/color/frame-000263.color.png heads/seq-02/color/frame-000266.color.png 0.999788 0.0179933 -0.00998106 -0.0156297 -0.0180357 0.999829 -0.00417286 -0.00977233 0.0099042 0.00435198 0.999941 0.0140609 0.0 0.0 0.0 1.0
heads/seq-02/color/frame-000266.color.png heads/seq-02/color/frame-000269.color.png 0.999598 0.00344906 -0.0281255 -0.00120034 -0.00349941 0.999992 -0.0017417 -0.014508 0.0281193 0.0018394 0.999603 0.00420418 0.0 0.0 0.0 1.0
heads/seq-02/color/frame-000269.color.png heads/seq-02/color/frame-000272.color.png 0.999429 0.0304603 -0.0146 -0.00493819 -0.0306553 0.999441 -0.0133259 0.000138745 0.014186 0.0137658 0.999805 0.00561719 0.0 0.0 0.0 1.0
heads/seq-02/color/frame-000272.color.png heads/seq-02/color/frame-000275.color.png 0.999674 0.0214003 -0.0139058 -0.0187636 -0.0217169 0.999499 -0.0230265 0.00496896 0.013406 0.023321 0.999638 0.0203506 0.0 0.0 0.0 1.0
heads/seq-02/color/frame-000275.color.png heads/seq-02/color/frame-000278.color.png 0.997415 0.0352528 -0.0626168 0.000500761 -0.0354984 0.999366 -0.00281417 -0.013064 0.062478 0.00502969 0.998034 -0.00172931 0.0 0.0 0.0 1.0
heads/seq-02/color/frame-000278.color.png heads/seq-02/color/frame-000281.color.png 0.999397 0.0273727 -0.0213814 -0.0101275 -0.0275638 0.999582 -0.00869816 0.00700976 0.0211343 0.00928227 0.999734 0.00453331 0.0 0.0 0.0 1.0
heads/seq-02/color/frame-000281.color.png heads/seq-02/color/frame-000284.color.png 0.999413 0.011752 -0.0321866 -0.00519727 -0.0117978 0.99993 -0.0012348 0.00153278 0.0321697 0.00161381 0.999481 -0.00239259 0.0 0.0 0.0 1.0
heads/seq-02/color/frame-000284.color.png heads/seq-02/color/frame-000287.color.png 0.999403 -0.00109228 -0.0345318 -0.00848677 0.00144651 0.999947 0.0102348 -0.0106709 0.0345187 -0.0102787 0.999351 -0.00414035 0.0 0.0 0.0 1.0
heads/seq-02/color/frame-000287.color.png heads/seq-02/color/frame-000290.color.png 0.999039 0.0067699 -0.0433004 -0.000123122 -0.00646655 0.999954 0.00714219 -0.00118484 0.0433467 -0.00685532 0.999037 -0.00398342 0.0 0.0 0.0 1.0
heads/seq-02/color/frame-000290.color.png heads/seq-02/color/frame-000293.color.png 0.999771 0.00666426 -0.0203343 -0.00772484 -0.00639339 0.99989 0.0133569 -0.0042665 0.0204211 -0.0132238 0.999704 -0.00314909 0.0 0.0 0.0 1.0
heads/seq-02/color/frame-000293.color.png heads/seq-02/color/frame-000296.color.png 0.99943 0.0117676 -0.0316388 0.0020252 -0.0119711 0.999909 -0.00625153 0.00777096 0.0315623 0.00662672 0.99948 -0.00229923 0.0 0.0 0.0 1.0
heads/seq-02/color/frame-000296.color.png heads/seq-02/color/frame-000299.color.png 0.999712 0.00941922 -0.0220615 -0.00280353 -0.0092419 0.999924 0.00812631 -0.00321035 0.0221364 -0.00792009 0.999724 -0.0068391 0.0 0.0 0.0 1.0
heads/seq-02/color/frame-000299.color.png heads/seq-02/color/frame-000302.color.png 0.999555 0.0115905 -0.0274989 0.00232697 -0.0114784 0.999925 0.0042304 0.00423141 0.0275459 -0.00391287 0.999613 -0.00722118 0.0 0.0 0.0 1.0
heads/seq-02/color/frame-000302.color.png heads/seq-02/color/frame-000305.color.png 0.999386 0.0137042 -0.0322441 0.00545553 -0.0138632 0.999893 -0.00471284 0.00796212 0.032176 0.00515695 0.999469 -0.016543 0.0 0.0 0.0 1.0
heads/seq-02/color/frame-000305.color.png heads/seq-02/color/frame-000308.color.png 0.999949 0.00863736 -0.0051372 -0.00601564 -0.00859507 0.999929 0.0081941 -0.00245674 0.00520762 -0.00814953 0.999953 -0.00402364 0.0 0.0 0.0 1.0
heads/seq-02/color/frame-000308.color.png heads/seq-02/color/frame-000311.color.png 0.999835 0.0104096 -0.0148978 -0.00782398 -0.0104495 0.999942 -0.00260349 0.00303373 0.0148698 0.00275874 0.999886 -0.0105038 0.0 0.0 0.0 1.0
heads/seq-02/color/frame-000311.color.png heads/seq-02/color/frame-000314.color.png 0.999821 0.00300136 -0.0186944 -0.0159276 -0.00308113 0.999986 -0.00423837 0.0075583 0.0186814 0.00429521 0.999816 -0.00459357 0.0 0.0 0.0 1.0
heads/seq-02/color/frame-000314.color.png heads/seq-02/color/frame-000317.color.png 0.999451 0.00884647 -0.0319341 -0.00881255 -0.00861911 0.999937 0.00724938 -0.00316672 0.0319962 -0.00697015 0.999464 -0.0154001 0.0 0.0 0.0 1.0
heads/seq-02/color/frame-000317.color.png heads/seq-02/color/frame-000320.color.png 0.999627 0.0133287 -0.023855 -0.0126334 -0.0130533 0.999847 0.0116651 0.000825942 0.0240068 -0.0113493 0.999647 -0.00818361 0.0 0.0 0.0 1.0
heads/seq-02/color/frame-000320.color.png heads/seq-02/color/frame-000323.color.png 0.99953 0.0161644 -0.0260443 -0.010536 -0.0159555 0.999839 0.0082102 0.00244196 0.0261728 -0.00779078 0.999627 -0.00823735 0.0 0.0 0.0 1.0
heads/seq-02/color/frame-000323.color.png heads/seq-02/color/frame-000326.color.png 0.999658 0.0258748 -0.00386536 -0.0298553 -0.0256548 0.998472 0.0489444 -0.0224734 0.00512589 -0.0488285 0.998794 0.00634263 0.0 0.0 0.0 1.0
heads/seq-02/color/frame-000326.color.png heads/seq-02/color/frame-000329.color.png 0.99942 0.012113 -0.0318124 -0.00786728 -0.0116236 0.999812 0.0155223 0.00164956 0.0319945 -0.0151435 0.999373 -0.00502735 0.0 0.0 0.0 1.0
heads/seq-02/color/frame-000329.color.png heads/seq-02/color/frame-000332.color.png 0.999907 0.00668987 -0.0119185 -0.0190296 -0.00660657 0.999954 0.00701427 0.0103679 0.0119648 -0.0069349 0.999904 -0.0094758 0.0 0.0 0.0 1.0
heads/seq-02/color/frame-000332.color.png heads/seq-02/color/frame-000335.color.png 0.999746 0.0146296 -0.017161 -0.0100016 -0.0144019 0.999807 0.0133223 -0.00153522 0.0173526 -0.0130717 0.999764 -0.0101814 0.0 0.0 0.0 1.0
heads/seq-02/color/frame-000335.color.png heads/seq-02/color/frame-000338.color.png 0.999979 0.00628848 -0.00131656 -0.022759 -0.00628071 0.999963 0.00581553 0.0111804 0.00135308 -0.00580711 0.999982 -0.0110343 0.0 0.0 0.0 1.0
heads/seq-02/color/frame-000338.color.png heads/seq-02/color/frame-000341.color.png 0.999931 0.00310985 0.0113007 -0.0374229 -0.00323065 0.999938 0.0106876 0.0100081 -0.0112668 -0.0107234 0.999879 0.00136641 0.0 0.0 0.0 1.0
heads/seq-02/color/frame-000341.color.png heads/seq-02/color/frame-000344.color.png 0.999097 -0.00270393 -0.0423944 -0.0121382 0.00380263 0.999658 0.0258575 0.00801387 0.04231 -0.0259954 0.998766 -0.000616753 0.0 0.0 0.0 1.0
heads/seq-02/color/frame-000344.color.png heads/seq-02/color/frame-000347.color.png 0.99999 -0.00302666 -0.00321199 -0.0200064 0.00303553 0.999992 0.00274998 0.0123688 0.00320367 -0.0027597 0.999991 -0.0140584 0.0 0.0 0.0 1.0
heads/seq-02/color/frame-000347.color.png heads/seq-02/color/frame-000350.color.png 0.999944 -0.0104442 -0.00199904 -0.0184854 0.0104545 0.999932 0.0051868 0.0129923 0.00194475 -0.00520741 0.999985 -0.0106331 0.0 0.0 0.0 1.0
heads/seq-02/color/frame-000350.color.png heads/seq-02/color/frame-000353.color.png 0.999882 0.00436728 -0.0147461 -0.00219363 -0.00397512 0.99964 0.0265201 0.00136485 0.0148567 -0.0264583 0.999539 -0.0049764 0.0 0.0 0.0 1.0
heads/seq-02/color/frame-000353.color.png heads/seq-02/color/frame-000356.color.png 0.999944 0.000246214 0.0106095 -0.0218059 -0.000413627 0.999875 0.0157827 0.0107728 -0.0106043 -0.0157862 0.999819 -0.0205653 0.0 0.0 0.0 1.0
heads/seq-02/color/frame-000356.color.png heads/seq-02/color/frame-000359.color.png 0.999888 -0.00326028 0.0145771 -0.0129972 0.0029894 0.999823 0.0185655 0.00375144 -0.014635 -0.0185198 0.999721 -0.0165237 0.0 0.0 0.0 1.0
heads/seq-02/color/frame-000359.color.png heads/seq-02/color/frame-000362.color.png 0.999294 -0.00619688 0.0370525 -0.0229304 0.00608073 0.999976 0.00324682 0.0023215 -0.0370718 -0.00301924 0.999308 -0.019568 0.0 0.0 0.0 1.0
heads/seq-02/color/frame-000362.color.png heads/seq-02/color/frame-000365.color.png 0.999223 -0.0244144 0.0309385 -0.036236 0.0245127 0.999696 -0.00280182 0.00987439 -0.0308606 0.00355801 0.999517 -0.0236313 0.0 0.0 0.0 1.0
heads/seq-02/color/frame-000365.color.png heads/seq-02/color/frame-000368.color.png 0.999719 -0.0133215 0.0196131 -0.0254715 0.0135443 0.999845 -0.0112727 0.0130739 -0.0194599 0.0115351 0.999744 -0.013371 0.0 0.0 0.0 1.0
heads/seq-02/color/frame-000368.color.png heads/seq-02/color/frame-000371.color.png 0.999862 -0.00776275 0.0146825 -0.0139716 0.00781969 0.999962 -0.00382635 0.00127511 -0.0146522 0.00394066 0.999885 -0.0126514 0.0 0.0 0.0 1.0
heads/seq-02/color/frame-000371.color.png heads/seq-02/color/frame-000374.color.png 0.999548 -0.0210678 0.0214675 -0.0342472 0.021418 0.999639 -0.0162184 -0.0024578 -0.0211181 0.0166708 0.999638 -0.0169964 0.0 0.0 0.0 1.0
heads/seq-02/color/frame-000374.color.png heads/seq-02/color/frame-000377.color.png 0.999859 -0.0158945 -0.0054868 -0.00965253 0.0158622 0.999857 -0.00589267 0.00721365 0.00557966 0.00580481 0.999968 -0.000860795 0.0 0.0 0.0 1.0
heads/seq-02/color/frame-000377.color.png heads/seq-02/color/frame-000380.color.png 0.998986 -0.0228305 0.0387891 -0.0233005 0.0236151 0.999523 -0.0198909 0.00750293 -0.0383165 0.0207867 0.999049 -0.00961855 0.0 0.0 0.0 1.0
heads/seq-02/color/frame-000380.color.png heads/seq-02/color/frame-000383.color.png 0.999101 -0.0294265 0.0305054 -0.018091 0.0295985 0.999548 -0.00520265 0.0135858 -0.0303385 0.00610091 0.999521 -0.0131354 0.0 0.0 0.0 1.0
heads/seq-02/color/frame-000383.color.png heads/seq-02/color/frame-000386.color.png 0.999488 -0.0246376 0.0204069 -0.0196474 0.0248732 0.999626 -0.011375 -0.00340337 -0.0201191 0.0118767 0.999727 -0.00231887 0.0 0.0 0.0 1.0
heads/seq-02/color/frame-000386.color.png heads/seq-02/color/frame-000389.color.png 0.999278 -0.0208877 0.031732 -0.0191613 0.0213074 0.999689 -0.0129475 0.0149573 -0.0314517 0.0136143 0.999413 -0.0102467 0.0 0.0 0.0 1.0
heads/seq-02/color/frame-000389.color.png heads/seq-02/color/frame-000392.color.png 0.999918 -0.0104626 0.00740703 -0.0129389 0.0103491 0.999831 0.0151977 -0.00184537 -0.00756479 -0.0151199 0.999857 0.00285027 0.0 0.0 0.0 1.0
heads/seq-02/color/frame-000392.color.png heads/seq-02/color/frame-000395.color.png 0.999228 -0.00960818 0.0381025 -0.0296134 0.00927639 0.999918 0.0088752 -0.00264895 -0.0381846 -0.00851489 0.999234 -0.00545657 0.0 0.0 0.0 1.0
heads/seq-02/color/frame-000395.color.png heads/seq-02/color/frame-000398.color.png 0.999327 -0.0220924 0.0292929 -0.0182723 0.0220175 0.999753 0.00287792 0.00853644 -0.0293493 -0.00223104 0.999567 -0.00358666 0.0 0.0 0.0 1.0
heads/seq-02/color/frame-000398.color.png heads/seq-02/color/frame-000401.color.png 0.998609 -0.0220266 0.0479165 -0.0211459 0.0224347 0.999716 -0.00799574 0.00209601 -0.0477268 0.00905964 0.998819 -0.0147495 0.0 0.0 0.0 1.0
heads/seq-02/color/frame-000401.color.png heads/seq-02/color/frame-000404.color.png 0.998709 -0.0339142 0.0378179 -0.0226682 0.0347494 0.999161 -0.0216514 0.0349371 -0.0370519 0.0229375 0.99905 -0.013161 0.0 0.0 0.0 1.0
heads/seq-02/color/frame-000404.color.png heads/seq-02/color/frame-000407.color.png 0.99858 -0.0460771 0.0267551 -0.0318328 0.0456201 0.998807 0.0174475 0.0229044 -0.0275271 -0.0162022 0.99949 -0.00781632 0.0 0.0 0.0 1.0
heads/seq-02/color/frame-000407.color.png heads/seq-02/color/frame-000410.color.png 0.99922 -0.023388 0.0318237 -0.0226993 0.0235234 0.999716 -0.00388331 0.00575583 -0.0317238 0.0046289 0.999486 -0.0146888 0.0 0.0 0.0 1.0
heads/seq-02/color/frame-000410.color.png heads/seq-02/color/frame-000413.color.png 0.9991 -0.0280122 0.031861 -0.0376324 0.0286379 0.999403 -0.0193546 0.0109484 -0.0312998 0.0202496 0.999305 -0.0133595 0.0 0.0 0.0 1.0
heads/seq-02/color/frame-000413.color.png heads/seq-02/color/frame-000416.color.png 0.999793 -0.0154453 0.0132503 -0.0216767 0.0155384 0.999855 -0.00695429 0.00605778 -0.0131409 0.00715878 0.999888 -0.00913642 0.0 0.0 0.0 1.0
heads/seq-02/color/frame-000416.color.png heads/seq-02/color/frame-000419.color.png 0.999414 -0.025016 0.0233848 -0.027877 0.0249749 0.999686 0.00205125 0.00351056 -0.0234288 -0.00146601 0.999724 -0.0150479 0.0 0.0 0.0 1.0
heads/seq-02/color/frame-000419.color.png heads/seq-02/color/frame-000422.color.png 0.999369 -0.00457628 0.0352338 -0.0301374 0.00452192 0.999988 0.00162238 -0.00592621 -0.0352408 -0.00146203 0.999378 -0.0207984 0.0 0.0 0.0 1.0
heads/seq-02/color/frame-000422.color.png heads/seq-02/color/frame-000425.color.png 0.999769 -0.00246872 0.0213561 -0.0133144 0.00246955 0.999997 -1.42895e-05 -0.00889498 -0.021356 6.70174e-05 0.999772 -0.01873 0.0 0.0 0.0 1.0
heads/seq-02/color/frame-000425.color.png heads/seq-02/color/frame-000428.color.png 0.999845 0.00711114 0.0161085 -0.00467652 -0.0072712 0.999925 0.00990336 -0.0187553 -0.0160369 -0.0100189 0.999821 -0.0139154 0.0 0.0 0.0 1.0
heads/seq-02/color/frame-000428.color.png heads/seq-02/color/frame-000431.color.png 0.999368 0.0343902 0.00899803 0.00405753 -0.0345521 0.999232 0.0184955 -0.0421562 -0.00835502 -0.0187947 0.999788 -0.0154127 0.0 0.0 0.0 1.0
heads/seq-02/color/frame-000431.color.png heads/seq-02/color/frame-000434.color.png 0.999967 0.00411211 0.006977 0.0061453 -0.00402838 0.99992 -0.0119725 0.000139445 -0.0070256 0.011944 0.999904 -0.0130969 0.0 0.0 0.0 1.0
heads/seq-02/color/frame-000434.color.png heads/seq-02/color/frame-000437.color.png 0.999977 0.00658974 -0.00182179 0.00836706 -0.00654873 0.999743 0.0216966 -0.0265588 0.00196424 -0.0216842 0.999763 -0.0114596 0.0 0.0 0.0 1.0
heads/seq-02/color/frame-000437.color.png heads/seq-02/color/frame-000440.color.png 0.999987 0.00351038 0.00364295 0.012924 -0.00345443 0.999878 -0.0152441 -7.47144e-05 -0.00369612 0.0152313 0.999877 -0.0112975 0.0 0.0 0.0 1.0
heads/seq-02/color/frame-000440.color.png heads/seq-02/color/frame-000443.color.png 0.999655 -0.00437863 -0.0258828 0.02745 0.00443634 0.999988 0.00217239 3.51071e-05 0.0258731 -0.00228644 0.999663 -0.00244766 0.0 0.0 0.0 1.0
heads/seq-02/color/frame-000443.color.png heads/seq-02/color/frame-000446.color.png 0.999932 -4.53053e-05 -0.0116593 0.0148834 0.000216672 0.999892 0.0146945 -0.00218037 0.0116575 -0.014696 0.999824 -0.00710645 0.0 0.0 0.0 1.0
heads/seq-02/color/frame-000446.color.png heads/seq-02/color/frame-000449.color.png 0.999132 0.0194582 -0.0368477 0.0437885 -0.0185176 0.999498 0.0256995 -0.0149752 0.0373292 -0.0249949 0.99899 -0.00785524 0.0 0.0 0.0 1.0
heads/seq-02/color/frame-000449.color.png heads/seq-02/color/frame-000452.color.png 0.999633 0.0159257 -0.021891 0.0115458 -0.0155176 0.999705 0.0186911 -0.0110767 0.0221822 -0.0183446 0.999586 0.00570837 0.0 0.0 0.0 1.0
heads/seq-02/color/frame-000452.color.png heads/seq-02/color/frame-000455.color.png 0.998725 0.0217149 -0.0455686 0.0374367 -0.0219811 0.999744 -0.00534783 0.00806682 0.0454409 0.00634268 0.998947 0.00682505 0.0 0.0 0.0 1.0
heads/seq-02/color/frame-000455.color.png heads/seq-02/color/frame-000458.color.png 0.999445 0.00416456 -0.0330467 0.0138409 -0.00453376 0.999928 -0.0111052 0.0116504 0.0329981 0.0112489 0.999392 0.0112325 0.0 0.0 0.0 1.0
heads/seq-02/color/frame-000458.color.png heads/seq-02/color/frame-000461.color.png 0.998557 -0.000602287 -0.0537077 0.0324389 -0.000768247 0.999675 -0.0254946 0.0211447 0.0537055 0.025499 0.998231 0.0167537 0.0 0.0 0.0 1.0
heads/seq-02/color/frame-000461.color.png heads/seq-02/color/frame-000464.color.png 0.99983 0.00501767 -0.0177477 0.0171706 -0.00558126 0.999477 -0.0318495 0.0253398 0.0175787 0.0319432 0.999335 0.00681135 0.0 0.0 0.0 1.0
heads/seq-02/color/frame-000464.color.png heads/seq-02/color/frame-000467.color.png 0.999767 0.0159711 -0.0144967 0.0181794 -0.0162531 0.999677 -0.0195523 0.0172786 0.0141797 0.0197833 0.999704 -0.00109494 0.0 0.0 0.0 1.0
heads/seq-02/color/frame-000467.color.png heads/seq-02/color/frame-000470.color.png 0.999577 0.0194054 -0.0216638 0.0148107 -0.0199924 0.99943 -0.0272145 0.0189717 0.0211234 0.0276361 0.999395 0.000626728 0.0 0.0 0.0 1.0
heads/seq-02/color/frame-000470.color.png heads/seq-02/color/frame-000473.color.png 0.999668 0.0236516 -0.0102613 0.0119209 -0.0238706 0.999478 -0.0217678 0.00775866 0.00974105 0.0220055 0.99971 -0.00556223 0.0 0.0 0.0 1.0
heads/seq-02/color/frame-000473.color.png heads/seq-02/color/frame-000476.color.png 0.999799 0.0174748 0.00983345 0.0125773 -0.0172831 0.999665 -0.0192524 0.0127869 -0.0101666 0.0190785 0.999766 -0.00941707 0.0 0.0 0.0 1.0
heads/seq-02/color/frame-000476.color.png heads/seq-02/color/frame-000479.color.png 0.999939 -0.000824586 -0.0110427 -0.000837922 0.000536627 0.99966 -0.0260547 0.0385099 0.0110604 0.0260472 0.9996 0.00532362 0.0 0.0 0.0 1.0
heads/seq-02/color/frame-000479.color.png heads/seq-02/color/frame-000482.color.png 0.999962 -0.00213207 -0.00848441 0.00900453 0.0020518 0.999953 -0.00945786 0.0176854 0.00850418 0.00944009 0.999919 0.00473067 0.0 0.0 0.0 1.0
heads/seq-02/color/frame-000482.color.png heads/seq-02/color/frame-000485.color.png 0.999941 -0.00721495 -0.00806762 0.00379503 0.00706116 0.999796 -0.0189298 0.0322473 0.00820254 0.0188717 0.999788 0.00699905 0.0 0.0 0.0 1.0
heads/seq-02/color/frame-000485.color.png heads/seq-02/color/frame-000488.color.png 0.999904 0.0064303 -0.0123053 0.0164536 -0.00630262 0.999926 0.0103848 0.0249387 0.0123711 -0.0103062 0.99987 0.011957 0.0 0.0 0.0 1.0
heads/seq-02/color/frame-000488.color.png heads/seq-02/color/frame-000491.color.png 0.999947 0.00552566 0.00873819 0.00429887 -0.00545204 0.99995 -0.00842766 0.0137926 -0.00878432 0.00837957 0.999926 -0.00421803 0.0 0.0 0.0 1.0
heads/seq-02/color/frame-000491.color.png heads/seq-02/color/frame-000494.color.png 0.999864 0.0123128 -0.0109986 0.00186202 -0.0123863 0.999901 -0.0066373 0.0243763 0.0109158 0.00677263 0.999918 0.0077379 0.0 0.0 0.0 1.0
heads/seq-02/color/frame-000494.color.png heads/seq-02/color/frame-000497.color.png 0.999964 0.00825808 0.00173142 0.000203699 -0.00824269 0.999928 -0.00871864 0.016991 -0.00180328 0.00870406 0.99996 0.000261948 0.0 0.0 0.0 1.0
heads/seq-02/color/frame-000497.color.png heads/seq-02/color/frame-000500.color.png 0.999841 0.01748 0.00343589 -0.00104901 -0.0175388 0.999686 0.0179001 0.0159665 -0.00312193 -0.0179576 0.999834 0.00912115 0.0 0.0 0.0 1.0
heads/seq-02/color/frame-000500.color.png heads/seq-02/color/frame-000503.color.png 0.999611 0.0261948 0.00954095 -0.00496885 -0.0263937 0.999424 0.0213557 0.0242604 -0.00897604 -0.0215992 0.999726 0.0112756 0.0 0.0 0.0 1.0
heads/seq-02/color/frame-000503.color.png heads/seq-02/color/frame-000506.color.png 0.99962 0.0271515 0.00479577 -0.00675726 -0.0272551 0.999363 0.0230489 0.0235129 -0.00416691 -0.0231709 0.999723 0.0110629 0.0 0.0 0.0 1.0
heads/seq-02/color/frame-000506.color.png heads/seq-02/color/frame-000509.color.png 0.99994 0.0109751 0.000718589 -0.00553355 -0.0109862 0.999779 0.0179302 0.0157495 -0.000521636 -0.017937 0.999839 0.0129159 0.0 0.0 0.0 1.0
heads/seq-02/color/frame-000509.color.png heads/seq-02/color/frame-000512.color.png 0.999875 0.000845012 -0.0157719 -0.00827083 -0.000384132 0.999573 0.0292017 0.0358891 0.0157898 -0.029192 0.999449 0.0253442 0.0 0.0 0.0 1.0
heads/seq-02/color/frame-000512.color.png heads/seq-02/color/frame-000515.color.png 0.999988 0.00491561 -0.000405939 -0.00606844 -0.0048996 0.999447 0.032885 0.0290743 0.000567375 -0.0328826 0.999459 0.0221462 0.0 0.0 0.0 1.0
heads/seq-02/color/frame-000515.color.png heads/seq-02/color/frame-000518.color.png 0.999948 -0.00872037 -0.00527606 -0.00186825 0.00880908 0.999816 0.0170312 0.0264085 0.00512658 -0.0170768 0.999841 0.0152547 0.0 0.0 0.0 1.0
heads/seq-02/color/frame-000518.color.png heads/seq-02/color/frame-000521.color.png 0.999937 0.0107423 -0.00327049 0.00264323 -0.0105673 0.998718 0.049513 0.0233652 0.00379816 -0.0494753 0.998768 0.0206464 0.0 0.0 0.0 1.0
heads/seq-02/color/frame-000521.color.png heads/seq-02/color/frame-000524.color.png 0.999986 0.00247169 0.00473889 -0.00209981 -0.00268251 0.998983 0.0450123 0.0151939 -0.00462281 -0.0450244 0.998975 0.0201005 0.0 0.0 0.0 1.0
heads/seq-02/color/frame-000524.color.png heads/seq-02/color/frame-000527.color.png 0.999943 0.00609637 0.00879847 0.000803053 -0.00625812 0.99981 0.0184742 0.000815004 -0.00868417 -0.0185282 0.999791 0.00187407 0.0 0.0 0.0 1.0
heads/seq-02/color/frame-000527.color.png heads/seq-02/color/frame-000530.color.png 0.999888 -0.00594379 0.0137533 0.0189843 0.00585672 0.999963 0.00636125 0.00980482 -0.0137906 -0.00627995 0.999885 -0.0158354 0.0 0.0 0.0 1.0
heads/seq-02/color/frame-000530.color.png heads/seq-02/color/frame-000533.color.png 0.999827 -0.00209812 0.0184781 0.00587413 0.00201883 0.999989 0.00431025 0.00222623 -0.018487 -0.00427219 0.99982 -0.0127227 0.0 0.0 0.0 1.0
heads/seq-02/color/frame-000533.color.png heads/seq-02/color/frame-000536.color.png 0.999392 -0.0114377 0.0329444 0.0204196 0.0119558 0.999807 -0.0155731 0.0139691 -0.0327599 0.0159574 0.999336 -0.0277569 0.0 0.0 0.0 1.0
heads/seq-02/color/frame-000536.color.png heads/seq-02/color/frame-000539.color.png 0.998755 -0.0135779 0.0480085 0.022813 0.0139136 0.999881 -0.00666527 0.00556281 -0.0479122 0.00732495 0.998825 -0.0354671 0.0 0.0 0.0 1.0
heads/seq-02/color/frame-000539.color.png heads/seq-02/color/frame-000542.color.png 0.999207 -0.00328026 0.0396759 0.0181213 0.00336513 0.999992 -0.0020725 -0.0078564 -0.0396688 0.00220437 0.99921 -0.0279857 0.0 0.0 0.0 1.0
heads/seq-02/color/frame-000542.color.png heads/seq-02/color/frame-000545.color.png 0.998158 -0.0293787 0.0530863 0.0367598 0.0297243 0.999542 -0.00573259 0.00847232 -0.0528936 0.00729996 0.998573 -0.0294831 0.0 0.0 0.0 1.0
heads/seq-02/color/frame-000545.color.png heads/seq-02/color/frame-000548.color.png 0.998922 -0.022158 0.0407988 0.0344107 0.0225828 0.999695 -0.00998002 -0.00714785 -0.0405652 0.0108907 0.999118 -0.0270105 0.0 0.0 0.0 1.0
heads/seq-02/color/frame-000548.color.png heads/seq-02/color/frame-000551.color.png 0.999521 -0.00315036 0.0308001 0.0161453 0.00343674 0.999951 -0.00924998 -0.0117621 -0.0307694 0.00935139 0.999483 -0.016368 0.0 0.0 0.0 1.0
heads/seq-02/color/frame-000551.color.png heads/seq-02/color/frame-000554.color.png 0.999802 -0.00459596 0.0193693 0.0143834 0.00480949 0.999928 -0.010991 0.000984013 -0.0193173 0.0110819 0.999752 -0.00995381 0.0 0.0 0.0 1.0
heads/seq-02/color/frame-000554.color.png heads/seq-02/color/frame-000557.color.png 0.99973 -0.00864712 -0.0215512 0.0144429 0.00858244 0.999959 -0.0030921 -0.00419325 0.0215771 0.00290631 0.999763 0.00814185 0.0 0.0 0.0 1.0
heads/seq-02/color/frame-000557.color.png heads/seq-02/color/frame-000560.color.png 0.999964 0.00258038 0.00811084 0.0288894 -0.00262671 0.99998 0.0057077 -0.0154076 -0.00809596 -0.00572882 0.999951 -0.000211686 0.0 0.0 0.0 1.0
heads/seq-02/color/frame-000560.color.png heads/seq-02/color/frame-000563.color.png 0.999876 -0.0146481 0.00581559 0.0291935 0.0147457 0.999745 -0.017116 -0.00892508 -0.00556333 0.0171997 0.999837 -0.0102843 0.0 0.0 0.0 1.0
heads/seq-02/color/frame-000563.color.png heads/seq-02/color/frame-000566.color.png 0.999824 -0.00260706 0.018583 0.0282884 0.00277478 0.999956 -0.00900529 -0.0112457 -0.0185588 0.00905526 0.999787 -0.00727271 0.0 0.0 0.0 1.0
heads/seq-02/color/frame-000566.color.png heads/seq-02/color/frame-000569.color.png 0.999612 0.000465037 0.027848 0.025509 -0.00022721 0.999963 -0.00854412 -0.0018416 -0.0278509 0.00853447 0.999576 -0.0108808 0.0 0.0 0.0 1.0
heads/seq-02/color/frame-000569.color.png heads/seq-02/color/frame-000572.color.png 0.999914 -0.00246466 0.0128514 0.02304 0.00246247 0.999997 0.000188618 -0.00240156 -0.0128517 -0.000156965 0.999917 0.00160661 0.0 0.0 0.0 1.0
heads/seq-02/color/frame-000572.color.png heads/seq-02/color/frame-000575.color.png 0.999863 -0.00170426 0.0164768 0.0351576 0.0016384 0.999991 0.00400829 -0.00226665 -0.0164835 -0.00398076 0.999856 0.00826004 0.0 0.0 0.0 1.0
heads/seq-02/color/frame-000575.color.png heads/seq-02/color/frame-000578.color.png 0.999993 -0.000291187 0.00371903 0.0360184 0.000298361 0.999998 -0.00192888 -0.00401181 -0.00371858 0.00192996 0.999991 0.00627008 0.0 0.0 0.0 1.0
heads/seq-02/color/frame-000578.color.png heads/seq-02/color/frame-000581.color.png 0.999813 -0.0125904 -0.0146749 0.0530138 0.0127578 0.999854 0.0113709 8.76188e-05 0.0145296 -0.011556 0.999828 0.0071898 0.0 0.0 0.0 1.0
heads/seq-02/color/frame-000581.color.png heads/seq-02/color/frame-000584.color.png 0.999877 -0.0122166 -0.00983622 0.0356342 0.0122623 0.999914 0.00459661 -0.00159356 0.00977927 -0.00471666 0.999941 0.00260977 0.0 0.0 0.0 1.0
heads/seq-02/color/frame-000584.color.png heads/seq-02/color/frame-000587.color.png 0.999962 -0.00701129 -0.0051156 0.0376819 0.00704353 0.999955 0.00631549 0.003236 0.00507104 -0.00635132 0.999967 0.00706716 0.0 0.0 0.0 1.0
heads/seq-02/color/frame-000587.color.png heads/seq-02/color/frame-000590.color.png 0.999968 -0.0077147 -0.00195133 0.0243387 0.00772197 0.999963 0.0037454 0.00430804 0.00192238 -0.00376036 0.999991 0.00481232 0.0 0.0 0.0 1.0
heads/seq-02/color/frame-000590.color.png heads/seq-02/color/frame-000593.color.png 0.999901 -0.00939862 -0.0104315 0.03127 0.00942696 0.999952 0.00267105 0.00431484 0.0104059 -0.00276911 0.999942 0.0101494 0.0 0.0 0.0 1.0
heads/seq-02/color/frame-000593.color.png heads/seq-02/color/frame-000596.color.png 0.999573 -0.0154376 -0.0247951 0.0389012 0.0153688 0.999878 -0.00296504 -0.00531343 0.0248379 0.00258267 0.999688 -0.00142105 0.0 0.0 0.0 1.0
heads/seq-02/color/frame-000596.color.png heads/seq-02/color/frame-000599.color.png 0.999678 -0.0153798 -0.0201904 0.0342445 0.0151298 0.999808 -0.0124769 -0.00591266 0.0203784 0.0121674 0.999718 -0.00516133 0.0 0.0 0.0 1.0
heads/seq-02/color/frame-000599.color.png heads/seq-02/color/frame-000602.color.png 0.999975 -0.00695353 0.00147766 0.0172738 0.00696771 0.999927 -0.00984436 -0.00570288 -0.00140905 0.00985443 0.999951 -0.00475646 0.0 0.0 0.0 1.0
heads/seq-02/color/frame-000602.color.png heads/seq-02/color/frame-000605.color.png 0.99992 0.00532313 0.0114625 0.00742557 -0.00525333 0.999968 -0.00610929 -0.00317794 -0.0114946 0.00604858 0.999916 0.00021331 0.0 0.0 0.0 1.0
heads/seq-02/color/frame-000605.color.png heads/seq-02/color/frame-000608.color.png 0.999966 0.004572 0.00690364 0.0198656 -0.00447614 0.999894 -0.0138377 -0.0148979 -0.00696625 0.0138063 0.99988 -0.00552779 0.0 0.0 0.0 1.0
heads/seq-02/color/frame-000608.color.png heads/seq-02/color/frame-000611.color.png 0.999911 0.00489658 0.0124439 0.0100232 -0.00482169 0.99997 -0.00603941 -0.0121396 -0.0124731 0.00597887 0.999904 -0.000407457 0.0 0.0 0.0 1.0
heads/seq-02/color/frame-000611.color.png heads/seq-02/color/frame-000614.color.png 0.999908 0.00237798 0.0133546 0.0102741 -0.00219339 0.999902 -0.0138218 -0.011993 -0.0133862 0.0137913 0.999815 -0.00228609 0.0 0.0 0.0 1.0
heads/seq-02/color/frame-000614.color.png heads/seq-02/color/frame-000617.color.png 0.999863 -0.00398929 0.0160468 0.0137845 0.00436004 0.999723 -0.0231349 -0.0269569 -0.0159501 0.0232017 0.999604 -0.00410804 0.0 0.0 0.0 1.0
heads/seq-02/color/frame-000617.color.png heads/seq-02/color/frame-000620.color.png 0.999963 -0.00859638 -0.000496545 0.0235185 0.00858606 0.999801 -0.0180308 -0.0313063 0.000651417 0.0180259 0.999837 -0.00269971 0.0 0.0 0.0 1.0
heads/seq-02/color/frame-000620.color.png heads/seq-02/color/frame-000623.color.png 0.999966 0.00226776 0.00796038 0.00470808 -0.002167 0.999918 -0.0126403 -0.0186147 -0.00798823 0.0126227 0.999889 -0.00242843 0.0 0.0 0.0 1.0
heads/seq-02/color/frame-000623.color.png heads/seq-02/color/frame-000626.color.png 0.999995 0.00178143 0.00277671 0.00640029 -0.00174866 0.999929 -0.011778 -0.0251719 -0.00279754 0.0117731 0.999927 -0.0040037 0.0 0.0 0.0 1.0
heads/seq-02/color/frame-000626.color.png heads/seq-02/color/frame-000629.color.png 0.99999 0.00430385 0.00160197 0.00666827 -0.00428966 0.999953 -0.00874908 -0.0174481 -0.0016395 0.00874216 0.999961 -0.0022228 0.0 0.0 0.0 1.0
heads/seq-02/color/frame-000629.color.png heads/seq-02/color/frame-000632.color.png 0.999901 -0.00583063 0.0128318 0.0238757 0.00599116 0.999904 -0.0125083 -0.0215318 -0.0127578 0.0125839 0.999839 -0.00782499 0.0 0.0 0.0 1.0
heads/seq-02/color/frame-000632.color.png heads/seq-02/color/frame-000635.color.png 0.999131 0.00632629 0.0412075 0.00256178 -0.00730022 0.999696 0.0235272 -0.0245945 -0.0410461 -0.0238076 0.998873 0.012252 0.0 0.0 0.0 1.0
heads/seq-02/color/frame-000635.color.png heads/seq-02/color/frame-000638.color.png 0.998948 -0.00894945 0.0449859 0.00608949 0.0093231 0.999924 -0.00810253 -0.0192525 -0.0449099 0.00851342 0.998955 0.0208712 0.0 0.0 0.0 1.0
heads/seq-02/color/frame-000638.color.png heads/seq-02/color/frame-000641.color.png 0.999733 -0.0143784 0.0180931 0.00341554 0.0144627 0.999885 -0.00453932 -0.0193289 -0.0180258 0.00479978 0.999826 0.00752852 0.0 0.0 0.0 1.0
heads/seq-02/color/frame-000641.color.png heads/seq-02/color/frame-000644.color.png 0.999824 -0.0147306 0.0116603 0.00308964 0.014716 0.999891 0.00134218 -0.0117787 -0.0116788 -0.00117035 0.999931 0.00941191 0.0 0.0 0.0 1.0
heads/seq-02/color/frame-000644.color.png heads/seq-02/color/frame-000647.color.png 0.999787 -0.0143511 0.0148263 -0.00463076 0.0142303 0.999865 0.00822831 -0.0193476 -0.0149424 -0.00801554 0.999856 0.0113238 0.0 0.0 0.0 1.0
heads/seq-02/color/frame-000647.color.png heads/seq-02/color/frame-000650.color.png 0.99862 -0.0358819 0.0383561 -6.27488e-05 0.0356265 0.999338 0.00732025 -0.0288675 -0.0385935 -0.00594369 0.999237 0.0200375 0.0 0.0 0.0 1.0
heads/seq-02/color/frame-000650.color.png heads/seq-02/color/frame-000653.color.png 0.99956 -0.0222853 0.0195608 -0.0114337 0.0223505 0.999745 -0.00312192 -0.0168413 -0.0194863 0.00355772 0.999804 0.0154856 0.0 0.0 0.0 1.0
heads/seq-02/color/frame-000653.color.png heads/seq-02/color/frame-000656.color.png 0.999782 -0.0162069 0.0131765 -0.0062874 0.0161744 0.999866 0.00257947 -0.0125621 -0.0132165 -0.0023658 0.99991 0.0160234 0.0 0.0 0.0 1.0
heads/seq-02/color/frame-000656.color.png heads/seq-02/color/frame-000659.color.png 0.999705 -0.00464709 0.0238317 -0.0256419 0.00422431 0.999833 0.0177596 -0.0128989 -0.0239101 -0.0176537 0.999558 0.024966 0.0 0.0 0.0 1.0
heads/seq-02/color/frame-000659.color.png heads/seq-02/color/frame-000662.color.png 0.999822 -0.0168797 0.0084024 -0.0132278 0.0168968 0.999855 -0.00196929 -0.0144821 -0.00836801 0.00211087 0.999963 0.018143 0.0 0.0 0.0 1.0
heads/seq-02/color/frame-000662.color.png heads/seq-02/color/frame-000665.color.png 0.99958 -0.0216731 0.0192471 -0.0256271 0.0214191 0.999682 0.0133057 -0.0248086 -0.0195293 -0.0128878 0.999726 0.0224174 0.0 0.0 0.0 1.0
heads/seq-02/color/frame-000665.color.png heads/seq-02/color/frame-000668.color.png 0.999476 -0.0248032 0.0208149 -0.0199116 0.0248978 0.999681 -0.00429889 -0.0159652 -0.0207017 0.00481484 0.999774 0.0173687 0.0 0.0 0.0 1.0
heads/seq-02/color/frame-000668.color.png heads/seq-02/color/frame-000671.color.png 0.999392 -0.0163243 0.030793 -0.0322149 0.0164124 0.999862 -0.00260868 -0.019057 -0.0307461 0.00311249 0.999522 0.0297143 0.0 0.0 0.0 1.0
heads/seq-02/color/frame-000671.color.png heads/seq-02/color/frame-000674.color.png 0.999764 -0.0205223 0.00712668 -0.0237893 0.0205159 0.999789 0.000959577 -0.0186984 -0.00714492 -0.000813144 0.999974 0.0149822 0.0 0.0 0.0 1.0
heads/seq-02/color/frame-000674.color.png heads/seq-02/color/frame-000677.color.png 0.999269 -0.0167943 0.034346 -0.0234995 0.0166472 0.999851 0.00456568 -0.0128155 -0.0344176 -0.00399062 0.999399 0.0191791 0.0 0.0 0.0 1.0
heads/seq-02/color/frame-000677.color.png heads/seq-02/color/frame-000680.color.png 0.998315 -0.047395 0.0334731 -0.0297654 0.0479084 0.998744 -0.0147049 -0.0104935 -0.0327339 0.0162839 0.999331 0.0217818 0.0 0.0 0.0 1.0
heads/seq-02/color/frame-000680.color.png heads/seq-02/color/frame-000683.color.png 0.999192 -0.0330616 0.0228631 -0.0230442 0.0330004 0.999451 0.00304979 -0.0133492 -0.0229517 -0.00229296 0.999734 0.0211199 0.0 0.0 0.0 1.0
heads/seq-02/color/frame-000683.color.png heads/seq-02/color/frame-000686.color.png 0.99978 -0.0160706 0.0134605 -0.0172631 0.0159458 0.999829 0.00933104 -0.0110901 -0.013608 -0.00911427 0.999866 0.00929653 0.0 0.0 0.0 1.0
heads/seq-02/color/frame-000686.color.png heads/seq-02/color/frame-000689.color.png 0.999742 -0.0193201 0.0119702 -0.0165205 0.0190718 0.999607 0.0205295 -0.0128974 -0.0123621 -0.020296 0.999718 0.0239083 0.0 0.0 0.0 1.0
heads/seq-02/color/frame-000689.color.png heads/seq-02/color/frame-000692.color.png 0.998906 -0.0178521 0.0432186 -0.0218274 0.0170618 0.999682 0.0185871 -0.014041 -0.0435367 -0.0178293 0.998893 0.019206 0.0 0.0 0.0 1.0
heads/seq-02/color/frame-000692.color.png heads/seq-02/color/frame-000695.color.png 0.998574 -0.0443492 0.0297032 -0.0233678 0.0439209 0.998924 0.0149163 -0.0138678 -0.0303327 -0.0135903 0.999447 0.0202997 0.0 0.0 0.0 1.0
heads/seq-02/color/frame-000695.color.png heads/seq-02/color/frame-000698.color.png 0.99977 -0.0190248 0.00988497 0.000255436 0.0189968 0.999815 0.00292433 -0.0168179 -0.00993879 -0.00273592 0.999947 0.0104517 0.0 0.0 0.0 1.0
heads/seq-02/color/frame-000698.color.png heads/seq-02/color/frame-000701.color.png 0.999939 -0.00697172 0.00860799 -0.00250563 0.00699899 0.999971 -0.00313323 -0.0113699 -0.00858586 0.0031933 0.999958 0.0128579 0.0 0.0 0.0 1.0
heads/seq-02/color/frame-000701.color.png heads/seq-02/color/frame-000704.color.png 0.999997 -0.000856774 0.00249879 0.000928827 0.000839987 0.999977 0.00669145 -0.0132911 -0.00250443 -0.00668924 0.999975 0.00517508 0.0 0.0 0.0 1.0
heads/seq-02/color/frame-000704.color.png heads/seq-02/color/frame-000707.color.png 0.999996 0.000445713 0.00294822 0.00323965 -0.000443554 1.0 -0.000708606 -0.0224149 -0.00294858 0.000707298 0.999995 0.00136903 0.0 0.0 0.0 1.0
heads/seq-02/color/frame-000707.color.png heads/seq-02/color/frame-000710.color.png 0.999827 0.0103115 -0.0155051 0.00667868 -0.0101978 0.999921 0.00739827 -0.0168888 0.0155802 -0.0072388 0.999852 -0.000820324 0.0 0.0 0.0 1.0
heads/seq-02/color/frame-000710.color.png heads/seq-02/color/frame-000713.color.png 0.999701 0.00049396 -0.0244623 0.00545399 -2.04653e-06 0.999798 0.0201077 -0.0227667 0.0244672 -0.0201017 0.999499 -0.007669 0.0 0.0 0.0 1.0
heads/seq-02/color/frame-000713.color.png heads/seq-02/color/frame-000716.color.png 0.999526 0.0101972 -0.029034 0.0234621 -0.00997373 0.99992 0.00782602 -0.0216686 0.0291116 -0.00753265 0.999548 -0.0196631 0.0 0.0 0.0 1.0
heads/seq-02/color/frame-000716.color.png heads/seq-02/color/frame-000719.color.png 0.999341 0.0243862 -0.026896 0.00666526 -0.0242391 0.999689 0.00578809 -0.0166963 0.0270287 -0.00513243 0.999622 -0.0141346 0.0 0.0 0.0 1.0
heads/seq-02/color/frame-000719.color.png heads/seq-02/color/frame-000722.color.png 0.99834 0.00373926 -0.0574746 0.0123281 -0.00390341 0.999989 -0.00274394 -0.0108527 0.0574637 0.00296373 0.998343 -0.018947 0.0 0.0 0.0 1.0
heads/seq-02/color/frame-000722.color.png heads/seq-02/color/frame-000725.color.png 0.998974 0.00106044 -0.045275 0.0171092 -0.000868006 0.99999 0.00427159 -0.0117142 0.0452793 -0.00422776 0.998965 -0.0169816 0.0 0.0 0.0 1.0
heads/seq-02/color/frame-000725.color.png heads/seq-02/color/frame-000728.color.png 0.999037 0.0161545 -0.0407908 0.00652061 -0.0157585 0.999826 0.0100085 -0.0176171 0.0409452 -0.00935614 0.999117 -0.0281748 0.0 0.0 0.0 1.0
heads/seq-02/color/frame-000728.color.png heads/seq-02/color/frame-000731.color.png 0.99905 0.00924816 -0.0425872 0.00612481 -0.00858519 0.999839 0.0157216 -0.0112902 0.0427258 -0.0153411 0.998969 -0.0181748 0.0 0.0 0.0 1.0
heads/seq-02/color/frame-000731.color.png heads/seq-02/color/frame-000734.color.png 0.996328 0.020498 -0.0831239 0.0226083 -0.0194449 0.99972 0.01346 -0.00216469 0.0833766 -0.0117943 0.996448 -0.0323781 0.0 0.0 0.0 1.0
heads/seq-02/color/frame-000734.color.png heads/seq-02/color/frame-000737.color.png 0.998774 0.00826616 -0.0488006 -0.00584553 -0.00830402 0.999965 -0.000570701 -0.010365 0.0487944 0.000975302 0.998808 -0.0167644 0.0 0.0 0.0 1.0
heads/seq-02/color/frame-000737.color.png heads/seq-02/color/frame-000740.color.png 0.998649 0.00589878 -0.0516256 -0.00229473 -0.00601943 0.999979 -0.00218535 -0.00881967 0.0516116 0.00249309 0.998664 -0.0118937 0.0 0.0 0.0 1.0
heads/seq-02/color/frame-000740.color.png heads/seq-02/color/frame-000743.color.png 0.996391 0.0135719 -0.0837852 0.0136885 -0.0136839 0.999906 -0.000760916 -0.00599736 0.0837671 0.00190471 0.996484 -0.0252548 0.0 0.0 0.0 1.0
heads/seq-02/color/frame-000743.color.png heads/seq-02/color/frame-000746.color.png 0.999396 0.0197868 -0.0285565 -0.00454623 -0.019621 0.999789 0.0060701 -0.00600442 0.0286706 -0.00550615 0.999574 -0.0147322 0.0 0.0 0.0 1.0
heads/seq-02/color/frame-000746.color.png heads/seq-02/color/frame-000749.color.png 0.998111 0.00805151 -0.0609073 -0.00260897 -0.00759005 0.999941 0.00780498 -0.00651705 0.0609665 -0.00732784 0.998113 -0.0159464 0.0 0.0 0.0 1.0
heads/seq-02/color/frame-000749.color.png heads/seq-02/color/frame-000752.color.png 0.999504 0.0095297 -0.0300072 0.00372903 -0.00944056 0.999951 0.00311201 -0.00792256 0.0300354 -0.0028273 0.999545 -0.0186023 0.0 0.0 0.0 1.0
heads/seq-02/color/frame-000752.color.png heads/seq-02/color/frame-000755.color.png 0.999526 0.0134085 -0.0277176 -0.0165488 -0.0134886 0.999905 -0.00270401 8.1867e-05 0.0276787 0.0030766 0.999612 -0.00981824 0.0 0.0 0.0 1.0
heads/seq-02/color/frame-000755.color.png heads/seq-02/color/frame-000758.color.png 0.999347 0.00567522 -0.0356699 -0.000633188 -0.00569771 0.999984 -0.000527747 -0.00521177 0.0356664 0.000730696 0.999364 -0.00704728 0.0 0.0 0.0 1.0
heads/seq-02/color/frame-000758.color.png heads/seq-02/color/frame-000761.color.png 0.99971 0.0176506 -0.0164128 4.74527e-05 -0.0175795 0.999835 0.00446617 -0.00651884 0.0164889 -0.00417634 0.999855 -0.00800057 0.0 0.0 0.0 1.0
heads/seq-02/color/frame-000761.color.png heads/seq-02/color/frame-000764.color.png 0.999665 0.00338152 -0.0256693 -0.0251225 -0.00367729 0.999927 -0.0114821 0.000121921 0.0256286 0.0115726 0.999605 -0.00559822 0.0 0.0 0.0 1.0
heads/seq-02/color/frame-000764.color.png heads/seq-02/color/frame-000767.color.png 0.99894 0.00307921 -0.0459292 0.00195542 -0.00329587 0.999984 -0.00464138 -0.00103205 0.0459141 0.00478789 0.998934 -0.00137131 0.0 0.0 0.0 1.0
heads/seq-02/color/frame-000767.color.png heads/seq-02/color/frame-000770.color.png 0.999681 0.0175186 -0.0181994 -0.00717211 -0.0174321 0.999836 0.00489658 -0.00362599 0.0182822 -0.00457774 0.999822 -0.00709299 0.0 0.0 0.0 1.0
heads/seq-02/color/frame-000770.color.png heads/seq-02/color/frame-000773.color.png 0.999518 0.0131159 -0.0281254 -0.00493242 -0.0133953 0.999862 -0.00977066 0.0090701 0.0279934 0.0101427 0.999557 -0.00319411 0.0 0.0 0.0 1.0
heads/seq-02/color/frame-000773.color.png heads/seq-02/color/frame-000776.color.png 0.999053 0.00833743 -0.0427137 -0.0097553 -0.00850868 0.999956 -0.00382806 0.00835496 0.0426799 0.00418784 0.99908 0.0008201 0.0 0.0 0.0 1.0
heads/seq-02/color/frame-000776.color.png heads/seq-02/color/frame-000779.color.png 0.999797 0.0146935 -0.013796 -0.00527014 -0.0146763 0.999891 0.00134672 0.00401011 0.0138143 -0.00114398 0.999904 -0.000469811 0.0 0.0 0.0 1.0
heads/seq-02/color/frame-000779.color.png heads/seq-02/color/frame-000782.color.png 0.999641 0.0142924 -0.0226771 -0.0205819 -0.0145956 0.999805 -0.0132614 0.0185025 0.0224831 0.0135877 0.999655 0.00240135 0.0 0.0 0.0 1.0
heads/seq-02/color/frame-000782.color.png heads/seq-02/color/frame-000785.color.png 0.999508 0.00621088 -0.0307314 -0.00323223 -0.00591178 0.999934 0.00981399 0.00608683 0.0307903 -0.00962744 0.99948 0.00195485 0.0 0.0 0.0 1.0
heads/seq-02/color/frame-000785.color.png heads/seq-02/color/frame-000788.color.png 0.999936 0.0113413 4.37407e-05 -0.0178563 -0.0113405 0.999902 -0.00819634 0.0117267 -0.000136698 0.00819521 0.999966 -0.00474024 0.0 0.0 0.0 1.0
heads/seq-02/color/frame-000788.color.png heads/seq-02/color/frame-000791.color.png 0.999167 -0.00412584 -0.040607 -0.0143164 0.00443922 0.999961 0.00763088 0.01318 0.0405739 -0.00780474 0.999146 0.00501184 0.0 0.0 0.0 1.0
heads/seq-02/color/frame-000791.color.png heads/seq-02/color/frame-000794.color.png 0.999914 0.00425853 -0.0124136 -0.00793813 -0.00415911 0.999959 0.00802448 0.00262827 0.0124473 -0.00797216 0.999891 0.000164136 0.0 0.0 0.0 1.0
heads/seq-02/color/frame-000794.color.png heads/seq-02/color/frame-000797.color.png 0.999524 -0.00670804 -0.0301103 -0.0110985 0.00633399 0.999902 -0.0125018 0.0113463 0.0301912 0.0123051 0.999468 0.0100869 0.0 0.0 0.0 1.0
heads/seq-02/color/frame-000797.color.png heads/seq-02/color/frame-000800.color.png 0.999946 0.00540153 -0.00892249 -0.0106464 -0.00544529 0.999973 -0.00488933 0.00311476 0.00889585 0.00493769 0.999948 0.00226149 0.0 0.0 0.0 1.0
heads/seq-02/color/frame-000800.color.png heads/seq-02/color/frame-000803.color.png 0.999953 0.0015293 0.00952066 -0.0198919 -0.00153558 0.999999 0.000648233 -0.00200307 -0.00951965 -0.000662855 0.999955 -0.0041191 0.0 0.0 0.0 1.0
heads/seq-02/color/frame-000803.color.png heads/seq-02/color/frame-000806.color.png 0.999967 0.000343691 -0.0081597 -0.0199043 -0.000552261 0.999673 -0.0255709 0.0176468 0.00814824 0.0255745 0.99964 0.00609249 0.0 0.0 0.0 1.0
heads/seq-02/color/frame-000806.color.png heads/seq-02/color/frame-000809.color.png 0.999908 0.00908589 0.0101154 -0.0203297 -0.00878482 0.999529 -0.0294181 0.000134408 -0.010378 0.0293265 0.999516 0.0027841 0.0 0.0 0.0 1.0
heads/seq-02/color/frame-000809.color.png heads/seq-02/color/frame-000812.color.png 0.999189 0.0174021 0.0363137 -0.0463164 -0.0163111 0.999413 -0.0301284 0.0156926 -0.0368167 0.0295117 0.998886 -0.00673549 0.0 0.0 0.0 1.0
heads/seq-02/color/frame-000812.color.png heads/seq-02/color/frame-000815.color.png 0.999928 0.00940873 0.00747354 -0.0212379 -0.0093553 0.999931 -0.00715485 0.00607097 -0.00754034 0.00708435 0.999946 -0.000599384 0.0 0.0 0.0 1.0
heads/seq-02/color/frame-000815.color.png heads/seq-02/color/frame-000818.color.png 0.99998 0.00619396 -0.00135751 -0.0268387 -0.00620279 0.999959 -0.00659234 0.00665861 0.00131663 0.00660062 0.999977 0.00591365 0.0 0.0 0.0 1.0
heads/seq-02/color/frame-000818.color.png heads/seq-02/color/frame-000821.color.png 0.999946 -0.00253069 -0.0100814 -0.0210766 0.00238624 0.999895 -0.0143116 0.0169139 0.0101165 0.0142868 0.999847 0.00944784 0.0 0.0 0.0 1.0
heads/seq-02/color/frame-000821.color.png heads/seq-02/color/frame-000824.color.png 0.999953 0.00924422 -0.00285993 -0.0333154 -0.00926641 0.999926 -0.00785092 0.0103083 0.00278715 0.00787703 0.999965 0.00590925 0.0 0.0 0.0 1.0
heads/seq-02/color/frame-000824.color.png heads/seq-02/color/frame-000827.color.png 0.999986 0.00294854 -0.00447506 -0.0125308 -0.00306062 0.999677 -0.0252455 0.0126277 0.00439918 0.0252589 0.999671 0.00711516 0.0 0.0 0.0 1.0
heads/seq-02/color/frame-000827.color.png heads/seq-02/color/frame-000830.color.png 0.99997 0.00649482 -0.00426189 -0.0102541 -0.00646392 0.999953 0.0072224 -0.00192757 0.0043086 -0.00719465 0.999965 -0.000285953 0.0 0.0 0.0 1.0
heads/seq-02/color/frame-000830.color.png heads/seq-02/color/frame-000833.color.png 0.999954 0.00898931 -0.00327171 -0.0107096 -0.00899458 0.999958 -0.00160374 -0.00206485 0.00325715 0.00163311 0.999993 0.00147995 0.0 0.0 0.0 1.0
heads/seq-02/color/frame-000833.color.png heads/seq-02/color/frame-000836.color.png 0.999739 0.00569446 0.0221345 -0.0233636 -0.00503726 0.999548 -0.0296357 0.0161527 -0.0222933 0.0295164 0.999316 -0.00435686 0.0 0.0 0.0 1.0
heads/seq-02/color/frame-000836.color.png heads/seq-02/color/frame-000839.color.png 0.999879 -0.000980684 0.0155433 -0.0112478 0.00110452 0.999968 -0.00796159 0.00790241 -0.015535 0.00797783 0.999847 -0.00291319 0.0 0.0 0.0 1.0
heads/seq-02/color/frame-000839.color.png heads/seq-02/color/frame-000842.color.png 0.99975 0.0131183 0.0180866 -0.0116286 -0.0131268 0.999914 0.000351865 -0.00345059 -0.0180804 -0.000589213 0.999836 -0.00408714 0.0 0.0 0.0 1.0
heads/seq-02/color/frame-000842.color.png heads/seq-02/color/frame-000845.color.png 0.99983 0.0119449 0.0140256 -0.016971 -0.0118552 0.999909 -0.0064588 -0.00419411 -0.0141015 0.00629136 0.999881 0.00525178 0.0 0.0 0.0 1.0
heads/seq-02/color/frame-000845.color.png heads/seq-02/color/frame-000848.color.png 0.999825 0.0106263 0.0154138 -0.0107796 -0.0103923 0.999831 -0.0151792 -0.000165135 -0.0155725 0.0150164 0.999766 -0.00278281 0.0 0.0 0.0 1.0
heads/seq-02/color/frame-000848.color.png heads/seq-02/color/frame-000851.color.png 0.999935 0.0110274 0.00282615 -0.0139623 -0.0110239 0.999938 -0.00125441 -0.0149203 -0.0028398 0.00122317 0.999995 0.0132511 0.0 0.0 0.0 1.0
heads/seq-02/color/frame-000851.color.png heads/seq-02/color/frame-000854.color.png 0.999871 0.0130407 0.00933839 -0.00908428 -0.0127893 0.999567 -0.0264926 -0.00616635 -0.00967983 0.0263698 0.999606 0.00316758 0.0 0.0 0.0 1.0
heads/seq-02/color/frame-000854.color.png heads/seq-02/color/frame-000857.color.png 0.999993 0.00256567 -0.00268245 -0.0150365 -0.0025922 0.999947 -0.0099307 -0.00945465 0.00265681 0.00993756 0.999947 0.0116096 0.0 0.0 0.0 1.0
heads/seq-02/color/frame-000857.color.png heads/seq-02/color/frame-000860.color.png 0.999845 0.000557212 -0.0176058 0.00133079 -0.00132341 0.999051 -0.0435376 0.00347365 0.0175649 0.0435541 0.998897 0.0315079 0.0 0.0 0.0 1.0
heads/seq-02/color/frame-000860.color.png heads/seq-02/color/frame-000863.color.png 0.99992 0.00562619 -0.011294 -0.00361311 -0.00574308 0.99993 -0.0103447 -0.00889884 0.011235 0.0104088 0.999883 0.0172718 0.0 0.0 0.0 1.0
heads/seq-02/color/frame-000863.color.png heads/seq-02/color/frame-000866.color.png 0.999908 0.0045549 -0.0127433 0.00206798 -0.00483086 0.999753 -0.0217088 -0.00242731 0.0126412 0.0217683 0.999683 0.0249893 0.0 0.0 0.0 1.0
heads/seq-02/color/frame-000866.color.png heads/seq-02/color/frame-000869.color.png 0.999923 0.000673007 -0.0124361 0.00203234 -0.00070703 0.999996 -0.00273163 -0.00569025 0.0124342 0.00274023 0.999919 0.0200019 0.0 0.0 0.0 1.0
heads/seq-02/color/frame-000869.color.png heads/seq-02/color/frame-000872.color.png 0.999775 0.00627626 -0.0202363 0.012993 -0.00683663 0.999592 -0.0277421 -0.00400011 0.0200539 0.0278743 0.99941 0.0344303 0.0 0.0 0.0 1.0
heads/seq-02/color/frame-000872.color.png heads/seq-02/color/frame-000875.color.png 0.99979 0.0018345 -0.0204304 0.00959712 -0.0020112 0.999961 -0.00863156 -0.00766654 0.0204138 0.00867085 0.999754 0.0233734 0.0 0.0 0.0 1.0
heads/seq-02/color/frame-000875.color.png heads/seq-02/color/frame-000878.color.png 0.999784 0.0133696 -0.0159096 0.00948852 -0.0135767 0.999824 -0.0129823 -0.0125584 0.0157332 0.0131955 0.999789 0.0195572 0.0 0.0 0.0 1.0
heads/seq-02/color/frame-000878.color.png heads/seq-02/color/frame-000881.color.png 0.999854 0.0170111 -0.0016318 0.0140398 -0.01703 0.999778 -0.0124132 -0.00978613 0.00142028 0.0124391 0.999922 0.0113424 0.0 0.0 0.0 1.0
heads/seq-02/color/frame-000881.color.png heads/seq-02/color/frame-000884.color.png 0.999579 0.00333855 -0.0288162 0.019459 -0.0032977 0.999993 0.00146525 -0.0110359 0.0288209 -0.00136961 0.999584 0.0325411 0.0 0.0 0.0 1.0
heads/seq-02/color/frame-000884.color.png heads/seq-02/color/frame-000887.color.png 0.999905 0.00496495 -0.0128808 0.015225 -0.00505381 0.999964 -0.00687482 -0.000838935 0.0128462 0.00693925 0.999893 0.0180235 0.0 0.0 0.0 1.0
heads/seq-02/color/frame-000887.color.png heads/seq-02/color/frame-000890.color.png 0.999879 0.00439788 -0.0148994 0.0122897 -0.00437841 0.999989 0.00133932 -0.0059479 0.0149051 -0.00127392 0.999888 0.01511 0.0 0.0 0.0 1.0
heads/seq-02/color/frame-000890.color.png heads/seq-02/color/frame-000893.color.png 0.999393 0.0182063 -0.0296872 0.0237575 -0.0180356 0.999819 0.00600657 -0.0109896 0.0297912 -0.0054675 0.999541 0.0229857 0.0 0.0 0.0 1.0
heads/seq-02/color/frame-000893.color.png heads/seq-02/color/frame-000896.color.png 0.999151 0.0207211 -0.0356168 0.0389776 -0.0202175 0.999691 0.0144439 -0.0197846 0.0359051 -0.0137115 0.999261 0.0280094 0.0 0.0 0.0 1.0
heads/seq-02/color/frame-000896.color.png heads/seq-02/color/frame-000899.color.png 0.999615 0.00758458 -0.0266763 0.0171449 -0.00736912 0.99994 0.00816526 -0.00750132 0.0267366 -0.00796554 0.999611 0.0204991 0.0 0.0 0.0 1.0
heads/seq-02/color/frame-000899.color.png heads/seq-02/color/frame-000902.color.png 0.999792 -0.00716417 -0.0190852 0.019637 0.00718755 0.999973 0.00115734 0.000104204 0.0190764 -0.00129427 0.999817 0.0182332 0.0 0.0 0.0 1.0
heads/seq-02/color/frame-000902.color.png heads/seq-02/color/frame-000905.color.png 0.99979 0.00968297 -0.0180557 0.0194105 -0.00969999 0.999953 -0.000855729 -0.00509179 0.0180466 0.00103068 0.999837 0.0136228 0.0 0.0 0.0 1.0
heads/seq-02/color/frame-000905.color.png heads/seq-02/color/frame-000908.color.png 0.999632 0.01189 -0.024398 0.0304217 -0.0119354 0.999927 -0.0017162 -0.00985068 0.0243758 0.00200676 0.999701 0.0245223 0.0 0.0 0.0 1.0
heads/seq-02/color/frame-000908.color.png heads/seq-02/color/frame-000911.color.png 0.999907 0.0128688 -0.00459964 0.013258 -0.0128896 0.999907 -0.00454081 -0.00326853 0.0045408 0.00459967 0.999979 0.00695791 0.0 0.0 0.0 1.0
heads/seq-02/color/frame-000911.color.png heads/seq-02/color/frame-000914.color.png 0.999851 0.0163167 -0.00565015 0.020019 -0.0163289 0.999864 -0.00211787 -0.00810823 0.00561481 0.00220981 0.999982 0.00661738 0.0 0.0 0.0 1.0
heads/seq-02/color/frame-000914.color.png heads/seq-02/color/frame-000917.color.png 0.999977 0.00670135 0.000800904 0.021634 -0.00669939 0.999975 -0.00238262 -0.000965416 -0.000816859 0.0023772 0.999997 0.00747051 0.0 0.0 0.0 1.0
heads/seq-02/color/frame-000917.color.png heads/seq-02/color/frame-000920.color.png 0.999874 0.000312606 -0.0158824 0.0263153 -0.000342247 0.999998 -0.00186264 0.000729606 0.0158818 0.00186784 0.999872 0.0110553 0.0 0.0 0.0 1.0
heads/seq-02/color/frame-000920.color.png heads/seq-02/color/frame-000923.color.png 0.999989 0.00441875 -0.00162042 0.0117809 -0.0044171 0.99999 0.000990847 -0.00314839 0.00162484 -0.000983679 0.999998 0.00206643 0.0 0.0 0.0 1.0
heads/seq-02/color/frame-000923.color.png heads/seq-02/color/frame-000926.color.png 0.999739 0.0057397 -0.0221325 0.0217528 -0.005668 0.999978 0.00330323 -0.00152908 0.022151 -0.00317693 0.99975 0.00906216 0.0 0.0 0.0 1.0
heads/seq-02/color/frame-000926.color.png heads/seq-02/color/frame-000929.color.png 0.999771 0.0149653 -0.0152823 0.0157448 -0.0149797 0.999887 -0.000826289 -0.00126567 0.0152682 0.00105503 0.999883 0.00524088 0.0 0.0 0.0 1.0
heads/seq-02/color/frame-000929.color.png heads/seq-02/color/frame-000932.color.png 0.999326 -0.00051005 -0.0367167 0.0245936 0.0013329 0.999748 0.0223893 -0.00770684 0.0366961 -0.0224232 0.999075 0.00414057 0.0 0.0 0.0 1.0
heads/seq-02/color/frame-000932.color.png heads/seq-02/color/frame-000935.color.png 0.999528 0.00677841 -0.0299722 0.0133436 -0.00655843 0.999951 0.00743188 -0.00175831 0.0300211 -0.0072318 0.999523 0.00622758 0.0 0.0 0.0 1.0
heads/seq-02/color/frame-000935.color.png heads/seq-02/color/frame-000938.color.png 0.998757 0.0199337 -0.0456842 0.0309049 -0.0199206 0.999801 0.00074236 0.000827953 0.0456898 0.000168617 0.998956 0.00970144 0.0 0.0 0.0 1.0
heads/seq-02/color/frame-000938.color.png heads/seq-02/color/frame-000941.color.png 0.999707 0.0159838 -0.0181662 0.0225713 -0.0157545 0.999795 0.0126979 -0.00236572 0.0183656 -0.012408 0.999754 -0.00237884 0.0 0.0 0.0 1.0
heads/seq-02/color/frame-000941.color.png heads/seq-02/color/frame-000944.color.png 0.999207 0.0254317 -0.0306413 0.028205 -0.0253215 0.999671 0.00397929 -0.00369047 0.0307325 -0.00320025 0.999523 0.00406348 0.0 0.0 0.0 1.0
heads/seq-02/color/frame-000944.color.png heads/seq-02/color/frame-000947.color.png 0.998048 0.0333089 -0.0528181 0.0506322 -0.0327959 0.999407 0.0105499 -0.0105325 0.053138 -0.00879713 0.998548 0.0108679 0.0 0.0 0.0 1.0
heads/seq-02/color/frame-000947.color.png heads/seq-02/color/frame-000950.color.png 0.999729 0.0211126 -0.009784 0.0236081 -0.0210749 0.99977 0.00393264 -0.00595053 0.0098648 -0.00372539 0.999945 -0.00469889 0.0 0.0 0.0 1.0
heads/seq-02/color/frame-000950.color.png heads/seq-02/color/frame-000953.color.png 0.999736 0.0229491 0.000919811 0.0210894 -0.0229364 0.999663 -0.0121616 0.0031652 -0.00119856 0.0121373 0.999926 -0.00810411 0.0 0.0 0.0 1.0
heads/seq-02/color/frame-000953.color.png heads/seq-02/color/frame-000956.color.png 0.999784 0.0144867 -0.0148756 0.0156766 -0.014444 0.999891 0.00297082 -0.00369582 0.0149169 -0.00275533 0.999885 -0.00553396 0.0 0.0 0.0 1.0
heads/seq-02/color/frame-000956.color.png heads/seq-02/color/frame-000959.color.png 0.999727 0.0224603 0.00634876 0.0146294 -0.0223801 0.999672 -0.0124378 0.00239544 -0.00662598 0.0122923 0.999902 -0.01176 0.0 0.0 0.0 1.0
heads/seq-02/color/frame-000959.color.png heads/seq-02/color/frame-000962.color.png 0.999318 0.0157535 -0.0333921 0.0422309 -0.0156095 0.999868 0.00456951 0.00232181 0.0334597 -0.00404517 0.999432 0.00632505 0.0 0.0 0.0 1.0
heads/seq-02/color/frame-000962.color.png heads/seq-02/color/frame-000965.color.png 0.999858 0.00982712 0.0137024 0.0121815 -0.00974035 0.999932 -0.00638761 0.00487129 -0.0137643 0.00625324 0.999886 -0.0104277 0.0 0.0 0.0 1.0
heads/seq-02/color/frame-000965.color.png heads/seq-02/color/frame-000968.color.png 0.999987 0.00501036 0.000763947 0.00891319 -0.00501471 0.99997 0.00589384 0.00538848 -0.000734465 -0.00589755 0.999982 -0.0129021 0.0 0.0 0.0 1.0
heads/seq-02/color/frame-000968.color.png heads/seq-02/color/frame-000971.color.png 0.99996 0.00474698 0.00761067 0.0103035 -0.00468816 0.999959 -0.00773695 0.00994499 -0.00764698 0.00770093 0.999941 -0.00954056 0.0 0.0 0.0 1.0
heads/seq-02/color/frame-000971.color.png heads/seq-02/color/frame-000974.color.png 0.999989 0.0019217 -0.00430332 0.00619843 -0.001914 0.999997 0.00179121 0.00312248 0.00430676 -0.00178294 0.999989 -0.00958652 0.0 0.0 0.0 1.0
heads/seq-02/color/frame-000974.color.png heads/seq-02/color/frame-000977.color.png 0.999902 -0.012577 -0.00614262 0.0143672 0.0125939 0.999917 0.00274172 0.0147459 0.00610763 -0.00281884 0.999977 -0.00718562 0.0 0.0 0.0 1.0
heads/seq-02/color/frame-000977.color.png heads/seq-02/color/frame-000980.color.png 0.999862 -0.0142514 0.00854608 0.00915867 0.0141747 0.999859 0.00897692 0.0130619 -0.00867286 -0.00885446 0.999923 -0.0134341 0.0 0.0 0.0 1.0
heads/seq-02/color/frame-000980.color.png heads/seq-02/color/frame-000983.color.png 0.999915 -0.0130244 0.000720595 0.0105172 0.0130112 0.999788 0.0159419 0.0117788 -0.000928008 -0.0159312 0.999873 -0.0137555 0.0 0.0 0.0 1.0
heads/seq-02/color/frame-000983.color.png heads/seq-02/color/frame-000986.color.png 0.999653 0.00885336 0.0248265 0.0151447 -0.00894206 0.999954 0.00346509 0.010915 -0.0247947 -0.00368591 0.999686 -0.0159525 0.0 0.0 0.0 1.0
heads/seq-02/color/frame-000986.color.png heads/seq-02/color/frame-000989.color.png 0.999674 -0.00132159 0.025479 0.0142197 0.000934391 0.999884 0.0152021 0.00305114 -0.025496 -0.0151734 0.99956 -0.0147285 0.0 0.0 0.0 1.0
heads/seq-02/color/frame-000989.color.png heads/seq-02/color/frame-000992.color.png 0.999007 -0.0257988 0.0363379 0.0102385 0.0255789 0.999652 0.00650565 0.0122178 -0.0364932 -0.00556972 0.999318 -0.0133664 0.0 0.0 0.0 1.0
heads/seq-02/color/frame-000992.color.png heads/seq-02/color/frame-000995.color.png 0.998541 -0.0347587 0.0413156 0.016415 0.034507 0.999381 0.00679042 0.00928027 -0.0415261 -0.00535477 0.999123 -0.0110431 0.0 0.0 0.0 1.0
heads/seq-02/color/frame-000995.color.png heads/seq-02/color/frame-000998.color.png 0.99723 -0.0293438 0.0683425 0.0147089 0.029163 0.999568 0.00364194 0.0124026 -0.0684198 -0.00163882 0.997655 -0.010706 0.0 0.0 0.0 1.0
