pumpkin/seq-02/color/frame-000001.color.png pumpkin/seq-02/color/frame-000004.color.png 0.999186 -0.0366248 -0.0168871 0.00639611 0.0363558 0.999211 -0.0159686 0.00587385 0.0174587 0.0153416 0.99973 -0.0200787 0.0 0.0 0.0 1.0
pumpkin/seq-02/color/frame-000004.color.png pumpkin/seq-02/color/frame-000007.color.png 0.999368 -0.0355319 -0.00095779 -0.0191026 0.0355073 0.999189 -0.0189998 -0.0306275 0.00163211 0.0189538 0.999819 -0.0202036 0.0 0.0 0.0 1.0
pumpkin/seq-02/color/frame-000007.color.png pumpkin/seq-02/color/frame-000010.color.png 0.999894 0.00852423 -0.0117701 0.0171563 -0.00863953 0.999915 -0.00977869 0.00597689 0.0116858 0.00987936 0.999883 -0.016417 0.0 0.0 0.0 1.0
pumpkin/seq-02/color/frame-000010.color.png pumpkin/seq-02/color/frame-000013.color.png 0.99995 -0.000536053 -0.00995692 -0.0143264 0.00041695 0.999928 -0.0119603 -0.0175922 0.00996262 0.0119556 0.999879 -0.0181365 0.0 0.0 0.0 1.0
pumpkin/seq-02/color/frame-000013.color.png pumpkin/seq-02/color/frame-000016.color.png 0.999593 0.0156495 -0.0238691 0.019433 -0.0161212 0.999676 -0.0196958 0.0214775 0.0235531 0.0200726 0.999521 -0.0165616 0.0 0.0 0.0 1.0
pumpkin/seq-02/color/frame-000016.color.png pumpkin/seq-02/color/frame-000019.color.png 0.99995 -0.00925339 -0.0036874 -0.0141046 0.00921278 0.999898 -0.0108825 -0.0308985 0.00378773 0.010848 0.999934 -0.00787848 0.0 0.0 0.0 1.0
pumpkin/seq-02/color/frame-000019.color.png pumpkin/seq-02/color/frame-000022.color.png 0.999811 0.0157868 0.0113277 0.0110709 -0.0156747 0.999828 -0.00991853 -0.028494 -0.0114823 0.00973907 0.999887 -0.00911529 0.0 0.0 0.0 1.0
pumpkin/seq-02/color/frame-000022.color.png pumpkin/seq-02/color/frame-000025.color.png 0.99934 -0.0305579 0.019635 -0.0520792 0.0291744 0.99731 0.0672506 -0.0150548 -0.0216372 -0.0666334 0.997543 -0.0070015 0.0 0.0 0.0 1.0
pumpkin/seq-02/color/frame-000025.color.png pumpkin/seq-02/color/frame-000028.color.png 0.976191 -0.150339 -0.156362 -0.0155759 0.151647 0.988428 -0.00359955 -0.023008 0.155093 -0.0201979 0.987693 0.0283137 0.0 0.0 0.0 1.0
pumpkin/seq-02/color/frame-000028.color.png pumpkin/seq-02/color/frame-000031.color.png 0.993797 0.0929275 0.0610892 -0.0464379 -0.0934094 0.995615 0.00507284 -0.000676297 -0.0603499 -0.0107477 0.998119 0.0129383 0.0 0.0 0.0 1.0
pumpkin/seq-02/color/frame-000031.color.png pumpkin/seq-02/color/frame-000034.color.png 0.998982 0.00958313 -0.0440724 0.0540609 -0.0093991 0.999946 0.00438037 -0.00780297 0.0441119 -0.00396167 0.999019 0.0201375 0.0 0.0 0.0 1.0
pumpkin/seq-02/color/frame-000034.color.png pumpkin/seq-02/color/frame-000037.color.png 0.999981 0.00594853 -0.00187474 -0.0442718 -0.00595209 0.999981 -0.00188535 -0.0401298 0.00186347 0.00189647 0.999996 0.00966648 0.0 0.0 0.0 1.0
pumpkin/seq-02/color/frame-000037.color.png pumpkin/seq-02/color/frame-000040.color.png 0.999207 0.0397282 0.00282006 0.00844697 -0.0397058 0.999182 -0.00759218 0.00276409 -0.00311934 0.00747419 0.999967 0.00682577 0.0 0.0 0.0 1.0
pumpkin/seq-02/color/frame-000040.color.png pumpkin/seq-02/color/frame-000043.color.png 0.997342 0.0678991 0.0264307 0.0273039 -0.0690659 0.996548 0.0460708 -0.0566672 -0.0232113 -0.0477738 0.998589 -0.0100054 0.0 0.0 0.0 1.0
pumpkin/seq-02/color/frame-000043.color.png pumpkin/seq-02/color/frame-000046.color.png 0.998286 0.0466793 0.0352853 -0.0222406 -0.0469982 0.998861 0.00826184 -0.0414158 -0.0348594 -0.00990602 0.999343 -0.0115005 0.0 0.0 0.0 1.0
pumpkin/seq-02/color/frame-000046.color.png pumpkin/seq-02/color/frame-000049.color.png 0.998171 0.0518052 0.0311637 0.00114892 -0.0516494 0.998649 -0.00578438 -0.0251578 -0.0314212 0.00416421 0.999498 -0.0129648 0.0 0.0 0.0 1.0
pumpkin/seq-02/color/frame-000049.color.png pumpkin/seq-02/color/frame-000052.color.png 0.99935 -0.0320861 -0.0164367 -0.0201841 0.0326262 0.998899 0.03372 0.0107332 0.0153366 -0.0342343 0.999296 -0.0191867 0.0 0.0 0.0 1.0
pumpkin/seq-02/color/frame-000052.color.png pumpkin/seq-02/color/frame-000055.color.png 0.999944 0.00914773 0.00531955 0.0247541 -0.0093566 0.999129 0.0406651 -0.0433261 -0.00494294 -0.0407125 0.999159 -0.00745649 0.0 0.0 0.0 1.0
pumpkin/seq-02/color/frame-000055.color.png pumpkin/seq-02/color/frame-000058.color.png 0.999628 0.0118519 0.0245616 -0.0196322 -0.0124423 0.999634 0.0240272 -0.0125369 -0.0242679 -0.0243238 0.99941 -0.0254256 0.0 0.0 0.0 1.0
pumpkin/seq-02/color/frame-000058.color.png pumpkin/seq-02/color/frame-000061.color.png 0.999888 0.0149546 0.000166494 0.0128696 -0.0149504 0.999195 0.0372241 -0.0435225 0.000390301 -0.0372225 0.999307 -0.0337218 0.0 0.0 0.0 1.0
pumpkin/seq-02/color/frame-000061.color.png pumpkin/seq-02/color/frame-000064.color.png 0.999656 -0.0134073 0.0225445 -0.000164658 0.0135042 0.9999 -0.00414971 -0.025632 -0.0224866 0.00445272 0.999737 -0.0198182 0.0 0.0 0.0 1.0
pumpkin/seq-02/color/frame-000064.color.png pumpkin/seq-02/color/frame-000067.color.png 0.999841 0.00530637 0.0170005 -0.0320393 -0.00527192 0.999984 -0.00207077 -0.114492 -0.0170112 0.00198083 0.999853 -0.0173363 0.0 0.0 0.0 1.0
pumpkin/seq-02/color/frame-000067.color.png pumpkin/seq-02/color/frame-000070.color.png 0.999732 0.0115365 0.0200565 0.0116799 -0.0111251 0.999728 -0.0205021 -0.0160561 -0.0202876 0.0202734 0.999589 -0.0169082 0.0 0.0 0.0 1.0
pumpkin/seq-02/color/frame-000070.color.png pumpkin/seq-02/color/frame-000073.color.png 0.999838 0.0111172 0.0141449 0.024483 -0.010897 0.99982 -0.0155511 -0.021745 -0.0143152 0.0153945 0.999779 -0.00989933 0.0 0.0 0.0 1.0
pumpkin/seq-02/color/frame-000073.color.png pumpkin/seq-02/color/frame-000076.color.png 0.999613 -0.00647062 0.0270696 -0.0167966 0.0065549 0.999974 -0.00302572 -0.00217515 -0.0270493 0.00320198 0.999629 -0.0147828 0.0 0.0 0.0 1.0
pumpkin/seq-02/color/frame-000076.color.png pumpkin/seq-02/color/frame-000079.color.png 0.999996 -0.0028763 -0.000443117 0.0392913 0.00287517 0.999992 -0.00257303 -0.0308949 0.000450518 0.00257175 0.999997 -0.00470527 0.0 0.0 0.0 1.0
pumpkin/seq-02/color/frame-000079.color.png pumpkin/seq-02/color/frame-000082.color.png 0.998779 0.0183515 0.045856 -0.0227228 -0.0177837 0.99976 -0.01276 -0.0182486 -0.0460792 0.0119289 0.998866 -0.00439377 0.0 0.0 0.0 1.0
pumpkin/seq-02/color/frame-000082.color.png pumpkin/seq-02/color/frame-000085.color.png 0.999929 -0.0113045 0.00368123 -0.000496313 0.0113696 0.99977 -0.0181693 0.00715059 -0.003475 0.0182098 0.999828 -0.0133535 0.0 0.0 0.0 1.0
pumpkin/seq-02/color/frame-000085.color.png pumpkin/seq-02/color/frame-000088.color.png 0.999709 0.0237032 -0.00448228 0.0214168 -0.0237447 0.999673 -0.00943403 -0.00954413 0.0042572 0.00953773 0.999945 -0.0121598 0.0 0.0 0.0 1.0
pumpkin/seq-02/color/frame-000088.color.png pumpkin/seq-02/color/frame-000091.color.png 0.999654 0.024047 -0.010685 -0.00879417 -0.0239797 0.999692 0.00639086 -0.0119202 0.0108354 -0.00613242 0.999923 -0.00216465 0.0 0.0 0.0 1.0
pumpkin/seq-02/color/frame-000091.color.png pumpkin/seq-02/color/frame-000094.color.png 0.998893 0.0206968 -0.042232 0.0317354 -0.0207394 0.999785 -0.000568971 -0.00132596 0.0422111 0.00144421 0.999108 -0.020193 0.0 0.0 0.0 1.0
pumpkin/seq-02/color/frame-000094.color.png pumpkin/seq-02/color/frame-000097.color.png 0.999777 0.0203317 -0.00563952 -0.020419 -0.0203802 0.999755 -0.00868341 0.0260401 0.00546159 0.0087964 0.999946 -0.0118648 0.0 0.0 0.0 1.0
pumpkin/seq-02/color/frame-000097.color.png pumpkin/seq-02/color/frame-000100.color.png 0.99912 0.0180835 -0.0378482 0.0756203 -0.0184579 0.999784 -0.00956533 -0.0382366 0.037667 0.0102555 0.999238 -0.0330876 0.0 0.0 0.0 1.0
pumpkin/seq-02/color/frame-000100.color.png pumpkin/seq-02/color/frame-000103.color.png 0.99998 -0.00297418 0.00549064 0.01206 0.00312753 0.999599 -0.0281315 0.0198894 -0.00540477 0.0281482 0.999589 -0.0252448 0.0 0.0 0.0 1.0
pumpkin/seq-02/color/frame-000103.color.png pumpkin/seq-02/color/frame-000106.color.png 0.999598 0.027421 0.00719372 0.0610904 -0.0272058 0.999224 -0.0284786 0.0129848 -0.00796905 0.0282714 0.999568 -0.0383276 0.0 0.0 0.0 1.0
pumpkin/seq-02/color/frame-000106.color.png pumpkin/seq-02/color/frame-000109.color.png 0.999864 -0.00755522 -0.0146557 0.00694915 0.00730461 0.999827 -0.0170811 0.0115501 0.0147822 0.0169717 0.999747 -0.0299212 0.0 0.0 0.0 1.0
pumpkin/seq-02/color/frame-000109.color.png pumpkin/seq-02/color/frame-000112.color.png 0.999892 0.0105869 0.0102006 0.0222625 -0.0103703 0.999724 -0.0210575 0.00534713 -0.0104207 0.0209495 0.999726 -0.0328811 0.0 0.0 0.0 1.0
pumpkin/seq-02/color/frame-000112.color.png pumpkin/seq-02/color/frame-000115.color.png 0.999811 -0.0171168 -0.00918097 0.0334607 0.0169428 0.999682 -0.0187037 -0.045014 0.00949819 0.0185446 0.999783 -0.0261739 0.0 0.0 0.0 1.0
pumpkin/seq-02/color/frame-000115.color.png pumpkin/seq-02/color/frame-000118.color.png 0.999656 -0.0245945 -0.00914001 0.0600909 0.0244648 0.999602 -0.0140328 -0.0132535 0.0094815 0.0138044 0.99986 -0.0180179 0.0 0.0 0.0 1.0
pumpkin/seq-02/color/frame-000118.color.png pumpkin/seq-02/color/frame-000121.color.png 0.999977 -0.00685944 0.000187354 -0.0057314 0.00685939 0.999976 0.000116074 0.00699389 -0.000188146 -0.000114794 1.0 -0.00287849 0.0 0.0 0.0 1.0
pumpkin/seq-02/color/frame-000121.color.png pumpkin/seq-02/color/frame-000124.color.png 0.999976 -0.00233125 -0.00648036 0.0177401 0.00238476 0.999963 0.00826233 0.0138765 0.00646086 -0.00827759 0.999945 -0.0109313 0.0 0.0 0.0 1.0
pumpkin/seq-02/color/frame-000124.color.png pumpkin/seq-02/color/frame-000127.color.png 0.999132 0.0338791 -0.0242356 0.0714905 -0.0335016 0.999314 0.0158157 0.00174361 0.0247548 -0.01499 0.999581 -0.0107232 0.0 0.0 0.0 1.0
pumpkin/seq-02/color/frame-000127.color.png pumpkin/seq-02/color/frame-000130.color.png 0.999837 -0.0180118 -0.0014894 0.0621925 0.0180048 0.999828 -0.00454651 -0.00825369 0.00157104 0.00451895 0.999989 0.0117964 0.0 0.0 0.0 1.0
pumpkin/seq-02/color/frame-000130.color.png pumpkin/seq-02/color/frame-000133.color.png 0.999802 -0.00454682 0.0193637 0.0427265 0.00434975 0.999938 0.010208 -0.0239079 -0.0194089 -0.0101218 0.99976 -0.00657117 0.0 0.0 0.0 1.0
pumpkin/seq-02/color/frame-000133.color.png pumpkin/seq-02/color/frame-000136.color.png 0.999924 0.00208575 0.012119 0.0553923 -0.00215205 0.999983 0.00545969 0.00540626 -0.0121074 -0.00548536 0.999912 0.00374621 0.0 0.0 0.0 1.0
pumpkin/seq-02/color/frame-000136.color.png pumpkin/seq-02/color/frame-000139.color.png 0.999737 0.00949375 -0.0208728 0.0556437 -0.00955246 0.999951 -0.00271328 0.0084914 0.020846 0.00291196 0.999778 0.00852138 0.0 0.0 0.0 1.0
pumpkin/seq-02/color/frame-000139.color.png pumpkin/seq-02/color/frame-000142.color.png 0.999819 0.0189313 0.0020036 0.00628757 -0.0189572 0.999725 0.0137951 -0.00444317 -0.00174189 -0.0138305 0.999903 -0.0220162 0.0 0.0 0.0 1.0
pumpkin/seq-02/color/frame-000142.color.png pumpkin/seq-02/color/frame-000145.color.png 0.999952 0.00441408 -0.00871157 0.0222519 -0.00439999 0.999989 0.001633 0.0389048 0.00871868 -0.00159459 0.999961 -0.0129496 0.0 0.0 0.0 1.0
pumpkin/seq-02/color/frame-000145.color.png pumpkin/seq-02/color/frame-000148.color.png 0.999972 0.00659135 -0.00368968 0.116921 -0.00655979 0.999942 0.0085008 0.0703926 0.0037455 -0.00847636 0.999957 0.00882632 0.0 0.0 0.0 1.0
pumpkin/seq-02/color/frame-000148.color.png pumpkin/seq-02/color/frame-000151.color.png 0.999452 0.0233573 0.0234547 0.00979084 -0.0242692 0.998929 0.0393824 -0.00510025 -0.0225098 -0.0399301 0.998949 -0.0369591 0.0 0.0 0.0 1.0
pumpkin/seq-02/color/frame-000151.color.png pumpkin/seq-02/color/frame-000154.color.png 0.999899 0.000351219 -0.0142334 0.0414649 -0.000213335 0.999953 0.00968694 0.022551 0.0142361 -0.00968291 0.999852 -0.0247892 0.0 0.0 0.0 1.0
pumpkin/seq-02/color/frame-000154.color.png pumpkin/seq-02/color/frame-000157.color.png 1.0 -0.00031735 -0.000107775 0.00804198 0.000319041 0.999869 0.0161769 -0.0184286 0.000102629 -0.0161769 0.999869 -0.0175284 0.0 0.0 0.0 1.0
pumpkin/seq-02/color/frame-000157.color.png pumpkin/seq-02/color/frame-000160.color.png 0.999542 0.000631533 -0.0302498 0.0235733 -0.00112903 0.999864 -0.0164313 0.0126016 0.0302353 0.0164579 0.999407 -0.0240002 0.0 0.0 0.0 1.0
pumpkin/seq-02/color/frame-000160.color.png pumpkin/seq-02/color/frame-000163.color.png 0.999559 -0.00228211 -0.0296104 0.00720501 0.00198463 0.999947 -0.0100727 -0.0273629 0.0296318 0.0100095 0.999511 -0.0158249 0.0 0.0 0.0 1.0
pumpkin/seq-02/color/frame-000163.color.png pumpkin/seq-02/color/frame-000166.color.png 0.999297 0.0213914 -0.0307781 0.0346351 -0.0215608 0.999754 -0.00518036 -0.00246018 0.0306597 0.00584032 0.999513 -0.00837392 0.0 0.0 0.0 1.0
pumpkin/seq-02/color/frame-000166.color.png pumpkin/seq-02/color/frame-000169.color.png 0.999861 0.00397122 -0.0161649 0.0167166 -0.0040243 0.999987 -0.0032498 -0.00432819 0.0161517 0.0033144 0.999864 0.013904 0.0 0.0 0.0 1.0
pumpkin/seq-02/color/frame-000169.color.png pumpkin/seq-02/color/frame-000172.color.png 0.999996 0.00110323 0.00278378 0.0250873 -0.00108335 0.999974 -0.00711915 -0.00861752 -0.0027915 0.0071161 0.999971 0.0229983 0.0 0.0 0.0 1.0
pumpkin/seq-02/color/frame-000172.color.png pumpkin/seq-02/color/frame-000175.color.png 0.999967 0.00782907 -0.00232187 0.0196557 -0.00787322 0.999776 -0.0196697 -0.00555646 0.00216734 0.0196873 0.999804 0.0344511 0.0 0.0 0.0 1.0
pumpkin/seq-02/color/frame-000175.color.png pumpkin/seq-02/color/frame-000178.color.png 0.999998 -0.0017409 0.000899335 0.00195318 0.0017401 0.999998 0.000860099 -0.0146562 -0.000900834 -0.000858537 0.999999 0.028061 0.0 0.0 0.0 1.0
pumpkin/seq-02/color/frame-000178.color.png pumpkin/seq-02/color/frame-000181.color.png 0.99995 -0.0070515 -0.00712568 -0.0074361 0.00709308 0.999958 0.00581528 -0.0208426 0.00708437 -0.00586553 0.999958 0.0187142 0.0 0.0 0.0 1.0
pumpkin/seq-02/color/frame-000181.color.png pumpkin/seq-02/color/frame-000184.color.png 0.999932 0.0116912 0.000339572 0.0187296 -0.0116905 0.999929 -0.00215458 0.00852001 -0.000364741 0.00215047 0.999998 0.0359198 0.0 0.0 0.0 1.0
pumpkin/seq-02/color/frame-000184.color.png pumpkin/seq-02/color/frame-000187.color.png 0.999728 -0.0113025 -0.0204139 0.0191491 0.0110373 0.999854 -0.0130554 -0.0139279 0.0205585 0.0128266 0.999706 0.00149029 0.0 0.0 0.0 1.0
pumpkin/seq-02/color/frame-000187.color.png pumpkin/seq-02/color/frame-000190.color.png 0.999814 -0.00956464 -0.016755 0.00601107 0.0094473 0.999931 -0.00706531 -0.0137683 0.0168214 0.0069057 0.999835 0.0222789 0.0 0.0 0.0 1.0
pumpkin/seq-02/color/frame-000190.color.png pumpkin/seq-02/color/frame-000193.color.png 0.999813 -0.0193022 0.00149028 -0.00430322 0.0193007 0.999813 0.00106516 -0.0121667 -0.00151055 -0.00103619 0.999998 0.0211802 0.0 0.0 0.0 1.0
pumpkin/seq-02/color/frame-000193.color.png pumpkin/seq-02/color/frame-000196.color.png 0.998545 -0.0429848 0.0325566 -0.0315626 0.0430729 0.99907 -0.00200675 -0.00114298 -0.03244 0.00340614 0.999468 0.0260965 0.0 0.0 0.0 1.0
pumpkin/seq-02/color/frame-000196.color.png pumpkin/seq-02/color/frame-000199.color.png 0.994682 -0.0670251 0.0781963 -0.0259778 0.0616099 0.995662 0.0697216 -0.0841839 -0.0825302 -0.0645332 0.994497 0.0535178 0.0 0.0 0.0 1.0
pumpkin/seq-02/color/frame-000199.color.png pumpkin/seq-02/color/frame-000202.color.png 0.999809 -0.00998023 -0.0168255 0.0019688 0.0102116 0.999854 0.013724 0.0211495 0.0166861 -0.0138932 0.999764 0.000539869 0.0 0.0 0.0 1.0
pumpkin/seq-02/color/frame-000202.color.png pumpkin/seq-02/color/frame-000205.color.png 0.999921 -0.00512559 0.0114594 0.0118105 0.00499046 0.999918 0.0117886 -0.00347155 -0.0115189 -0.0117305 0.999865 0.0174847 0.0 0.0 0.0 1.0
pumpkin/seq-02/color/frame-000205.color.png pumpkin/seq-02/color/frame-000208.color.png 0.999748 0.00479526 0.0219323 0.0202292 -0.00448852 0.999892 -0.0140134 0.0258677 -0.0219972 0.0139114 0.999661 0.0355239 0.0 0.0 0.0 1.0
pumpkin/seq-02/color/frame-000208.color.png pumpkin/seq-02/color/frame-000211.color.png 0.99877 -0.0185462 0.0459727 -0.0194353 0.0176274 0.999638 0.0203115 -0.0226296 -0.0463328 -0.0194762 0.998736 0.0217168 0.0 0.0 0.0 1.0
pumpkin/seq-02/color/frame-000211.color.png pumpkin/seq-02/color/frame-000214.color.png 0.999773 -0.00604612 0.0204101 0.0332542 0.00602482 0.999981 0.00110525 -0.0201039 -0.0204164 -0.000982024 0.999791 0.0302813 0.0 0.0 0.0 1.0
pumpkin/seq-02/color/frame-000214.color.png pumpkin/seq-02/color/frame-000217.color.png 0.999239 -0.0141125 0.0363547 -0.0341513 0.0145541 0.999823 -0.0119114 -0.0219573 -0.0361802 0.0124314 0.999268 0.030304 0.0 0.0 0.0 1.0
pumpkin/seq-02/color/frame-000217.color.png pumpkin/seq-02/color/frame-000220.color.png 0.99973 0.00290333 0.023043 0.0305043 -0.00208184 0.999364 -0.0355941 -0.001243 -0.0231317 0.0355366 0.999101 0.0398035 0.0 0.0 0.0 1.0
pumpkin/seq-02/color/frame-000220.color.png pumpkin/seq-02/color/frame-000223.color.png 0.999042 0.0207765 0.0385238 0.0075087 -0.019681 0.999397 -0.0286012 0.00385666 -0.0390948 0.0278156 0.998848 0.0403641 0.0 0.0 0.0 1.0
pumpkin/seq-02/color/frame-000223.color.png pumpkin/seq-02/color/frame-000226.color.png 0.999652 -0.00876232 0.024884 -0.0226041 0.0095371 0.999468 -0.0311889 -0.0463139 -0.0245975 0.0314154 0.999204 0.0278162 0.0 0.0 0.0 1.0
pumpkin/seq-02/color/frame-000226.color.png pumpkin/seq-02/color/frame-000229.color.png 0.99981 0.00768429 0.0179338 0.0282762 -0.00711015 0.999467 -0.0318618 0.0016644 -0.0181691 0.0317283 0.999331 0.0239225 0.0 0.0 0.0 1.0
pumpkin/seq-02/color/frame-000229.color.png pumpkin/seq-02/color/frame-000232.color.png 0.999778 0.000917406 0.0210526 -0.021638 2.17399e-05 0.999006 -0.0445667 0.0131009 -0.0210725 0.0445572 0.998785 0.046109 0.0 0.0 0.0 1.0
pumpkin/seq-02/color/frame-000232.color.png pumpkin/seq-02/color/frame-000235.color.png 0.99975 0.00270437 0.0222027 0.0123718 -0.00241391 0.999911 -0.0130985 -0.0102808 -0.0222362 0.0130417 0.999668 0.0146431 0.0 0.0 0.0 1.0
pumpkin/seq-02/color/frame-000235.color.png pumpkin/seq-02/color/frame-000238.color.png 0.999733 0.0227637 -0.00393959 0.0126607 -0.0228879 0.999124 -0.0350316 0.00195998 0.00313869 0.0351124 0.999379 0.00130057 0.0 0.0 0.0 1.0
pumpkin/seq-02/color/frame-000238.color.png pumpkin/seq-02/color/frame-000241.color.png 0.999705 0.0206346 -0.0128474 0.023069 -0.021092 0.99911 -0.0365422 -0.0062238 0.0120819 0.0368024 0.999249 -0.000886858 0.0 0.0 0.0 1.0
pumpkin/seq-02/color/frame-000241.color.png pumpkin/seq-02/color/frame-000244.color.png 0.999804 0.0197422 0.00167585 -0.00634617 -0.0196714 0.999192 -0.0350523 0.0236925 -0.00236647 0.0350124 0.999384 0.0130061 0.0 0.0 0.0 1.0
pumpkin/seq-02/color/frame-000244.color.png pumpkin/seq-02/color/frame-000247.color.png 0.999791 0.0200881 -0.00367506 0.000175178 -0.0201807 0.999427 -0.0271934 0.0105103 0.00312668 0.0272619 0.999623 0.00687343 0.0 0.0 0.0 1.0
pumpkin/seq-02/color/frame-000247.color.png pumpkin/seq-02/color/frame-000250.color.png 0.999763 0.0178279 -0.0124849 0.0130455 -0.0181316 0.999532 -0.0246485 -0.0116655 0.0120397 0.0248691 0.999618 -0.00396863 0.0 0.0 0.0 1.0
pumpkin/seq-02/color/frame-000250.color.png pumpkin/seq-02/color/frame-000253.color.png 0.999944 0.00551961 -0.00902372 -0.00516397 -0.00569674 0.999789 -0.0197248 0.00587183 0.00891288 0.0197751 0.999765 -0.00131309 0.0 0.0 0.0 1.0
pumpkin/seq-02/color/frame-000253.color.png pumpkin/seq-02/color/frame-000256.color.png 0.999741 0.0227296 0.000766735 0.0263437 -0.0226954 0.999273 -0.0306494 0.00803465 -0.00146281 0.030624 0.99953 0.0178483 0.0 0.0 0.0 1.0
pumpkin/seq-02/color/frame-000256.color.png pumpkin/seq-02/color/frame-000259.color.png 0.999393 0.027936 -0.0207962 0.00728285 -0.0281536 0.999551 -0.0102481 0.0186706 0.0205006 0.0108274 0.999731 -0.0148832 0.0 0.0 0.0 1.0
pumpkin/seq-02/color/frame-000259.color.png pumpkin/seq-02/color/frame-000262.color.png 0.99894 -0.00293669 -0.0459295 -0.0120139 0.00463939 0.999304 0.0370092 -0.0318303 0.0457889 -0.0371831 0.998259 -0.0722417 0.0 0.0 0.0 1.0
pumpkin/seq-02/color/frame-000262.color.png pumpkin/seq-02/color/frame-000265.color.png 0.999505 0.01981 -0.0244509 -0.00504202 -0.0196348 0.99978 0.00738466 0.0410016 0.0245918 -0.00690085 0.999674 -0.0179002 0.0 0.0 0.0 1.0
pumpkin/seq-02/color/frame-000265.color.png pumpkin/seq-02/color/frame-000268.color.png 0.99799 0.0369276 -0.0514945 0.0245991 -0.0357032 0.999062 0.0244981 0.0257326 0.0523509 -0.0226104 0.998373 -0.0552884 0.0 0.0 0.0 1.0
pumpkin/seq-02/color/frame-000268.color.png pumpkin/seq-02/color/frame-000271.color.png 0.998862 0.0341124 -0.0333244 -0.00535071 -0.0336415 0.999327 0.0145917 0.0333174 0.0337997 -0.0134541 0.999338 -0.0310087 0.0 0.0 0.0 1.0
pumpkin/seq-02/color/frame-000271.color.png pumpkin/seq-02/color/frame-000274.color.png 0.998621 0.00746571 -0.0519554 -0.0101016 -0.00517669 0.999016 0.044051 -0.00417233 0.0522332 -0.0437214 0.997677 -0.0648946 0.0 0.0 0.0 1.0
pumpkin/seq-02/color/frame-000274.color.png pumpkin/seq-02/color/frame-000277.color.png 0.998217 0.0345045 -0.048715 -0.00839591 -0.0341492 0.999384 0.0081067 0.0808534 0.0489647 -0.00642867 0.99878 -0.0469739 0.0 0.0 0.0 1.0
pumpkin/seq-02/color/frame-000277.color.png pumpkin/seq-02/color/frame-000280.color.png 0.998346 0.0182332 -0.054527 0.00123608 -0.0170094 0.999595 0.0228259 -0.000488698 0.054921 -0.0218607 0.998251 -0.0499727 0.0 0.0 0.0 1.0
pumpkin/seq-02/color/frame-000280.color.png pumpkin/seq-02/color/frame-000283.color.png 0.99862 0.0106314 -0.0514275 -0.0157073 -0.0101675 0.999905 0.0092724 0.0182431 0.0515212 -0.00873665 0.998634 -0.055246 0.0 0.0 0.0 1.0
pumpkin/seq-02/color/frame-000283.color.png pumpkin/seq-02/color/frame-000286.color.png 0.998537 0.0245454 -0.0481716 -0.0208485 -0.0242265 0.999681 0.00719261 0.0393715 0.0483328 -0.00601507 0.998813 -0.0511998 0.0 0.0 0.0 1.0
pumpkin/seq-02/color/frame-000286.color.png pumpkin/seq-02/color/frame-000289.color.png 0.999452 0.010967 -0.0312486 -0.0392008 -0.0108118 0.999928 0.00513336 0.00236988 0.0313027 -0.00479273 0.999499 -0.0478395 0.0 0.0 0.0 1.0
pumpkin/seq-02/color/frame-000289.color.png pumpkin/seq-02/color/frame-000292.color.png 0.999915 0.00764648 -0.0105378 0.00886869 -0.00771593 0.999949 -0.00657241 0.0225945 0.010487 0.00665319 0.999923 -0.006396 0.0 0.0 0.0 1.0
pumpkin/seq-02/color/frame-000292.color.png pumpkin/seq-02/color/frame-000295.color.png 0.999156 -0.0275656 0.0304456 0.0145462 0.0281888 0.999398 -0.0202394 -0.0119369 -0.0298694 0.0210805 0.999331 0.0250104 0.0 0.0 0.0 1.0
pumpkin/seq-02/color/frame-000295.color.png pumpkin/seq-02/color/frame-000298.color.png 0.999675 -0.0187817 0.017236 0.0181172 0.018152 0.999187 0.0359894 0.0111731 -0.017898 -0.0356649 0.999204 0.017773 0.0 0.0 0.0 1.0
pumpkin/seq-02/color/frame-000298.color.png pumpkin/seq-02/color/frame-000301.color.png 0.996979 -0.0537549 0.0560677 0.0337402 0.053393 0.998542 0.00793555 -0.0292495 -0.0564125 -0.00491789 0.998395 0.0552373 0.0 0.0 0.0 1.0
pumpkin/seq-02/color/frame-000301.color.png pumpkin/seq-02/color/frame-000304.color.png 0.99953 -0.00839968 0.0294788 0.00201648 0.00866707 0.999922 -0.00895412 -0.00163758 -0.0294013 0.00920544 0.999525 0.0200263 0.0 0.0 0.0 1.0
pumpkin/seq-02/color/frame-000304.color.png pumpkin/seq-02/color/frame-000307.color.png 0.999262 -0.0341761 -0.0175392 0.00478148 0.0342753 0.999398 0.00539032 -0.0274113 0.0173444 -0.0059875 0.999832 -0.00662217 0.0 0.0 0.0 1.0
pumpkin/seq-02/color/frame-000307.color.png pumpkin/seq-02/color/frame-000310.color.png 0.999553 0.00199697 0.0298457 0.00247937 -0.00117555 0.999621 -0.0275157 -0.016603 -0.0298894 0.0274682 0.999176 0.0278104 0.0 0.0 0.0 1.0
pumpkin/seq-02/color/frame-000310.color.png pumpkin/seq-02/color/frame-000313.color.png 0.999742 -0.00917423 0.0207743 -0.0186608 0.00941039 0.999892 -0.0112984 -0.0283011 -0.0206684 0.011491 0.99972 0.022186 0.0 0.0 0.0 1.0
pumpkin/seq-02/color/frame-000313.color.png pumpkin/seq-02/color/frame-000316.color.png 0.996645 -0.0389762 0.0719677 -0.0319887 0.039017 0.999238 0.000839725 -0.0356691 -0.0719456 0.00197104 0.997407 0.0525072 0.0 0.0 0.0 1.0
pumpkin/seq-02/color/frame-000316.color.png pumpkin/seq-02/color/frame-000319.color.png 0.994431 -0.0514557 0.0919775 -0.062379 0.0513629 0.998674 0.00337798 -0.0347369 -0.0920294 0.00136509 0.995755 0.0525529 0.0 0.0 0.0 1.0
pumpkin/seq-02/color/frame-000319.color.png pumpkin/seq-02/color/frame-000322.color.png 0.997801 -0.0226904 0.06228 0.0230561 0.023398 0.999669 -0.0106554 -0.0331976 -0.0620177 0.0120892 0.998002 0.0492742 0.0 0.0 0.0 1.0
pumpkin/seq-02/color/frame-000322.color.png pumpkin/seq-02/color/frame-000325.color.png 0.999758 -0.0196546 0.00989474 -0.0479411 0.0197464 0.999762 -0.0092704 -0.0169913 -0.00971019 0.00946351 0.999908 0.0135238 0.0 0.0 0.0 1.0
pumpkin/seq-02/color/frame-000325.color.png pumpkin/seq-02/color/frame-000328.color.png 0.999991 0.00380692 0.00206959 -0.0198645 -0.00383463 0.999901 0.0135727 0.0143939 -0.00201772 -0.0135805 0.999906 -0.0212877 0.0 0.0 0.0 1.0
pumpkin/seq-02/color/frame-000328.color.png pumpkin/seq-02/color/frame-000331.color.png 0.999467 0.0245299 -0.021522 0.0320808 -0.0243364 0.999661 0.0092055 0.0269367 0.0217405 -0.0086768 0.999726 -0.0102769 0.0 0.0 0.0 1.0
pumpkin/seq-02/color/frame-000331.color.png pumpkin/seq-02/color/frame-000334.color.png 0.99985 -0.00168993 0.017209 -0.00907761 0.00140416 0.999861 0.0166042 0.017368 -0.0172347 -0.0165776 0.999714 0.00439969 0.0 0.0 0.0 1.0
pumpkin/seq-02/color/frame-000334.color.png pumpkin/seq-02/color/frame-000337.color.png 0.999735 -0.00968936 -0.0208717 -0.0151373 0.00984991 0.999923 0.00760337 0.008277 0.0207965 -0.00780692 0.999753 -0.0103515 0.0 0.0 0.0 1.0
pumpkin/seq-02/color/frame-000337.color.png pumpkin/seq-02/color/frame-000340.color.png 0.999978 -0.00434175 0.00495709 -0.00809932 0.00431579 0.999977 0.00522798 0.00134611 -0.00497968 -0.0052065 0.999974 -0.00830486 0.0 0.0 0.0 1.0
pumpkin/seq-02/color/frame-000340.color.png pumpkin/seq-02/color/frame-000343.color.png 0.99981 0.0133147 0.0142063 -0.00358367 -0.0132114 0.999886 -0.00733987 -0.0130982 -0.0143024 0.00715083 0.999872 0.010956 0.0 0.0 0.0 1.0
pumpkin/seq-02/color/frame-000343.color.png pumpkin/seq-02/color/frame-000346.color.png 0.999881 0.0031987 0.0151168 -0.0349019 -0.0030699 0.999959 -0.00853426 0.0253627 -0.0151435 0.0084868 0.999849 0.0159639 0.0 0.0 0.0 1.0
pumpkin/seq-02/color/frame-000346.color.png pumpkin/seq-02/color/frame-000349.color.png 0.999811 -0.00973714 0.0168448 -0.0216692 0.00964014 0.999936 0.00583004 -0.00750208 -0.0169006 -0.00566655 0.999841 0.0159537 0.0 0.0 0.0 1.0
pumpkin/seq-02/color/frame-000349.color.png pumpkin/seq-02/color/frame-000352.color.png 0.999654 -0.0132656 0.0226995 -0.0472739 0.0131925 0.999907 0.00336632 0.00209004 -0.0227421 -0.00306565 0.999737 0.0268643 0.0 0.0 0.0 1.0
pumpkin/seq-02/color/frame-000352.color.png pumpkin/seq-02/color/frame-000355.color.png 0.999637 -0.00582124 0.026302 -0.0420478 0.00569643 0.999972 0.00481725 -0.0160695 -0.0263293 -0.00466566 0.999642 0.024175 0.0 0.0 0.0 1.0
pumpkin/seq-02/color/frame-000355.color.png pumpkin/seq-02/color/frame-000358.color.png 0.999426 0.00763833 0.0330066 -0.050024 -0.00760681 0.99997 -0.00108039 -0.00352281 -0.0330138 0.000828694 0.999455 0.0333554 0.0 0.0 0.0 1.0
pumpkin/seq-02/color/frame-000358.color.png pumpkin/seq-02/color/frame-000361.color.png 0.999795 -0.0104397 0.0173506 -0.0341641 0.0103435 0.999931 0.00562274 -0.00304508 -0.0174081 -0.00544221 0.999834 0.0147019 0.0 0.0 0.0 1.0
pumpkin/seq-02/color/frame-000361.color.png pumpkin/seq-02/color/frame-000364.color.png 0.999511 -0.00700264 0.0304694 -0.0260009 0.00687683 0.999967 0.00423254 0.0224862 -0.030498 -0.0040209 0.999527 0.0232702 0.0 0.0 0.0 1.0
pumpkin/seq-02/color/frame-000364.color.png pumpkin/seq-02/color/frame-000367.color.png 0.999246 -8.59732e-05 0.0388326 -0.0490423 3.25117e-05 0.999999 0.00137653 0.00431594 -0.0388327 -0.00137426 0.999245 0.0284633 0.0 0.0 0.0 1.0
pumpkin/seq-02/color/frame-000367.color.png pumpkin/seq-02/color/frame-000370.color.png 0.999838 -0.000921343 0.0179982 -0.0403374 0.0006746 0.999906 0.013713 0.0269831 -0.0180091 -0.0136986 0.999744 0.0297575 0.0 0.0 0.0 1.0
pumpkin/seq-02/color/frame-000370.color.png pumpkin/seq-02/color/frame-000373.color.png 0.9996 0.0157404 -0.0234981 -0.0213242 -0.0154801 0.999817 0.0112219 -0.0236376 0.0236704 -0.0108537 0.999661 -0.0126937 0.0 0.0 0.0 1.0
pumpkin/seq-02/color/frame-000373.color.png pumpkin/seq-02/color/frame-000376.color.png 0.999686 0.0240918 -0.00690212 -0.0145566 -0.0242204 0.999522 -0.0192029 0.043124 0.00643619 0.0193641 0.999792 0.0215696 0.0 0.0 0.0 1.0
pumpkin/seq-02/color/frame-000376.color.png pumpkin/seq-02/color/frame-000379.color.png 0.999866 -0.0143078 -0.0079613 -0.0448728 0.0143814 0.999854 0.00926879 -0.00905311 0.00782754 -0.00938207 0.999925 0.000977218 0.0 0.0 0.0 1.0
pumpkin/seq-02/color/frame-000379.color.png pumpkin/seq-02/color/frame-000382.color.png 0.999867 0.00985341 -0.0129888 0.0262409 -0.00961204 0.999782 0.0185137 0.0122515 0.0131684 -0.0183863 0.999744 -0.0219624 0.0 0.0 0.0 1.0
pumpkin/seq-02/color/frame-000382.color.png pumpkin/seq-02/color/frame-000385.color.png 0.999565 0.00146128 0.0294576 -0.031486 -0.0013502 0.999992 -0.00379018 -0.00763929 -0.0294629 0.00374878 0.999559 0.0260512 0.0 0.0 0.0 1.0
pumpkin/seq-02/color/frame-000385.color.png pumpkin/seq-02/color/frame-000388.color.png 0.999845 -0.000148688 0.0176228 -0.000664286 -1.70048e-05 0.999956 0.00940003 -0.00948587 -0.0176234 -0.00939892 0.999801 0.0113358 0.0 0.0 0.0 1.0
pumpkin/seq-02/color/frame-000388.color.png pumpkin/seq-02/color/frame-000391.color.png 0.999982 -0.00594694 0.000659999 -0.00552312 0.00594046 0.999938 0.0094153 -0.000714153 -0.000716041 -0.00941123 0.999955 0.0118959 0.0 0.0 0.0 1.0
pumpkin/seq-02/color/frame-000391.color.png pumpkin/seq-02/color/frame-000394.color.png 0.999812 0.00137063 0.0193484 -0.0318474 -0.00107613 0.999884 -0.0152219 0.0174693 -0.019367 0.0151982 0.999697 0.0374713 0.0 0.0 0.0 1.0
pumpkin/seq-02/color/frame-000394.color.png pumpkin/seq-02/color/frame-000397.color.png 0.999937 0.00601638 0.00953166 -0.0073517 -0.00575714 0.999619 -0.0269997 0.00196168 -0.00969047 0.0269431 0.99959 0.0324523 0.0 0.0 0.0 1.0
pumpkin/seq-02/color/frame-000397.color.png pumpkin/seq-02/color/frame-000400.color.png 0.999886 -0.015004 0.0017577 -0.0157279 0.0150319 0.999741 -0.0170795 -0.0390325 -0.00150103 0.017104 0.999853 0.0267905 0.0 0.0 0.0 1.0
pumpkin/seq-02/color/frame-000400.color.png pumpkin/seq-02/color/frame-000403.color.png 0.999699 -0.0218687 0.011132 -0.014966 0.0218643 0.999761 0.000518336 -0.00661382 -0.0111408 -0.000274813 0.999938 0.0285387 0.0 0.0 0.0 1.0
pumpkin/seq-02/color/frame-000403.color.png pumpkin/seq-02/color/frame-000406.color.png 0.999829 0.00474985 0.0178684 -0.0115005 -0.00515179 0.999733 0.0225166 -0.00897723 -0.0177566 -0.0226048 0.999587 0.023983 0.0 0.0 0.0 1.0
pumpkin/seq-02/color/frame-000406.color.png pumpkin/seq-02/color/frame-000409.color.png 0.999995 0.00153784 0.0026095 -0.00941622 -0.00157062 0.999919 0.012594 -0.000374317 -0.00258995 -0.0125981 0.999917 0.0251439 0.0 0.0 0.0 1.0
pumpkin/seq-02/color/frame-000409.color.png pumpkin/seq-02/color/frame-000412.color.png 0.998449 -0.0538401 -0.0141847 -0.0711899 0.0538069 0.998548 -0.00271292 -0.00273991 0.0143102 0.00194544 0.999896 0.0458105 0.0 0.0 0.0 1.0
pumpkin/seq-02/color/frame-000412.color.png pumpkin/seq-02/color/frame-000415.color.png 0.999814 -0.0182172 -0.0063978 -0.0238928 0.0182145 0.999834 -0.000477823 -0.0158603 0.00640539 0.000361234 0.999979 0.0259233 0.0 0.0 0.0 1.0
pumpkin/seq-02/color/frame-000415.color.png pumpkin/seq-02/color/frame-000418.color.png 0.999491 -0.0305035 0.00934996 -0.0344484 0.0306579 0.999388 -0.0168452 0.00321925 -0.0088304 0.0171232 0.999814 0.0361894 0.0 0.0 0.0 1.0
pumpkin/seq-02/color/frame-000418.color.png pumpkin/seq-02/color/frame-000421.color.png 0.999431 -0.0334771 -0.0040968 -0.0265956 0.0333818 0.999212 -0.0214638 0.00238073 0.00481207 0.0213148 0.999761 0.0418939 0.0 0.0 0.0 1.0
pumpkin/seq-02/color/frame-000421.color.png pumpkin/seq-02/color/frame-000424.color.png 0.999253 -0.037551 -0.0091276 -0.0317683 0.0374202 0.9992 -0.0140995 -0.00289553 0.00964976 0.0137474 0.999859 0.0422295 0.0 0.0 0.0 1.0
pumpkin/seq-02/color/frame-000424.color.png pumpkin/seq-02/color/frame-000427.color.png 0.999838 -0.0102115 0.0148275 -0.0267887 0.0101039 0.999922 0.00731085 0.00551325 -0.0149011 -0.00715985 0.999863 0.0190076 0.0 0.0 0.0 1.0
pumpkin/seq-02/color/frame-000427.color.png pumpkin/seq-02/color/frame-000430.color.png 0.999803 -0.00190703 0.0197342 -0.0280377 0.00165839 0.999919 0.012608 0.0102471 -0.0197566 -0.0125728 0.999726 0.0275894 0.0 0.0 0.0 1.0
pumpkin/seq-02/color/frame-000430.color.png pumpkin/seq-02/color/frame-000433.color.png 0.999887 -0.0117716 0.00936796 -0.025103 0.011685 0.999889 0.00925195 0.010829 -0.0094758 -0.00914147 0.999913 0.0247294 0.0 0.0 0.0 1.0
pumpkin/seq-02/color/frame-000433.color.png pumpkin/seq-02/color/frame-000436.color.png 0.999859 -0.0115107 0.0122066 -0.0239937 0.0114361 0.999916 0.00615982 0.00823832 -0.0122765 -0.00601933 0.999906 0.0250373 0.0 0.0 0.0 1.0
pumpkin/seq-02/color/frame-000436.color.png pumpkin/seq-02/color/frame-000439.color.png 0.999336 -0.0357109 -0.00722725 -0.0250045 0.0358001 0.999279 0.0126152 -0.00152072 0.00677157 -0.0128656 0.999894 0.0179123 0.0 0.0 0.0 1.0
pumpkin/seq-02/color/frame-000439.color.png pumpkin/seq-02/color/frame-000442.color.png 0.999741 -0.0223553 0.00412261 -0.0267239 0.022351 0.99975 0.00107589 0.00834566 -0.00414565 -0.000983464 0.999991 0.00864674 0.0 0.0 0.0 1.0
pumpkin/seq-02/color/frame-000442.color.png pumpkin/seq-02/color/frame-000445.color.png 0.999347 -0.0058084 -0.0356675 0.0200375 0.00590218 0.999979 0.00252493 -0.00260383 0.0356522 -0.0027338 0.999361 0.0287383 0.0 0.0 0.0 1.0
pumpkin/seq-02/color/frame-000445.color.png pumpkin/seq-02/color/frame-000448.color.png 0.999715 0.000892174 -0.023866 0.00393763 -0.00116387 0.999935 -0.0113725 0.0265555 0.0238543 0.011397 0.99965 0.038909 0.0 0.0 0.0 1.0
pumpkin/seq-02/color/frame-000448.color.png pumpkin/seq-02/color/frame-000451.color.png 0.999822 0.0102835 -0.0158343 0.0328954 -0.0104755 0.999872 -0.0120892 0.0102887 0.0157079 0.0122529 0.999802 0.0312921 0.0 0.0 0.0 1.0
pumpkin/seq-02/color/frame-000451.color.png pumpkin/seq-02/color/frame-000454.color.png 0.999946 0.00395073 0.00965732 0.0128815 -0.00388454 0.999969 -0.00686138 -0.00414702 -0.00968418 0.00682352 0.99993 0.0197346 0.0 0.0 0.0 1.0
pumpkin/seq-02/color/frame-000454.color.png pumpkin/seq-02/color/frame-000457.color.png 0.999992 -0.00381351 0.00141118 0.019158 0.00383253 0.999898 -0.0137213 0.000433117 -0.00135867 0.0137266 0.999905 0.0200267 0.0 0.0 0.0 1.0
pumpkin/seq-02/color/frame-000457.color.png pumpkin/seq-02/color/frame-000460.color.png 0.999975 0.00460995 -0.00542891 0.0173887 -0.00471931 0.999783 -0.0203057 0.0268697 0.00533405 0.0203308 0.999779 0.0284291 0.0 0.0 0.0 1.0
pumpkin/seq-02/color/frame-000460.color.png pumpkin/seq-02/color/frame-000463.color.png 0.999897 0.0139187 0.00345738 0.00600778 -0.0139383 0.999887 0.00569053 -0.00265521 -0.00337777 -0.00573812 0.999978 -0.0033538 0.0 0.0 0.0 1.0
pumpkin/seq-02/color/frame-000463.color.png pumpkin/seq-02/color/frame-000466.color.png 0.999938 0.00458962 -0.0101308 0.0178383 -0.00452146 0.999967 0.00674042 -0.0116462 0.0101615 -0.00669418 0.999926 0.0132989 0.0 0.0 0.0 1.0
pumpkin/seq-02/color/frame-000466.color.png pumpkin/seq-02/color/frame-000469.color.png 0.999994 0.00318173 -0.00114897 0.000805482 -0.0031704 0.999948 0.00972941 -0.0166733 0.00117992 -0.00972575 0.999952 0.00422958 0.0 0.0 0.0 1.0
pumpkin/seq-02/color/frame-000469.color.png pumpkin/seq-02/color/frame-000472.color.png 0.999856 -0.0169219 0.00157939 -0.0103116 0.0169252 0.999855 -0.00207778 0.021599 -0.00154404 0.00210424 0.999997 0.0210191 0.0 0.0 0.0 1.0
pumpkin/seq-02/color/frame-000472.color.png pumpkin/seq-02/color/frame-000475.color.png 0.999636 -0.0211193 0.016794 -0.0202667 0.0211783 0.99977 -0.0033395 0.00441989 -0.0167196 0.00369392 0.999853 0.0325279 0.0 0.0 0.0 1.0
pumpkin/seq-02/color/frame-000475.color.png pumpkin/seq-02/color/frame-000478.color.png 0.999666 -0.00972364 0.0239599 -0.0286894 0.00993113 0.999914 -0.00855769 0.0188974 -0.0238747 0.0087928 0.999676 0.0270345 0.0 0.0 0.0 1.0
pumpkin/seq-02/color/frame-000478.color.png pumpkin/seq-02/color/frame-000481.color.png 0.999413 -0.019339 0.0282921 -0.0377618 0.0195327 0.999788 -0.00658838 0.0105379 -0.0281587 0.00713712 0.999578 0.0460512 0.0 0.0 0.0 1.0
pumpkin/seq-02/color/frame-000481.color.png pumpkin/seq-02/color/frame-000484.color.png 0.999116 -0.011439 0.0404484 -0.0302127 0.0114337 0.999935 0.000362236 -0.00997981 -0.04045 0.000100549 0.999182 0.0417133 0.0 0.0 0.0 1.0
pumpkin/seq-02/color/frame-000484.color.png pumpkin/seq-02/color/frame-000487.color.png 0.999898 -0.00793088 0.011843 -0.0109923 0.00795672 0.999966 -0.00213939 -0.00739846 -0.0118256 0.00223342 0.999928 0.0147582 0.0 0.0 0.0 1.0
pumpkin/seq-02/color/frame-000487.color.png pumpkin/seq-02/color/frame-000490.color.png 0.99959 -0.0052495 0.0281314 -0.0352153 0.00518042 0.999983 0.00252803 -0.00667614 -0.0281442 -0.00238126 0.999601 0.0314013 0.0 0.0 0.0 1.0
pumpkin/seq-02/color/frame-000490.color.png pumpkin/seq-02/color/frame-000493.color.png 0.999499 -0.0301817 0.00957888 -0.0321187 0.0302159 0.999537 -0.00344062 0.0109175 -0.00947068 0.00372832 0.999948 0.0264038 0.0 0.0 0.0 1.0
pumpkin/seq-02/color/frame-000493.color.png pumpkin/seq-02/color/frame-000496.color.png 0.999265 -0.0379951 0.00502948 -0.0213563 0.0380132 0.999271 -0.00356333 0.00788748 -0.00489037 0.00375186 0.999981 0.0209764 0.0 0.0 0.0 1.0
pumpkin/seq-02/color/frame-000496.color.png pumpkin/seq-02/color/frame-000499.color.png 0.999902 -0.011939 0.00726601 -0.00928266 0.0118659 0.999879 0.0100177 -0.0103729 -0.00738469 -0.00993048 0.999923 -0.00213063 0.0 0.0 0.0 1.0
pumpkin/seq-02/color/frame-000499.color.png pumpkin/seq-02/color/frame-000502.color.png 0.99943 -0.0335211 -0.00395657 -0.0147264 0.0335451 0.999418 0.00614794 0.0155394 0.00374823 -0.00627721 0.999973 0.0184447 0.0 0.0 0.0 1.0
pumpkin/seq-02/color/frame-000502.color.png pumpkin/seq-02/color/frame-000505.color.png 0.999584 -0.0231109 0.0172709 -0.032559 0.0231653 0.999727 -0.00295979 0.0182308 -0.0171978 0.00335867 0.999846 0.0213228 0.0 0.0 0.0 1.0
pumpkin/seq-02/color/frame-000505.color.png pumpkin/seq-02/color/frame-000508.color.png 0.998962 -0.0375312 -0.0258197 0.0135308 0.0371862 0.999214 -0.013712 0.0143737 0.0263141 0.0127376 0.999573 0.00458151 0.0 0.0 0.0 1.0
pumpkin/seq-02/color/frame-000508.color.png pumpkin/seq-02/color/frame-000511.color.png 0.999384 -0.0338759 0.00915682 -0.0322235 0.0339833 0.999352 -0.0118418 0.00628117 -0.00874973 0.0121456 0.999888 0.0142616 0.0 0.0 0.0 1.0
pumpkin/seq-02/color/frame-000511.color.png pumpkin/seq-02/color/frame-000514.color.png 0.999608 -0.0271965 -0.00663418 -0.0144638 0.0270446 0.999392 -0.0220102 0.0321539 0.00722867 0.0218222 0.999736 0.0213839 0.0 0.0 0.0 1.0
pumpkin/seq-02/color/frame-000514.color.png pumpkin/seq-02/color/frame-000517.color.png 0.999693 -0.0224542 -0.0104313 0.00810027 0.0221824 0.999429 -0.0254714 0.0136032 0.0109974 0.0252322 0.999621 0.0217749 0.0 0.0 0.0 1.0
pumpkin/seq-02/color/frame-000517.color.png pumpkin/seq-02/color/frame-000520.color.png 0.999988 -0.00209476 0.00454119 -0.0119302 0.0022306 0.999544 -0.0301071 0.020609 -0.00447607 0.0301168 0.999536 0.0122376 0.0 0.0 0.0 1.0
pumpkin/seq-02/color/frame-000520.color.png pumpkin/seq-02/color/frame-000523.color.png 0.999642 -0.025667 0.00752193 -0.0219693 0.0261813 0.996534 -0.0789549 0.0776907 -0.00546937 0.0791236 0.99685 0.0387151 0.0 0.0 0.0 1.0
pumpkin/seq-02/color/frame-000523.color.png pumpkin/seq-02/color/frame-000526.color.png 0.999982 -0.00282802 -0.00527342 -0.00666702 0.00250947 0.998228 -0.0594603 0.0350469 0.00543216 0.059446 0.998217 0.0195034 0.0 0.0 0.0 1.0
pumpkin/seq-02/color/frame-000526.color.png pumpkin/seq-02/color/frame-000529.color.png 0.999949 0.0091724 0.00419803 -0.0104331 -0.0088887 0.997961 -0.0632028 0.0450318 -0.00476917 0.0631622 0.997992 0.0169816 0.0 0.0 0.0 1.0
pumpkin/seq-02/color/frame-000529.color.png pumpkin/seq-02/color/frame-000532.color.png 0.999992 0.00258364 -0.00293044 -0.00747941 -0.00273452 0.998609 -0.0526635 0.0279691 0.00279028 0.0526711 0.998608 0.0287135 0.0 0.0 0.0 1.0
pumpkin/seq-02/color/frame-000532.color.png pumpkin/seq-02/color/frame-000535.color.png 0.999965 -0.00839961 0.000404818 -0.0126446 0.00840909 0.999162 -0.0400486 0.041469 -6.80866e-05 0.0400505 0.999198 0.0247285 0.0 0.0 0.0 1.0
pumpkin/seq-02/color/frame-000535.color.png pumpkin/seq-02/color/frame-000538.color.png 0.999988 -0.00464965 0.00161943 -0.00954373 0.00468483 0.999737 -0.0224315 0.0277936 -0.00151462 0.0224389 0.999747 0.011843 0.0 0.0 0.0 1.0
pumpkin/seq-02/color/frame-000538.color.png pumpkin/seq-02/color/frame-000541.color.png 0.999879 -0.0139831 0.00681539 -0.0169487 0.0140455 0.999859 -0.00917948 0.0223458 -0.00668615 0.00927415 0.999935 0.00835717 0.0 0.0 0.0 1.0
pumpkin/seq-02/color/frame-000541.color.png pumpkin/seq-02/color/frame-000544.color.png 0.999708 -0.0238588 0.00376047 -0.00472634 0.0238618 0.999715 -0.000762722 -0.000334501 -0.00374118 0.000852237 0.999993 -0.000762761 0.0 0.0 0.0 1.0
pumpkin/seq-02/color/frame-000544.color.png pumpkin/seq-02/color/frame-000547.color.png 0.999679 -0.0245369 0.00623733 -0.0132441 0.0246046 0.999637 -0.0110117 0.0215376 -0.00596481 0.0111615 0.99992 0.0111225 0.0 0.0 0.0 1.0
pumpkin/seq-02/color/frame-000547.color.png pumpkin/seq-02/color/frame-000550.color.png 0.999862 -0.0165819 0.0013384 0.000904337 0.0166032 0.999701 -0.0179286 0.00507683 -0.00104076 0.0179484 0.999838 0.0120266 0.0 0.0 0.0 1.0
pumpkin/seq-02/color/frame-000550.color.png pumpkin/seq-02/color/frame-000553.color.png 0.999644 -0.0237384 0.0121525 -0.0171618 0.0239732 0.999521 -0.0195493 0.016317 -0.0116826 0.0198338 0.999735 0.00409573 0.0 0.0 0.0 1.0
pumpkin/seq-02/color/frame-000553.color.png pumpkin/seq-02/color/frame-000556.color.png 0.999568 -0.026521 0.0126836 -0.0213862 0.0265004 0.999647 0.00178142 0.0179623 -0.0127263 -0.00144457 0.999918 0.0126248 0.0 0.0 0.0 1.0
pumpkin/seq-02/color/frame-000556.color.png pumpkin/seq-02/color/frame-000559.color.png 0.999529 -0.0289725 0.0101634 -0.0048032 0.0288607 0.999523 0.0109919 -0.00500539 -0.0104769 -0.0106935 0.999888 -0.00730288 0.0 0.0 0.0 1.0
pumpkin/seq-02/color/frame-000559.color.png pumpkin/seq-02/color/frame-000562.color.png 0.999512 -0.0289399 0.0117501 -0.00523753 0.0287848 0.999499 0.0131541 0.00134403 -0.012125 -0.0128093 0.999844 0.00877678 0.0 0.0 0.0 1.0
pumpkin/seq-02/color/frame-000562.color.png pumpkin/seq-02/color/frame-000565.color.png 0.999681 -0.023141 0.0101021 -0.0105002 0.0230312 0.999676 0.0108634 -0.00688815 -0.0103502 -0.0106275 0.99989 0.00669122 0.0 0.0 0.0 1.0
pumpkin/seq-02/color/frame-000565.color.png pumpkin/seq-02/color/frame-000568.color.png 0.999561 -0.0264931 0.013279 -0.0106335 0.0265113 0.999648 -0.0012016 0.00761852 -0.0132425 0.00155316 0.999911 0.0129208 0.0 0.0 0.0 1.0
pumpkin/seq-02/color/frame-000568.color.png pumpkin/seq-02/color/frame-000571.color.png 0.99969 -0.0229213 0.00967245 -0.0110105 0.0229436 0.999734 -0.00220038 0.00436464 -0.00961944 0.00242165 0.999951 0.0141131 0.0 0.0 0.0 1.0
pumpkin/seq-02/color/frame-000571.color.png pumpkin/seq-02/color/frame-000574.color.png 0.999659 -0.0228864 -0.0125931 0.0120526 0.0227908 0.999711 -0.0076863 0.00798514 0.0127654 0.00739668 0.999891 0.0112084 0.0 0.0 0.0 1.0
pumpkin/seq-02/color/frame-000574.color.png pumpkin/seq-02/color/frame-000577.color.png 0.999688 -0.0138052 -0.0208112 0.0240991 0.0136145 0.999864 -0.00927458 0.0142977 0.0209364 0.00898841 0.99974 0.016574 0.0 0.0 0.0 1.0
pumpkin/seq-02/color/frame-000577.color.png pumpkin/seq-02/color/frame-000580.color.png 0.999759 0.00783996 -0.0205116 0.0287388 -0.0079057 0.999964 -0.00312897 -0.00778511 0.0204864 0.00329029 0.999785 0.0229727 0.0 0.0 0.0 1.0
pumpkin/seq-02/color/frame-000580.color.png pumpkin/seq-02/color/frame-000583.color.png 0.9998 0.00842828 -0.0181384 0.0380625 -0.00835793 0.999957 0.00395005 -0.0118565 0.0181708 -0.00379764 0.999828 0.00862932 0.0 0.0 0.0 1.0
pumpkin/seq-02/color/frame-000583.color.png pumpkin/seq-02/color/frame-000586.color.png 0.999896 -0.00648445 -0.0128604 0.0316863 0.00651743 0.999976 0.00253124 -0.0094851 0.0128438 -0.0026148 0.999914 0.00909883 0.0 0.0 0.0 1.0
pumpkin/seq-02/color/frame-000586.color.png pumpkin/seq-02/color/frame-000589.color.png 0.999993 -0.0029639 -0.00204944 0.0345082 0.0030015 0.999822 0.0186204 -0.0239072 0.00199382 -0.0186264 0.999825 0.00313145 0.0 0.0 0.0 1.0
pumpkin/seq-02/color/frame-000589.color.png pumpkin/seq-02/color/frame-000592.color.png 0.999969 0.0052903 0.00589924 0.0202115 -0.0054263 0.999714 0.0232893 -0.0269237 -0.00577436 -0.0233206 0.999711 -0.00106978 0.0 0.0 0.0 1.0
pumpkin/seq-02/color/frame-000592.color.png pumpkin/seq-02/color/frame-000595.color.png 0.999844 0.0122685 0.0126886 0.0100936 -0.0124018 0.999868 0.0104874 -0.0120939 -0.0125582 -0.010643 0.999864 0.00482357 0.0 0.0 0.0 1.0
pumpkin/seq-02/color/frame-000595.color.png pumpkin/seq-02/color/frame-000598.color.png 0.999985 0.00512528 0.00206832 0.0145978 -0.00513762 0.999969 0.00596509 -0.0171202 -0.00203791 -0.00597569 0.99998 0.00753695 0.0 0.0 0.0 1.0
pumpkin/seq-02/color/frame-000598.color.png pumpkin/seq-02/color/frame-000601.color.png 0.999955 0.00919835 0.00247792 0.0118739 -0.00918951 0.999952 -0.00353694 0.000283629 -0.00251024 0.00351386 0.999991 0.0148816 0.0 0.0 0.0 1.0
pumpkin/seq-02/color/frame-000601.color.png pumpkin/seq-02/color/frame-000604.color.png 0.999973 0.00633935 -0.0037148 0.0158145 -0.00636305 0.999959 -0.00643236 0.00281817 0.0036739 0.00645597 0.999973 0.00791258 0.0 0.0 0.0 1.0
pumpkin/seq-02/color/frame-000604.color.png pumpkin/seq-02/color/frame-000607.color.png 0.999942 0.00350309 -0.0101875 0.0213569 -0.00351442 0.999993 -0.0010835 -0.00133735 0.0101836 0.00111927 0.999947 0.00774586 0.0 0.0 0.0 1.0
pumpkin/seq-02/color/frame-000607.color.png pumpkin/seq-02/color/frame-000610.color.png 0.999956 0.00600417 -0.00721822 0.0178019 -0.00596463 0.999967 0.00546722 -0.0119321 0.00725082 -0.00542392 0.999959 0.00801677 0.0 0.0 0.0 1.0
pumpkin/seq-02/color/frame-000610.color.png pumpkin/seq-02/color/frame-000613.color.png 0.999998 0.00071839 0.00192681 0.00571781 -0.000733383 0.99997 0.0077555 -0.0177506 -0.0019212 -0.00775683 0.999968 0.00618398 0.0 0.0 0.0 1.0
pumpkin/seq-02/color/frame-000613.color.png pumpkin/seq-02/color/frame-000616.color.png 0.999999 0.000343932 0.00144312 0.00310612 -0.000349799 0.999992 0.00400995 -0.0112495 -0.00144171 -0.00401045 0.999991 0.0120981 0.0 0.0 0.0 1.0
pumpkin/seq-02/color/frame-000616.color.png pumpkin/seq-02/color/frame-000619.color.png 0.999905 -0.00967147 0.00980232 -0.0140008 0.00964016 0.999948 0.00324182 -0.014265 -0.00983303 -0.0031471 0.999947 0.0310169 0.0 0.0 0.0 1.0
pumpkin/seq-02/color/frame-000619.color.png pumpkin/seq-02/color/frame-000622.color.png 0.999946 -0.000902154 0.0103838 -0.003719 0.000898306 0.999999 0.000389152 -0.0115175 -0.0103844 -0.000379812 0.999946 0.0183826 0.0 0.0 0.0 1.0
pumpkin/seq-02/color/frame-000622.color.png pumpkin/seq-02/color/frame-000625.color.png 0.999743 -0.0123758 0.0190184 -0.0234436 0.0123772 0.999924 4.43633e-05 -0.00569394 -0.0190176 0.000191064 0.999819 0.0189391 0.0 0.0 0.0 1.0
pumpkin/seq-02/color/frame-000625.color.png pumpkin/seq-02/color/frame-000628.color.png 0.99981 -0.00899083 0.0172767 -0.0221957 0.00900236 0.999959 -0.000585274 -0.0119567 -0.0172707 0.000740701 0.999851 0.0229489 0.0 0.0 0.0 1.0
pumpkin/seq-02/color/frame-000628.color.png pumpkin/seq-02/color/frame-000631.color.png 0.999903 -0.0049092 0.0130063 -0.0167407 0.00494469 0.999984 -0.00270865 -0.00937289 -0.0129926 0.00277263 0.999912 0.0254992 0.0 0.0 0.0 1.0
pumpkin/seq-02/color/frame-000631.color.png pumpkin/seq-02/color/frame-000634.color.png 0.999979 -0.000953228 0.00638002 -0.0100287 0.0010068 0.999964 -0.00838853 0.0028134 -0.00637179 0.00839481 0.999945 0.0286497 0.0 0.0 0.0 1.0
pumpkin/seq-02/color/frame-000634.color.png pumpkin/seq-02/color/frame-000637.color.png 0.99996 0.002444 0.00855369 -0.0133163 -0.00242689 0.999995 -0.00202406 -0.012736 -0.00855866 0.00200319 0.999961 0.0263233 0.0 0.0 0.0 1.0
pumpkin/seq-02/color/frame-000637.color.png pumpkin/seq-02/color/frame-000640.color.png 0.999922 0.003028 0.0120756 -0.0171884 -0.00294052 0.999969 -0.00725124 -0.00411564 -0.0120972 0.00721513 0.999901 0.0364959 0.0 0.0 0.0 1.0
pumpkin/seq-02/color/frame-000640.color.png pumpkin/seq-02/color/frame-000643.color.png 0.999898 -0.00744315 0.0122051 -0.0220735 0.00745609 0.999972 -0.00100033 -0.0133357 -0.0121973 0.00109118 0.999925 0.0237353 0.0 0.0 0.0 1.0
pumpkin/seq-02/color/frame-000643.color.png pumpkin/seq-02/color/frame-000646.color.png 0.999916 -0.00865971 0.00961197 -0.022831 0.00869278 0.999956 -0.00341505 -0.00273925 -0.00958209 0.00349839 0.999948 0.0208753 0.0 0.0 0.0 1.0
pumpkin/seq-02/color/frame-000646.color.png pumpkin/seq-02/color/frame-000649.color.png 0.999956 -0.00154079 0.00923462 -0.0152038 0.00160314 0.999976 -0.00675382 0.00834554 -0.00922382 0.00676827 0.999934 0.0188755 0.0 0.0 0.0 1.0
pumpkin/seq-02/color/frame-000649.color.png pumpkin/seq-02/color/frame-000652.color.png 0.999966 -0.00691103 0.00451365 -0.0061922 0.00686705 0.999929 0.00971222 -0.0237104 -0.00458052 -0.00968086 0.999943 0.0117674 0.0 0.0 0.0 1.0
pumpkin/seq-02/color/frame-000652.color.png pumpkin/seq-02/color/frame-000655.color.png 0.999978 -0.00493273 0.0044455 -0.000782764 0.00491379 0.999979 0.00424953 -0.0105194 -0.00446638 -0.00422761 0.999981 0.00925708 0.0 0.0 0.0 1.0
pumpkin/seq-02/color/frame-000655.color.png pumpkin/seq-02/color/frame-000658.color.png 0.999999 0.00114793 -0.000563729 0.0161743 -0.00114632 0.999995 0.00290751 -0.00909328 0.000566916 -0.00290682 0.999996 0.0165327 0.0 0.0 0.0 1.0
pumpkin/seq-02/color/frame-000658.color.png pumpkin/seq-02/color/frame-000661.color.png 0.99997 0.00691447 0.00343876 0.018491 -0.00692861 0.999968 0.00409417 -0.01135 -0.00341018 -0.00411779 0.999986 0.0160599 0.0 0.0 0.0 1.0
pumpkin/seq-02/color/frame-000661.color.png pumpkin/seq-02/color/frame-000664.color.png 0.999899 0.0138078 0.00343404 0.0283821 -0.0138028 0.999904 -0.00142487 -0.0100619 -0.00345339 0.00137733 0.999993 0.0177821 0.0 0.0 0.0 1.0
pumpkin/seq-02/color/frame-000664.color.png pumpkin/seq-02/color/frame-000667.color.png 0.999959 -0.00323859 0.00843171 0.0190634 0.00337898 0.999855 -0.0166972 0.0133567 -0.00837646 0.0167248 0.999825 0.029345 0.0 0.0 0.0 1.0
pumpkin/seq-02/color/frame-000667.color.png pumpkin/seq-02/color/frame-000670.color.png 0.999934 -0.00665662 0.00932177 0.00557074 0.00664865 0.999977 0.000884735 -0.00275511 -0.00932745 -0.00082248 0.999956 0.0129321 0.0 0.0 0.0 1.0
pumpkin/seq-02/color/frame-000670.color.png pumpkin/seq-02/color/frame-000673.color.png 0.999838 -0.0134368 0.0120017 -0.00523327 0.0134387 0.99991 -7.76846e-05 -0.00454932 -0.0119996 0.000238879 0.999928 0.0144057 0.0 0.0 0.0 1.0
pumpkin/seq-02/color/frame-000673.color.png pumpkin/seq-02/color/frame-000676.color.png 0.999984 -0.00339124 -0.00451852 0.0145194 0.00340466 0.99999 0.00295353 -0.0138152 0.00450831 -0.00296881 0.999985 0.0159721 0.0 0.0 0.0 1.0
pumpkin/seq-02/color/frame-000676.color.png pumpkin/seq-02/color/frame-000679.color.png 0.999991 0.00339821 0.0024245 0.00534306 -0.00340032 0.999994 0.000850887 -0.00238752 -0.00242146 -0.000859127 0.999997 -0.00149357 0.0 0.0 0.0 1.0
pumpkin/seq-02/color/frame-000679.color.png pumpkin/seq-02/color/frame-000682.color.png 0.999983 0.000972934 0.00571196 0.00123893 -0.00100277 0.999986 0.00522919 -0.00783932 -0.0057068 -0.00523476 0.99997 0.00123668 0.0 0.0 0.0 1.0
pumpkin/seq-02/color/frame-000682.color.png pumpkin/seq-02/color/frame-000685.color.png 0.999946 -0.00540996 0.00883839 -0.0144683 0.00540271 0.999985 0.000842023 -0.00150865 -0.00884281 -0.000794228 0.999961 0.00615692 0.0 0.0 0.0 1.0
pumpkin/seq-02/color/frame-000685.color.png pumpkin/seq-02/color/frame-000688.color.png 0.999963 -0.00515761 0.00686953 -0.00711748 0.00511329 0.999966 0.00645767 -0.0176393 -0.00690254 -0.00642244 0.999955 0.00529838 0.0 0.0 0.0 1.0
pumpkin/seq-02/color/frame-000688.color.png pumpkin/seq-02/color/frame-000691.color.png 0.999859 -0.0102438 0.0133324 -0.0262107 0.0102518 0.999947 -0.000540806 -0.00233787 -0.0133263 0.00067741 0.999911 0.0160209 0.0 0.0 0.0 1.0
pumpkin/seq-02/color/frame-000691.color.png pumpkin/seq-02/color/frame-000694.color.png 0.999979 -0.00381084 0.00528641 -0.0111733 0.00380344 0.999992 0.00143281 -0.00686038 -0.00529179 -0.00141262 0.999985 0.0132899 0.0 0.0 0.0 1.0
pumpkin/seq-02/color/frame-000694.color.png pumpkin/seq-02/color/frame-000697.color.png 0.999985 0.00418696 0.00347948 -0.00150128 -0.00419362 0.999989 0.00189488 -0.0111961 -0.00347148 -0.00190956 0.999992 0.0112526 0.0 0.0 0.0 1.0
pumpkin/seq-02/color/frame-000697.color.png pumpkin/seq-02/color/frame-000700.color.png 0.999953 0.00191562 0.00949842 -0.0139591 -0.00195435 0.99999 0.00407336 -0.0195552 -0.00949052 -0.00409163 0.999947 0.0108917 0.0 0.0 0.0 1.0
pumpkin/seq-02/color/frame-000700.color.png pumpkin/seq-02/color/frame-000703.color.png 0.999946 0.00263297 0.0100249 -0.0154889 -0.00257763 0.999981 -0.00552482 0.00364685 -0.0100393 0.00549875 0.999935 0.0207285 0.0 0.0 0.0 1.0
pumpkin/seq-02/color/frame-000703.color.png pumpkin/seq-02/color/frame-000706.color.png 0.999963 -0.00246375 0.00827104 -0.0198977 0.00246438 0.999997 -6.94843e-05 -0.00794286 -0.00827073 8.97074e-05 0.999966 0.0170407 0.0 0.0 0.0 1.0
pumpkin/seq-02/color/frame-000706.color.png pumpkin/seq-02/color/frame-000709.color.png 0.999972 -0.00408021 0.00623143 -0.0153146 0.00407457 0.999991 0.000901756 -0.00642371 -0.00623503 -0.000876221 0.99998 0.0135909 0.0 0.0 0.0 1.0
pumpkin/seq-02/color/frame-000709.color.png pumpkin/seq-02/color/frame-000712.color.png 0.999856 -0.00905628 0.0143318 -0.0360304 0.00904483 0.999959 0.000868869 -0.0112195 -0.0143392 -0.000739169 0.999897 0.0250264 0.0 0.0 0.0 1.0
pumpkin/seq-02/color/frame-000712.color.png pumpkin/seq-02/color/frame-000715.color.png 0.999947 -0.00216115 0.0100615 -0.0194539 0.00213257 0.999994 0.00284767 -0.00729084 -0.0100675 -0.00282595 0.999945 0.00586557 0.0 0.0 0.0 1.0
pumpkin/seq-02/color/frame-000715.color.png pumpkin/seq-02/color/frame-000718.color.png 0.999866 -0.00918191 0.0135816 -0.0354925 0.0091701 0.999957 0.000934182 -0.00600463 -0.0135897 -0.00080964 0.999907 0.0146818 0.0 0.0 0.0 1.0
pumpkin/seq-02/color/frame-000718.color.png pumpkin/seq-02/color/frame-000721.color.png 0.999869 -0.00540427 0.0152942 -0.0368848 0.00533498 0.999976 0.00456511 -0.0127444 -0.0153185 -0.00448283 0.999873 0.0140435 0.0 0.0 0.0 1.0
pumpkin/seq-02/color/frame-000721.color.png pumpkin/seq-02/color/frame-000724.color.png 0.999966 -0.00272856 0.00777435 -0.0217598 0.00273602 0.999996 -0.00093993 -0.000197053 -0.00777164 0.000961247 0.999969 0.0129473 0.0 0.0 0.0 1.0
pumpkin/seq-02/color/frame-000724.color.png pumpkin/seq-02/color/frame-000727.color.png 0.999933 -0.00217307 0.0113317 -0.0298505 0.00222444 0.999987 -0.00452448 0.00181222 -0.0113218 0.00454931 0.999926 0.0216591 0.0 0.0 0.0 1.0
pumpkin/seq-02/color/frame-000727.color.png pumpkin/seq-02/color/frame-000730.color.png 0.999959 -0.00744838 0.00517011 -0.0223149 0.00745136 0.999972 -0.000559024 0.00220633 -0.00516571 0.000597557 0.999986 0.0109199 0.0 0.0 0.0 1.0
pumpkin/seq-02/color/frame-000730.color.png pumpkin/seq-02/color/frame-000733.color.png 0.999998 -0.00108686 0.00141865 -0.00770206 0.00107043 0.999933 0.0115189 -0.0170213 -0.00143127 -0.0115174 0.999933 -0.00677276 0.0 0.0 0.0 1.0
pumpkin/seq-02/color/frame-000733.color.png pumpkin/seq-02/color/frame-000736.color.png 0.999945 -0.00463496 0.00939389 -0.0221307 0.00447151 0.99984 0.0173493 -0.0340683 -0.00947267 -0.0173064 0.999805 -0.00503767 0.0 0.0 0.0 1.0
pumpkin/seq-02/color/frame-000736.color.png pumpkin/seq-02/color/frame-000739.color.png 0.999979 0.00572159 0.00288354 -0.00592491 -0.00575302 0.999923 0.0110203 -0.0210328 -0.00282033 -0.0110366 0.999935 -0.0016979 0.0 0.0 0.0 1.0
pumpkin/seq-02/color/frame-000739.color.png pumpkin/seq-02/color/frame-000742.color.png 0.999856 0.0141488 -0.00933376 0.0177461 -0.0140926 0.999882 0.00605601 -0.00432771 0.00941834 -0.00592361 0.999938 -0.0157712 0.0 0.0 0.0 1.0
pumpkin/seq-02/color/frame-000742.color.png pumpkin/seq-02/color/frame-000745.color.png 0.999938 0.0076673 -0.00805353 0.0101306 -0.00759735 0.999933 0.00869205 -0.00877845 0.00811968 -0.00863029 0.99993 -0.017419 0.0 0.0 0.0 1.0
pumpkin/seq-02/color/frame-000745.color.png pumpkin/seq-02/color/frame-000748.color.png 0.99987 0.0120811 -0.0106403 0.0124402 -0.011932 0.999831 0.013957 -0.0132423 0.0108071 -0.0138283 0.999846 -0.0319663 0.0 0.0 0.0 1.0
pumpkin/seq-02/color/frame-000748.color.png pumpkin/seq-02/color/frame-000751.color.png 0.999811 0.0171946 -0.00904261 0.0112886 -0.0170943 0.999793 0.0110617 -0.00788134 0.00923093 -0.010905 0.999898 -0.0262907 0.0 0.0 0.0 1.0
pumpkin/seq-02/color/frame-000751.color.png pumpkin/seq-02/color/frame-000754.color.png 0.999867 0.0117943 -0.011253 0.0068999 -0.011739 0.999919 0.00496283 0.00791532 0.0113106 -0.00483 0.999924 -0.0350227 0.0 0.0 0.0 1.0
pumpkin/seq-02/color/frame-000754.color.png pumpkin/seq-02/color/frame-000757.color.png 0.999775 0.013995 -0.0159183 0.0177682 -0.0138561 0.999865 0.0088015 -0.00704187 0.0160394 -0.00857901 0.999835 -0.0293379 0.0 0.0 0.0 1.0
pumpkin/seq-02/color/frame-000757.color.png pumpkin/seq-02/color/frame-000760.color.png 0.999831 0.0158324 -0.00937526 0.0103413 -0.0157911 0.999865 0.00447113 0.00140655 0.00944467 -0.00432228 0.999946 -0.0275812 0.0 0.0 0.0 1.0
pumpkin/seq-02/color/frame-000760.color.png pumpkin/seq-02/color/frame-000763.color.png 0.999801 0.0144132 -0.0137748 0.0111037 -0.0144845 0.999882 -0.0050927 0.0266321 0.0136998 0.00529102 0.999892 -0.0263307 0.0 0.0 0.0 1.0
pumpkin/seq-02/color/frame-000763.color.png pumpkin/seq-02/color/frame-000766.color.png 0.999949 0.00788768 -0.00629974 -0.00269951 -0.00785342 0.999954 0.0054506 0.0051713 0.00634235 -0.00540069 0.999965 -0.0339049 0.0 0.0 0.0 1.0
pumpkin/seq-02/color/frame-000766.color.png pumpkin/seq-02/color/frame-000769.color.png 0.999776 0.0170589 -0.0124887 0.01124 -0.01713 0.999838 -0.00560403 0.0272576 0.0123911 0.00581675 0.999906 -0.00447702 0.0 0.0 0.0 1.0
pumpkin/seq-02/color/frame-000769.color.png pumpkin/seq-02/color/frame-000772.color.png 0.999592 0.0234677 -0.0162513 0.0288215 -0.023306 0.999678 0.0100732 -0.020297 0.0164824 -0.00969034 0.999817 -0.0317552 0.0 0.0 0.0 1.0
pumpkin/seq-02/color/frame-000772.color.png pumpkin/seq-02/color/frame-000775.color.png 0.999965 -0.00433222 0.00718776 -0.0136196 0.00431865 0.999989 0.00190143 -0.00286275 -0.0071959 -0.00187048 0.999972 -0.0134494 0.0 0.0 0.0 1.0
pumpkin/seq-02/color/frame-000775.color.png pumpkin/seq-02/color/frame-000778.color.png 0.999965 0.00509587 0.0065902 -0.00595174 -0.00508898 0.999987 -0.00105041 0.012285 -0.00659552 0.00101681 0.999978 -0.00890732 0.0 0.0 0.0 1.0
pumpkin/seq-02/color/frame-000778.color.png pumpkin/seq-02/color/frame-000781.color.png 0.999978 0.00639302 -0.00151309 0.00291362 -0.00638854 0.999975 0.0029868 0.00267267 0.00153209 -0.00297709 0.999994 -0.00903416 0.0 0.0 0.0 1.0
pumpkin/seq-02/color/frame-000781.color.png pumpkin/seq-02/color/frame-000784.color.png 0.999655 0.0213448 -0.015331 0.034834 -0.0213039 0.999769 0.00281945 0.00118363 0.0153877 -0.00249189 0.999879 -0.0097369 0.0 0.0 0.0 1.0
pumpkin/seq-02/color/frame-000784.color.png pumpkin/seq-02/color/frame-000787.color.png 0.999703 0.0161309 -0.0182705 0.0410239 -0.016122 0.99987 0.000633638 0.00466794 0.0182785 -0.000338776 0.999833 -0.0244716 0.0 0.0 0.0 1.0
pumpkin/seq-02/color/frame-000787.color.png pumpkin/seq-02/color/frame-000790.color.png 0.99987 0.0119995 -0.0107386 0.0281355 -0.0118821 0.99987 0.0109284 -0.00207835 0.0108682 -0.0107995 0.999883 -0.0299685 0.0 0.0 0.0 1.0
pumpkin/seq-02/color/frame-000790.color.png pumpkin/seq-02/color/frame-000793.color.png 0.99952 0.0125867 -0.0283241 0.0535359 -0.0125679 0.999921 0.000840095 0.0200158 0.0283324 -0.000483617 0.999599 -0.0302979 0.0 0.0 0.0 1.0
pumpkin/seq-02/color/frame-000793.color.png pumpkin/seq-02/color/frame-000796.color.png 0.999592 0.0127972 -0.025545 0.0482294 -0.0125027 0.999854 0.0116537 -0.0175171 0.0256904 -0.0113296 0.999606 -0.0289388 0.0 0.0 0.0 1.0
pumpkin/seq-02/color/frame-000796.color.png pumpkin/seq-02/color/frame-000799.color.png 0.999704 0.0137747 -0.0200346 0.0401527 -0.0138458 0.999898 -0.00341949 0.0139451 0.0199855 0.00369584 0.999793 -0.0220799 0.0 0.0 0.0 1.0
pumpkin/seq-02/color/frame-000799.color.png pumpkin/seq-02/color/frame-000802.color.png 0.999924 0.00830103 -0.00914073 0.0240703 -0.00826498 0.999958 0.00396707 -0.00673234 0.00917324 -0.00389119 0.99995 -0.0289432 0.0 0.0 0.0 1.0
pumpkin/seq-02/color/frame-000802.color.png pumpkin/seq-02/color/frame-000805.color.png 0.999606 0.0233589 -0.015557 0.0351254 -0.0233538 0.999727 0.000511099 0.0108622 0.0155647 -0.000147551 0.999879 -0.029654 0.0 0.0 0.0 1.0
pumpkin/seq-02/color/frame-000805.color.png pumpkin/seq-02/color/frame-000808.color.png 0.999899 0.00654722 -0.0125803 0.0247268 -0.00650912 0.999974 0.00307332 -0.00211626 0.0126002 -0.00299115 0.999916 -0.0247115 0.0 0.0 0.0 1.0
pumpkin/seq-02/color/frame-000808.color.png pumpkin/seq-02/color/frame-000811.color.png 0.999985 0.00289573 -0.00470508 0.0105508 -0.00291162 0.99999 -0.00338259 0.00357729 0.00469521 0.00339625 0.999983 -0.0149877 0.0 0.0 0.0 1.0
pumpkin/seq-02/color/frame-000811.color.png pumpkin/seq-02/color/frame-000814.color.png 0.999956 -0.00812819 -0.00458905 -0.00248745 0.008062 0.999866 -0.0142764 0.0224373 0.00470451 0.0142388 0.999888 -0.0079174 0.0 0.0 0.0 1.0
pumpkin/seq-02/color/frame-000814.color.png pumpkin/seq-02/color/frame-000817.color.png 0.999878 0.00397091 -0.0150825 0.0221949 -0.00399375 0.999991 -0.00148432 0.000420034 0.0150764 0.0015443 0.999885 -0.00904328 0.0 0.0 0.0 1.0
pumpkin/seq-02/color/frame-000817.color.png pumpkin/seq-02/color/frame-000820.color.png 0.999928 0.00447163 -0.0111849 0.0109714 -0.00452173 0.99998 -0.00445311 -0.000106812 0.0111649 0.00450341 0.999927 -0.0101301 0.0 0.0 0.0 1.0
pumpkin/seq-02/color/frame-000820.color.png pumpkin/seq-02/color/frame-000823.color.png 0.999947 -0.0014795 -0.0101544 0.00421254 0.00146272 0.999997 -0.0016631 0.00917399 0.0101568 0.00164816 0.999947 -0.0151963 0.0 0.0 0.0 1.0
pumpkin/seq-02/color/frame-000823.color.png pumpkin/seq-02/color/frame-000826.color.png 0.999902 0.0118475 -0.00750284 0.00771867 -0.0117771 0.999887 0.00935376 0.00409126 0.00761281 -0.00926453 0.999928 -0.0289478 0.0 0.0 0.0 1.0
pumpkin/seq-02/color/frame-000826.color.png pumpkin/seq-02/color/frame-000829.color.png 0.999943 0.00433893 -0.00972249 0.000166332 -0.00418323 0.999863 0.0159953 -0.0137028 0.00979063 -0.0159537 0.999825 -0.0273939 0.0 0.0 0.0 1.0
pumpkin/seq-02/color/frame-000829.color.png pumpkin/seq-02/color/frame-000832.color.png 0.999896 0.00676479 -0.0127519 0.00600307 -0.0066472 0.999935 0.00923636 -0.000251353 0.0128135 -0.00915064 0.999876 -0.030623 0.0 0.0 0.0 1.0
pumpkin/seq-02/color/frame-000832.color.png pumpkin/seq-02/color/frame-000835.color.png 0.999887 0.0134332 -0.00682568 0.000843938 -0.0134215 0.999908 0.00175078 0.00841236 0.00684854 -0.00165898 0.999975 -0.0309481 0.0 0.0 0.0 1.0
pumpkin/seq-02/color/frame-000835.color.png pumpkin/seq-02/color/frame-000838.color.png 0.999908 0.00875606 -0.0103555 0.00100199 -0.00872276 0.999957 0.00325424 0.00389981 0.0103836 -0.00316354 0.999941 -0.0225968 0.0 0.0 0.0 1.0
pumpkin/seq-02/color/frame-000838.color.png pumpkin/seq-02/color/frame-000841.color.png 0.99997 0.00488124 -0.00608835 -0.00162367 -0.00488042 0.999988 0.00015596 0.0173829 0.00608908 -0.000126234 0.999981 -0.0306945 0.0 0.0 0.0 1.0
pumpkin/seq-02/color/frame-000841.color.png pumpkin/seq-02/color/frame-000844.color.png 0.999961 0.00403965 -0.00792147 -0.00606605 -0.00397435 0.999958 0.00824044 0.00585085 0.0079544 -0.00820862 0.999935 -0.0290442 0.0 0.0 0.0 1.0
pumpkin/seq-02/color/frame-000844.color.png pumpkin/seq-02/color/frame-000847.color.png 0.999915 -0.00121998 -0.0130034 -0.00129347 0.00130702 0.999977 0.00669178 0.018924 0.0129949 -0.00670828 0.999893 -0.0296969 0.0 0.0 0.0 1.0
pumpkin/seq-02/color/frame-000847.color.png pumpkin/seq-02/color/frame-000850.color.png 0.999957 -0.00585661 -0.00713883 -0.0109486 0.00595844 0.99988 0.0143333 -0.00834429 0.00705405 -0.0143751 0.999872 -0.0266475 0.0 0.0 0.0 1.0
pumpkin/seq-02/color/frame-000850.color.png pumpkin/seq-02/color/frame-000853.color.png 0.999989 -0.00393458 -0.00242025 -0.0118443 0.00393297 0.999992 -0.000676226 0.00802708 0.00242292 0.000666703 0.999997 -0.0190611 0.0 0.0 0.0 1.0
pumpkin/seq-02/color/frame-000853.color.png pumpkin/seq-02/color/frame-000856.color.png 0.999975 -0.00412878 0.00582976 -0.011624 0.00418003 0.999952 -0.00879649 0.0195408 -0.00579309 0.00882063 0.999944 -0.0081287 0.0 0.0 0.0 1.0
pumpkin/seq-02/color/frame-000856.color.png pumpkin/seq-02/color/frame-000859.color.png 0.999935 0.0106339 0.00412386 0.00398673 -0.0106323 0.999943 -0.00043487 -0.00208807 -0.0041283 0.000390977 0.999991 -0.0211212 0.0 0.0 0.0 1.0
pumpkin/seq-02/color/frame-000859.color.png pumpkin/seq-02/color/frame-000862.color.png 0.999991 0.000785448 0.00415302 -0.00630967 -0.000743078 0.999948 -0.0101635 0.0185469 -0.00416076 0.0101603 0.99994 -0.0113462 0.0 0.0 0.0 1.0
pumpkin/seq-02/color/frame-000862.color.png pumpkin/seq-02/color/frame-000865.color.png 0.999705 0.02235 -0.00953543 0.0155669 -0.0224253 0.999718 -0.00786518 0.0315502 0.00935696 0.0080767 0.999924 -0.0181837 0.0 0.0 0.0 1.0
pumpkin/seq-02/color/frame-000865.color.png pumpkin/seq-02/color/frame-000868.color.png 0.999649 0.0182372 -0.0192176 0.0311771 -0.0183155 0.999825 -0.00390421 0.0209376 0.0191431 0.00425477 0.999808 -0.0236029 0.0 0.0 0.0 1.0
pumpkin/seq-02/color/frame-000868.color.png pumpkin/seq-02/color/frame-000871.color.png 0.999725 0.0111939 -0.0206312 0.0379578 -0.0109023 0.99984 0.0141905 0.00364783 0.0207867 -0.0139617 0.999686 -0.0344841 0.0 0.0 0.0 1.0
pumpkin/seq-02/color/frame-000871.color.png pumpkin/seq-02/color/frame-000874.color.png 0.999817 0.0055715 -0.0183133 0.0284043 -0.00536931 0.999924 0.0110709 0.00125909 0.0183737 -0.0109705 0.999771 -0.0368561 0.0 0.0 0.0 1.0
pumpkin/seq-02/color/frame-000874.color.png pumpkin/seq-02/color/frame-000877.color.png 0.999715 0.015345 -0.0182841 0.0232789 -0.0151524 0.999829 0.0106264 0.00780126 0.018444 -0.0103464 0.999776 -0.0382786 0.0 0.0 0.0 1.0
pumpkin/seq-02/color/frame-000877.color.png pumpkin/seq-02/color/frame-000880.color.png 0.999785 0.00700331 -0.0195175 0.0207012 -0.00689977 0.999962 0.00537002 0.00192094 0.0195544 -0.00523417 0.999795 -0.0223756 0.0 0.0 0.0 1.0
pumpkin/seq-02/color/frame-000880.color.png pumpkin/seq-02/color/frame-000883.color.png 0.999555 0.015922 -0.0252312 0.0294427 -0.0157847 0.99986 0.0056325 0.00108802 0.0253173 -0.00523173 0.999666 -0.028134 0.0 0.0 0.0 1.0
pumpkin/seq-02/color/frame-000883.color.png pumpkin/seq-02/color/frame-000886.color.png 0.999733 0.0191611 -0.0128795 0.0129166 -0.0191754 0.999816 -0.000978929 0.019904 0.0128584 0.00122565 0.999917 -0.0165599 0.0 0.0 0.0 1.0
pumpkin/seq-02/color/frame-000886.color.png pumpkin/seq-02/color/frame-000889.color.png 0.999084 0.0386729 -0.0183048 0.0288997 -0.0381855 0.998925 0.0262679 -0.00502604 0.0193009 -0.0255448 0.999487 -0.0192355 0.0 0.0 0.0 1.0
pumpkin/seq-02/color/frame-000889.color.png pumpkin/seq-02/color/frame-000892.color.png 0.999673 -0.000347503 -0.0255658 0.0426592 0.00113033 0.999531 0.0306122 -0.0193335 0.0255432 -0.0306311 0.999204 -0.0299875 0.0 0.0 0.0 1.0
pumpkin/seq-02/color/frame-000892.color.png pumpkin/seq-02/color/frame-000895.color.png 0.999974 0.000372502 0.0071147 0.00882221 -0.000429502 0.999968 0.0080081 -0.000620931 -0.00711147 -0.00801099 0.999943 -0.0162092 0.0 0.0 0.0 1.0
pumpkin/seq-02/color/frame-000895.color.png pumpkin/seq-02/color/frame-000898.color.png 0.999669 0.0167063 0.0195462 -0.0012359 -0.0170879 0.999663 0.0195273 -0.00178918 -0.0192134 -0.019855 0.999618 -0.0217819 0.0 0.0 0.0 1.0
pumpkin/seq-02/color/frame-000898.color.png pumpkin/seq-02/color/frame-000901.color.png 0.999912 0.0106628 -0.00783757 0.0148993 -0.0105447 0.999832 0.0149616 -0.000450879 0.00799579 -0.0148776 0.999857 -0.016366 0.0 0.0 0.0 1.0
pumpkin/seq-02/color/frame-000901.color.png pumpkin/seq-02/color/frame-000904.color.png 0.999731 0.021693 0.00815114 -0.000555841 -0.0217777 0.999708 0.0104417 0.008531 -0.00792224 -0.0106164 0.999912 -0.0103051 0.0 0.0 0.0 1.0
pumpkin/seq-02/color/frame-000904.color.png pumpkin/seq-02/color/frame-000907.color.png 0.999959 0.00858946 -0.00292346 0.00505133 -0.00858638 0.999963 0.00105652 0.00473517 0.00293243 -0.00103134 0.999995 -0.00713634 0.0 0.0 0.0 1.0
pumpkin/seq-02/color/frame-000907.color.png pumpkin/seq-02/color/frame-000910.color.png 0.999772 0.0181727 0.0112516 0.0154071 -0.0183345 0.999728 0.0144382 -0.0204798 -0.0109862 -0.0146412 0.999832 -0.016888 0.0 0.0 0.0 1.0
pumpkin/seq-02/color/frame-000910.color.png pumpkin/seq-02/color/frame-000913.color.png 0.999739 0.0131889 0.0186263 0.00729608 -0.0134832 0.999785 0.0157617 -0.00760338 -0.0184144 -0.0160088 0.999702 -0.0051924 0.0 0.0 0.0 1.0
pumpkin/seq-02/color/frame-000913.color.png pumpkin/seq-02/color/frame-000916.color.png 0.999717 0.0184541 0.015042 0.00138858 -0.0184928 0.999826 0.0024321 0.0014132 -0.0149946 -0.00270956 0.999884 0.00592661 0.0 0.0 0.0 1.0
pumpkin/seq-02/color/frame-000916.color.png pumpkin/seq-02/color/frame-000919.color.png 0.999919 0.00691771 0.0106998 0.00377867 -0.00701114 0.999937 0.00871692 -0.00606233 -0.0106388 -0.00879126 0.999905 -0.00339636 0.0 0.0 0.0 1.0
pumpkin/seq-02/color/frame-000919.color.png pumpkin/seq-02/color/frame-000922.color.png 0.999924 0.00962707 0.00774939 0.0185423 -0.0096987 0.99991 0.0092605 -0.00921822 -0.00765961 -0.00933493 0.999927 0.00759757 0.0 0.0 0.0 1.0
pumpkin/seq-02/color/frame-000922.color.png pumpkin/seq-02/color/frame-000925.color.png 0.999977 0.00124975 0.00660782 0.0110986 -0.00125382 0.999999 0.00061197 -0.00680295 -0.00660702 -0.000620251 0.999978 0.0167176 0.0 0.0 0.0 1.0
pumpkin/seq-02/color/frame-000925.color.png pumpkin/seq-02/color/frame-000928.color.png 0.999922 0.00999346 0.00752957 0.0150193 -0.0100581 0.999912 0.0085928 -0.0160128 -0.00744305 -0.00866785 0.999935 0.00758627 0.0 0.0 0.0 1.0
pumpkin/seq-02/color/frame-000928.color.png pumpkin/seq-02/color/frame-000931.color.png 0.999882 0.0105232 0.0111498 0.0108246 -0.0105729 0.999934 0.00440414 -0.00674498 -0.0111027 -0.00452154 0.999928 0.0242698 0.0 0.0 0.0 1.0
pumpkin/seq-02/color/frame-000931.color.png pumpkin/seq-02/color/frame-000934.color.png 0.999927 0.0120911 0.000279313 0.0240517 -0.0120918 0.999923 0.00265906 -0.0111222 -0.000247132 -0.00266226 0.999996 0.0154754 0.0 0.0 0.0 1.0
pumpkin/seq-02/color/frame-000934.color.png pumpkin/seq-02/color/frame-000937.color.png 0.999867 0.0162153 0.0017178 0.0303257 -0.0162263 0.999846 0.00661829 -0.0196447 -0.00161028 -0.00664528 0.999977 0.015941 0.0 0.0 0.0 1.0
pumpkin/seq-02/color/frame-000937.color.png pumpkin/seq-02/color/frame-000940.color.png 0.999898 0.0142261 0.00110308 0.0152343 -0.0142282 0.999897 0.00194852 -0.000938207 -0.00107526 -0.001964 0.999997 0.0199933 0.0 0.0 0.0 1.0
pumpkin/seq-02/color/frame-000940.color.png pumpkin/seq-02/color/frame-000943.color.png 0.999971 0.00748554 0.00166316 0.0179648 -0.00749655 0.999949 0.00674417 -0.0128341 -0.00161251 -0.00675642 0.999976 0.00943381 0.0 0.0 0.0 1.0
pumpkin/seq-02/color/frame-000943.color.png pumpkin/seq-02/color/frame-000946.color.png 0.999973 0.00639975 -0.00369807 0.0235161 -0.00638611 0.999973 0.0036892 0.00361651 0.00372159 -0.00366551 0.999986 0.0126193 0.0 0.0 0.0 1.0
pumpkin/seq-02/color/frame-000946.color.png pumpkin/seq-02/color/frame-000949.color.png 0.999988 0.00395333 0.00274614 0.00457165 -0.00397667 0.999956 0.00854995 -0.0178427 -0.00271224 -0.00856082 0.99996 0.0148949 0.0 0.0 0.0 1.0
pumpkin/seq-02/color/frame-000949.color.png pumpkin/seq-02/color/frame-000952.color.png 0.999983 0.0057523 0.000473887 0.0181116 -0.00575414 0.999976 0.00389295 -0.00323406 -0.000451569 -0.00389558 0.999992 0.00799382 0.0 0.0 0.0 1.0
pumpkin/seq-02/color/frame-000952.color.png pumpkin/seq-02/color/frame-000955.color.png 0.999986 -0.00314554 0.00422884 0.00492343 0.0031146 0.999968 0.00730707 -0.0142258 -0.00425168 -0.00729379 0.999964 0.00850683 0.0 0.0 0.0 1.0
pumpkin/seq-02/color/frame-000955.color.png pumpkin/seq-02/color/frame-000958.color.png 0.999975 0.00684879 0.00155686 0.0150572 -0.00685554 0.999967 0.00436158 0.0012753 -0.00152684 -0.00437217 0.999989 0.00881684 0.0 0.0 0.0 1.0
pumpkin/seq-02/color/frame-000958.color.png pumpkin/seq-02/color/frame-000961.color.png 0.999913 0.0077162 0.0106999 -0.00288168 -0.00774545 0.999966 0.00269477 -0.00470164 -0.0106788 -0.00277744 0.999939 0.00995171 0.0 0.0 0.0 1.0
pumpkin/seq-02/color/frame-000961.color.png pumpkin/seq-02/color/frame-000964.color.png 0.999962 0.00848316 0.0019884 0.00630873 -0.00849142 0.999955 0.00419633 -0.00703663 -0.00195276 -0.00421303 0.999989 -0.00145185 0.0 0.0 0.0 1.0
pumpkin/seq-02/color/frame-000964.color.png pumpkin/seq-02/color/frame-000967.color.png 0.999986 0.00493521 0.00166223 0.00627032 -0.00494228 0.999979 0.00426839 -0.000692755 -0.00164115 -0.00427655 0.99999 0.00130022 0.0 0.0 0.0 1.0
pumpkin/seq-02/color/frame-000967.color.png pumpkin/seq-02/color/frame-000970.color.png 0.999981 0.00594191 0.00143518 0.00197203 -0.0059402 0.999982 -0.00118549 0.00741026 -0.00144213 0.00117695 0.999998 0.00517762 0.0 0.0 0.0 1.0
pumpkin/seq-02/color/frame-000970.color.png pumpkin/seq-02/color/frame-000973.color.png 0.999831 0.0152149 -0.0103591 0.0275677 -0.0152161 0.999884 -3.55675e-05 0.00126755 0.0103574 0.000193188 0.999946 -0.0178436 0.0 0.0 0.0 1.0
pumpkin/seq-02/color/frame-000973.color.png pumpkin/seq-02/color/frame-000976.color.png 0.999839 0.0178969 -0.00120111 0.00383642 -0.0178953 0.999839 0.00131969 0.000792861 0.00122453 -0.00129799 0.999998 0.00558609 0.0 0.0 0.0 1.0
pumpkin/seq-02/color/frame-000976.color.png pumpkin/seq-02/color/frame-000979.color.png 0.999827 0.0170421 -0.00739685 0.0206687 -0.0170798 0.999841 -0.00505716 0.00968131 0.00730953 0.00518265 0.99996 -0.0116531 0.0 0.0 0.0 1.0
pumpkin/seq-02/color/frame-000979.color.png pumpkin/seq-02/color/frame-000982.color.png 0.999931 0.0114849 -0.00263262 0.011559 -0.0114929 0.999929 -0.00305261 0.00907534 0.00259736 0.0030826 0.999992 -0.00623053 0.0 0.0 0.0 1.0
pumpkin/seq-02/color/frame-000982.color.png pumpkin/seq-02/color/frame-000985.color.png 0.999956 0.00789988 -0.00511189 0.0210248 -0.0078848 0.999965 0.00296503 -0.00310767 0.00513505 -0.00292454 0.999982 -0.0154176 0.0 0.0 0.0 1.0
pumpkin/seq-02/color/frame-000985.color.png pumpkin/seq-02/color/frame-000988.color.png 0.999945 0.0103262 -0.00171602 0.0162746 -0.0103337 0.999937 -0.00440728 0.0101175 0.00167057 0.00442473 0.999989 -0.00717592 0.0 0.0 0.0 1.0
pumpkin/seq-02/color/frame-000988.color.png pumpkin/seq-02/color/frame-000991.color.png 0.999958 0.00822728 -0.0040986 0.0192412 -0.00823983 0.999961 -0.00305593 0.000941634 0.0040732 0.00308958 0.999987 -0.0145386 0.0 0.0 0.0 1.0
pumpkin/seq-02/color/frame-000991.color.png pumpkin/seq-02/color/frame-000994.color.png 0.999888 0.0125698 -0.00809155 0.0262772 -0.0126548 0.999864 -0.0105454 0.016553 0.00795791 0.0106466 0.999912 -0.0174519 0.0 0.0 0.0 1.0
pumpkin/seq-02/color/frame-000994.color.png pumpkin/seq-02/color/frame-000997.color.png 0.999918 0.0117167 -0.005231 0.0203025 -0.0117504 0.99991 -0.00645749 0.0120701 0.00515489 0.00651844 0.999965 -0.0141175 0.0 0.0 0.0 1.0
