office/seq-01/color/frame-000001.color.png office/seq-01/color/frame-000004.color.png 0.999993 -0.00385584 0.000282604 -0.00169223 0.00385571 0.999992 0.00045381 0.00324696 -0.000284351 -0.000452717 1.0 0.00257956 0.0 0.0 0.0 1.0
office/seq-01/color/frame-000004.color.png office/seq-01/color/frame-000007.color.png 0.999981 -0.00392886 -0.00480309 0.000134254 0.00396079 0.99997 0.00665665 -0.000207236 0.00477679 -0.00667555 0.999966 0.00351586 0.0 0.0 0.0 1.0
office/seq-01/color/frame-000007.color.png office/seq-01/color/frame-000010.color.png 0.99995 -0.00898589 0.00435124 -0.00303079 0.00893098 0.999882 0.0124785 -0.00454376 -0.00446285 -0.012439 0.999913 0.00944991 0.0 0.0 0.0 1.0
office/seq-01/color/frame-000010.color.png office/seq-01/color/frame-000013.color.png 0.999932 -0.0106657 0.00470201 -0.0040441 0.0106341 0.999921 0.00669765 -0.00627573 -0.00477308 -0.00664719 0.999967 0.00863596 0.0 0.0 0.0 1.0
office/seq-01/color/frame-000013.color.png office/seq-01/color/frame-000016.color.png 0.999892 -0.0140306 0.00441938 -0.0080601 0.0140019 0.999881 0.00644747 -0.00417236 -0.00450931 -0.0063849 0.999969 0.0113727 0.0 0.0 0.0 1.0
office/seq-01/color/frame-000016.color.png office/seq-01/color/frame-000019.color.png 0.999956 -0.00929637 0.00102073 -0.00569401 0.00928981 0.999937 0.00625458 -0.0142702 -0.00107881 -0.00624483 0.99998 0.014957 0.0 0.0 0.0 1.0
office/seq-01/color/frame-000019.color.png office/seq-01/color/frame-000022.color.png 0.99992 -0.0125861 0.00158148 -0.00238389 0.0125762 0.999902 0.00608782 -0.00595839 -0.00165795 -0.00606744 0.99998 0.0101695 0.0 0.0 0.0 1.0
office/seq-01/color/frame-000022.color.png office/seq-01/color/frame-000025.color.png 0.999864 -0.0108999 0.012365 -0.011608 0.0106866 0.999795 0.0171885 -0.0150828 -0.0125498 -0.0170541 0.999776 0.0200385 0.0 0.0 0.0 1.0
office/seq-01/color/frame-000025.color.png office/seq-01/color/frame-000028.color.png 0.999916 -0.00929982 -0.00898349 -0.00449251 0.00944398 0.999825 0.016138 -0.00914443 0.00883184 -0.0162215 0.999829 0.0152519 0.0 0.0 0.0 1.0
office/seq-01/color/frame-000028.color.png office/seq-01/color/frame-000031.color.png 0.999868 -0.0116094 0.0113576 -0.000977397 0.0113741 0.999723 0.0205759 -0.0187746 -0.0115934 -0.020444 0.999724 0.0222427 0.0 0.0 0.0 1.0
office/seq-01/color/frame-000031.color.png office/seq-01/color/frame-000034.color.png 0.999949 0.00913651 0.00433287 -0.00532379 -0.00909466 0.999913 -0.00958738 -0.0205761 -0.00442009 0.00954747 0.999945 0.0200366 0.0 0.0 0.0 1.0
office/seq-01/color/frame-000034.color.png office/seq-01/color/frame-000037.color.png 0.99979 -0.00703602 0.0192465 -0.00697613 0.00703526 0.999975 0.000108356 -0.00816786 -0.0192468 2.7069e-05 0.999815 0.0114004 0.0 0.0 0.0 1.0
office/seq-01/color/frame-000037.color.png office/seq-01/color/frame-000040.color.png 0.999923 -0.00654141 0.0105855 -0.00457617 0.00648871 0.999967 0.00500494 -0.0117906 -0.0106179 -0.00493585 0.999932 0.0192837 0.0 0.0 0.0 1.0
office/seq-01/color/frame-000040.color.png office/seq-01/color/frame-000043.color.png 0.999928 -0.00643689 0.0101582 -0.00220371 0.00634796 0.999941 0.00876266 -0.0111548 -0.010214 -0.00869755 0.99991 0.0163906 0.0 0.0 0.0 1.0
office/seq-01/color/frame-000043.color.png office/seq-01/color/frame-000046.color.png 0.999981 -0.00336759 0.00518922 -0.00471404 0.00333403 0.999974 0.00646112 -0.0160403 -0.00521084 -0.0064437 0.999966 0.016285 0.0 0.0 0.0 1.0
office/seq-01/color/frame-000046.color.png office/seq-01/color/frame-000049.color.png 0.999897 -0.0079704 0.0119648 -0.00658748 0.00780303 0.999872 0.013971 -0.0203267 -0.0120746 -0.0138761 0.999831 0.0233387 0.0 0.0 0.0 1.0
office/seq-01/color/frame-000049.color.png office/seq-01/color/frame-000052.color.png 0.999922 0.0124978 -0.000901112 0.00849791 -0.0125102 0.999803 -0.0153914 -0.00744106 0.000708567 0.0154014 0.999881 0.0145312 0.0 0.0 0.0 1.0
office/seq-01/color/frame-000052.color.png office/seq-01/color/frame-000055.color.png 0.999852 -0.0037986 0.0167934 -0.020235 0.00340461 0.99972 0.0234249 -0.0355608 -0.0168777 -0.0233643 0.999585 0.0206307 0.0 0.0 0.0 1.0
office/seq-01/color/frame-000055.color.png office/seq-01/color/frame-000058.color.png 0.999745 0.0118033 -0.0192744 0.0291093 -0.0121674 0.999748 -0.0188849 -0.0174319 0.0190466 0.0191146 0.999636 0.0167129 0.0 0.0 0.0 1.0
office/seq-01/color/frame-000058.color.png office/seq-01/color/frame-000061.color.png 0.999952 0.00721478 0.00657903 0.000983153 -0.0072137 0.999974 -0.00018837 -0.00354338 -0.00658024 0.000140895 0.999978 0.0122544 0.0 0.0 0.0 1.0
office/seq-01/color/frame-000061.color.png office/seq-01/color/frame-000064.color.png 0.999501 0.0233975 -0.0212007 0.0307654 -0.0233195 0.99972 0.0039217 -0.0151189 0.0212865 -0.00342534 0.999767 0.00875869 0.0 0.0 0.0 1.0
office/seq-01/color/frame-000064.color.png office/seq-01/color/frame-000067.color.png 0.999911 0.012878 -0.00358657 0.026841 -0.012784 0.999603 0.0250992 -0.0431751 0.00390837 -0.0250511 0.999679 0.00281847 0.0 0.0 0.0 1.0
office/seq-01/color/frame-000067.color.png office/seq-01/color/frame-000070.color.png 0.999871 0.0144999 -0.00695653 0.031011 -0.0145142 0.999893 -0.00201373 -0.0121106 0.0069266 0.00211444 0.999974 -0.000371367 0.0 0.0 0.0 1.0
office/seq-01/color/frame-000070.color.png office/seq-01/color/frame-000073.color.png 0.999852 0.00443103 -0.0165958 0.0334023 -0.0044476 0.99999 -0.000961092 -0.00123373 0.0165913 0.00103474 0.999862 -0.00815251 0.0 0.0 0.0 1.0
office/seq-01/color/frame-000073.color.png office/seq-01/color/frame-000076.color.png 0.999936 -0.00418167 -0.0104913 0.0407178 0.00435497 0.999854 0.0165497 -0.0217349 0.0104206 -0.0165943 0.999808 -0.0177623 0.0 0.0 0.0 1.0
office/seq-01/color/frame-000076.color.png office/seq-01/color/frame-000079.color.png 0.999935 0.00719517 -0.00884604 0.052371 -0.00704489 0.999832 0.0169037 -0.0176283 0.00896619 -0.0168403 0.999818 -0.0163833 0.0 0.0 0.0 1.0
office/seq-01/color/frame-000079.color.png office/seq-01/color/frame-000082.color.png 0.999681 0.0112598 -0.0226241 0.0463344 -0.0111298 0.999921 0.00586609 -0.0152957 0.0226883 -0.00561244 0.999727 -0.00808981 0.0 0.0 0.0 1.0
office/seq-01/color/frame-000082.color.png office/seq-01/color/frame-000085.color.png 0.999655 0.00761472 -0.0251255 0.0432566 -0.00764974 0.99997 -0.00129813 -0.00334272 0.0251149 0.00148987 0.999683 -0.0106105 0.0 0.0 0.0 1.0
office/seq-01/color/frame-000085.color.png office/seq-01/color/frame-000088.color.png 0.999187 0.0165498 -0.0367526 0.0517509 -0.0164395 0.999859 0.00330165 -0.016452 0.036802 -0.00269477 0.999319 -0.012127 0.0 0.0 0.0 1.0
office/seq-01/color/frame-000088.color.png office/seq-01/color/frame-000091.color.png 0.99958 0.0139289 -0.0254084 0.0590227 -0.0138239 0.999895 0.00430437 -0.0121636 0.0254657 -0.00395132 0.999668 -0.0117758 0.0 0.0 0.0 1.0
office/seq-01/color/frame-000091.color.png office/seq-01/color/frame-000094.color.png 0.99977 0.0142301 -0.0160189 0.0422803 -0.0141839 0.999895 0.0029906 -0.002823 0.0160597 -0.00276271 0.999867 -0.00348961 0.0 0.0 0.0 1.0
office/seq-01/color/frame-000094.color.png office/seq-01/color/frame-000097.color.png 0.999765 0.0093213 -0.0195593 0.0550067 -0.00936801 0.999953 -0.00229794 -0.00270578 0.019537 0.00248059 0.999806 -0.00820559 0.0 0.0 0.0 1.0
office/seq-01/color/frame-000097.color.png office/seq-01/color/frame-000100.color.png 0.999896 0.00301842 -0.0140907 0.0332533 -0.00297256 0.99999 0.00327275 0.00947532 0.0141005 -0.00323052 0.999895 -0.00139201 0.0 0.0 0.0 1.0
office/seq-01/color/frame-000100.color.png office/seq-01/color/frame-000103.color.png 0.999446 -0.00199114 -0.033214 0.0690612 0.00213894 0.999988 0.00441565 0.00112081 0.0332048 -0.0044842 0.999438 8.30889e-05 0.0 0.0 0.0 1.0
office/seq-01/color/frame-000103.color.png office/seq-01/color/frame-000106.color.png 0.999804 0.00870628 -0.0177947 0.0466656 -0.00855484 0.999927 0.00856815 0.00510329 0.0178679 -0.00841425 0.999805 -0.00898743 0.0 0.0 0.0 1.0
office/seq-01/color/frame-000106.color.png office/seq-01/color/frame-000109.color.png 0.999795 0.00807452 -0.0185616 0.0420791 -0.00810891 0.999965 -0.00177851 0.016791 0.0185466 0.00192864 0.999826 -0.0101639 0.0 0.0 0.0 1.0
office/seq-01/color/frame-000109.color.png office/seq-01/color/frame-000112.color.png 0.999207 0.024091 -0.0316921 0.0556551 -0.0239591 0.999703 0.00453451 0.0189865 0.0317919 -0.00377162 0.999487 -0.0194859 0.0 0.0 0.0 1.0
office/seq-01/color/frame-000112.color.png office/seq-01/color/frame-000115.color.png 0.999394 0.0129035 -0.0323287 0.0437421 -0.0131726 0.99988 -0.00812387 0.0080688 0.03222 0.00854481 0.999444 -0.0139983 0.0 0.0 0.0 1.0
office/seq-01/color/frame-000115.color.png office/seq-01/color/frame-000118.color.png 0.998246 3.35315e-06 -0.0592042 0.0840512 0.000364772 0.999981 0.00620739 -0.0143872 0.059203 -0.00621811 0.998227 -0.0383046 0.0 0.0 0.0 1.0
office/seq-01/color/frame-000118.color.png office/seq-01/color/frame-000121.color.png 0.999476 0.00766981 -0.0314522 0.0364093 -0.00720296 0.999863 0.0149298 -0.00488728 0.0315624 -0.0146954 0.999394 -0.0317794 0.0 0.0 0.0 1.0
office/seq-01/color/frame-000121.color.png office/seq-01/color/frame-000124.color.png 0.999723 0.0104923 -0.021048 0.0329542 -0.0100103 0.999688 0.0228749 -0.0164626 0.0212814 -0.0226579 0.999517 -0.0189475 0.0 0.0 0.0 1.0
office/seq-01/color/frame-000124.color.png office/seq-01/color/frame-000127.color.png 0.999251 0.00962884 -0.0374858 0.0514206 -0.00965493 0.999953 -0.000515704 -0.00646517 0.0374791 0.000877269 0.999297 -0.0173005 0.0 0.0 0.0 1.0
office/seq-01/color/frame-000127.color.png office/seq-01/color/frame-000130.color.png 0.998875 0.0097107 -0.0464118 0.0569507 -0.00996788 0.999936 -0.00531214 -0.00667337 0.0463572 0.00576876 0.998908 -0.0243649 0.0 0.0 0.0 1.0
office/seq-01/color/frame-000130.color.png office/seq-01/color/frame-000133.color.png 0.998977 0.00850061 -0.044415 0.0782258 -0.00812522 0.99993 0.00862484 -0.0138362 0.0444852 -0.00825514 0.998976 -0.0223849 0.0 0.0 0.0 1.0
office/seq-01/color/frame-000133.color.png office/seq-01/color/frame-000136.color.png 0.999522 -9.08296e-05 -0.0309275 0.0299583 0.00047259 0.999924 0.0123373 -0.0133376 0.030924 -0.0123459 0.999445 -0.0195915 0.0 0.0 0.0 1.0
office/seq-01/color/frame-000136.color.png office/seq-01/color/frame-000139.color.png 0.998808 0.0130909 -0.0470316 0.0523881 -0.0137592 0.999808 -0.0139131 0.0164016 0.0468404 0.0145437 0.998796 -0.0261182 0.0 0.0 0.0 1.0
office/seq-01/color/frame-000139.color.png office/seq-01/color/frame-000142.color.png 0.998239 0.023848 -0.0543239 0.0860322 -0.0246654 0.999592 -0.0144255 0.0250656 0.0539576 0.0157399 0.998419 -0.0449446 0.0 0.0 0.0 1.0
office/seq-01/color/frame-000142.color.png office/seq-01/color/frame-000145.color.png 0.999515 0.0177565 -0.0255894 0.0559236 -0.0175232 0.999803 0.0093141 0.0101832 0.0257498 -0.00886119 0.999629 -0.0319996 0.0 0.0 0.0 1.0
office/seq-01/color/frame-000145.color.png office/seq-01/color/frame-000148.color.png 0.998555 0.0342347 -0.0414151 0.0873491 -0.0332042 0.999128 0.0253187 0.010724 0.0422458 -0.0239069 0.998821 -0.0295469 0.0 0.0 0.0 1.0
office/seq-01/color/frame-000148.color.png office/seq-01/color/frame-000151.color.png 0.999167 -0.000450141 -0.0407978 0.042551 0.000721776 0.999978 0.00664111 -0.0163817 0.0407938 -0.00666509 0.999145 -0.0223711 0.0 0.0 0.0 1.0
office/seq-01/color/frame-000151.color.png office/seq-01/color/frame-000154.color.png 0.999389 -0.0193966 -0.0290866 0.0530823 0.0192207 0.999795 -0.00631878 -0.0245501 0.0292033 0.00575584 0.999557 -0.0230075 0.0 0.0 0.0 1.0
office/seq-01/color/frame-000154.color.png office/seq-01/color/frame-000157.color.png 0.999675 -0.00553194 -0.0248885 0.0507858 0.00573475 0.999951 0.008086 -0.0176985 0.0248425 -0.00822609 0.999658 -0.0128904 0.0 0.0 0.0 1.0
office/seq-01/color/frame-000157.color.png office/seq-01/color/frame-000160.color.png 0.999795 0.0129752 -0.0155402 0.0658034 -0.0130779 0.999893 -0.00652482 0.01706 0.0154537 0.00672683 0.999858 0.00882572 0.0 0.0 0.0 1.0
office/seq-01/color/frame-000160.color.png office/seq-01/color/frame-000163.color.png 0.999715 0.00574812 -0.0231467 0.0599504 -0.00539535 0.999869 0.0152713 -0.0185969 0.0232315 -0.0151422 0.999615 0.013481 0.0 0.0 0.0 1.0
office/seq-01/color/frame-000163.color.png office/seq-01/color/frame-000166.color.png 0.999748 0.0119512 -0.0190023 0.0490508 -0.0120326 0.999919 -0.00417512 0.0172927 0.0189508 0.00440268 0.999811 0.00200546 0.0 0.0 0.0 1.0
office/seq-01/color/frame-000166.color.png office/seq-01/color/frame-000169.color.png 0.99972 0.0235538 -0.00223822 0.0437788 -0.0235625 0.999715 -0.00390407 0.0249228 0.00214561 0.00395576 0.99999 0.0266815 0.0 0.0 0.0 1.0
office/seq-01/color/frame-000169.color.png office/seq-01/color/frame-000172.color.png 0.999902 0.00892193 -0.0107775 0.0450543 -0.00893666 0.999959 -0.00132868 0.0122238 0.0107651 0.00142483 0.999941 0.0240785 0.0 0.0 0.0 1.0
office/seq-01/color/frame-000172.color.png office/seq-01/color/frame-000175.color.png 0.999918 0.0077834 0.0101225 0.021804 -0.00785937 0.999941 0.00748139 -0.0045138 -0.0100637 -0.00756027 0.999921 0.0369032 0.0 0.0 0.0 1.0
office/seq-01/color/frame-000175.color.png office/seq-01/color/frame-000178.color.png 0.999999 0.000225481 0.00166441 0.026806 -0.000244175 0.999937 0.0112054 -0.0135388 -0.00166165 -0.0112058 0.999936 0.0428967 0.0 0.0 0.0 1.0
office/seq-01/color/frame-000178.color.png office/seq-01/color/frame-000181.color.png 0.999973 -0.00450016 -0.00586404 0.0368118 0.0046795 0.999511 0.0309321 -0.0623455 0.00572186 -0.0309587 0.999504 0.0290071 0.0 0.0 0.0 1.0
office/seq-01/color/frame-000181.color.png office/seq-01/color/frame-000184.color.png 0.999971 2.06718e-05 -0.00756967 0.0357513 2.66154e-05 0.999981 0.00624549 0.00450587 0.0075696 -0.00624547 0.999952 0.020241 0.0 0.0 0.0 1.0
office/seq-01/color/frame-000184.color.png office/seq-01/color/frame-000187.color.png 0.99999 5.89525e-06 -0.00452892 0.0232636 2.8883e-05 0.999971 0.00767188 -0.0160441 0.00452895 -0.00767195 0.99996 0.0204903 0.0 0.0 0.0 1.0
office/seq-01/color/frame-000187.color.png office/seq-01/color/frame-000190.color.png 0.99995 0.00737225 -0.00677378 0.0297021 -0.00738836 0.99997 -0.00235993 -0.00212502 0.00675615 0.00240984 0.999974 0.0369342 0.0 0.0 0.0 1.0
office/seq-01/color/frame-000190.color.png office/seq-01/color/frame-000193.color.png 0.999715 0.0105172 -0.0214228 0.0440453 -0.0107253 0.999896 -0.00962276 0.0234694 0.0213193 0.00984979 0.999724 0.00788033 0.0 0.0 0.0 1.0
office/seq-01/color/frame-000193.color.png office/seq-01/color/frame-000196.color.png 0.999375 0.0058135 -0.0348816 0.0485848 -0.0054479 0.999929 0.0105678 -0.0157328 0.0349406 -0.0103711 0.999336 -0.00559121 0.0 0.0 0.0 1.0
office/seq-01/color/frame-000196.color.png office/seq-01/color/frame-000199.color.png 0.999207 0.0117174 -0.0380494 0.0631361 -0.0115674 0.999924 0.00415964 0.00406581 0.0380951 -0.00371627 0.999267 0.00458699 0.0 0.0 0.0 1.0
office/seq-01/color/frame-000199.color.png office/seq-01/color/frame-000202.color.png 0.99968 0.00335881 -0.0250689 0.0354928 -0.00300883 0.999898 0.0139833 -0.0210619 0.0251133 -0.0139034 0.999588 -0.00349027 0.0 0.0 0.0 1.0
office/seq-01/color/frame-000202.color.png office/seq-01/color/frame-000205.color.png 0.99961 0.00578465 -0.0273073 0.0394329 -0.00552695 0.99994 0.00950298 -0.0165814 0.0273605 -0.00934832 0.999582 -0.00575459 0.0 0.0 0.0 1.0
office/seq-01/color/frame-000205.color.png office/seq-01/color/frame-000208.color.png 0.999123 0.0087785 -0.0409415 0.0496055 -0.00908374 0.999932 -0.00727583 0.0186639 0.040875 0.00764137 0.999135 -0.0180006 0.0 0.0 0.0 1.0
office/seq-01/color/frame-000208.color.png office/seq-01/color/frame-000211.color.png 0.999757 0.00690315 -0.0209499 0.0210497 -0.0067379 0.999946 0.00794836 -0.0181421 0.0210036 -0.00780527 0.999749 -0.0126907 0.0 0.0 0.0 1.0
office/seq-01/color/frame-000211.color.png office/seq-01/color/frame-000214.color.png 0.999818 0.010368 -0.0160352 0.0188342 -0.0106336 0.999806 -0.016571 0.0288807 0.0158603 0.0167385 0.999734 0.000414491 0.0 0.0 0.0 1.0
office/seq-01/color/frame-000214.color.png office/seq-01/color/frame-000217.color.png 0.999261 0.0184762 -0.0337136 0.0312972 -0.0176001 0.999504 0.0261038 -0.0364614 0.0341791 -0.0254912 0.99909 0.00998974 0.0 0.0 0.0 1.0
office/seq-01/color/frame-000217.color.png office/seq-01/color/frame-000220.color.png 0.999834 0.0120252 -0.0136573 0.00260282 -0.0118814 0.999874 0.0105599 -0.00288892 0.0137826 -0.0103959 0.999851 -0.00374186 0.0 0.0 0.0 1.0
office/seq-01/color/frame-000220.color.png office/seq-01/color/frame-000223.color.png 0.999778 0.0108305 -0.0180653 -0.0141591 -0.0106666 0.999901 0.00914369 -0.019241 0.0181626 -0.00894895 0.999795 -0.0107439 0.0 0.0 0.0 1.0
office/seq-01/color/frame-000223.color.png office/seq-01/color/frame-000226.color.png 0.999537 -0.00334887 -0.0302374 0.00466168 0.00327207 0.999991 -0.00258875 -0.00685823 0.0302457 0.0024886 0.999539 -0.0252156 0.0 0.0 0.0 1.0
office/seq-01/color/frame-000226.color.png office/seq-01/color/frame-000229.color.png 0.999434 0.00768185 -0.0327654 -0.0142512 -0.00744576 0.999945 0.00732179 -0.0176501 0.0328198 -0.00707366 0.999436 -0.0410537 0.0 0.0 0.0 1.0
office/seq-01/color/frame-000229.color.png office/seq-01/color/frame-000232.color.png 0.999528 0.00284852 -0.0305966 -0.001243 -0.00271097 0.999986 0.00452968 -0.00450689 0.0306091 -0.00444463 0.999522 -0.0448742 0.0 0.0 0.0 1.0
office/seq-01/color/frame-000232.color.png office/seq-01/color/frame-000235.color.png 0.999196 0.0053239 -0.0397302 -0.000191092 -0.00464608 0.999842 0.0171371 -0.0113668 0.0398152 -0.0169387 0.999064 -0.0480177 0.0 0.0 0.0 1.0
office/seq-01/color/frame-000235.color.png office/seq-01/color/frame-000238.color.png 0.999143 0.00756949 -0.0406899 0.00539625 -0.00685636 0.999821 0.0176365 -0.0185766 0.0408162 -0.0173424 0.999016 -0.0524167 0.0 0.0 0.0 1.0
office/seq-01/color/frame-000238.color.png office/seq-01/color/frame-000241.color.png 0.999393 0.0104058 -0.0332503 0.000697017 -0.0100879 0.999902 0.00971143 0.00812495 0.0333481 -0.00937011 0.9994 -0.0365268 0.0 0.0 0.0 1.0
office/seq-01/color/frame-000241.color.png office/seq-01/color/frame-000244.color.png 0.999035 0.00663557 -0.0434276 -0.00457001 -0.00637192 0.99996 0.00620745 0.0152063 0.0434671 -0.00592474 0.999037 -0.050561 0.0 0.0 0.0 1.0
office/seq-01/color/frame-000244.color.png office/seq-01/color/frame-000247.color.png 0.998796 0.00219282 -0.049016 -0.00173795 -0.00166755 0.999941 0.0107542 -0.0139719 0.0490367 -0.0106595 0.99874 -0.0546101 0.0 0.0 0.0 1.0
office/seq-01/color/frame-000247.color.png office/seq-01/color/frame-000250.color.png 0.998944 -0.00168678 -0.0459151 -0.0043304 0.00188176 0.999989 0.00420402 -0.00302243 0.0459075 -0.00428599 0.998936 -0.0456302 0.0 0.0 0.0 1.0
office/seq-01/color/frame-000250.color.png office/seq-01/color/frame-000253.color.png 0.999435 0.00217677 -0.0335532 -0.0245596 -0.00162877 0.999865 0.0163471 -0.0292682 0.0335842 -0.0162832 0.999303 -0.033323 0.0 0.0 0.0 1.0
office/seq-01/color/frame-000253.color.png office/seq-01/color/frame-000256.color.png 0.998613 -0.0129501 -0.0510311 0.00291806 0.0133913 0.999876 0.00831602 -0.0359547 0.0509171 -0.00898788 0.998662 -0.0657007 0.0 0.0 0.0 1.0
office/seq-01/color/frame-000256.color.png office/seq-01/color/frame-000259.color.png 0.998646 -0.00392668 -0.0518765 0.0140329 0.00421517 0.999976 0.00545159 -0.0140296 0.0518539 -0.00566286 0.998639 -0.0755352 0.0 0.0 0.0 1.0
office/seq-01/color/frame-000259.color.png office/seq-01/color/frame-000262.color.png 0.999086 0.0122632 -0.0409526 0.0175679 -0.0118908 0.999886 0.00932663 0.0145612 0.0410624 -0.00883115 0.999117 -0.0437717 0.0 0.0 0.0 1.0
office/seq-01/color/frame-000262.color.png office/seq-01/color/frame-000265.color.png 0.998892 0.00404602 -0.0468964 0.0202637 -0.00392958 0.999989 0.00257468 0.0256097 0.0469062 -0.00238755 0.998897 -0.0344342 0.0 0.0 0.0 1.0
office/seq-01/color/frame-000265.color.png office/seq-01/color/frame-000268.color.png 0.999099 0.0174192 -0.0387058 0.00435352 -0.0173812 0.999848 0.00131561 0.0197267 0.0387229 -0.000641666 0.99925 -0.0595535 0.0 0.0 0.0 1.0
office/seq-01/color/frame-000268.color.png office/seq-01/color/frame-000271.color.png 0.999357 0.00182156 -0.0358151 0.0099768 -0.00182287 0.999998 -3.06291e-06 0.0326982 0.035815 6.83589e-05 0.999359 -0.062279 0.0 0.0 0.0 1.0
office/seq-01/color/frame-000271.color.png office/seq-01/color/frame-000274.color.png 0.999649 0.00638189 -0.0257191 -0.0336233 -0.00618561 0.999951 0.00770982 0.0124786 0.0257671 -0.00754806 0.999639 -0.0597055 0.0 0.0 0.0 1.0
office/seq-01/color/frame-000274.color.png office/seq-01/color/frame-000277.color.png 0.999892 0.00905328 -0.0116139 -0.0255327 -0.00897961 0.999939 0.00637234 0.00838256 0.0116709 -0.00626734 0.999912 -0.0441765 0.0 0.0 0.0 1.0
office/seq-01/color/frame-000277.color.png office/seq-01/color/frame-000280.color.png 0.999978 -0.0065713 -0.000401239 -0.0473464 0.00657328 0.999966 0.00503302 0.0112404 0.000368144 -0.00503552 0.999987 -0.0331652 0.0 0.0 0.0 1.0
office/seq-01/color/frame-000280.color.png office/seq-01/color/frame-000283.color.png 0.999919 0.0112158 0.00595371 -0.0436603 -0.0111648 0.999901 -0.00852776 0.0228894 -0.00604881 0.00846058 0.999946 -0.0136379 0.0 0.0 0.0 1.0
office/seq-01/color/frame-000283.color.png office/seq-01/color/frame-000286.color.png 0.999924 0.00521112 0.0111465 -0.0332905 -0.0052241 0.999986 0.00113325 0.00691199 -0.0111404 -0.0011914 0.999937 -0.0190917 0.0 0.0 0.0 1.0
office/seq-01/color/frame-000286.color.png office/seq-01/color/frame-000289.color.png 0.999963 0.00606021 0.00604842 -0.033849 -0.00603082 0.99997 -0.00485331 0.0212638 -0.00607767 0.00481663 0.99997 -0.0339419 0.0 0.0 0.0 1.0
office/seq-01/color/frame-000289.color.png office/seq-01/color/frame-000292.color.png 0.999983 0.00525848 -0.00235696 -0.0262051 -0.00527222 0.999969 -0.00576452 0.0276111 0.00232653 0.00577688 0.999981 -0.0119761 0.0 0.0 0.0 1.0
office/seq-01/color/frame-000292.color.png office/seq-01/color/frame-000295.color.png 0.999949 0.0101049 0.000601953 -0.0309203 -0.0100991 0.99991 -0.00885206 0.030964 -0.000691301 0.00884552 0.999961 -0.0355888 0.0 0.0 0.0 1.0
office/seq-01/color/frame-000295.color.png office/seq-01/color/frame-000298.color.png 0.999995 0.00247525 -0.00216227 -0.0279252 -0.00246718 0.99999 0.00373524 0.008587 0.00217149 -0.00372986 0.999991 -0.0341706 0.0 0.0 0.0 1.0
office/seq-01/color/frame-000298.color.png office/seq-01/color/frame-000301.color.png 0.999903 0.0113884 -0.00802599 -0.0352103 -0.0113481 0.999923 0.00504328 0.0198975 0.00808277 -0.00495176 0.999955 -0.0486085 0.0 0.0 0.0 1.0
office/seq-01/color/frame-000301.color.png office/seq-01/color/frame-000304.color.png 0.99985 0.00106751 -0.0173017 -0.0152607 -0.000952439 0.999977 0.00665942 0.00595582 0.0173084 -0.00664191 0.999828 -0.0350992 0.0 0.0 0.0 1.0
office/seq-01/color/frame-000304.color.png office/seq-01/color/frame-000307.color.png 0.999966 0.0013862 -0.00812335 -0.0205208 -0.00135171 0.99999 0.00424215 0.01491 0.00812922 -0.00423099 0.999958 -0.0299363 0.0 0.0 0.0 1.0
office/seq-01/color/frame-000307.color.png office/seq-01/color/frame-000310.color.png 0.999999 0.00150953 -4.23667e-05 -0.0446702 -0.0015098 0.999983 -0.00562994 0.0262847 3.38069e-05 0.00562999 0.999984 -0.0387319 0.0 0.0 0.0 1.0
office/seq-01/color/frame-000310.color.png office/seq-01/color/frame-000313.color.png 0.999944 -0.00730008 0.00765174 -0.0328186 0.00728495 0.999972 0.00201971 0.0112013 -0.00766628 -0.00196388 0.999969 -0.0423527 0.0 0.0 0.0 1.0
office/seq-01/color/frame-000313.color.png office/seq-01/color/frame-000316.color.png 0.999902 -0.0116488 -0.00777916 -0.0206847 0.011613 0.999922 -0.00462691 0.0251142 0.00783247 0.00453613 0.999959 -0.0131494 0.0 0.0 0.0 1.0
office/seq-01/color/frame-000316.color.png office/seq-01/color/frame-000319.color.png 0.999999 0.000256715 -0.00106441 -0.0137887 -0.000272442 0.999891 -0.0147348 0.0242725 0.00106048 0.014735 0.999891 -0.0216826 0.0 0.0 0.0 1.0
office/seq-01/color/frame-000319.color.png office/seq-01/color/frame-000322.color.png 0.99968 -0.0186736 0.0170615 -0.0352843 0.0190987 0.999503 -0.0250957 0.0290235 -0.0165843 0.0254135 0.999539 -0.0334385 0.0 0.0 0.0 1.0
office/seq-01/color/frame-000322.color.png office/seq-01/color/frame-000325.color.png 0.999748 -0.0123481 0.0187205 -0.0235861 0.0124015 0.999919 -0.00274455 0.011624 -0.0186851 0.00297604 0.999821 -0.0284264 0.0 0.0 0.0 1.0
office/seq-01/color/frame-000325.color.png office/seq-01/color/frame-000328.color.png 0.999076 -0.0235332 0.0359676 -0.0292145 0.0237623 0.9997 -0.00595512 0.0216286 -0.0358166 0.00680436 0.999335 -0.0241227 0.0 0.0 0.0 1.0
office/seq-01/color/frame-000328.color.png office/seq-01/color/frame-000331.color.png 0.99911 -0.0162016 0.0389462 -0.0170291 0.0162448 0.999868 -0.000794957 0.0134347 -0.0389282 0.0014269 0.999241 -0.0273391 0.0 0.0 0.0 1.0
office/seq-01/color/frame-000331.color.png office/seq-01/color/frame-000334.color.png 0.997189 -0.0143704 0.0735336 -0.0263303 0.0145604 0.999892 -0.00204959 0.0194019 -0.0734962 0.00311449 0.997291 -0.0466782 0.0 0.0 0.0 1.0
office/seq-01/color/frame-000334.color.png office/seq-01/color/frame-000337.color.png 0.998864 0.00544124 0.047335 -0.0231419 -0.00547836 0.999985 0.000656182 0.00972387 -0.0473307 -0.000914751 0.998879 -0.0307916 0.0 0.0 0.0 1.0
office/seq-01/color/frame-000337.color.png office/seq-01/color/frame-000340.color.png 0.99833 -0.0014534 0.0577544 -0.0201197 0.00245439 0.999848 -0.0172655 0.00140429 -0.0577206 0.0173784 0.998181 -0.0334565 0.0 0.0 0.0 1.0
office/seq-01/color/frame-000340.color.png office/seq-01/color/frame-000343.color.png 0.999232 -0.0068971 0.038567 -0.0208821 0.00663366 0.999954 0.00695176 0.00865513 -0.0386131 -0.00669059 0.999232 -0.0215086 0.0 0.0 0.0 1.0
office/seq-01/color/frame-000343.color.png office/seq-01/color/frame-000346.color.png 0.998967 -0.0115114 0.0439511 -0.0119538 0.0120761 0.999848 -0.0126015 0.013786 -0.0437994 0.0131192 0.998954 -0.0240459 0.0 0.0 0.0 1.0
office/seq-01/color/frame-000346.color.png office/seq-01/color/frame-000349.color.png 0.998969 0.0123766 0.043689 -0.017616 -0.0120166 0.999892 -0.00849256 -0.013315 -0.0437894 0.00795879 0.999009 -0.0296195 0.0 0.0 0.0 1.0
office/seq-01/color/frame-000349.color.png office/seq-01/color/frame-000352.color.png 0.999462 -0.00545106 0.0323427 -0.00768153 0.00539974 0.999984 0.00167636 -0.00970009 -0.0323513 -0.00150079 0.999475 0.00405693 0.0 0.0 0.0 1.0
office/seq-01/color/frame-000352.color.png office/seq-01/color/frame-000355.color.png 0.998472 -0.016455 0.0527482 -0.036964 0.0167538 0.999846 -0.00522753 0.0155428 -0.0526541 0.00610326 0.998594 -0.00101334 0.0 0.0 0.0 1.0
office/seq-01/color/frame-000355.color.png office/seq-01/color/frame-000358.color.png 0.999532 -0.0112489 0.0284344 -0.0311767 0.0113776 0.999926 -0.00437316 -0.000269413 -0.0283831 0.00469462 0.999586 0.00853097 0.0 0.0 0.0 1.0
office/seq-01/color/frame-000358.color.png office/seq-01/color/frame-000361.color.png 0.997101 -0.034381 0.0678863 -0.0585114 0.0357343 0.999184 -0.0188218 0.0381888 -0.0671837 0.0211931 0.997516 -0.0472237 0.0 0.0 0.0 1.0
office/seq-01/color/frame-000361.color.png office/seq-01/color/frame-000364.color.png 0.999512 -0.0150585 0.027352 -0.0480757 0.0154583 0.999776 -0.0144667 0.00260204 -0.027128 0.0148824 0.999521 0.0150135 0.0 0.0 0.0 1.0
office/seq-01/color/frame-000364.color.png office/seq-01/color/frame-000367.color.png 0.99974 -0.0187652 0.0129765 -0.0304523 0.0187776 0.999823 -0.000825393 0.00018838 -0.0129587 0.00106881 0.999916 0.0171196 0.0 0.0 0.0 1.0
office/seq-01/color/frame-000367.color.png office/seq-01/color/frame-000370.color.png 0.999783 -0.0152951 0.014126 -0.0398892 0.0154068 0.999851 -0.00784582 6.38068e-05 -0.0140039 0.00806176 0.999869 0.00663459 0.0 0.0 0.0 1.0
office/seq-01/color/frame-000370.color.png office/seq-01/color/frame-000373.color.png 0.999717 -0.0209401 0.0112618 -0.0301638 0.0209791 0.999774 -0.00334718 0.000933677 -0.0111892 0.00358249 0.999931 0.0144977 0.0 0.0 0.0 1.0
office/seq-01/color/frame-000373.color.png office/seq-01/color/frame-000376.color.png 0.999408 -0.0179026 0.0293734 -0.0419283 0.0180386 0.999828 -0.00436951 0.00222132 -0.0292901 0.0048968 0.999559 0.0140483 0.0 0.0 0.0 1.0
office/seq-01/color/frame-000376.color.png office/seq-01/color/frame-000379.color.png 0.999666 -0.0110154 0.0233781 -0.0145822 0.0111742 0.999915 -0.00666944 0.00909218 -0.0233027 0.00692844 0.999704 0.011787 0.0 0.0 0.0 1.0
office/seq-01/color/frame-000379.color.png office/seq-01/color/frame-000382.color.png 0.999579 -0.0131812 0.0258478 -0.0161568 0.0131184 0.999911 0.0025942 0.00512424 -0.0258797 -0.00225398 0.999662 0.0217487 0.0 0.0 0.0 1.0
office/seq-01/color/frame-000382.color.png office/seq-01/color/frame-000385.color.png 0.999379 -0.00950292 0.0339313 -0.0245371 0.0093639 0.999947 0.00425261 -0.0126126 -0.0339699 -0.00393223 0.999415 -0.00745142 0.0 0.0 0.0 1.0
office/seq-01/color/frame-000385.color.png office/seq-01/color/frame-000388.color.png 0.998709 -0.0165444 0.0480224 -0.012203 0.0178374 0.999486 -0.0266226 0.0204677 -0.0475573 0.0274449 0.998491 -0.00777715 0.0 0.0 0.0 1.0
office/seq-01/color/frame-000388.color.png office/seq-01/color/frame-000391.color.png 0.999308 -0.0166679 0.0332401 -0.0103009 0.0167084 0.99986 -0.000939255 -0.00465554 -0.0332197 0.00149394 0.999447 -0.0202947 0.0 0.0 0.0 1.0
office/seq-01/color/frame-000391.color.png office/seq-01/color/frame-000394.color.png 0.998868 -0.0362257 0.0308208 -0.00855356 0.0365622 0.999277 -0.0104252 0.0044834 -0.0304207 0.0115403 0.99947 -0.0176962 0.0 0.0 0.0 1.0
office/seq-01/color/frame-000394.color.png office/seq-01/color/frame-000397.color.png 0.999165 -0.0351554 0.0207983 0.00837274 0.0354059 0.999303 -0.0118047 0.00227347 -0.0203689 0.0125312 0.999714 -0.0119216 0.0 0.0 0.0 1.0
office/seq-01/color/frame-000397.color.png office/seq-01/color/frame-000400.color.png 0.99877 -0.0360288 0.0340678 0.0115416 0.0365877 0.999203 -0.0159281 0.0153831 -0.0334669 0.017155 0.999293 -0.0201811 0.0 0.0 0.0 1.0
office/seq-01/color/frame-000400.color.png office/seq-01/color/frame-000403.color.png 0.999437 -0.018992 0.027648 0.00526412 0.0189716 0.99982 0.00100115 -0.0049428 -0.027662 -0.00047609 0.999617 -0.0244244 0.0 0.0 0.0 1.0
office/seq-01/color/frame-000403.color.png office/seq-01/color/frame-000406.color.png 0.999387 -0.0194572 0.0291081 0.0154354 0.0195156 0.999808 -0.00172125 -0.00477502 -0.029069 0.00228826 0.999575 -0.00526598 0.0 0.0 0.0 1.0
office/seq-01/color/frame-000406.color.png office/seq-01/color/frame-000409.color.png 0.999609 -0.00616792 0.027284 0.0217499 0.0062757 0.999973 -0.00386728 -0.00140622 -0.0272594 0.00403698 0.99962 -0.00609055 0.0 0.0 0.0 1.0
office/seq-01/color/frame-000409.color.png office/seq-01/color/frame-000412.color.png 0.999351 -0.00621857 0.0354754 0.0119748 0.00640252 0.999967 -0.00507396 -0.00320381 -0.0354427 0.00529782 0.999358 -0.00692049 0.0 0.0 0.0 1.0
office/seq-01/color/frame-000412.color.png office/seq-01/color/frame-000415.color.png 0.998889 -0.00363332 0.0469786 0.0248609 0.00364291 0.999993 -0.00011813 -0.00944018 -0.0469778 0.000289099 0.998896 0.0100979 0.0 0.0 0.0 1.0
office/seq-01/color/frame-000415.color.png office/seq-01/color/frame-000418.color.png 0.999383 -0.00719885 0.0343752 0.0120609 0.00712305 0.999972 0.00232628 0.00250432 -0.0343909 -0.00207997 0.999406 0.00225475 0.0 0.0 0.0 1.0
office/seq-01/color/frame-000418.color.png office/seq-01/color/frame-000421.color.png 0.999556 9.69301e-05 0.0298069 0.0255472 -0.000347947 0.999965 0.00841578 -0.0135545 -0.0298051 -0.00842242 0.99952 0.00619856 0.0 0.0 0.0 1.0
office/seq-01/color/frame-000421.color.png office/seq-01/color/frame-000424.color.png 0.999624 -0.0066442 0.0265937 0.0143761 0.00640297 0.999938 0.00914698 0.000970989 -0.0266528 -0.00897325 0.999605 0.00717664 0.0 0.0 0.0 1.0
office/seq-01/color/frame-000424.color.png office/seq-01/color/frame-000427.color.png 0.999178 0.0121635 0.0386622 0.0249953 -0.0119002 0.999904 -0.00703351 -0.0150853 -0.038744 0.00656764 0.999228 -0.0093828 0.0 0.0 0.0 1.0
office/seq-01/color/frame-000427.color.png office/seq-01/color/frame-000430.color.png 0.999619 -0.00864104 0.0262004 0.014279 0.0085137 0.999951 0.00496948 -0.000620127 -0.026242 -0.00474455 0.999644 0.0183339 0.0 0.0 0.0 1.0
office/seq-01/color/frame-000430.color.png office/seq-01/color/frame-000433.color.png 0.999423 -0.00428593 0.033688 0.015409 0.00420212 0.999988 0.00255751 -0.00244409 -0.0336986 -0.00241445 0.999429 0.0219157 0.0 0.0 0.0 1.0
office/seq-01/color/frame-000433.color.png office/seq-01/color/frame-000436.color.png 0.999564 -0.00576172 0.028963 0.0176088 0.00551551 0.999948 0.00857377 -0.0133763 -0.0290109 -0.0084103 0.999544 0.0150774 0.0 0.0 0.0 1.0
office/seq-01/color/frame-000436.color.png office/seq-01/color/frame-000439.color.png 0.99958 -0.0126733 0.026057 0.0220111 0.0123532 0.999847 0.0124122 -0.00662586 -0.0262103 -0.0120852 0.999583 0.0128393 0.0 0.0 0.0 1.0
office/seq-01/color/frame-000439.color.png office/seq-01/color/frame-000442.color.png 0.998924 0.00503864 0.0460976 0.0236982 -0.00625198 0.999637 0.0262141 -0.0447444 -0.0459489 -0.0264741 0.998593 -0.0347339 0.0 0.0 0.0 1.0
office/seq-01/color/frame-000442.color.png office/seq-01/color/frame-000445.color.png 0.99953 -0.00923849 0.0292429 0.0350508 0.00845404 0.999604 0.0268361 -0.0304419 -0.0294792 -0.0265763 0.999212 0.0103762 0.0 0.0 0.0 1.0
office/seq-01/color/frame-000445.color.png office/seq-01/color/frame-000448.color.png 0.998943 -0.00315473 0.0458624 -0.0250092 0.00359934 0.999947 -0.00961538 0.0419703 -0.0458296 0.00977027 0.998901 0.0452693 0.0 0.0 0.0 1.0
office/seq-01/color/frame-000448.color.png office/seq-01/color/frame-000451.color.png 0.999251 -0.00454744 0.0384231 0.0078752 0.00439107 0.999982 0.00415338 -0.000515491 -0.0384413 -0.00398154 0.999253 0.0199612 0.0 0.0 0.0 1.0
office/seq-01/color/frame-000451.color.png office/seq-01/color/frame-000454.color.png 0.998967 -0.00907016 0.0445252 0.00025636 0.00904012 0.999959 0.000875862 -0.000870645 -0.0445314 -0.000472424 0.999008 0.0230548 0.0 0.0 0.0 1.0
office/seq-01/color/frame-000454.color.png office/seq-01/color/frame-000457.color.png 0.998738 -0.0153979 0.0478065 -0.00751081 0.0154522 0.99988 -0.000766361 -0.00346041 -0.0477889 0.00150411 0.998856 0.0180698 0.0 0.0 0.0 1.0
office/seq-01/color/frame-000457.color.png office/seq-01/color/frame-000460.color.png 0.998788 -0.0110745 0.0479667 0.000126481 0.0110969 0.999938 -0.000201552 -0.00653177 -0.0479615 0.000733563 0.998849 0.0177643 0.0 0.0 0.0 1.0
office/seq-01/color/frame-000460.color.png office/seq-01/color/frame-000463.color.png 0.998312 -0.0171443 0.0554967 -0.0159289 0.0172082 0.999852 -0.000674206 0.000658035 -0.055477 0.00162809 0.998459 0.023332 0.0 0.0 0.0 1.0
office/seq-01/color/frame-000463.color.png office/seq-01/color/frame-000466.color.png 0.998675 -0.00602432 0.0511132 -0.0157726 0.00587328 0.999978 0.00310466 -0.00822929 -0.0511308 -0.00280036 0.998688 0.0121407 0.0 0.0 0.0 1.0
office/seq-01/color/frame-000466.color.png office/seq-01/color/frame-000469.color.png 0.998875 -0.00933287 0.0465037 -0.014979 0.00919974 0.999953 0.00307591 -0.000846475 -0.0465302 -0.00264464 0.998913 0.0145232 0.0 0.0 0.0 1.0
office/seq-01/color/frame-000469.color.png office/seq-01/color/frame-000472.color.png 0.999281 -0.00825404 0.0370055 -0.000568032 0.00806341 0.999953 0.00529763 -0.0039489 -0.0370475 -0.00499539 0.999301 0.01432 0.0 0.0 0.0 1.0
office/seq-01/color/frame-000472.color.png office/seq-01/color/frame-000475.color.png 0.999112 -0.000651029 0.0421308 -0.00773758 0.000648383 1.0 7.62837e-05 -0.00229511 -0.0421309 -4.89096e-05 0.999112 0.0165423 0.0 0.0 0.0 1.0
office/seq-01/color/frame-000475.color.png office/seq-01/color/frame-000478.color.png 0.999454 -0.0011356 0.0330302 0.00321954 0.0011781 0.999999 -0.0012669 -0.00160915 -0.0330288 0.00130511 0.999453 0.011105 0.0 0.0 0.0 1.0
office/seq-01/color/frame-000478.color.png office/seq-01/color/frame-000481.color.png 0.999356 -0.000519148 0.0358877 0.00118273 0.000731902 0.999982 -0.00591572 0.00576785 -0.035884 0.00593819 0.999338 0.015522 0.0 0.0 0.0 1.0
office/seq-01/color/frame-000481.color.png office/seq-01/color/frame-000484.color.png 0.999533 -0.00426512 0.0302589 0.00595444 0.00415724 0.999985 0.00362734 -0.0085825 -0.0302739 -0.00349987 0.999536 0.00658095 0.0 0.0 0.0 1.0
office/seq-01/color/frame-000484.color.png office/seq-01/color/frame-000487.color.png 0.999461 -0.00160991 0.0327826 0.0142274 0.00157404 0.999998 0.00111999 0.00248313 -0.0327843 -0.00106775 0.999462 0.00432262 0.0 0.0 0.0 1.0
office/seq-01/color/frame-000487.color.png office/seq-01/color/frame-000490.color.png 0.999603 -0.00972985 0.0264477 0.0249043 0.00974077 0.999953 -0.000284075 -0.00211862 -0.0264436 0.000541586 0.99965 -0.000273153 0.0 0.0 0.0 1.0
office/seq-01/color/frame-000490.color.png office/seq-01/color/frame-000493.color.png 0.998989 -0.00792766 0.0442495 0.00446033 0.00792074 0.999969 0.000331584 -0.00383192 -0.0442507 1.92438e-05 0.999021 0.0155625 0.0 0.0 0.0 1.0
office/seq-01/color/frame-000493.color.png office/seq-01/color/frame-000496.color.png 0.999287 -0.00384344 0.0375695 -0.00538146 0.00386804 0.999992 -0.000582093 -0.00516713 -0.037567 0.000726928 0.999294 0.0122675 0.0 0.0 0.0 1.0
office/seq-01/color/frame-000496.color.png office/seq-01/color/frame-000499.color.png 0.998357 -0.0135716 0.0556758 -0.0181485 0.0138378 0.999895 -0.00439973 -0.00628096 -0.0556101 0.00516299 0.998439 0.0282533 0.0 0.0 0.0 1.0
office/seq-01/color/frame-000499.color.png office/seq-01/color/frame-000502.color.png 0.998941 -0.0193618 0.0417327 0.0155833 0.019651 0.999786 -0.00653271 -0.00560722 -0.0415973 0.00734585 0.999107 0.0173384 0.0 0.0 0.0 1.0
office/seq-01/color/frame-000502.color.png office/seq-01/color/frame-000505.color.png 0.998766 -0.006508 0.0492345 -0.0128524 0.00638533 0.999976 0.00264958 -0.012605 -0.0492505 -0.00233191 0.998784 0.0199825 0.0 0.0 0.0 1.0
office/seq-01/color/frame-000505.color.png office/seq-01/color/frame-000508.color.png 0.99948 -0.00516003 0.0318284 0.0095827 0.00514198 0.999987 0.000648003 0.00108463 -0.0318314 -0.000484075 0.999493 0.0123851 0.0 0.0 0.0 1.0
office/seq-01/color/frame-000508.color.png office/seq-01/color/frame-000511.color.png 0.999081 -0.0045018 0.0426137 0.000308752 0.00445189 0.999989 0.00126654 -3.38554e-05 -0.042619 -0.0010756 0.999091 0.0322652 0.0 0.0 0.0 1.0
office/seq-01/color/frame-000511.color.png office/seq-01/color/frame-000514.color.png 0.999635 -0.00832464 0.0256812 0.000234962 0.00813527 0.999939 0.00747001 -0.00390971 -0.0257418 -0.0072584 0.999642 0.022445 0.0 0.0 0.0 1.0
office/seq-01/color/frame-000514.color.png office/seq-01/color/frame-000517.color.png 0.999771 -0.000518883 0.0214166 0.0153 0.000425698 0.99999 0.00435562 -0.00424856 -0.0214186 -0.00434546 0.999761 0.0224493 0.0 0.0 0.0 1.0
office/seq-01/color/frame-000517.color.png office/seq-01/color/frame-000520.color.png 0.999517 -0.0130685 0.0282049 0.0128438 0.013097 0.999914 -0.00082932 -0.0118456 -0.0281917 0.00119829 0.999602 0.0382281 0.0 0.0 0.0 1.0
office/seq-01/color/frame-000520.color.png office/seq-01/color/frame-000523.color.png 0.999333 -0.0090239 0.0353743 0.0282454 0.00954672 0.999847 -0.0146364 -0.00297314 -0.0352368 0.0149644 0.999267 0.0395553 0.0 0.0 0.0 1.0
office/seq-01/color/frame-000523.color.png office/seq-01/color/frame-000526.color.png 0.999098 -0.00412911 0.0422638 0.031942 0.00482155 0.999856 -0.0162949 -0.00866002 -0.0421904 0.016484 0.998974 0.0610013 0.0 0.0 0.0 1.0
office/seq-01/color/frame-000526.color.png office/seq-01/color/frame-000529.color.png 0.999992 0.0017738 0.00353114 0.0659218 -0.00175819 0.999989 -0.00443641 0.00177175 -0.00353892 0.00443017 0.999984 0.0102915 0.0 0.0 0.0 1.0
office/seq-01/color/frame-000529.color.png office/seq-01/color/frame-000532.color.png 0.999976 7.60795e-05 0.00688556 0.0461612 -8.11491e-05 1.0 0.000732963 0.00121862 -0.00688543 -0.000733489 0.999976 0.0169341 0.0 0.0 0.0 1.0
office/seq-01/color/frame-000532.color.png office/seq-01/color/frame-000535.color.png 0.999683 0.0089823 0.0235077 -0.00142664 -0.00935516 0.999831 0.0158002 -0.00518087 -0.0233617 -0.0160152 0.999599 0.0330486 0.0 0.0 0.0 1.0
office/seq-01/color/frame-000535.color.png office/seq-01/color/frame-000538.color.png 0.999928 -0.00935753 0.00753191 0.0257937 0.009366 0.999956 -0.00108797 0.00254562 -0.00752145 0.00115843 0.999971 0.0263476 0.0 0.0 0.0 1.0
office/seq-01/color/frame-000538.color.png office/seq-01/color/frame-000541.color.png 0.999692 0.00565679 0.0241795 0.0194382 -0.00533105 0.999894 -0.0135169 0.00791621 -0.0242537 0.0133837 0.999616 0.0401975 0.0 0.0 0.0 1.0
office/seq-01/color/frame-000541.color.png office/seq-01/color/frame-000544.color.png 0.999873 -0.0107901 0.0117311 0.0380382 0.0109207 0.999878 -0.0111196 -0.0336287 -0.0116096 0.0112464 0.999869 0.0273751 0.0 0.0 0.0 1.0
office/seq-01/color/frame-000544.color.png office/seq-01/color/frame-000547.color.png 0.999697 0.0111451 0.0219631 0.0147713 -0.0108935 0.999874 -0.0115447 0.00989062 -0.0220891 0.011302 0.999692 0.0425924 0.0 0.0 0.0 1.0
office/seq-01/color/frame-000547.color.png office/seq-01/color/frame-000550.color.png 0.999331 0.0089743 0.0354687 0.0182574 -0.0087985 0.999948 -0.00511032 0.00703782 -0.0355126 0.00479481 0.999358 0.0541878 0.0 0.0 0.0 1.0
office/seq-01/color/frame-000550.color.png office/seq-01/color/frame-000553.color.png 0.998578 -0.0118559 0.0519835 0.00522411 0.0108405 0.999746 0.019773 -0.0294682 -0.0522046 -0.0191813 0.998452 0.0732305 0.0 0.0 0.0 1.0
office/seq-01/color/frame-000553.color.png office/seq-01/color/frame-000556.color.png 0.999307 -0.0156229 0.0337761 -0.00822556 0.0148764 0.999642 0.0222411 -0.0263622 -0.0341116 -0.0217232 0.999182 0.0470833 0.0 0.0 0.0 1.0
office/seq-01/color/frame-000556.color.png office/seq-01/color/frame-000559.color.png 0.999913 -0.011827 0.00592721 0.00931096 0.0116347 0.999436 0.0314889 -0.0481752 -0.00629645 -0.0314172 0.999486 0.00984046 0.0 0.0 0.0 1.0
office/seq-01/color/frame-000559.color.png office/seq-01/color/frame-000562.color.png 0.999737 -0.0228669 0.0014179 0.0269169 0.0228215 0.999391 0.0264131 -0.0812025 -0.00202091 -0.0263737 0.99965 -0.00464562 0.0 0.0 0.0 1.0
office/seq-01/color/frame-000562.color.png office/seq-01/color/frame-000565.color.png 0.999445 -0.0282482 -0.017641 0.00734556 0.0288121 0.999054 0.0325758 -0.0795973 0.0167042 -0.033066 0.999313 -0.0181207 0.0 0.0 0.0 1.0
office/seq-01/color/frame-000565.color.png office/seq-01/color/frame-000568.color.png 0.999784 -0.00736771 -0.0194582 0.0179549 0.00784261 0.999671 0.0244395 -0.0435359 0.0192717 -0.0245868 0.999512 -0.0295632 0.0 0.0 0.0 1.0
office/seq-01/color/frame-000568.color.png office/seq-01/color/frame-000571.color.png 0.999622 -0.00314454 -0.0273163 0.0317702 0.00318588 0.999994 0.00147215 -0.00156575 0.0273115 -0.00155861 0.999626 -0.0482835 0.0 0.0 0.0 1.0
office/seq-01/color/frame-000571.color.png office/seq-01/color/frame-000574.color.png 0.999318 -0.00875043 -0.035866 0.0364686 0.00904603 0.999926 0.00808826 -0.0293595 0.0357925 -0.00840724 0.999324 -0.052193 0.0 0.0 0.0 1.0
office/seq-01/color/frame-000574.color.png office/seq-01/color/frame-000577.color.png 0.999171 -0.0368995 -0.0171829 0.0101957 0.0372749 0.999062 0.022059 -0.103415 0.016353 -0.022681 0.999609 -0.0133954 0.0 0.0 0.0 1.0
office/seq-01/color/frame-000577.color.png office/seq-01/color/frame-000580.color.png 0.998605 -0.0113823 -0.05155 0.0608038 0.0122223 0.999797 0.0160096 -0.042629 0.0513571 -0.0166175 0.998542 -0.0799639 0.0 0.0 0.0 1.0
office/seq-01/color/frame-000580.color.png office/seq-01/color/frame-000583.color.png 0.9986 0.00297829 -0.0528214 0.0655583 -0.00310013 0.999993 -0.00222536 -0.0085631 0.0528145 0.00238602 0.998602 -0.0624202 0.0 0.0 0.0 1.0
office/seq-01/color/frame-000583.color.png office/seq-01/color/frame-000586.color.png 0.998573 0.0208134 -0.0491831 0.077999 -0.0204583 0.999761 0.00771155 0.0240552 0.0493317 -0.00669438 0.99876 -0.0664515 0.0 0.0 0.0 1.0
office/seq-01/color/frame-000586.color.png office/seq-01/color/frame-000589.color.png 0.999149 0.00420572 -0.0410262 0.0607632 -0.00390279 0.999964 0.00745992 -0.0120755 0.041056 -0.00729344 0.99913 -0.059265 0.0 0.0 0.0 1.0
office/seq-01/color/frame-000589.color.png office/seq-01/color/frame-000592.color.png 0.999134 0.0113194 -0.0400267 0.111403 -0.0110562 0.999916 0.00679103 -0.012015 0.0401002 -0.00634251 0.999176 -0.0515841 0.0 0.0 0.0 1.0
office/seq-01/color/frame-000592.color.png office/seq-01/color/frame-000595.color.png 0.999393 0.00234053 -0.0347578 0.054875 -0.00253214 0.999982 -0.00546868 0.00238365 0.0347443 0.00555319 0.999381 -0.0317813 0.0 0.0 0.0 1.0
office/seq-01/color/frame-000595.color.png office/seq-01/color/frame-000598.color.png 0.99922 0.0101176 -0.0381783 0.0486341 -0.0102557 0.999941 -0.00342427 0.012965 0.0381415 0.00381322 0.999265 -0.0355456 0.0 0.0 0.0 1.0
office/seq-01/color/frame-000598.color.png office/seq-01/color/frame-000601.color.png 0.99927 0.00256545 -0.0381072 0.027868 -0.00282355 0.999973 -0.00671966 -0.0119019 0.0380889 0.00682234 0.999251 -0.028864 0.0 0.0 0.0 1.0
office/seq-01/color/frame-000601.color.png office/seq-01/color/frame-000604.color.png 0.998345 0.0133614 -0.0559387 0.0355152 -0.0141215 0.999813 -0.0132163 0.00998229 0.0557517 0.0139843 0.998347 -0.0443877 0.0 0.0 0.0 1.0
office/seq-01/color/frame-000604.color.png office/seq-01/color/frame-000607.color.png 0.998769 0.00163595 -0.0495789 0.0570568 -0.00300162 0.999618 -0.0274832 0.0299528 0.049515 0.0275982 0.998392 -0.0334502 0.0 0.0 0.0 1.0
office/seq-01/color/frame-000607.color.png office/seq-01/color/frame-000610.color.png 0.999842 0.00374517 -0.0174017 -0.00509751 -0.00384802 0.999975 -0.00588049 0.00177413 0.0173792 0.0059466 0.999831 -0.00289589 0.0 0.0 0.0 1.0
office/seq-01/color/frame-000610.color.png office/seq-01/color/frame-000613.color.png 0.999776 0.0036236 -0.0208726 -0.00228584 -0.00364224 0.999993 -0.000855545 -0.00452399 0.0208694 0.000931337 0.999782 -0.00430906 0.0 0.0 0.0 1.0
office/seq-01/color/frame-000613.color.png office/seq-01/color/frame-000616.color.png 0.999615 0.00862764 -0.0263743 0.0244231 -0.00903323 0.999842 -0.0152989 0.0296394 0.0262381 0.0155312 0.999535 0.00381464 0.0 0.0 0.0 1.0
office/seq-01/color/frame-000616.color.png office/seq-01/color/frame-000619.color.png 0.999922 0.00133862 -0.0124427 -0.0253699 -0.00146759 0.999945 -0.0103604 -0.0157273 0.0124282 0.0103779 0.999869 0.00564408 0.0 0.0 0.0 1.0
office/seq-01/color/frame-000619.color.png office/seq-01/color/frame-000622.color.png 0.99978 0.00623748 -0.0200408 -0.0049237 -0.00649321 0.999898 -0.0127225 0.0121698 0.0199594 0.0128499 0.999718 0.00753719 0.0 0.0 0.0 1.0
office/seq-01/color/frame-000622.color.png office/seq-01/color/frame-000625.color.png 0.999614 0.00678913 -0.0269445 -0.00355279 -0.00711182 0.999904 -0.0118976 0.00628597 0.0268611 0.0120846 0.999566 -0.0012728 0.0 0.0 0.0 1.0
office/seq-01/color/frame-000625.color.png office/seq-01/color/frame-000628.color.png 0.999948 -0.00322255 -0.00966015 -0.019663 0.0030814 0.999889 -0.0145932 -0.00377375 0.00970609 0.0145628 0.999847 0.018325 0.0 0.0 0.0 1.0
office/seq-01/color/frame-000628.color.png office/seq-01/color/frame-000631.color.png 0.999829 -0.00996672 -0.0155451 -0.0350269 0.00981812 0.999906 -0.00960633 -0.0283796 0.0156394 0.00945202 0.999833 0.0118028 0.0 0.0 0.0 1.0
office/seq-01/color/frame-000631.color.png office/seq-01/color/frame-000634.color.png 0.999959 0.0061853 -0.00667994 -0.0171987 -0.00639813 0.999457 -0.0323233 0.0432896 0.00647636 0.0323647 0.999455 0.0543095 0.0 0.0 0.0 1.0
office/seq-01/color/frame-000634.color.png office/seq-01/color/frame-000637.color.png 0.999941 -0.0107197 -0.00164162 -0.044976 0.010687 0.999766 -0.0187833 -0.00362515 0.00184259 0.0187646 0.999822 0.0330477 0.0 0.0 0.0 1.0
office/seq-01/color/frame-000637.color.png office/seq-01/color/frame-000640.color.png 0.999866 0.00634467 0.015077 -0.0615687 -0.00601513 0.999744 -0.0218054 0.0216712 -0.0152114 0.0217118 0.999649 0.0680086 0.0 0.0 0.0 1.0
office/seq-01/color/frame-000640.color.png office/seq-01/color/frame-000643.color.png 0.999942 -0.00402503 -0.00994851 -0.0138177 0.00387144 0.999874 -0.0154119 0.00974071 0.0100093 0.0153726 0.999832 0.0222679 0.0 0.0 0.0 1.0
office/seq-01/color/frame-000643.color.png office/seq-01/color/frame-000646.color.png 0.999969 0.000115402 0.007927 -0.0509547 6.66109e-05 0.999736 -0.0229587 0.0228208 -0.00792759 0.0229585 0.999705 0.0531954 0.0 0.0 0.0 1.0
office/seq-01/color/frame-000646.color.png office/seq-01/color/frame-000649.color.png 0.999858 0.00886062 0.0143165 -0.0294334 -0.00866889 0.999873 -0.0133991 0.0222569 -0.0144334 0.0132731 0.999808 0.0457926 0.0 0.0 0.0 1.0
office/seq-01/color/frame-000649.color.png office/seq-01/color/frame-000652.color.png 0.999926 -0.0121862 0.00024793 -0.028613 0.0121886 0.999807 -0.01541 0.00619435 -6.01017e-05 0.0154118 0.999881 0.0315899 0.0 0.0 0.0 1.0
office/seq-01/color/frame-000652.color.png office/seq-01/color/frame-000655.color.png 0.999943 -0.000698631 0.0106652 -0.0357527 0.000870428 0.99987 -0.0161172 0.0132157 -0.0106525 0.0161255 0.999813 0.0495738 0.0 0.0 0.0 1.0
office/seq-01/color/frame-000655.color.png office/seq-01/color/frame-000658.color.png 0.999471 0.0137827 0.0294684 -0.0551869 -0.0134279 0.999835 -0.0122007 0.0153955 -0.0296317 0.0117985 0.999491 0.0813424 0.0 0.0 0.0 1.0
office/seq-01/color/frame-000658.color.png office/seq-01/color/frame-000661.color.png 0.999723 0.00809065 0.0220825 -0.0573543 -0.00712034 0.999021 -0.0436712 0.0877981 -0.0224143 0.0435019 0.998802 0.0645724 0.0 0.0 0.0 1.0
office/seq-01/color/frame-000661.color.png office/seq-01/color/frame-000664.color.png 0.999956 -0.00454756 0.00823147 -0.0199434 0.00475466 0.999668 -0.0253157 0.0262595 -0.00811361 0.0253537 0.999646 0.0389841 0.0 0.0 0.0 1.0
office/seq-01/color/frame-000664.color.png office/seq-01/color/frame-000667.color.png 0.999923 -0.00360594 0.0118864 -0.0213617 0.00387599 0.999733 -0.022775 0.0113666 -0.0118011 0.0228193 0.99967 0.049299 0.0 0.0 0.0 1.0
office/seq-01/color/frame-000667.color.png office/seq-01/color/frame-000670.color.png 0.999871 -0.000200666 0.0160298 -0.0324981 0.000563557 0.999744 -0.0226386 0.0121655 -0.0160211 0.0226448 0.999615 0.0508989 0.0 0.0 0.0 1.0
office/seq-01/color/frame-000670.color.png office/seq-01/color/frame-000673.color.png 0.999996 -0.00165452 0.00212714 -0.00669813 0.00167419 0.999955 -0.00928667 0.00306338 -0.00211172 0.0092902 0.999955 0.0202307 0.0 0.0 0.0 1.0
office/seq-01/color/frame-000673.color.png office/seq-01/color/frame-000676.color.png 0.999941 -0.0092284 0.00572356 -0.0317004 0.00937409 0.999619 -0.0259728 0.0125011 -0.00548165 0.0260249 0.999646 0.0523321 0.0 0.0 0.0 1.0
office/seq-01/color/frame-000676.color.png office/seq-01/color/frame-000679.color.png 0.999383 0.00520012 0.0347449 -0.0892416 -0.00442619 0.999741 -0.0223139 0.0304751 -0.034852 0.0221464 0.999147 0.0809058 0.0 0.0 0.0 1.0
office/seq-01/color/frame-000679.color.png office/seq-01/color/frame-000682.color.png 0.999963 -0.00854454 -0.000252803 -0.00532734 0.0085382 0.999784 -0.018946 0.00939113 0.000414655 0.0189432 0.999821 0.0122361 0.0 0.0 0.0 1.0
office/seq-01/color/frame-000682.color.png office/seq-01/color/frame-000685.color.png 0.999597 0.00804989 0.0272355 -0.0402287 -0.00773785 0.999903 -0.0115431 0.00563586 -0.0273259 0.0113277 0.999562 0.0503407 0.0 0.0 0.0 1.0
office/seq-01/color/frame-000685.color.png office/seq-01/color/frame-000688.color.png 0.999929 -0.0018452 0.0117512 -0.0314164 0.00197839 0.999934 -0.0113325 0.00630462 -0.0117295 0.011355 0.999867 0.0296364 0.0 0.0 0.0 1.0
office/seq-01/color/frame-000688.color.png office/seq-01/color/frame-000691.color.png 0.999402 0.000900194 0.0345511 -0.0802218 -0.000763332 0.999992 -0.00397391 -0.00561202 -0.0345543 0.00394518 0.999395 0.0537299 0.0 0.0 0.0 1.0
office/seq-01/color/frame-000691.color.png office/seq-01/color/frame-000694.color.png 0.999999 -0.000376436 0.00169987 -0.00274032 0.000396193 0.999932 -0.0116439 0.0037325 -0.00169544 0.0116445 0.999931 0.0186262 0.0 0.0 0.0 1.0
office/seq-01/color/frame-000694.color.png office/seq-01/color/frame-000697.color.png 0.99993 0.000371834 0.0118608 -0.023287 -0.000214781 0.999912 -0.0132386 0.0124646 -0.0118647 0.0132351 0.999842 0.021549 0.0 0.0 0.0 1.0
office/seq-01/color/frame-000697.color.png office/seq-01/color/frame-000700.color.png 0.999979 -0.00447402 0.0047377 -0.0222362 0.00453426 0.999908 -0.012785 -0.00569385 -0.00468005 0.0128063 0.999907 0.00661016 0.0 0.0 0.0 1.0
office/seq-01/color/frame-000700.color.png office/seq-01/color/frame-000703.color.png 0.999829 -0.00157358 -0.0184221 0.0295655 0.00152238 0.999995 -0.00279223 0.00182199 0.0184265 0.00276371 0.999827 -0.0330261 0.0 0.0 0.0 1.0
office/seq-01/color/frame-000703.color.png office/seq-01/color/frame-000706.color.png 0.999936 -0.00599411 -0.00957501 -0.00941867 0.00634281 0.999302 0.0368107 -0.0603848 0.00934763 -0.0368691 0.999276 -0.0529273 0.0 0.0 0.0 1.0
office/seq-01/color/frame-000706.color.png office/seq-01/color/frame-000709.color.png 0.999859 -0.00474438 -0.0161336 0.00963587 0.0053278 0.999326 0.0363145 -0.0370015 0.0159505 -0.0363953 0.99921 -0.0441185 0.0 0.0 0.0 1.0
office/seq-01/color/frame-000709.color.png office/seq-01/color/frame-000712.color.png 0.999821 0.0174879 -0.00715576 0.0212204 -0.0172157 0.999186 0.0364672 -0.0184083 0.00778765 -0.0363375 0.999309 -0.0422387 0.0 0.0 0.0 1.0
office/seq-01/color/frame-000712.color.png office/seq-01/color/frame-000715.color.png 0.999806 0.0170473 -0.0099161 0.0274968 -0.016768 0.999478 0.0275971 -0.000167668 0.0103814 -0.0274254 0.99957 -0.0395819 0.0 0.0 0.0 1.0
office/seq-01/color/frame-000715.color.png office/seq-01/color/frame-000718.color.png 0.999441 0.0121175 -0.0311488 0.0688103 -0.0112575 0.999555 0.027641 -0.00242996 0.0314699 -0.0272749 0.999132 -0.0845436 0.0 0.0 0.0 1.0
office/seq-01/color/frame-000718.color.png office/seq-01/color/frame-000721.color.png 0.999846 0.0140233 -0.0105254 0.0280729 -0.0138175 0.999717 0.0193698 0.00433058 0.0107941 -0.0192214 0.999757 -0.0398631 0.0 0.0 0.0 1.0
office/seq-01/color/frame-000721.color.png office/seq-01/color/frame-000724.color.png 0.999691 0.00762321 -0.0236481 0.0374398 -0.00675847 0.999313 0.0364348 -0.0152113 0.0239096 -0.0362638 0.999056 -0.0786898 0.0 0.0 0.0 1.0
office/seq-01/color/frame-000724.color.png office/seq-01/color/frame-000727.color.png 0.998982 0.0165764 -0.0419572 0.0876247 -0.0152717 0.999396 0.0312266 -0.0138125 0.0424494 -0.030554 0.998631 -0.0898288 0.0 0.0 0.0 1.0
office/seq-01/color/frame-000727.color.png office/seq-01/color/frame-000730.color.png 0.997437 0.0312623 -0.0643605 0.131721 -0.0291826 0.999029 0.0330034 0.0174842 0.0653297 -0.0310407 0.997381 -0.109962 0.0 0.0 0.0 1.0
office/seq-01/color/frame-000730.color.png office/seq-01/color/frame-000733.color.png 0.996572 0.0167943 -0.0810065 0.113371 -0.0143317 0.99942 0.030887 -0.0104964 0.0814783 -0.0296201 0.996235 -0.113076 0.0 0.0 0.0 1.0
office/seq-01/color/frame-000733.color.png office/seq-01/color/frame-000736.color.png 0.996982 0.0230349 -0.0741296 0.100456 -0.020892 0.999345 0.0295538 -0.00520301 0.0747618 -0.027916 0.996811 -0.0950255 0.0 0.0 0.0 1.0
office/seq-01/color/frame-000736.color.png office/seq-01/color/frame-000739.color.png 0.997989 0.0205128 -0.0599752 0.0947365 -0.0188835 0.99944 0.0276069 -0.00994056 0.0605079 -0.0264188 0.997818 -0.0849394 0.0 0.0 0.0 1.0
office/seq-01/color/frame-000739.color.png office/seq-01/color/frame-000742.color.png 0.998756 -0.000487379 -0.049854 0.0541016 0.00146065 0.999809 0.0194878 0.00985879 0.049835 -0.0195364 0.998566 -0.0655105 0.0 0.0 0.0 1.0
office/seq-01/color/frame-000742.color.png office/seq-01/color/frame-000745.color.png 0.998571 0.0143171 -0.0514947 0.0682806 -0.013405 0.999748 0.018015 0.0135767 0.0517397 -0.0172989 0.998511 -0.0539844 0.0 0.0 0.0 1.0
office/seq-01/color/frame-000745.color.png office/seq-01/color/frame-000748.color.png 0.998903 0.0220035 -0.0413261 0.0664064 -0.0208373 0.999378 0.0284419 -0.0219069 0.0419262 -0.0275497 0.998741 -0.0402449 0.0 0.0 0.0 1.0
office/seq-01/color/frame-000748.color.png office/seq-01/color/frame-000751.color.png 0.999319 0.0136652 -0.0342784 0.0605185 -0.0132074 0.999821 0.0135449 0.00139749 0.0344574 -0.0130829 0.999321 -0.0156974 0.0 0.0 0.0 1.0
office/seq-01/color/frame-000751.color.png office/seq-01/color/frame-000754.color.png 0.999133 0.0107094 -0.0402295 0.0587264 -0.0103783 0.999911 0.00843053 0.00554234 0.0403161 -0.00800576 0.999155 -0.0300935 0.0 0.0 0.0 1.0
office/seq-01/color/frame-000754.color.png office/seq-01/color/frame-000757.color.png 0.998987 0.025187 -0.0372779 0.057291 -0.024717 0.99961 0.0130171 0.0140439 0.0375913 -0.0120825 0.99922 -0.033259 0.0 0.0 0.0 1.0
office/seq-01/color/frame-000757.color.png office/seq-01/color/frame-000760.color.png 0.997062 0.0312228 -0.0699459 0.118381 -0.0302798 0.999436 0.0145022 0.0190747 0.0703592 -0.0123416 0.997445 -0.0542325 0.0 0.0 0.0 1.0
office/seq-01/color/frame-000760.color.png office/seq-01/color/frame-000763.color.png 0.999148 0.0225161 -0.0345914 0.0537266 -0.0223167 0.999732 0.00614062 0.0200729 0.0347203 -0.00536337 0.999383 -0.0326637 0.0 0.0 0.0 1.0
office/seq-01/color/frame-000763.color.png office/seq-01/color/frame-000766.color.png 0.996978 0.026089 -0.0731765 0.113966 -0.0239809 0.999276 0.0295406 -0.0106249 0.0738943 -0.0276965 0.996881 -0.0775896 0.0 0.0 0.0 1.0
office/seq-01/color/frame-000766.color.png office/seq-01/color/frame-000769.color.png 0.998796 0.0241542 -0.042697 0.0720112 -0.0236199 0.999637 0.0129753 0.0114458 0.0429948 -0.0119511 0.999004 -0.0499029 0.0 0.0 0.0 1.0
office/seq-01/color/frame-000769.color.png office/seq-01/color/frame-000772.color.png 0.999048 0.018107 -0.0396827 0.066334 -0.0177154 0.999791 0.0101974 0.00546336 0.0398591 -0.00948474 0.99916 -0.0363709 0.0 0.0 0.0 1.0
office/seq-01/color/frame-000772.color.png office/seq-01/color/frame-000775.color.png 0.998299 0.0239051 -0.0531775 0.0788257 -0.0223827 0.999328 0.0290388 -0.0180261 0.053836 -0.0277993 0.998163 -0.0626426 0.0 0.0 0.0 1.0
office/seq-01/color/frame-000775.color.png office/seq-01/color/frame-000778.color.png 0.999413 0.0144457 -0.0310547 0.0516977 -0.0139889 0.999791 0.0148804 -0.00471967 0.0312632 -0.0144372 0.999407 -0.03846 0.0 0.0 0.0 1.0
office/seq-01/color/frame-000778.color.png office/seq-01/color/frame-000781.color.png 0.998812 0.0181402 -0.0452252 0.0671167 -0.0172554 0.999654 0.0198785 -0.00694352 0.0455699 -0.0190745 0.998779 -0.0607963 0.0 0.0 0.0 1.0
office/seq-01/color/frame-000781.color.png office/seq-01/color/frame-000784.color.png 0.998718 0.0199354 -0.0465293 0.0761102 -0.0190186 0.999618 0.0200668 -0.00815082 0.0469115 -0.0191562 0.998715 -0.0580965 0.0 0.0 0.0 1.0
office/seq-01/color/frame-000784.color.png office/seq-01/color/frame-000787.color.png 0.998662 0.0177946 -0.0485482 0.061782 -0.0174322 0.999817 0.00787597 0.0111653 0.0486797 -0.00701918 0.99879 -0.0465406 0.0 0.0 0.0 1.0
office/seq-01/color/frame-000787.color.png office/seq-01/color/frame-000790.color.png 0.999341 0.00125766 -0.0362741 0.0430605 -0.000796915 0.999919 0.0127164 -0.0105113 0.0362871 -0.012679 0.999261 -0.0384312 0.0 0.0 0.0 1.0
office/seq-01/color/frame-000790.color.png office/seq-01/color/frame-000793.color.png 0.998933 0.019354 -0.0419282 0.0757639 -0.0188676 0.99975 0.0119638 -0.0138864 0.0421493 -0.01116 0.999049 -0.0310557 0.0 0.0 0.0 1.0
office/seq-01/color/frame-000793.color.png office/seq-01/color/frame-000796.color.png 0.999625 0.0253639 -0.0103109 0.0312868 -0.0255011 0.999585 -0.0133991 0.0175892 0.00996677 0.0136569 0.999857 0.0183365 0.0 0.0 0.0 1.0
office/seq-01/color/frame-000796.color.png office/seq-01/color/frame-000799.color.png 0.999466 0.0260271 -0.0197339 0.0378611 -0.0258929 0.99964 0.00703215 0.0007236 0.0199098 -0.00651737 0.99978 -0.00444019 0.0 0.0 0.0 1.0
office/seq-01/color/frame-000799.color.png office/seq-01/color/frame-000802.color.png 0.998778 0.0305797 -0.0388197 0.0797851 -0.0308293 0.999507 -0.00584715 0.020014 0.0386217 0.00703687 0.999229 -0.0243887 0.0 0.0 0.0 1.0
office/seq-01/color/frame-000802.color.png office/seq-01/color/frame-000805.color.png 0.999408 0.0193685 -0.028433 0.0396656 -0.0193835 0.999812 -0.000258906 -0.00191247 0.0284227 0.000809831 0.999596 -0.0263389 0.0 0.0 0.0 1.0
office/seq-01/color/frame-000805.color.png office/seq-01/color/frame-000808.color.png 0.998698 0.022423 -0.0458265 0.0717324 -0.02108 0.99934 0.0295835 -0.0224891 0.0464596 -0.028579 0.998511 -0.0323993 0.0 0.0 0.0 1.0
office/seq-01/color/frame-000808.color.png office/seq-01/color/frame-000811.color.png 0.999042 0.0299096 -0.0319558 0.0488585 -0.0296341 0.99952 0.00906602 0.00144541 0.0322116 -0.00811025 0.999448 -0.0310451 0.0 0.0 0.0 1.0
office/seq-01/color/frame-000811.color.png office/seq-01/color/frame-000814.color.png 0.998057 0.0169981 -0.0599423 0.0813317 -0.0169087 0.999855 0.00199585 0.00355583 0.0599676 -0.000978455 0.9982 -0.0428463 0.0 0.0 0.0 1.0
office/seq-01/color/frame-000814.color.png office/seq-01/color/frame-000817.color.png 0.998657 -0.00829725 -0.051133 0.0641408 0.00804058 0.999954 -0.00521969 0.00296754 0.051174 0.00480152 0.998678 -0.0367502 0.0 0.0 0.0 1.0
office/seq-01/color/frame-000817.color.png office/seq-01/color/frame-000820.color.png 0.999427 -0.00468102 -0.0335171 0.055151 0.00478652 0.999984 0.00306567 -0.0168401 0.0335022 -0.00322435 0.999433 0.00056994 0.0 0.0 0.0 1.0
office/seq-01/color/frame-000820.color.png office/seq-01/color/frame-000823.color.png 0.999602 0.0174116 -0.022181 0.0612127 -0.0176721 0.999777 -0.011596 0.0146297 0.0219741 0.0119834 0.999687 0.000247478 0.0 0.0 0.0 1.0
office/seq-01/color/frame-000823.color.png office/seq-01/color/frame-000826.color.png 0.99992 0.00332962 -0.0122091 0.0270861 -0.00339771 0.999979 -0.00557156 0.00544584 0.0121902 0.00561259 0.99991 0.0286647 0.0 0.0 0.0 1.0
office/seq-01/color/frame-000826.color.png office/seq-01/color/frame-000829.color.png 0.999955 0.00183216 -0.00935145 0.0256312 -0.00188958 0.999979 -0.00613294 -0.00561756 0.00934006 0.00615037 0.999938 0.0180979 0.0 0.0 0.0 1.0
office/seq-01/color/frame-000829.color.png office/seq-01/color/frame-000832.color.png 0.999632 -0.00833296 -0.0258194 0.0391148 0.00822484 0.999957 -0.00428882 -0.0250023 0.0258541 0.00407487 0.999657 -0.0150595 0.0 0.0 0.0 1.0
office/seq-01/color/frame-000832.color.png office/seq-01/color/frame-000835.color.png 0.998731 -0.0278475 -0.0419685 0.0512955 0.0287158 0.999383 0.0202284 -0.0747891 0.0413793 -0.0214079 0.998914 -0.0404642 0.0 0.0 0.0 1.0
office/seq-01/color/frame-000835.color.png office/seq-01/color/frame-000838.color.png 0.998973 -0.0066206 -0.0448145 0.0698403 0.00738276 0.99983 0.0168628 -0.0342336 0.0446953 -0.0171763 0.998853 -0.0422031 0.0 0.0 0.0 1.0
office/seq-01/color/frame-000838.color.png office/seq-01/color/frame-000841.color.png 0.997981 -0.0142832 -0.0618835 0.0698289 0.0158576 0.999561 0.0250222 -0.0492125 0.0614989 -0.025953 0.99777 -0.0705051 0.0 0.0 0.0 1.0
office/seq-01/color/frame-000841.color.png office/seq-01/color/frame-000844.color.png 0.998677 -0.0132949 -0.0496724 0.0690078 0.0143429 0.999681 0.0208034 -0.040751 0.04938 -0.0214883 0.998549 -0.0671964 0.0 0.0 0.0 1.0
office/seq-01/color/frame-000844.color.png office/seq-01/color/frame-000847.color.png 0.999414 -0.0225456 -0.0257447 0.0192227 0.0233843 0.99919 0.0327574 -0.0724865 0.0249853 -0.0333402 0.999132 -0.047397 0.0 0.0 0.0 1.0
office/seq-01/color/frame-000847.color.png office/seq-01/color/frame-000850.color.png 0.999346 -0.0358661 0.00455928 -0.0252891 0.0358222 0.999314 0.00938533 -0.053055 -0.00489276 -0.00921588 0.999946 0.0033164 0.0 0.0 0.0 1.0
office/seq-01/color/frame-000850.color.png office/seq-01/color/frame-000853.color.png 0.9986 -0.052518 -0.00631338 -0.00825262 0.0525369 0.998615 0.00285242 -0.0196785 0.00615484 -0.00318011 0.999976 -0.00128734 0.0 0.0 0.0 1.0
office/seq-01/color/frame-000853.color.png office/seq-01/color/frame-000856.color.png 0.999265 -0.0368557 0.0105535 -0.0400853 0.0366666 0.999173 0.0175887 -0.0598435 -0.011193 -0.0171888 0.99979 -0.0157238 0.0 0.0 0.0 1.0
office/seq-01/color/frame-000856.color.png office/seq-01/color/frame-000859.color.png 0.999565 -0.0259715 -0.0139439 0.00700343 0.0265249 0.998803 0.0410888 -0.0783426 0.0128601 -0.0414408 0.999058 -0.0306399 0.0 0.0 0.0 1.0
office/seq-01/color/frame-000859.color.png office/seq-01/color/frame-000862.color.png 0.999968 -0.00620419 -0.0050663 0.0312722 0.00632937 0.999666 0.0250743 -0.0327306 0.00490904 -0.0251055 0.999673 -0.0911934 0.0 0.0 0.0 1.0
office/seq-01/color/frame-000862.color.png office/seq-01/color/frame-000865.color.png 0.999971 -0.00640649 -0.00404055 0.0068903 0.00643649 0.999951 0.00746855 0.00380009 0.0039925 -0.00749433 0.999964 -0.0551959 0.0 0.0 0.0 1.0
office/seq-01/color/frame-000865.color.png office/seq-01/color/frame-000868.color.png 0.999486 -0.011397 -0.0299519 0.0442563 0.0119605 0.999753 0.0187009 -0.0158295 0.0297314 -0.0190495 0.999376 -0.106629 0.0 0.0 0.0 1.0
office/seq-01/color/frame-000868.color.png office/seq-01/color/frame-000871.color.png 0.999766 0.0120353 -0.0179875 0.0293561 -0.0116081 0.999652 0.0236741 0.00705826 0.0182661 -0.0234598 0.999558 -0.083638 0.0 0.0 0.0 1.0
office/seq-01/color/frame-000871.color.png office/seq-01/color/frame-000874.color.png 0.999979 0.00456789 -0.00469206 0.00735557 -0.00450586 0.999904 0.0131203 0.0120309 0.00475152 -0.0130989 0.999903 -0.0598382 0.0 0.0 0.0 1.0
office/seq-01/color/frame-000874.color.png office/seq-01/color/frame-000877.color.png 0.999999 -0.000655548 -0.00153683 -0.00334251 0.000668761 0.999963 0.00854346 0.028088 0.00153118 -0.00854447 0.999962 -0.0353364 0.0 0.0 0.0 1.0
office/seq-01/color/frame-000877.color.png office/seq-01/color/frame-000880.color.png 0.999917 0.0127403 -0.0020812 0.0125959 -0.0127539 0.999897 -0.0066276 0.0503416 0.00199654 0.0066536 0.999976 -0.0396475 0.0 0.0 0.0 1.0
office/seq-01/color/frame-000880.color.png office/seq-01/color/frame-000883.color.png 0.999898 -0.00805842 0.0117687 -0.0210763 0.00823298 0.999856 -0.0148584 0.0304984 -0.0116473 0.0149538 0.99982 -0.000961423 0.0 0.0 0.0 1.0
office/seq-01/color/frame-000883.color.png office/seq-01/color/frame-000886.color.png 0.999353 -0.0221721 0.0283344 -0.0352144 0.0224311 0.999709 -0.00885918 0.00392312 -0.0281297 0.00948901 0.999559 0.0132241 0.0 0.0 0.0 1.0
office/seq-01/color/frame-000886.color.png office/seq-01/color/frame-000889.color.png 0.998478 -0.0238464 0.0497275 -0.0490321 0.024451 0.999634 -0.0115863 0.00340897 -0.049433 0.0127845 0.998696 0.044721 0.0 0.0 0.0 1.0
office/seq-01/color/frame-000889.color.png office/seq-01/color/frame-000892.color.png 0.997665 -0.0200637 0.0652837 -0.0721263 0.0207001 0.999745 -0.009086 0.0100386 -0.0650847 0.0104162 0.997825 0.0916022 0.0 0.0 0.0 1.0
office/seq-01/color/frame-000892.color.png office/seq-01/color/frame-000895.color.png 0.995764 -0.0192686 0.0899017 -0.0682994 0.0203269 0.999734 -0.0108713 -0.000773966 -0.0896683 0.0126527 0.995891 0.0595149 0.0 0.0 0.0 1.0
office/seq-01/color/frame-000895.color.png office/seq-01/color/frame-000898.color.png 0.996908 -0.0231292 0.0750989 -0.0792538 0.0231736 0.999731 0.000281321 -0.00616997 -0.0750852 0.00145986 0.997176 0.0894384 0.0 0.0 0.0 1.0
office/seq-01/color/frame-000898.color.png office/seq-01/color/frame-000901.color.png 0.998938 -0.0119877 0.0444904 -0.0449677 0.0113319 0.999824 0.0149653 -0.0201423 -0.044662 -0.0144453 0.998898 0.0302345 0.0 0.0 0.0 1.0
office/seq-01/color/frame-000901.color.png office/seq-01/color/frame-000904.color.png 0.998917 -0.00988709 0.0454724 -0.0432451 0.00991615 0.999951 -0.000415439 -0.00243896 -0.0454661 0.000865921 0.998966 0.0247484 0.0 0.0 0.0 1.0
office/seq-01/color/frame-000904.color.png office/seq-01/color/frame-000907.color.png 0.999385 -0.00451846 0.0347889 -0.0377485 0.00507487 0.99986 -0.0159183 0.0255756 -0.034712 0.016085 0.999268 0.029476 0.0 0.0 0.0 1.0
office/seq-01/color/frame-000907.color.png office/seq-01/color/frame-000910.color.png 0.999417 -0.00581565 0.0336376 -0.0517235 0.00648311 0.999784 -0.0197691 0.0221303 -0.0335154 0.0199757 0.999238 0.0407527 0.0 0.0 0.0 1.0
office/seq-01/color/frame-000910.color.png office/seq-01/color/frame-000913.color.png 0.999048 -0.0124999 0.0417956 -0.0466957 0.0125194 0.999922 -0.000203952 -0.00946665 -0.0417897 0.000726964 0.999126 0.0147799 0.0 0.0 0.0 1.0
office/seq-01/color/frame-000913.color.png office/seq-01/color/frame-000916.color.png 0.997996 -0.0183995 0.0605437 -0.0670753 0.0191678 0.999743 -0.0121346 0.0207636 -0.060305 0.0132708 0.998092 0.0461001 0.0 0.0 0.0 1.0
office/seq-01/color/frame-000916.color.png office/seq-01/color/frame-000919.color.png 0.998379 -0.0158503 0.0546685 -0.0719 0.0166687 0.999755 -0.0145479 0.0294753 -0.0544244 0.0154355 0.998399 0.0485971 0.0 0.0 0.0 1.0
office/seq-01/color/frame-000919.color.png office/seq-01/color/frame-000922.color.png 0.998248 -0.0161946 0.0569125 -0.0721818 0.0156628 0.99983 0.00977885 -0.0242085 -0.0570613 -0.00887032 0.998331 0.0202321 0.0 0.0 0.0 1.0
office/seq-01/color/frame-000922.color.png office/seq-01/color/frame-000925.color.png 0.999283 -0.0129941 0.0355522 -0.0470561 0.0134372 0.999835 -0.0122545 0.0167687 -0.0353869 0.0127234 0.999293 0.0358307 0.0 0.0 0.0 1.0
office/seq-01/color/frame-000925.color.png office/seq-01/color/frame-000928.color.png 0.999164 -0.00942929 0.0397916 -0.0539826 0.00925177 0.999947 0.00464386 -0.00967929 -0.0398332 -0.00427186 0.999197 0.0121014 0.0 0.0 0.0 1.0
office/seq-01/color/frame-000928.color.png office/seq-01/color/frame-000931.color.png 0.999107 -0.0136549 0.0399781 -0.0570605 0.0146413 0.999593 -0.0244859 0.0375675 -0.0396275 0.0250494 0.9989 0.018011 0.0 0.0 0.0 1.0
office/seq-01/color/frame-000931.color.png office/seq-01/color/frame-000934.color.png 0.999763 -0.00690668 0.0206207 -0.0321503 0.0069959 0.999967 -0.00425635 0.00219721 -0.0205906 0.00439959 0.999778 0.013714 0.0 0.0 0.0 1.0
office/seq-01/color/frame-000934.color.png office/seq-01/color/frame-000937.color.png 0.999474 -0.0129159 0.0297513 -0.0478354 0.0132557 0.999849 -0.0112549 0.0133544 -0.0296012 0.0116434 0.999494 0.00727147 0.0 0.0 0.0 1.0
office/seq-01/color/frame-000937.color.png office/seq-01/color/frame-000940.color.png 0.999625 -0.00547104 0.026827 -0.0314212 0.00624853 0.99956 -0.0289834 0.0323686 -0.0266567 0.0291401 0.99922 0.025503 0.0 0.0 0.0 1.0
office/seq-01/color/frame-000940.color.png office/seq-01/color/frame-000943.color.png 0.999475 -0.0126631 0.0297999 -0.0372655 0.0128473 0.9999 -0.00599547 -0.00378805 -0.0297211 0.00637521 0.999538 0.0314876 0.0 0.0 0.0 1.0
office/seq-01/color/frame-000943.color.png office/seq-01/color/frame-000946.color.png 0.999771 -0.0109735 0.0183518 -0.0268629 0.0111521 0.999891 -0.00966034 -0.00246218 -0.0182438 0.00986276 0.999785 0.0250958 0.0 0.0 0.0 1.0
office/seq-01/color/frame-000946.color.png office/seq-01/color/frame-000949.color.png 0.999628 0.00752085 0.0262154 -0.0287932 -0.006888 0.999685 -0.0241475 0.0425792 -0.0263887 0.0239579 0.999365 0.0362799 0.0 0.0 0.0 1.0
office/seq-01/color/frame-000949.color.png office/seq-01/color/frame-000952.color.png 0.999793 0.00572896 0.01953 -0.0217646 -0.00533753 0.999785 -0.0200339 0.0255072 -0.0196407 0.0199255 0.999609 0.0317629 0.0 0.0 0.0 1.0
office/seq-01/color/frame-000952.color.png office/seq-01/color/frame-000955.color.png 0.999687 -0.00131082 0.0249967 -0.0338098 0.00167875 0.99989 -0.0147049 0.0143358 -0.0249746 0.0147422 0.999579 0.0293495 0.0 0.0 0.0 1.0
office/seq-01/color/frame-000955.color.png office/seq-01/color/frame-000958.color.png 0.999837 -0.00927172 0.0155191 -0.0308752 0.00937033 0.999936 -0.00629399 0.00445873 -0.0154597 0.00643838 0.99986 0.017492 0.0 0.0 0.0 1.0
office/seq-01/color/frame-000958.color.png office/seq-01/color/frame-000961.color.png 0.999933 0.0111848 0.00302064 -0.0240871 -0.0111945 0.999932 0.00322481 0.0165637 -0.00298435 -0.00325839 0.99999 -0.00837672 0.0 0.0 0.0 1.0
office/seq-01/color/frame-000961.color.png office/seq-01/color/frame-000964.color.png 0.999906 0.00850963 -0.0107157 -0.0134412 -0.0084678 0.999956 0.00394333 0.00859438 0.0107488 -0.00385228 0.999935 -0.0109484 0.0 0.0 0.0 1.0
office/seq-01/color/frame-000964.color.png office/seq-01/color/frame-000967.color.png 0.999941 0.00777953 -0.00752567 -0.0253048 -0.00790838 0.99982 -0.0172467 0.0303844 0.00739009 0.0173052 0.999823 0.0013774 0.0 0.0 0.0 1.0
office/seq-01/color/frame-000967.color.png office/seq-01/color/frame-000970.color.png 0.99999 0.00208482 -0.00406576 -0.0293477 -0.00207766 0.999996 0.001761 0.0121038 0.00406955 -0.00175257 0.99999 -0.011673 0.0 0.0 0.0 1.0
office/seq-01/color/frame-000970.color.png office/seq-01/color/frame-000973.color.png 0.999858 0.0113928 -0.012435 -0.0163038 -0.0114285 0.999931 -0.0027959 0.0244259 0.0124023 0.00293765 0.999919 -0.0306181 0.0 0.0 0.0 1.0
office/seq-01/color/frame-000973.color.png office/seq-01/color/frame-000976.color.png 0.999476 0.0226472 -0.0231458 -0.0207205 -0.0224253 0.9997 0.00980369 0.0161809 0.0233609 -0.00927948 0.999684 -0.0289096 0.0 0.0 0.0 1.0
office/seq-01/color/frame-000976.color.png office/seq-01/color/frame-000979.color.png 0.999886 0.00832891 -0.0125894 -0.0120929 -0.00833056 0.999965 -7.94408e-05 0.0153027 0.0125882 0.000184296 0.999921 -0.021127 0.0 0.0 0.0 1.0
office/seq-01/color/frame-000979.color.png office/seq-01/color/frame-000982.color.png 0.999851 0.00975728 -0.0142565 -0.0303141 -0.00973548 0.999951 0.0015952 0.0159217 0.0142714 -0.00145617 0.999897 -0.0280271 0.0 0.0 0.0 1.0
office/seq-01/color/frame-000982.color.png office/seq-01/color/frame-000985.color.png 0.9996 0.016434 -0.0230115 -0.0199404 -0.0165011 0.99986 -0.00273191 0.0209693 0.0229634 0.00311052 0.999731 -0.0368858 0.0 0.0 0.0 1.0
office/seq-01/color/frame-000985.color.png office/seq-01/color/frame-000988.color.png 0.99953 0.0111594 -0.0285609 -0.0140332 -0.0111401 0.999938 0.000836308 0.0115357 0.0285685 -0.000517733 0.999592 -0.0393815 0.0 0.0 0.0 1.0
office/seq-01/color/frame-000988.color.png office/seq-01/color/frame-000991.color.png 0.999757 0.00654335 -0.0210715 -0.0141417 -0.00663559 0.999969 -0.00431371 0.0179034 0.0210425 0.00445249 0.999769 -0.0240756 0.0 0.0 0.0 1.0
office/seq-01/color/frame-000991.color.png office/seq-01/color/frame-000994.color.png 0.999228 0.0149324 -0.0363383 -0.0080229 -0.0148664 0.999887 0.00208623 0.016743 0.0363654 -0.00154444 0.999337 -0.0447942 0.0 0.0 0.0 1.0
office/seq-01/color/frame-000994.color.png office/seq-01/color/frame-000997.color.png 0.9992 0.0164849 -0.0364439 -0.0194944 -0.01639 0.999861 0.00290284 0.017078 0.0364867 -0.00230315 0.999332 -0.0374595 0.0 0.0 0.0 1.0
