office/seq-05/color/frame-000000.color.png office/seq-05/color/frame-000003.color.png 0.999857 -0.00812053 0.0148619 0.00195941 0.00798607 0.999927 0.00908398 0.00484273 -0.0149346 -0.00896399 0.999848 0.0115702 0.0 0.0 0.0 1.0
office/seq-05/color/frame-000003.color.png office/seq-05/color/frame-000006.color.png 0.9999 -0.00033263 0.0141393 0.00319545 0.000177158 0.999939 0.0109956 0.00314567 -0.0141422 -0.010992 0.99984 0.0106163 0.0 0.0 0.0 1.0
office/seq-05/color/frame-000006.color.png office/seq-05/color/frame-000009.color.png 0.999782 0.000275056 0.0208765 0.00105149 -0.000721073 0.999772 0.02136 -0.00200933 -0.0208658 -0.0213704 0.999554 0.0340956 0.0 0.0 0.0 1.0
office/seq-05/color/frame-000009.color.png office/seq-05/color/frame-000012.color.png 0.999158 -0.0111136 0.0395012 -0.00142494 0.0104145 0.999786 0.0178603 -0.00776127 -0.0396913 -0.0174339 0.99906 0.0334334 0.0 0.0 0.0 1.0
office/seq-05/color/frame-000012.color.png office/seq-05/color/frame-000015.color.png 0.999243 -0.00830393 0.0379985 -0.0102416 0.00792802 0.999918 0.0100329 -0.00233272 -0.0380787 -0.00972403 0.999227 0.0421119 0.0 0.0 0.0 1.0
office/seq-05/color/frame-000015.color.png office/seq-05/color/frame-000018.color.png 0.999185 -0.0200508 0.0350362 -0.00739382 0.0195086 0.999686 0.0157505 -0.023298 -0.035341 -0.0150542 0.999262 0.0697256 0.0 0.0 0.0 1.0
office/seq-05/color/frame-000018.color.png office/seq-05/color/frame-000021.color.png 0.999858 -0.00148803 0.0167632 -0.00802688 0.00102916 0.999626 0.0273492 -0.0230579 -0.0167976 -0.027328 0.999485 0.0454468 0.0 0.0 0.0 1.0
office/seq-05/color/frame-000021.color.png office/seq-05/color/frame-000024.color.png 0.999697 0.00786606 0.0233086 0.00941903 -0.00804762 0.999938 0.00770563 -0.0116833 -0.0232465 -0.00789086 0.999699 0.0426473 0.0 0.0 0.0 1.0
office/seq-05/color/frame-000024.color.png office/seq-05/color/frame-000027.color.png 0.999811 0.01771 0.00801053 -0.00061448 -0.0178086 0.999764 0.0124094 -0.0260787 -0.00778887 -0.0125498 0.999891 0.051786 0.0 0.0 0.0 1.0
office/seq-05/color/frame-000027.color.png office/seq-05/color/frame-000030.color.png 0.999948 0.00505923 0.00882736 0.0240239 -0.00503384 0.999983 -0.00289693 -0.00207981 -0.00884186 0.00285234 0.999957 0.0466649 0.0 0.0 0.0 1.0
office/seq-05/color/frame-000030.color.png office/seq-05/color/frame-000033.color.png 0.999882 -0.0131465 0.00797977 0.0282583 0.0132569 0.999815 -0.0139437 -0.00298407 -0.00779501 0.0140478 0.999871 0.0504216 0.0 0.0 0.0 1.0
office/seq-05/color/frame-000033.color.png office/seq-05/color/frame-000036.color.png 0.999592 -0.0204781 0.0198983 0.0177491 0.0204134 0.999786 0.00345089 -0.00600177 -0.0199647 -0.0030433 0.999796 0.0608372 0.0 0.0 0.0 1.0
office/seq-05/color/frame-000036.color.png office/seq-05/color/frame-000039.color.png 0.999868 -0.0161034 0.00231454 0.0306481 0.0160943 0.999863 0.0039169 -0.0268579 -0.00237724 -0.00387912 0.99999 0.0560001 0.0 0.0 0.0 1.0
office/seq-05/color/frame-000039.color.png office/seq-05/color/frame-000042.color.png 1.0 -0.000472748 0.000202491 0.0221545 0.000472385 0.999998 0.00174481 -0.00231365 -0.000203299 -0.00174471 0.999998 0.0432895 0.0 0.0 0.0 1.0
office/seq-05/color/frame-000042.color.png office/seq-05/color/frame-000045.color.png 0.999949 -0.00436641 0.00912793 0.0219615 0.00435277 0.999989 0.00151541 -0.0117367 -0.00913445 -0.00147563 0.999957 0.0643765 0.0 0.0 0.0 1.0
office/seq-05/color/frame-000045.color.png office/seq-05/color/frame-000048.color.png 0.999899 0.00474054 0.0133903 0.0128489 -0.00466554 0.999973 -0.00562661 -0.00193356 -0.0134167 0.00556355 0.999895 0.0389078 0.0 0.0 0.0 1.0
office/seq-05/color/frame-000048.color.png office/seq-05/color/frame-000051.color.png 0.999614 0.00514151 0.0273032 0.0120523 -0.00531582 0.999966 0.00631595 -0.00994661 -0.0272698 -0.00645865 0.999607 0.0732712 0.0 0.0 0.0 1.0
office/seq-05/color/frame-000051.color.png office/seq-05/color/frame-000054.color.png 0.999769 -0.00406219 0.0211255 0.00284635 0.00397681 0.999984 0.00408176 -0.00350615 -0.0211417 -0.00399678 0.999769 0.0573715 0.0 0.0 0.0 1.0
office/seq-05/color/frame-000054.color.png office/seq-05/color/frame-000057.color.png 0.999082 -0.013529 0.0406473 -0.0161165 0.0130573 0.999845 0.0118476 -0.0247662 -0.0408013 -0.011306 0.999103 0.0821944 0.0 0.0 0.0 1.0
office/seq-05/color/frame-000057.color.png office/seq-05/color/frame-000060.color.png 0.99968 0.00188502 0.0252138 -0.0139073 -0.00219284 0.999923 0.0121864 -0.019673 -0.0251889 -0.0122378 0.999608 0.0735301 0.0 0.0 0.0 1.0
office/seq-05/color/frame-000060.color.png office/seq-05/color/frame-000063.color.png 0.99992 0.00247981 0.01237 0.00366443 -0.00256543 0.999973 0.00691126 -0.0170491 -0.0123524 -0.00694244 0.9999 0.0538585 0.0 0.0 0.0 1.0
office/seq-05/color/frame-000063.color.png office/seq-05/color/frame-000066.color.png 0.999893 -0.00497406 0.0137668 -0.00771531 0.00470567 0.9998 0.0194597 -0.0280852 -0.0138608 -0.0193929 0.999716 0.0476973 0.0 0.0 0.0 1.0
office/seq-05/color/frame-000066.color.png office/seq-05/color/frame-000069.color.png 0.999934 0.00541491 0.0101286 -0.000249624 -0.00564928 0.999713 0.0232578 -0.0438232 -0.00999983 -0.0233135 0.999678 0.0467871 0.0 0.0 0.0 1.0
office/seq-05/color/frame-000069.color.png office/seq-05/color/frame-000072.color.png 0.999994 0.00325385 0.000751368 0.012928 -0.0032675 0.999816 0.0189239 -0.0355106 -0.000689626 -0.0189263 0.999821 0.0377713 0.0 0.0 0.0 1.0
office/seq-05/color/frame-000072.color.png office/seq-05/color/frame-000075.color.png 0.999923 0.0107517 -0.00615793 0.0171078 -0.0106054 0.999672 0.023309 -0.0390262 0.00640653 -0.0232419 0.999709 0.0347539 0.0 0.0 0.0 1.0
office/seq-05/color/frame-000075.color.png office/seq-05/color/frame-000078.color.png 0.999959 -0.00132883 -0.00893177 0.0217065 0.00139721 0.99997 0.00765226 -0.00893855 0.00892142 -0.00766439 0.999931 0.0383222 0.0 0.0 0.0 1.0
office/seq-05/color/frame-000078.color.png office/seq-05/color/frame-000081.color.png 0.999822 -0.0184066 -0.0041115 0.0189948 0.0184898 0.999604 0.0212208 -0.0412506 0.00371903 -0.0212931 0.999766 0.0387111 0.0 0.0 0.0 1.0
office/seq-05/color/frame-000081.color.png office/seq-05/color/frame-000084.color.png 0.999924 -0.0105813 -0.00631159 0.0241984 0.0106341 0.999908 0.00837907 -0.0284972 0.0062225 -0.00844548 0.999945 0.0371263 0.0 0.0 0.0 1.0
office/seq-05/color/frame-000084.color.png office/seq-05/color/frame-000087.color.png 0.999974 -0.00712408 -0.000655985 0.0138797 0.00713248 0.99988 0.0137853 -0.0441041 0.000557725 -0.0137897 0.999905 0.0352765 0.0 0.0 0.0 1.0
office/seq-05/color/frame-000087.color.png office/seq-05/color/frame-000090.color.png 0.999974 -0.000661727 0.00724807 -0.00941172 0.000628999 0.99999 0.00451326 -0.023346 -0.007251 -0.00450861 0.999964 0.0441941 0.0 0.0 0.0 1.0
office/seq-05/color/frame-000090.color.png office/seq-05/color/frame-000093.color.png 0.999977 0.00546218 -0.00411588 0.00789794 -0.00543851 0.999969 0.00574604 -0.0148827 0.00414721 -0.00572354 0.999975 0.0282714 0.0 0.0 0.0 1.0
office/seq-05/color/frame-000093.color.png office/seq-05/color/frame-000096.color.png 0.999861 0.0165102 0.00225682 -0.00516513 -0.0165071 0.999863 -0.00142839 0.000845611 -0.00228015 0.00139096 0.999996 0.032195 0.0 0.0 0.0 1.0
office/seq-05/color/frame-000096.color.png office/seq-05/color/frame-000099.color.png 0.999931 0.0108447 0.00458572 -0.0168031 -0.0108196 0.999926 -0.00546746 0.00279185 -0.00464459 0.00541747 0.999975 0.0319674 0.0 0.0 0.0 1.0
office/seq-05/color/frame-000099.color.png office/seq-05/color/frame-000102.color.png 0.999945 0.00476989 0.00935276 -0.029869 -0.00473786 0.999983 -0.00344644 0.000525773 -0.00936909 0.00340188 0.99995 0.0252026 0.0 0.0 0.0 1.0
office/seq-05/color/frame-000102.color.png office/seq-05/color/frame-000105.color.png 0.999888 0.0123961 0.00833962 -0.0335227 -0.012205 0.99967 -0.0225908 0.0430547 -0.00861694 0.0224864 0.99971 0.0340776 0.0 0.0 0.0 1.0
office/seq-05/color/frame-000105.color.png office/seq-05/color/frame-000108.color.png 0.999776 -0.00134177 0.0211181 -0.0659225 0.00138252 0.999997 -0.00191485 -0.0121734 -0.0211154 0.00194368 0.999775 0.0364704 0.0 0.0 0.0 1.0
office/seq-05/color/frame-000108.color.png office/seq-05/color/frame-000111.color.png 0.999917 -0.00896815 0.00927086 -0.0349366 0.0090262 0.99994 -0.00623777 0.0121221 -0.00921439 0.00632095 0.999938 0.0160831 0.0 0.0 0.0 1.0
office/seq-05/color/frame-000111.color.png office/seq-05/color/frame-000114.color.png 0.999851 -0.00978474 0.0142344 -0.0588334 0.00985811 0.999938 -0.00509481 0.0142407 -0.0141838 0.00523437 0.999886 0.0284257 0.0 0.0 0.0 1.0
office/seq-05/color/frame-000114.color.png office/seq-05/color/frame-000117.color.png 0.999925 -0.0094883 0.00771096 -0.0348819 0.00942028 0.999917 0.00880782 -0.0177416 -0.00779385 -0.00873454 0.999931 0.0108138 0.0 0.0 0.0 1.0
office/seq-05/color/frame-000117.color.png office/seq-05/color/frame-000120.color.png 0.999956 -0.00932252 -0.00101369 -0.0365799 0.00933079 0.99992 0.0085257 -0.01811 0.000934153 -0.00853477 0.999963 0.0171723 0.0 0.0 0.0 1.0
office/seq-05/color/frame-000120.color.png office/seq-05/color/frame-000123.color.png 0.999996 -0.000856493 -0.00269294 -0.0149345 0.000870004 0.999987 0.0050145 -0.00645927 0.00268866 -0.00501678 0.999984 0.003775 0.0 0.0 0.0 1.0
office/seq-05/color/frame-000123.color.png office/seq-05/color/frame-000126.color.png 0.99998 0.00246631 -0.00591468 -0.0240148 -0.00241395 0.999958 0.00883817 -0.0204102 0.00593624 -0.00882365 0.999943 0.0114727 0.0 0.0 0.0 1.0
office/seq-05/color/frame-000126.color.png office/seq-05/color/frame-000129.color.png 0.999899 0.00542369 -0.0131195 0.00349365 -0.00541676 0.999985 0.000562083 0.00262433 0.0131222 -0.000490965 0.999914 0.00252795 0.0 0.0 0.0 1.0
office/seq-05/color/frame-000129.color.png office/seq-05/color/frame-000132.color.png 0.999827 0.0134023 -0.0129151 -0.0224638 -0.0131338 0.9997 0.0206518 -0.0523158 0.013188 -0.0204786 0.999703 0.0179434 0.0 0.0 0.0 1.0
office/seq-05/color/frame-000132.color.png office/seq-05/color/frame-000135.color.png 0.999587 0.015296 -0.0243394 0.0209 -0.0151502 0.999866 0.00616363 -0.0118595 0.0244304 -0.00579238 0.999685 -0.00366199 0.0 0.0 0.0 1.0
office/seq-05/color/frame-000135.color.png office/seq-05/color/frame-000138.color.png 0.999551 0.00217356 -0.0299002 0.0332504 -0.00202011 0.999985 0.0051618 -0.00850925 0.0299109 -0.00509903 0.99954 -0.00851166 0.0 0.0 0.0 1.0
office/seq-05/color/frame-000138.color.png office/seq-05/color/frame-000141.color.png 0.999421 0.0100286 -0.0325203 0.0392844 -0.0100791 0.999948 -0.00138726 -0.00552672 0.0325047 0.00171419 0.99947 -0.00609457 0.0 0.0 0.0 1.0
office/seq-05/color/frame-000141.color.png office/seq-05/color/frame-000144.color.png 0.999725 0.00659864 -0.0225112 0.0247018 -0.00681939 0.999929 -0.00974362 0.0250182 0.0224454 0.00989447 0.999699 -0.00541639 0.0 0.0 0.0 1.0
office/seq-05/color/frame-000144.color.png office/seq-05/color/frame-000147.color.png 0.999312 0.00367324 -0.0369161 0.0480576 -0.00373228 0.999992 -0.00153087 0.00913996 0.0369102 0.0016676 0.999317 -0.0131568 0.0 0.0 0.0 1.0
office/seq-05/color/frame-000147.color.png office/seq-05/color/frame-000150.color.png 0.999727 0.00818716 -0.0219012 -0.00386473 -0.00804427 0.999946 0.00660457 -0.00964817 0.021954 -0.00642658 0.999738 0.0117007 0.0 0.0 0.0 1.0
office/seq-05/color/frame-000150.color.png office/seq-05/color/frame-000153.color.png 0.998958 0.000142324 -0.0456376 0.0663551 0.000229604 0.999967 0.0081443 -0.00700372 0.0456373 -0.00814631 0.998925 0.00273228 0.0 0.0 0.0 1.0
office/seq-05/color/frame-000153.color.png office/seq-05/color/frame-000156.color.png 0.999077 0.00175078 -0.042922 0.062309 -0.00130381 0.999945 0.010439 -0.0174088 0.0429379 -0.0103734 0.999024 0.006917 0.0 0.0 0.0 1.0
office/seq-05/color/frame-000156.color.png office/seq-05/color/frame-000159.color.png 0.999516 0.00656003 -0.0304017 0.0399352 -0.00654252 0.999978 0.000675876 -0.00915414 0.0304054 -0.00047672 0.999537 0.0111649 0.0 0.0 0.0 1.0
office/seq-05/color/frame-000159.color.png office/seq-05/color/frame-000162.color.png 0.999603 0.00514278 -0.0277143 0.0498862 -0.00529165 0.999972 -0.00530158 0.00713533 0.0276863 0.00544616 0.999602 0.0127299 0.0 0.0 0.0 1.0
office/seq-05/color/frame-000162.color.png office/seq-05/color/frame-000165.color.png 0.999573 0.00914761 -0.027765 0.0504586 -0.0092914 0.999944 -0.00505332 0.00528824 0.0277173 0.00530913 0.999602 0.0146098 0.0 0.0 0.0 1.0
office/seq-05/color/frame-000165.color.png office/seq-05/color/frame-000168.color.png 0.999622 0.00806689 -0.0262753 0.047913 -0.00816894 0.99996 -0.00377929 0.00926861 0.0262438 0.00399251 0.999647 0.0220345 0.0 0.0 0.0 1.0
office/seq-05/color/frame-000168.color.png office/seq-05/color/frame-000171.color.png 0.999748 0.0135054 -0.0179102 0.0247991 -0.0134638 0.999906 0.00243881 -0.00309584 0.0179415 -0.00219707 0.999837 0.0301721 0.0 0.0 0.0 1.0
office/seq-05/color/frame-000171.color.png office/seq-05/color/frame-000174.color.png 0.999798 0.00379012 -0.0197221 0.0305524 -0.0039526 0.999958 -0.00820714 0.0140982 0.0196902 0.00828347 0.999772 0.0361032 0.0 0.0 0.0 1.0
office/seq-05/color/frame-000174.color.png office/seq-05/color/frame-000177.color.png 0.999805 0.00336678 -0.0194772 0.0334534 -0.00347837 0.999978 -0.00569959 0.0114042 0.0194576 0.00576626 0.999794 0.034965 0.0 0.0 0.0 1.0
office/seq-05/color/frame-000177.color.png office/seq-05/color/frame-000180.color.png 0.999918 0.00244293 -0.0125696 0.0193431 -0.00240745 0.999993 0.00283892 -0.0149867 0.0125764 -0.00280848 0.999917 0.0401046 0.0 0.0 0.0 1.0
office/seq-05/color/frame-000180.color.png office/seq-05/color/frame-000183.color.png 0.999657 0.00918242 -0.024544 0.0443068 -0.00927523 0.99995 -0.00367158 -0.00478563 0.024509 0.00389793 0.999692 0.050203 0.0 0.0 0.0 1.0
office/seq-05/color/frame-000183.color.png office/seq-05/color/frame-000186.color.png 0.999538 -0.00172934 -0.0303365 0.0567156 0.00157232 0.999985 -0.00519803 0.000182509 0.030345 0.00514797 0.999526 0.0421597 0.0 0.0 0.0 1.0
office/seq-05/color/frame-000186.color.png office/seq-05/color/frame-000189.color.png 0.99966 -0.000911393 -0.0260509 0.0328334 0.000940881 0.999999 0.00112069 -0.0126014 0.0260498 -0.00114477 0.99966 0.0427802 0.0 0.0 0.0 1.0
office/seq-05/color/frame-000189.color.png office/seq-05/color/frame-000192.color.png 0.999636 -0.00540467 -0.0264278 0.0378187 0.00549263 0.99998 0.00325651 -0.00920051 0.0264097 -0.0034005 0.999645 0.0447825 0.0 0.0 0.0 1.0
office/seq-05/color/frame-000192.color.png office/seq-05/color/frame-000195.color.png 0.999481 -0.00527245 -0.0317924 0.0506867 0.00538556 0.999979 0.00347382 -0.0128043 0.0317734 -0.00364324 0.999488 0.0440685 0.0 0.0 0.0 1.0
office/seq-05/color/frame-000195.color.png office/seq-05/color/frame-000198.color.png 0.999393 0.00147163 -0.0348113 0.0648473 -0.00174751 0.999967 -0.00789672 0.0139809 0.0347985 0.00795272 0.999363 0.0477386 0.0 0.0 0.0 1.0
office/seq-05/color/frame-000198.color.png office/seq-05/color/frame-000201.color.png 0.999548 -0.00815569 -0.028927 0.0516904 0.00765842 0.999822 -0.017259 0.0338484 0.0290626 0.0170297 0.999433 0.0361571 0.0 0.0 0.0 1.0
office/seq-05/color/frame-000201.color.png office/seq-05/color/frame-000204.color.png 0.999606 0.00735274 -0.0271017 0.0573016 -0.00778181 0.999846 -0.0157614 0.0284572 0.0269816 0.0159661 0.999509 0.0301187 0.0 0.0 0.0 1.0
office/seq-05/color/frame-000204.color.png office/seq-05/color/frame-000207.color.png 0.999564 -0.00214315 -0.0294636 0.0644792 0.00125959 0.99955 -0.0299732 0.061974 0.0295146 0.029923 0.999116 0.035413 0.0 0.0 0.0 1.0
office/seq-05/color/frame-000207.color.png office/seq-05/color/frame-000210.color.png 0.99937 -0.00773208 -0.034646 0.0815694 0.00640259 0.999245 -0.0383213 0.0543547 0.0349162 0.0380753 0.998665 0.0385692 0.0 0.0 0.0 1.0
office/seq-05/color/frame-000210.color.png office/seq-05/color/frame-000213.color.png 0.99954 -0.00574475 -0.0297852 0.0663854 0.00452744 0.999158 -0.0407781 0.0742348 0.0299944 0.0406245 0.998724 0.0325379 0.0 0.0 0.0 1.0
office/seq-05/color/frame-000213.color.png office/seq-05/color/frame-000216.color.png 0.999789 -0.00780397 -0.0190147 0.0448098 0.00738193 0.999727 -0.0221651 0.0187203 0.0191825 0.0220201 0.999573 0.0306599 0.0 0.0 0.0 1.0
office/seq-05/color/frame-000216.color.png office/seq-05/color/frame-000219.color.png 0.999848 -0.00120188 -0.0174203 0.0388507 0.00066328 0.999523 -0.0308922 0.0533356 0.0174491 0.030876 0.999371 0.0265813 0.0 0.0 0.0 1.0
office/seq-05/color/frame-000219.color.png office/seq-05/color/frame-000222.color.png 0.99959 -0.000907073 -0.028618 0.0691719 0.000195506 0.999691 -0.0248577 0.0232763 0.0286318 0.0248419 0.999281 0.0364592 0.0 0.0 0.0 1.0
office/seq-05/color/frame-000222.color.png office/seq-05/color/frame-000225.color.png 0.999492 -0.0207101 -0.0242152 0.0563396 0.0199654 0.999332 -0.0306019 0.0479136 0.0248327 0.0301029 0.999238 0.0298746 0.0 0.0 0.0 1.0
office/seq-05/color/frame-000225.color.png office/seq-05/color/frame-000228.color.png 0.999689 -0.0117472 -0.0219856 0.0475244 0.0110125 0.999387 -0.0332459 0.0573606 0.0223626 0.0329934 0.999205 0.0243101 0.0 0.0 0.0 1.0
office/seq-05/color/frame-000228.color.png office/seq-05/color/frame-000231.color.png 0.999601 -0.00823599 -0.0269999 0.0667683 0.00765117 0.999735 -0.0216917 0.0239766 0.0271715 0.0214764 0.9994 0.0199835 0.0 0.0 0.0 1.0
office/seq-05/color/frame-000231.color.png office/seq-05/color/frame-000234.color.png 0.999498 -0.00344247 -0.031491 0.0716413 0.00271636 0.99973 -0.0230712 0.0256745 0.0315619 0.022974 0.999238 0.0165684 0.0 0.0 0.0 1.0
office/seq-05/color/frame-000234.color.png office/seq-05/color/frame-000237.color.png 0.99969 -0.00433372 -0.0245273 0.0511101 0.00429728 0.99999 -0.00153904 -0.0232558 0.0245337 0.00143314 0.999698 0.00666046 0.0 0.0 0.0 1.0
office/seq-05/color/frame-000237.color.png office/seq-05/color/frame-000240.color.png 0.999359 0.00651566 -0.0352079 0.0829729 -0.00654526 0.999978 -0.000725795 -0.00912648 0.0352024 0.000955782 0.99938 0.0125685 0.0 0.0 0.0 1.0
office/seq-05/color/frame-000240.color.png office/seq-05/color/frame-000243.color.png 0.999488 0.0128183 -0.0293017 0.0714954 -0.0125928 0.99989 0.00786677 -0.0305465 0.0293992 -0.00749375 0.99954 0.00757146 0.0 0.0 0.0 1.0
office/seq-05/color/frame-000243.color.png office/seq-05/color/frame-000246.color.png 0.999846 0.0104571 -0.0141226 0.0329035 -0.010438 0.999945 0.00142858 0.00289375 0.0141369 -0.00128094 0.999899 0.00744843 0.0 0.0 0.0 1.0
office/seq-05/color/frame-000246.color.png office/seq-05/color/frame-000249.color.png 0.999932 0.0114234 0.00238162 -0.00239572 -0.0114793 0.999623 0.0249312 -0.0821139 -0.00209581 -0.0249569 0.999686 -0.00646615 0.0 0.0 0.0 1.0
office/seq-05/color/frame-000249.color.png office/seq-05/color/frame-000252.color.png 0.999605 0.0273495 0.00649022 0.00117699 -0.0274687 0.999441 0.0190487 -0.0364331 -0.00596578 -0.0192195 0.999797 -0.0148296 0.0 0.0 0.0 1.0
office/seq-05/color/frame-000252.color.png office/seq-05/color/frame-000255.color.png 0.999829 0.017949 -0.00444624 0.0192519 -0.0178805 0.999728 0.0149952 -0.0330311 0.00471421 -0.0149131 0.999878 -0.0130422 0.0 0.0 0.0 1.0
office/seq-05/color/frame-000255.color.png office/seq-05/color/frame-000258.color.png 0.999924 0.0120104 0.00277163 -0.004744 -0.0120435 0.999853 0.0122491 -0.0124406 -0.00262413 -0.0122816 0.999921 -0.0276248 0.0 0.0 0.0 1.0
office/seq-05/color/frame-000258.color.png office/seq-05/color/frame-000261.color.png 0.999933 0.0113569 0.00230719 -0.0116407 -0.0114217 0.999475 0.0303189 -0.0539278 -0.00196157 -0.0303432 0.999538 -0.0377452 0.0 0.0 0.0 1.0
office/seq-05/color/frame-000261.color.png office/seq-05/color/frame-000264.color.png 0.999833 0.0164502 -0.00792894 0.0234782 -0.0163163 0.999728 0.0166621 -0.0292938 0.00820089 -0.0165299 0.99983 -0.00337934 0.0 0.0 0.0 1.0
office/seq-05/color/frame-000264.color.png office/seq-05/color/frame-000267.color.png 0.999784 0.00897385 -0.0187678 0.0358814 -0.00841192 0.99952 0.0298126 -0.0463944 0.0190262 -0.0296483 0.999379 -0.0261807 0.0 0.0 0.0 1.0
office/seq-05/color/frame-000267.color.png office/seq-05/color/frame-000270.color.png 0.999612 0.0199556 -0.0194281 0.0480027 -0.019617 0.999655 0.0174671 -0.0311511 0.0197701 -0.0170792 0.999659 -0.00327063 0.0 0.0 0.0 1.0
office/seq-05/color/frame-000270.color.png office/seq-05/color/frame-000273.color.png 0.998114 0.0186867 -0.058472 0.152975 -0.0171261 0.999487 0.0270769 -0.0420473 0.058948 -0.0260245 0.997922 0.0217512 0.0 0.0 0.0 1.0
office/seq-05/color/frame-000273.color.png office/seq-05/color/frame-000276.color.png 0.999708 0.0152263 -0.0187645 0.0260021 -0.0149637 0.999789 0.0140538 -0.0195377 0.0189746 -0.0137689 0.999725 -0.0112925 0.0 0.0 0.0 1.0
office/seq-05/color/frame-000276.color.png office/seq-05/color/frame-000279.color.png 0.998662 0.0302779 -0.0419346 0.102451 -0.0293473 0.999313 0.0226337 -0.0344556 0.0425911 -0.0213727 0.998864 0.0193715 0.0 0.0 0.0 1.0
office/seq-05/color/frame-000279.color.png office/seq-05/color/frame-000282.color.png 0.998753 0.0190812 -0.0461418 0.123691 -0.0187855 0.9998 0.00683226 0.00252253 0.0462629 -0.00595694 0.998912 0.0171847 0.0 0.0 0.0 1.0
office/seq-05/color/frame-000282.color.png office/seq-05/color/frame-000285.color.png 0.999117 0.021109 -0.0363207 0.0986752 -0.021078 0.999777 0.00123699 -0.00358298 0.0363387 -0.000470333 0.999339 0.0205922 0.0 0.0 0.0 1.0
office/seq-05/color/frame-000285.color.png office/seq-05/color/frame-000288.color.png 0.999545 0.0170048 -0.0249318 0.0698334 -0.0170007 0.999855 0.000381398 0.00575992 0.0249349 4.26094e-05 0.999689 0.00997567 0.0 0.0 0.0 1.0
office/seq-05/color/frame-000288.color.png office/seq-05/color/frame-000291.color.png 0.998814 0.0194598 -0.0446406 0.126676 -0.0191526 0.99979 0.00729608 -0.0233588 0.0447731 -0.00643236 0.998976 0.0195386 0.0 0.0 0.0 1.0
office/seq-05/color/frame-000291.color.png office/seq-05/color/frame-000294.color.png 0.999385 0.0176473 -0.0303188 0.087889 -0.0173876 0.99981 0.0088131 -0.0202439 0.0304686 -0.00828054 0.999502 0.00468445 0.0 0.0 0.0 1.0
office/seq-05/color/frame-000294.color.png office/seq-05/color/frame-000297.color.png 0.999174 0.0134091 -0.0383493 0.105011 -0.0127034 0.999747 0.0185864 -0.0464338 0.0385887 -0.0180839 0.999091 0.011199 0.0 0.0 0.0 1.0
office/seq-05/color/frame-000297.color.png office/seq-05/color/frame-000300.color.png 0.999337 0.0037279 -0.0362059 0.097591 -0.00316741 0.999874 0.0155271 -0.0113858 0.0362593 -0.0154022 0.999224 -0.00272489 0.0 0.0 0.0 1.0
office/seq-05/color/frame-000300.color.png office/seq-05/color/frame-000303.color.png 0.999324 0.0103488 -0.0352883 0.0979568 -0.00982839 0.999841 0.0148864 -0.0185968 0.0354368 -0.0145295 0.999266 0.00358057 0.0 0.0 0.0 1.0
office/seq-05/color/frame-000303.color.png office/seq-05/color/frame-000306.color.png 0.999278 0.0167012 -0.034121 0.0848626 -0.0164524 0.999836 0.0075596 -0.016182 0.0342417 -0.00699279 0.999389 0.00858831 0.0 0.0 0.0 1.0
office/seq-05/color/frame-000306.color.png office/seq-05/color/frame-000309.color.png 0.999453 0.0142262 -0.0298614 0.0868447 -0.0138056 0.999803 0.0142418 -0.0199457 0.0300582 -0.0138218 0.999453 0.00636673 0.0 0.0 0.0 1.0
office/seq-05/color/frame-000309.color.png office/seq-05/color/frame-000312.color.png 0.999527 0.0166957 -0.0258128 0.0588066 -0.0165919 0.999853 0.00423256 -0.000696152 0.0258796 -0.00380227 0.999658 -0.000549078 0.0 0.0 0.0 1.0
office/seq-05/color/frame-000312.color.png office/seq-05/color/frame-000315.color.png 0.999573 -0.0100258 -0.0274471 0.0673523 0.0103103 0.999894 0.0102471 0.00233284 0.0273414 -0.0105257 0.999571 -0.00896883 0.0 0.0 0.0 1.0
office/seq-05/color/frame-000315.color.png office/seq-05/color/frame-000318.color.png 0.99914 0.0172476 -0.0377094 0.0981943 -0.0171657 0.99985 0.00249466 -0.0131257 0.0377469 -0.0018452 0.999286 0.00286841 0.0 0.0 0.0 1.0
office/seq-05/color/frame-000318.color.png office/seq-05/color/frame-000321.color.png 0.99945 0.0184168 -0.0275768 0.0652901 -0.0181451 0.999785 0.0100697 -0.0162586 0.0277563 -0.00956379 0.999569 -0.00131774 0.0 0.0 0.0 1.0
office/seq-05/color/frame-000321.color.png office/seq-05/color/frame-000324.color.png 0.99928 0.0201191 -0.0321596 0.0803636 -0.0199476 0.999785 0.00564389 -0.0109913 0.0322662 -0.00499835 0.999467 0.000183582 0.0 0.0 0.0 1.0
office/seq-05/color/frame-000324.color.png office/seq-05/color/frame-000327.color.png 0.998961 0.0229858 -0.0393527 0.0886023 -0.0233199 0.999695 -0.00805327 0.0330921 0.0391557 0.00896256 0.999193 0.00157499 0.0 0.0 0.0 1.0
office/seq-05/color/frame-000327.color.png office/seq-05/color/frame-000330.color.png 0.999134 0.0073436 -0.0409534 0.0908895 -0.00710954 0.999958 0.00585776 -0.0141593 0.0409947 -0.00556154 0.999144 0.0028429 0.0 0.0 0.0 1.0
office/seq-05/color/frame-000330.color.png office/seq-05/color/frame-000333.color.png 0.999745 0.00408067 -0.0222203 0.0476024 -0.00389799 0.999958 0.00825457 -0.0135656 0.022253 -0.00816584 0.999719 -0.00318527 0.0 0.0 0.0 1.0
office/seq-05/color/frame-000333.color.png office/seq-05/color/frame-000336.color.png 0.999416 0.00581707 -0.0336591 0.0731143 -0.00581712 0.999983 9.59952e-05 0.00318688 0.0336591 9.98852e-05 0.999433 0.00626922 0.0 0.0 0.0 1.0
office/seq-05/color/frame-000336.color.png office/seq-05/color/frame-000339.color.png 0.999689 0.0173176 -0.0179178 0.0423309 -0.0173029 0.99985 0.000974643 0.000175893 0.017932 -0.000664333 0.999839 -0.00523925 0.0 0.0 0.0 1.0
office/seq-05/color/frame-000339.color.png office/seq-05/color/frame-000342.color.png 0.999928 0.00540794 -0.0107602 0.0142657 -0.00531597 0.999949 0.00856099 -0.00702333 0.0108059 -0.00850315 0.999906 -0.0068779 0.0 0.0 0.0 1.0
office/seq-05/color/frame-000342.color.png office/seq-05/color/frame-000345.color.png 0.999522 0.0115606 -0.0286625 0.0667712 -0.0116821 0.999923 -0.00407945 0.0100385 0.0286131 0.00441237 0.999581 0.000329256 0.0 0.0 0.0 1.0
office/seq-05/color/frame-000345.color.png office/seq-05/color/frame-000348.color.png 0.999702 0.00928937 -0.0225832 0.0382186 -0.0093661 0.999951 -0.00329378 0.0151158 0.0225514 0.00350429 0.99974 0.00357318 0.0 0.0 0.0 1.0
office/seq-05/color/frame-000348.color.png office/seq-05/color/frame-000351.color.png 0.999814 0.00544654 -0.0185109 0.0410076 -0.00557784 0.99996 -0.00704313 0.0206254 0.0184718 0.00714508 0.999804 -0.0016911 0.0 0.0 0.0 1.0
office/seq-05/color/frame-000351.color.png office/seq-05/color/frame-000354.color.png 0.999639 0.0195627 -0.0183959 0.0444427 -0.0194855 0.999801 0.0043551 -0.0072259 0.0184775 -0.00399505 0.999821 -0.00434899 0.0 0.0 0.0 1.0
office/seq-05/color/frame-000354.color.png office/seq-05/color/frame-000357.color.png 0.999155 0.0285457 -0.0295568 0.0577625 -0.0289185 0.999507 -0.0122626 0.0254391 0.0291921 0.013107 0.999488 -0.00275469 0.0 0.0 0.0 1.0
office/seq-05/color/frame-000357.color.png office/seq-05/color/frame-000360.color.png 0.99977 0.00600333 -0.0205878 0.030656 -0.00598522 0.999982 0.000938528 0.0103473 0.020593 -0.000815121 0.999788 -0.0014472 0.0 0.0 0.0 1.0
office/seq-05/color/frame-000360.color.png office/seq-05/color/frame-000363.color.png 0.999377 0.0166171 -0.0311423 0.0566714 -0.0169454 0.999803 -0.0103044 0.0175099 0.0309649 0.0108257 0.999462 0.00183821 0.0 0.0 0.0 1.0
office/seq-05/color/frame-000363.color.png office/seq-05/color/frame-000366.color.png 0.999581 0.00976257 -0.0272396 0.0527375 -0.00927735 0.999797 0.0178878 -0.0309524 0.0274087 -0.0176276 0.999469 -0.0128281 0.0 0.0 0.0 1.0
office/seq-05/color/frame-000366.color.png office/seq-05/color/frame-000369.color.png 0.999869 0.0160964 -0.00169138 -0.0227756 -0.0160996 0.999869 -0.00195421 0.0105768 0.0016597 0.00198117 0.999997 -0.0274243 0.0 0.0 0.0 1.0
office/seq-05/color/frame-000369.color.png office/seq-05/color/frame-000372.color.png 0.999564 0.00948803 -0.027956 0.051729 -0.00948526 0.999955 0.000235168 0.0118019 0.027957 3.00823e-05 0.999609 -0.0140564 0.0 0.0 0.0 1.0
office/seq-05/color/frame-000372.color.png office/seq-05/color/frame-000375.color.png 0.999736 0.00620936 -0.0221265 0.0392813 -0.00615371 0.999978 0.00257733 -0.00142261 0.022142 -0.0024405 0.999752 -0.00380421 0.0 0.0 0.0 1.0
office/seq-05/color/frame-000375.color.png office/seq-05/color/frame-000378.color.png 0.999553 0.00846401 -0.0286856 0.049612 -0.00846358 0.999964 0.000136408 0.0101454 0.0286857 0.000106413 0.999588 -0.0103042 0.0 0.0 0.0 1.0
office/seq-05/color/frame-000378.color.png office/seq-05/color/frame-000381.color.png 0.999465 0.0131681 -0.0299467 0.0520396 -0.0137416 0.999725 -0.0190299 0.0439742 0.0296878 0.0194312 0.99937 -0.0132108 0.0 0.0 0.0 1.0
office/seq-05/color/frame-000381.color.png office/seq-05/color/frame-000384.color.png 0.99981 0.00487814 -0.0188778 0.0233763 -0.00491716 0.999986 -0.00201227 -0.000342816 0.0188678 0.00210476 0.99982 -0.0108387 0.0 0.0 0.0 1.0
office/seq-05/color/frame-000384.color.png office/seq-05/color/frame-000387.color.png 0.999412 0.00191247 -0.0342378 0.0463749 -0.00181807 0.999994 0.00278286 0.0005081 0.0342429 -0.00271898 0.99941 -0.00987077 0.0 0.0 0.0 1.0
office/seq-05/color/frame-000387.color.png office/seq-05/color/frame-000390.color.png 0.999276 -0.00075044 -0.0380396 0.0517662 0.0006247 0.999994 -0.00331351 0.0198924 0.0380419 0.00328737 0.999271 -0.00686908 0.0 0.0 0.0 1.0
office/seq-05/color/frame-000390.color.png office/seq-05/color/frame-000393.color.png 0.999577 0.00560494 -0.0285475 0.0289387 -0.00540792 0.999961 0.00697111 -0.0108482 0.0285855 -0.00681379 0.999568 -0.0216272 0.0 0.0 0.0 1.0
office/seq-05/color/frame-000393.color.png office/seq-05/color/frame-000396.color.png 0.999611 -0.00501326 -0.0274336 0.0225564 0.00505211 0.999986 0.00134592 0.0119539 0.0274264 -0.00148403 0.999623 -0.0116665 0.0 0.0 0.0 1.0
office/seq-05/color/frame-000396.color.png office/seq-05/color/frame-000399.color.png 0.99988 -0.00519735 -0.0145643 -0.0117406 0.00496701 0.999863 -0.0158068 0.0428831 0.0146445 0.0157326 0.999769 -0.0163099 0.0 0.0 0.0 1.0
office/seq-05/color/frame-000399.color.png office/seq-05/color/frame-000402.color.png 0.999796 -0.0151705 -0.0133262 -0.00514024 0.0152222 0.999877 0.00377795 0.00791606 0.0132673 -0.00397998 0.999904 -0.0207275 0.0 0.0 0.0 1.0
office/seq-05/color/frame-000402.color.png office/seq-05/color/frame-000405.color.png 0.999859 -0.000581354 -0.0168057 0.00157708 0.000800042 0.999915 0.013009 -0.0126475 0.0167967 -0.0130207 0.999774 -0.015151 0.0 0.0 0.0 1.0
office/seq-05/color/frame-000405.color.png office/seq-05/color/frame-000408.color.png 0.999983 -0.00428031 -0.00399899 -0.0298776 0.0042034 0.99981 -0.0190203 0.0511607 0.0040797 0.0190033 0.999811 -0.0246521 0.0 0.0 0.0 1.0
office/seq-05/color/frame-000408.color.png office/seq-05/color/frame-000411.color.png 0.999972 0.00615837 -0.0042329 -0.0170365 -0.00614473 0.999976 0.00324511 -0.00409862 0.00425278 -0.0032191 0.999986 -0.0289165 0.0 0.0 0.0 1.0
office/seq-05/color/frame-000411.color.png office/seq-05/color/frame-000414.color.png 0.999826 0.0162221 -0.00920622 -0.011055 -0.0162554 0.999861 -0.00356916 0.0133177 0.00914696 0.00371818 0.999951 -0.0215458 0.0 0.0 0.0 1.0
office/seq-05/color/frame-000414.color.png office/seq-05/color/frame-000417.color.png 0.999967 0.00509143 -0.00633716 -0.0116596 -0.00511836 0.999978 -0.00422259 0.0156174 0.00631557 0.00425488 0.999971 -0.0249332 0.0 0.0 0.0 1.0
office/seq-05/color/frame-000417.color.png office/seq-05/color/frame-000420.color.png 0.999662 0.00611065 -0.0252707 0.0135524 -0.00589411 0.999945 0.00863563 0.00678668 0.0253221 -0.00848374 0.999643 -0.00880194 0.0 0.0 0.0 1.0
office/seq-05/color/frame-000420.color.png office/seq-05/color/frame-000423.color.png 0.999725 0.00577316 -0.0227368 0.0042482 -0.00569222 0.999977 0.00362014 0.0113336 0.0227571 -0.00348976 0.999735 -0.0195286 0.0 0.0 0.0 1.0
office/seq-05/color/frame-000423.color.png office/seq-05/color/frame-000426.color.png 0.999997 -0.00214102 -0.000973919 -0.0112464 0.00214624 0.999984 0.00528754 -0.0055602 0.000962773 -0.00528956 0.999985 -0.0472561 0.0 0.0 0.0 1.0
office/seq-05/color/frame-000426.color.png office/seq-05/color/frame-000429.color.png 0.999998 0.00113128 -0.00136161 -0.0180151 -0.0011259 0.999992 0.00393754 0.0112673 0.00136594 -0.00393598 0.999991 -0.0401392 0.0 0.0 0.0 1.0
office/seq-05/color/frame-000429.color.png office/seq-05/color/frame-000432.color.png 0.99986 -0.00846029 0.0144502 -0.0385868 0.00849059 0.999962 -0.00203853 0.0225018 -0.0144323 0.00216091 0.999893 -0.0511276 0.0 0.0 0.0 1.0
office/seq-05/color/frame-000432.color.png office/seq-05/color/frame-000435.color.png 0.999872 0.000319421 0.0159782 -0.0483495 -0.0005134 0.999926 0.012139 -0.00536674 -0.0159732 -0.0121458 0.999799 -0.0531256 0.0 0.0 0.0 1.0
office/seq-05/color/frame-000435.color.png office/seq-05/color/frame-000438.color.png 0.999922 -0.00450047 0.0116423 -0.0388274 0.00446613 0.999986 0.00296854 0.00990867 -0.0116554 -0.00291624 0.999928 -0.049852 0.0 0.0 0.0 1.0
office/seq-05/color/frame-000438.color.png office/seq-05/color/frame-000441.color.png 0.999807 -0.0142579 0.0135456 -0.0355849 0.0143408 0.999879 -0.0060412 0.0284964 -0.0134579 0.00623423 0.99989 -0.0568632 0.0 0.0 0.0 1.0
office/seq-05/color/frame-000441.color.png office/seq-05/color/frame-000444.color.png 0.999938 -0.0054211 0.00975679 -0.0371079 0.00540236 0.999984 0.00195355 0.00952075 -0.00976724 -0.00190066 0.999951 -0.0616502 0.0 0.0 0.0 1.0
office/seq-05/color/frame-000444.color.png office/seq-05/color/frame-000447.color.png 0.999986 -0.00140417 0.00517741 -0.0302341 0.00141322 0.999997 -0.00174651 0.0159334 -0.00517489 0.0017538 0.999985 -0.0457178 0.0 0.0 0.0 1.0
office/seq-05/color/frame-000447.color.png office/seq-05/color/frame-000450.color.png 0.999731 -0.0228447 0.00394686 -0.0318668 0.0228637 0.999727 -0.00484865 0.0452905 -0.00383508 0.0049376 0.999981 -0.0414876 0.0 0.0 0.0 1.0
office/seq-05/color/frame-000450.color.png office/seq-05/color/frame-000453.color.png 0.999643 -0.00780995 0.0255424 -0.062722 0.00722871 0.999715 0.0227708 -0.0176033 -0.0257129 -0.022578 0.999414 -0.0665352 0.0 0.0 0.0 1.0
office/seq-05/color/frame-000453.color.png office/seq-05/color/frame-000456.color.png 0.999699 -0.0221583 0.0105661 -0.041678 0.0221607 0.999754 -0.000119267 0.0355602 -0.0105608 0.00035335 0.999944 -0.040061 0.0 0.0 0.0 1.0
office/seq-05/color/frame-000456.color.png office/seq-05/color/frame-000459.color.png 0.999901 -0.00100984 0.0140585 -0.0414739 0.000916117 0.999977 0.00667384 0.00100553 -0.014065 -0.00666029 0.999879 -0.0659019 0.0 0.0 0.0 1.0
office/seq-05/color/frame-000459.color.png office/seq-05/color/frame-000462.color.png 0.999879 -0.0118788 0.0100663 -0.0487428 0.0117425 0.99984 0.0134993 0.00903844 -0.010225 -0.0133795 0.999858 -0.0374786 0.0 0.0 0.0 1.0
office/seq-05/color/frame-000462.color.png office/seq-05/color/frame-000465.color.png 0.999902 -0.000317293 0.0139641 -0.0503107 4.07238e-05 0.999804 0.0197998 -0.0106324 -0.0139677 -0.0197973 0.999707 -0.0474846 0.0 0.0 0.0 1.0
office/seq-05/color/frame-000465.color.png office/seq-05/color/frame-000468.color.png 0.999915 -0.00347859 0.012561 -0.0491264 0.00332966 0.999924 0.0118514 -0.00141223 -0.0126012 -0.0118085 0.999851 -0.0486346 0.0 0.0 0.0 1.0
office/seq-05/color/frame-000468.color.png office/seq-05/color/frame-000471.color.png 0.999936 -0.0112336 -0.0015384 -0.0331514 0.0112525 0.999853 0.0129155 0.0110776 0.00139311 -0.0129319 0.999915 -0.0224116 0.0 0.0 0.0 1.0
office/seq-05/color/frame-000471.color.png office/seq-05/color/frame-000474.color.png 0.999926 -0.0121602 0.000292125 -0.0304655 0.0121602 0.999926 0.000243974 0.02063 -0.000295115 -0.000240471 1.0 -0.0300173 0.0 0.0 0.0 1.0
office/seq-05/color/frame-000474.color.png office/seq-05/color/frame-000477.color.png 0.999689 -0.0244715 0.00485646 -0.0273014 0.02439 0.999572 0.0161735 0.0156994 -0.00525017 -0.0160501 0.999857 -0.0346719 0.0 0.0 0.0 1.0
office/seq-05/color/frame-000477.color.png office/seq-05/color/frame-000480.color.png 0.999874 -0.0148528 0.00558579 -0.0266346 0.01486 0.999889 -0.00124002 0.0263897 -0.00556679 0.00132295 0.999984 -0.0334222 0.0 0.0 0.0 1.0
office/seq-05/color/frame-000480.color.png office/seq-05/color/frame-000483.color.png 0.999981 -0.00469053 0.00409861 -0.0285902 0.00464863 0.999937 0.0101763 -0.00123642 -0.00414602 -0.010157 0.99994 -0.0359603 0.0 0.0 0.0 1.0
office/seq-05/color/frame-000483.color.png office/seq-05/color/frame-000486.color.png 0.999868 -0.0119273 0.0110489 -0.0185723 0.0118964 0.999925 0.00285508 0.0235487 -0.0110823 -0.0027233 0.999935 -0.0335298 0.0 0.0 0.0 1.0
office/seq-05/color/frame-000486.color.png office/seq-05/color/frame-000489.color.png 0.999794 -0.0176054 0.0100824 -0.0236292 0.0174894 0.999781 0.0114907 0.0133002 -0.0102824 -0.011312 0.999883 -0.0414984 0.0 0.0 0.0 1.0
office/seq-05/color/frame-000489.color.png office/seq-05/color/frame-000492.color.png 0.999595 -0.0187485 0.0214346 -0.034332 0.0186432 0.999813 0.00509645 0.0184337 -0.0215262 -0.00469481 0.999757 -0.057604 0.0 0.0 0.0 1.0
office/seq-05/color/frame-000492.color.png office/seq-05/color/frame-000495.color.png 0.999436 -0.00760725 0.0327113 -0.0417649 0.00752816 0.999968 0.00253897 0.0058845 -0.0327295 -0.00229121 0.999462 -0.0769995 0.0 0.0 0.0 1.0
office/seq-05/color/frame-000495.color.png office/seq-05/color/frame-000498.color.png 0.999345 -0.0179778 0.0314111 -0.0365279 0.0175236 0.999739 0.014678 0.00217965 -0.0316668 -0.014118 0.999399 -0.0716879 0.0 0.0 0.0 1.0
office/seq-05/color/frame-000498.color.png office/seq-05/color/frame-000501.color.png 0.999618 -0.0162668 0.0223503 -0.0180832 0.0160884 0.999837 0.00814118 0.0154341 -0.0224791 -0.00777847 0.999717 -0.0541352 0.0 0.0 0.0 1.0
office/seq-05/color/frame-000501.color.png office/seq-05/color/frame-000504.color.png 0.999758 -0.0140262 0.0169363 -0.014055 0.013733 0.999756 0.0173012 0.00828501 -0.0171748 -0.0170645 0.999707 -0.0463347 0.0 0.0 0.0 1.0
office/seq-05/color/frame-000504.color.png office/seq-05/color/frame-000507.color.png 0.999684 -0.0204247 0.0146887 -0.0199242 0.0204458 0.99979 -0.00128618 0.0278918 -0.0146593 0.0015861 0.999891 -0.0380783 0.0 0.0 0.0 1.0
office/seq-05/color/frame-000507.color.png office/seq-05/color/frame-000510.color.png 0.999865 -0.014306 0.00814862 -0.00852609 0.014292 0.999896 0.00176503 0.0297629 -0.00817301 -0.0016483 0.999965 -0.0295902 0.0 0.0 0.0 1.0
office/seq-05/color/frame-000510.color.png office/seq-05/color/frame-000513.color.png 0.999921 -0.000825134 0.0125519 -0.0265305 0.000780581 0.999993 0.00355634 -0.00229111 -0.0125547 -0.00354624 0.999915 -0.0388212 0.0 0.0 0.0 1.0
office/seq-05/color/frame-000513.color.png office/seq-05/color/frame-000516.color.png 0.999968 -0.00368605 0.00708644 -0.0206412 0.00370656 0.999989 -0.00288516 0.00317718 -0.00707574 0.00291134 0.999971 -0.0225724 0.0 0.0 0.0 1.0
office/seq-05/color/frame-000516.color.png office/seq-05/color/frame-000519.color.png 0.998804 -0.0027454 0.0488212 -0.0511909 0.0036114 0.999837 -0.0176595 0.00768771 -0.0487648 0.0178146 0.998651 -0.141934 0.0 0.0 0.0 1.0
office/seq-05/color/frame-000519.color.png office/seq-05/color/frame-000522.color.png 0.999995 0.000824775 0.00308004 -0.022714 -0.00082531 1.0 0.000204632 0.00231721 -0.00307987 -0.000207152 0.999995 -0.0191113 0.0 0.0 0.0 1.0
office/seq-05/color/frame-000522.color.png office/seq-05/color/frame-000525.color.png 0.999825 -0.00753485 0.0171143 -0.0425196 0.00755041 0.999971 -0.000846016 0.0137009 -0.0171074 0.000975081 0.999853 -0.0495775 0.0 0.0 0.0 1.0
office/seq-05/color/frame-000525.color.png office/seq-05/color/frame-000528.color.png 0.999955 -0.00566156 0.00763242 -0.0249095 0.00553814 0.999855 0.0160881 0.0057306 -0.00772241 -0.0160451 0.999842 -0.0270118 0.0 0.0 0.0 1.0
office/seq-05/color/frame-000528.color.png office/seq-05/color/frame-000531.color.png 0.999977 -0.00635435 0.00242265 -0.0324454 0.0063401 0.999963 0.00585242 0.0124731 -0.00245974 -0.00583687 0.99998 -0.00934243 0.0 0.0 0.0 1.0
office/seq-05/color/frame-000531.color.png office/seq-05/color/frame-000534.color.png 0.999949 0.00272898 0.00968039 -0.0278901 -0.00276802 0.999988 0.00402004 -0.00489582 -0.0096693 -0.00404665 0.999945 -0.0272039 0.0 0.0 0.0 1.0
office/seq-05/color/frame-000534.color.png office/seq-05/color/frame-000537.color.png 0.999933 0.00498133 0.0104881 -0.0449584 -0.00498168 0.999987 8.07625e-07 0.000493586 -0.010488 -5.30268e-05 0.999945 -0.0306739 0.0 0.0 0.0 1.0
office/seq-05/color/frame-000537.color.png office/seq-05/color/frame-000540.color.png 0.999963 0.00291962 0.0081367 -0.0255264 -0.00293075 0.999995 0.00136141 0.00397189 -0.00813269 -0.00138522 0.999966 -0.0228385 0.0 0.0 0.0 1.0
office/seq-05/color/frame-000540.color.png office/seq-05/color/frame-000543.color.png 0.999954 0.00630494 0.00722736 -0.0436914 -0.00630748 0.99998 0.000328879 -0.00694247 -0.00722513 -0.000374451 0.999974 -0.0247453 0.0 0.0 0.0 1.0
office/seq-05/color/frame-000543.color.png office/seq-05/color/frame-000546.color.png 0.99999 0.00170667 0.00416192 -0.0231048 -0.00171042 0.999998 0.000909362 -0.000792623 -0.00416035 -0.000916494 0.999991 -0.0138917 0.0 0.0 0.0 1.0
office/seq-05/color/frame-000546.color.png office/seq-05/color/frame-000549.color.png 0.999989 -0.00459766 -0.00132293 -0.0188992 0.00459965 0.999988 0.00158594 0.00632684 0.00131563 -0.00159202 0.999998 0.00849861 0.0 0.0 0.0 1.0
office/seq-05/color/frame-000549.color.png office/seq-05/color/frame-000552.color.png 0.999914 0.0016852 0.0130475 -0.0345085 -0.00168657 0.999999 9.21539e-05 -0.00514457 -0.0130474 -0.000114108 0.999915 -0.0374905 0.0 0.0 0.0 1.0
office/seq-05/color/frame-000552.color.png office/seq-05/color/frame-000555.color.png 0.999932 -0.00499564 0.0105333 -0.0197089 0.00501715 0.999985 -0.00201152 0.014107 -0.0105231 0.00206423 0.999942 -0.0231577 0.0 0.0 0.0 1.0
office/seq-05/color/frame-000555.color.png office/seq-05/color/frame-000558.color.png 0.999784 0.00202574 0.0207031 -0.0412854 -0.00195272 0.999992 -0.00354577 -0.00868176 -0.0207101 0.00350457 0.999779 -0.0627581 0.0 0.0 0.0 1.0
office/seq-05/color/frame-000558.color.png office/seq-05/color/frame-000561.color.png 0.99984 -0.00750436 0.0162282 -0.0288486 0.00745696 0.999968 0.00297634 0.00667027 -0.01625 -0.00285486 0.999864 -0.0225407 0.0 0.0 0.0 1.0
office/seq-05/color/frame-000561.color.png office/seq-05/color/frame-000564.color.png 0.99985 -0.0061533 0.0162097 -0.0201882 0.00601141 0.999943 0.0087908 0.00232536 -0.0162629 -0.00869201 0.99983 -0.0273998 0.0 0.0 0.0 1.0
office/seq-05/color/frame-000564.color.png office/seq-05/color/frame-000567.color.png 0.999805 -0.0144523 0.0134854 -0.0115583 0.0143292 0.999855 0.00918261 0.0214564 -0.0136162 -0.00898758 0.999867 -0.0130162 0.0 0.0 0.0 1.0
office/seq-05/color/frame-000567.color.png office/seq-05/color/frame-000570.color.png 0.999545 -0.0151481 0.0260946 -0.0223523 0.0151811 0.999884 -0.00107232 0.0238492 -0.0260753 0.00146797 0.999659 -0.0497052 0.0 0.0 0.0 1.0
office/seq-05/color/frame-000570.color.png office/seq-05/color/frame-000573.color.png 0.999868 -0.011213 0.0117556 -0.00707161 0.0112842 0.999918 -0.006006 0.0225419 -0.0116872 0.00613785 0.999913 -0.0210623 0.0 0.0 0.0 1.0
office/seq-05/color/frame-000573.color.png office/seq-05/color/frame-000576.color.png 0.99976 -0.0185767 0.0116217 -0.0136733 0.0186911 0.999777 -0.00982008 0.0344341 -0.0114367 0.010035 0.999884 -0.023077 0.0 0.0 0.0 1.0
office/seq-05/color/frame-000576.color.png office/seq-05/color/frame-000579.color.png 0.999886 -0.0130849 0.00759084 -0.00321043 0.0130495 0.999904 0.00470597 0.019214 -0.00765165 -0.00460637 0.99996 -0.0125197 0.0 0.0 0.0 1.0
office/seq-05/color/frame-000579.color.png office/seq-05/color/frame-000582.color.png 0.999921 -0.00959614 0.00810222 -0.0092454 0.0095388 0.999929 0.00708926 0.00289051 -0.00816968 -0.00701144 0.999942 -0.016919 0.0 0.0 0.0 1.0
office/seq-05/color/frame-000582.color.png office/seq-05/color/frame-000585.color.png 0.999813 -0.0156684 0.0113043 -0.00351381 0.0156828 0.999876 -0.00118295 0.0297397 -0.0112844 0.00136 0.999935 -0.0218043 0.0 0.0 0.0 1.0
office/seq-05/color/frame-000585.color.png office/seq-05/color/frame-000588.color.png 0.999917 -0.00873438 0.00950361 -0.00753462 0.00869394 0.999953 0.00428456 0.00098151 -0.00954063 -0.00420158 0.999946 -0.0177579 0.0 0.0 0.0 1.0
office/seq-05/color/frame-000588.color.png office/seq-05/color/frame-000591.color.png 0.999888 -0.0108443 0.0103309 -0.0102718 0.010858 0.99994 -0.00126565 0.00803541 -0.0103166 0.00137768 0.999946 -0.0218773 0.0 0.0 0.0 1.0
office/seq-05/color/frame-000591.color.png office/seq-05/color/frame-000594.color.png 0.999954 -0.00579446 0.00768085 0.000908017 0.00584035 0.999965 -0.00596866 0.0147504 -0.00764603 0.00601324 0.999953 -0.0145646 0.0 0.0 0.0 1.0
office/seq-05/color/frame-000594.color.png office/seq-05/color/frame-000597.color.png 0.99996 -3.42884e-05 0.00889915 -0.00232732 4.75784e-05 0.999999 -0.00149248 -0.00294251 -0.00889908 0.00149284 0.999959 -0.0190828 0.0 0.0 0.0 1.0
office/seq-05/color/frame-000597.color.png office/seq-05/color/frame-000600.color.png 0.999999 0.00140346 0.000811016 0.00593042 -0.00139984 0.999989 -0.00445249 0.00307943 -0.00081726 0.00445135 0.99999 0.00247779 0.0 0.0 0.0 1.0
office/seq-05/color/frame-000600.color.png office/seq-05/color/frame-000603.color.png 0.999941 0.0106912 0.001869 0.0078814 -0.0106786 0.999921 -0.00664288 -0.014027 -0.00193984 0.00662252 0.999976 -0.00384539 0.0 0.0 0.0 1.0
office/seq-05/color/frame-000603.color.png office/seq-05/color/frame-000606.color.png 0.999852 0.0168493 0.00333599 -0.0023104 -0.0168339 0.999848 -0.00461035 -0.0334102 -0.00341318 0.00455354 0.999984 -0.00520536 0.0 0.0 0.0 1.0
office/seq-05/color/frame-000606.color.png office/seq-05/color/frame-000609.color.png 0.999878 0.0130128 -0.00858905 0.014611 -0.013052 0.999905 -0.00453008 -0.0155232 0.00852923 0.00464163 0.999953 0.0210386 0.0 0.0 0.0 1.0
office/seq-05/color/frame-000609.color.png office/seq-05/color/frame-000612.color.png 0.999885 0.0105227 -0.0109102 0.0141199 -0.0106137 0.999909 -0.00833114 -0.0107093 0.0108216 0.00844597 0.999906 0.0198667 0.0 0.0 0.0 1.0
office/seq-05/color/frame-000612.color.png office/seq-05/color/frame-000615.color.png 0.999567 0.0290891 -0.00436049 0.0158266 -0.0291382 0.999507 -0.0116499 -0.0467587 0.0040195 0.011772 0.999923 -0.00281838 0.0 0.0 0.0 1.0
office/seq-05/color/frame-000615.color.png office/seq-05/color/frame-000618.color.png 0.999654 0.0158947 -0.0209385 0.0250678 -0.0158481 0.999871 0.00239441 -0.0244827 0.0209739 -0.00206177 0.999778 0.0517815 0.0 0.0 0.0 1.0
office/seq-05/color/frame-000618.color.png office/seq-05/color/frame-000621.color.png 0.999653 0.0162535 -0.0207284 0.0230168 -0.0165356 0.999772 -0.0135121 -0.00658605 0.0205041 0.0138503 0.999694 0.0422513 0.0 0.0 0.0 1.0
office/seq-05/color/frame-000621.color.png office/seq-05/color/frame-000624.color.png 0.999538 0.0232082 -0.019625 0.0256162 -0.0235391 0.999582 -0.016799 -0.032352 0.019227 0.0172532 0.999666 0.0396375 0.0 0.0 0.0 1.0
office/seq-05/color/frame-000624.color.png office/seq-05/color/frame-000627.color.png 0.99961 0.0233581 -0.0153224 0.0192206 -0.0234964 0.999684 -0.00891144 -0.0365853 0.0151094 0.00926799 0.999843 0.0238554 0.0 0.0 0.0 1.0
office/seq-05/color/frame-000627.color.png office/seq-05/color/frame-000630.color.png 0.998877 0.0314101 -0.0354809 0.0428727 -0.0318198 0.999433 -0.0110401 -0.0477968 0.035114 0.0121567 0.999309 0.0742265 0.0 0.0 0.0 1.0
office/seq-05/color/frame-000630.color.png office/seq-05/color/frame-000633.color.png 0.999681 0.0147683 -0.0204661 0.0346586 -0.0149798 0.999835 -0.0102198 -0.0109964 0.0203118 0.010523 0.999738 0.035463 0.0 0.0 0.0 1.0
office/seq-05/color/frame-000633.color.png office/seq-05/color/frame-000636.color.png 0.999404 0.0216095 -0.0269293 0.0264342 -0.0216681 0.999764 -0.0018874 -0.0401424 0.0268822 0.00246986 0.999635 0.0516258 0.0 0.0 0.0 1.0
office/seq-05/color/frame-000636.color.png office/seq-05/color/frame-000639.color.png 0.999122 0.0116208 -0.040247 0.0514853 -0.0121632 0.999838 -0.0132568 -0.0163733 0.0400864 0.0137346 0.999102 0.0771123 0.0 0.0 0.0 1.0
office/seq-05/color/frame-000639.color.png office/seq-05/color/frame-000642.color.png 0.999675 0.0117519 -0.0226306 0.0386872 -0.0118783 0.999915 -0.00546319 -0.0227631 0.0225645 0.00573023 0.999729 0.0277877 0.0 0.0 0.0 1.0
office/seq-05/color/frame-000642.color.png office/seq-05/color/frame-000645.color.png 0.999035 0.0144036 -0.0414856 0.0509706 -0.0150275 0.999778 -0.0147652 -0.0180431 0.0412637 0.0153744 0.99903 0.0719413 0.0 0.0 0.0 1.0
office/seq-05/color/frame-000645.color.png office/seq-05/color/frame-000648.color.png 0.99937 0.0042358 -0.0352413 0.041676 -0.00374865 0.999897 0.0138797 -0.0167334 0.0352965 -0.0137388 0.999282 0.0586793 0.0 0.0 0.0 1.0
office/seq-05/color/frame-000648.color.png office/seq-05/color/frame-000651.color.png 0.998963 0.0128697 -0.0436674 0.0538015 -0.0128484 0.999917 0.000766495 -0.0224201 0.0436736 -0.000204645 0.999046 0.0746989 0.0 0.0 0.0 1.0
office/seq-05/color/frame-000651.color.png office/seq-05/color/frame-000654.color.png 0.999132 0.0126827 -0.0396808 0.0435616 -0.0125528 0.999915 0.00351936 -0.0193556 0.039722 -0.00301816 0.999206 0.0648659 0.0 0.0 0.0 1.0
office/seq-05/color/frame-000654.color.png office/seq-05/color/frame-000657.color.png 0.999031 0.0133936 -0.0419155 0.0424805 -0.014043 0.999785 -0.0152373 -0.0147246 0.0417024 0.0158112 0.999005 0.0579088 0.0 0.0 0.0 1.0
office/seq-05/color/frame-000657.color.png office/seq-05/color/frame-000660.color.png 0.998746 0.0124106 -0.0485085 0.0498785 -0.0119875 0.999888 0.00900586 -0.0221419 0.0486148 -0.00841307 0.998782 0.0823422 0.0 0.0 0.0 1.0
office/seq-05/color/frame-000660.color.png office/seq-05/color/frame-000663.color.png 0.999538 0.0139021 -0.0270244 0.0268692 -0.0139761 0.999899 -0.00255413 -0.0183746 0.0269862 0.00293068 0.999631 0.0478458 0.0 0.0 0.0 1.0
office/seq-05/color/frame-000663.color.png office/seq-05/color/frame-000666.color.png 0.999242 0.0202756 -0.0332173 0.0383762 -0.0207939 0.999666 -0.0153322 -0.0246972 0.0328953 0.0160112 0.999331 0.0676659 0.0 0.0 0.0 1.0
office/seq-05/color/frame-000666.color.png office/seq-05/color/frame-000669.color.png 0.999302 0.00999052 -0.0360062 0.0423819 -0.0101191 0.999943 -0.00339077 0.00337416 0.0359703 0.00375278 0.999346 0.0772021 0.0 0.0 0.0 1.0
office/seq-05/color/frame-000669.color.png office/seq-05/color/frame-000672.color.png 0.999321 0.0092232 -0.0356824 0.0366966 -0.00931889 0.999953 -0.00251512 0.00085403 0.0356576 0.00284596 0.99936 0.0727961 0.0 0.0 0.0 1.0
office/seq-05/color/frame-000672.color.png office/seq-05/color/frame-000675.color.png 0.999149 0.0168833 -0.0376263 0.0307606 -0.0169338 0.999856 -0.0010295 -0.0131281 0.0376035 0.00166573 0.999291 0.0626509 0.0 0.0 0.0 1.0
office/seq-05/color/frame-000675.color.png office/seq-05/color/frame-000678.color.png 0.998085 0.022657 -0.0575621 0.0421981 -0.0240672 0.999424 -0.0239234 -0.0181807 0.0569869 0.0252629 0.998055 0.09245 0.0 0.0 0.0 1.0
office/seq-05/color/frame-000678.color.png office/seq-05/color/frame-000681.color.png 0.997171 0.0194431 -0.0726067 0.0515393 -0.0203206 0.999729 -0.0113676 0.00915167 0.0723659 0.0128109 0.997296 0.11085 0.0 0.0 0.0 1.0
office/seq-05/color/frame-000681.color.png office/seq-05/color/frame-000684.color.png 0.997224 0.014682 -0.073002 0.051983 -0.0168699 0.999424 -0.0294462 0.00465134 0.0725277 0.030596 0.996897 0.0926747 0.0 0.0 0.0 1.0
office/seq-05/color/frame-000684.color.png office/seq-05/color/frame-000687.color.png 0.997045 0.0243628 -0.0728579 0.0526475 -0.025276 0.999613 -0.011635 -0.0200585 0.0725464 0.0134422 0.997275 0.0912654 0.0 0.0 0.0 1.0
office/seq-05/color/frame-000687.color.png office/seq-05/color/frame-000690.color.png 0.999054 0.0117436 -0.0418592 0.0345137 -0.0120138 0.999908 -0.00621249 -0.0101694 0.0417824 0.00670951 0.999104 0.0508914 0.0 0.0 0.0 1.0
office/seq-05/color/frame-000690.color.png office/seq-05/color/frame-000693.color.png 0.998387 0.0251136 -0.0509279 0.0373683 -0.0250469 0.999684 0.00194812 -0.0299194 0.0509606 -0.000669279 0.998701 0.0635024 0.0 0.0 0.0 1.0
office/seq-05/color/frame-000693.color.png office/seq-05/color/frame-000696.color.png 0.998279 0.00715906 -0.0582105 0.0466735 -0.00699406 0.999971 0.00303843 0.00439927 0.0582307 -0.00262619 0.9983 0.0865753 0.0 0.0 0.0 1.0
office/seq-05/color/frame-000696.color.png office/seq-05/color/frame-000699.color.png 0.998776 0.0225621 -0.0440076 0.0328475 -0.0225244 0.999745 0.00135138 -0.0218401 0.0440267 -0.000358407 0.99903 0.0500784 0.0 0.0 0.0 1.0
office/seq-05/color/frame-000699.color.png office/seq-05/color/frame-000702.color.png 0.999692 0.00872642 -0.0232393 0.0189875 -0.00893395 0.999921 -0.00884585 -0.00554694 0.0231602 0.00905074 0.999691 0.0198283 0.0 0.0 0.0 1.0
office/seq-05/color/frame-000702.color.png office/seq-05/color/frame-000705.color.png 0.999541 0.0115568 -0.0280074 0.0321461 -0.0112509 0.999876 0.0110565 -0.00572896 0.0281317 -0.0107364 0.999547 0.0272169 0.0 0.0 0.0 1.0
office/seq-05/color/frame-000705.color.png office/seq-05/color/frame-000708.color.png 0.999536 -0.00241079 -0.0303526 0.0406617 0.00218674 0.99997 -0.00741099 0.0218555 0.0303695 0.00734121 0.999512 0.0212956 0.0 0.0 0.0 1.0
office/seq-05/color/frame-000708.color.png office/seq-05/color/frame-000711.color.png 0.99973 0.0115221 -0.0201764 0.0242366 -0.0113603 0.999903 0.00811669 -0.00938737 0.020268 -0.00788527 0.999764 0.0186794 0.0 0.0 0.0 1.0
office/seq-05/color/frame-000711.color.png office/seq-05/color/frame-000714.color.png 0.999591 0.00550338 -0.0280471 0.030843 -0.00561508 0.999977 -0.00390674 0.00661147 0.0280249 0.00406262 0.999599 0.0189258 0.0 0.0 0.0 1.0
office/seq-05/color/frame-000714.color.png office/seq-05/color/frame-000717.color.png 0.999789 0.00668955 -0.0194314 0.0258373 -0.0067797 0.999967 -0.00457405 0.00484911 0.0194002 0.00470477 0.999801 0.00598156 0.0 0.0 0.0 1.0
office/seq-05/color/frame-000717.color.png office/seq-05/color/frame-000720.color.png 0.999988 -0.00185286 -0.00456078 0.0153319 0.00183846 0.999993 -0.00315744 0.0101693 0.00456655 0.00314916 0.999985 0.000255525 0.0 0.0 0.0 1.0
office/seq-05/color/frame-000720.color.png office/seq-05/color/frame-000723.color.png 0.999728 -0.0139795 0.0186724 0.0100342 0.0140607 0.999892 -0.00422548 0.0285076 -0.0186113 0.00448687 0.999817 -0.0275214 0.0 0.0 0.0 1.0
office/seq-05/color/frame-000723.color.png office/seq-05/color/frame-000726.color.png 0.99839 -0.0117039 0.0555021 0.01243 0.012394 0.99985 -0.0121067 0.0140739 -0.055352 0.012775 0.998385 -0.0753901 0.0 0.0 0.0 1.0
office/seq-05/color/frame-000726.color.png office/seq-05/color/frame-000729.color.png 0.999726 -0.00289464 0.0232273 -0.000846148 0.00295884 0.999992 -0.00272953 0.0117295 -0.0232192 0.00279755 0.999726 -0.0281044 0.0 0.0 0.0 1.0
office/seq-05/color/frame-000729.color.png office/seq-05/color/frame-000732.color.png 0.998309 0.00640346 0.0577763 -0.00990176 -0.00654562 0.999976 0.00227146 -0.00680104 -0.0577604 -0.00264576 0.998327 -0.059339 0.0 0.0 0.0 1.0
office/seq-05/color/frame-000732.color.png office/seq-05/color/frame-000735.color.png 0.997709 0.0260684 0.0624295 -0.01362 -0.0267114 0.999598 0.00948475 -0.0340424 -0.0621571 -0.0111306 0.998004 -0.061914 0.0 0.0 0.0 1.0
office/seq-05/color/frame-000735.color.png office/seq-05/color/frame-000738.color.png 0.9984 0.00161718 0.0565313 0.00516349 -0.00165804 0.999998 0.000676838 -0.00292057 -0.0565301 -0.000769438 0.998401 -0.0552028 0.0 0.0 0.0 1.0
office/seq-05/color/frame-000738.color.png office/seq-05/color/frame-000741.color.png 0.997861 0.014888 0.063651 -0.0104848 -0.0151189 0.999881 0.00314628 -0.0289205 -0.0635965 -0.00410205 0.997967 -0.0533798 0.0 0.0 0.0 1.0
office/seq-05/color/frame-000741.color.png office/seq-05/color/frame-000744.color.png 0.999023 -0.0205771 0.0391121 0.0308567 0.0209826 0.99973 -0.00998642 0.0295012 -0.038896 0.0107973 0.999185 -0.0402026 0.0 0.0 0.0 1.0
office/seq-05/color/frame-000744.color.png office/seq-05/color/frame-000747.color.png 0.998955 -0.0131799 0.0437605 0.00762272 0.0137938 0.99981 -0.0137535 0.0110646 -0.043571 0.0143427 0.998947 -0.0316405 0.0 0.0 0.0 1.0
office/seq-05/color/frame-000747.color.png office/seq-05/color/frame-000750.color.png 0.999194 -0.00777623 0.0393789 0.0185751 0.00745354 0.999937 0.008336 -0.0100052 -0.0394412 -0.00803564 0.99919 -0.0208039 0.0 0.0 0.0 1.0
office/seq-05/color/frame-000750.color.png office/seq-05/color/frame-000753.color.png 0.999834 -0.00804952 0.0163675 0.0240969 0.0079487 0.999949 0.00621674 -0.0107349 -0.0164167 -0.00608569 0.999847 0.000416934 0.0 0.0 0.0 1.0
office/seq-05/color/frame-000753.color.png office/seq-05/color/frame-000756.color.png 0.999353 -0.00776005 0.0351112 0.0250794 0.0076224 0.999963 0.00405267 -0.00770569 -0.0351414 -0.00378238 0.999375 -0.0308224 0.0 0.0 0.0 1.0
office/seq-05/color/frame-000756.color.png office/seq-05/color/frame-000759.color.png 0.999504 -0.007362 0.0306215 0.0162116 0.00717366 0.999955 0.00625855 -0.0196964 -0.0306661 -0.00603573 0.999511 -0.00163656 0.0 0.0 0.0 1.0
office/seq-05/color/frame-000759.color.png office/seq-05/color/frame-000762.color.png 0.999859 0.000352293 0.0167867 0.0199347 -0.000592927 0.999897 0.0143272 -0.0182821 -0.01678 -0.0143351 0.999756 0.0145039 0.0 0.0 0.0 1.0
office/seq-05/color/frame-000762.color.png office/seq-05/color/frame-000765.color.png 0.999291 -0.0204479 0.0316271 0.0238099 0.0201581 0.999752 0.0094593 -0.0060252 -0.0318125 -0.00881502 0.999455 0.00923032 0.0 0.0 0.0 1.0
office/seq-05/color/frame-000765.color.png office/seq-05/color/frame-000768.color.png 0.999647 -0.00411318 0.0262432 0.0212239 0.00403556 0.999987 0.00300631 -0.0191729 -0.0262553 -0.0028994 0.999651 0.0137151 0.0 0.0 0.0 1.0
office/seq-05/color/frame-000768.color.png office/seq-05/color/frame-000771.color.png 0.998605 -0.0259817 0.0459714 0.0511437 0.0261081 0.999657 -0.00215213 0.0230631 -0.0458996 0.00334942 0.99894 -0.0159666 0.0 0.0 0.0 1.0
office/seq-05/color/frame-000771.color.png office/seq-05/color/frame-000774.color.png 0.999805 -0.00338704 0.0194405 0.0203603 0.00335897 0.999993 0.00147904 -0.0170029 -0.0194453 -0.0014135 0.99981 0.0157561 0.0 0.0 0.0 1.0
office/seq-05/color/frame-000774.color.png office/seq-05/color/frame-000777.color.png 0.999803 -0.00761957 0.0183435 0.0163063 0.00749947 0.99995 0.00661081 -0.0240988 -0.0183929 -0.00647188 0.99981 0.0182521 0.0 0.0 0.0 1.0
office/seq-05/color/frame-000777.color.png office/seq-05/color/frame-000780.color.png 0.999555 -0.010881 0.0277634 0.011149 0.0103994 0.999794 0.0174286 -0.0271678 -0.0279473 -0.0171322 0.999462 0.0184013 0.0 0.0 0.0 1.0
office/seq-05/color/frame-000780.color.png office/seq-05/color/frame-000783.color.png 0.999929 -0.0100399 0.00642592 0.0398251 0.00989124 0.999692 0.0227689 -0.0276646 -0.00665254 -0.0227037 0.99972 0.0434753 0.0 0.0 0.0 1.0
office/seq-05/color/frame-000783.color.png office/seq-05/color/frame-000786.color.png 0.999673 -0.0184827 0.0176748 0.0427023 0.0185857 0.999811 -0.00568765 -0.00076206 -0.0175664 0.00601427 0.999828 0.0156075 0.0 0.0 0.0 1.0
office/seq-05/color/frame-000786.color.png office/seq-05/color/frame-000789.color.png 0.999758 -0.0191972 0.0107836 0.0265105 0.0193331 0.999733 -0.0126478 -0.0061736 -0.010538 0.0128532 0.999862 0.00863004 0.0 0.0 0.0 1.0
office/seq-05/color/frame-000789.color.png office/seq-05/color/frame-000792.color.png 0.999795 -0.00555256 0.0194834 0.0374133 0.00538999 0.99995 0.00838694 -0.0179839 -0.019529 -0.0082802 0.999775 0.00652248 0.0 0.0 0.0 1.0
office/seq-05/color/frame-000792.color.png office/seq-05/color/frame-000795.color.png 0.999971 -0.00744091 -0.00133161 0.0472408 0.00742865 0.999933 -0.00887797 -0.0067334 0.00139754 0.00886775 0.99996 0.0345215 0.0 0.0 0.0 1.0
office/seq-05/color/frame-000795.color.png office/seq-05/color/frame-000798.color.png 0.999852 -0.00896656 0.0146913 0.0399807 0.00903214 0.99995 -0.00439336 -0.00347215 -0.0146511 0.00452552 0.999882 0.0038904 0.0 0.0 0.0 1.0
office/seq-05/color/frame-000798.color.png office/seq-05/color/frame-000801.color.png 0.999985 -0.00532312 0.00138164 0.0459653 0.00531998 0.999983 0.00224313 -0.0126236 -0.00139362 -0.00223584 0.999997 0.0317228 0.0 0.0 0.0 1.0
office/seq-05/color/frame-000801.color.png office/seq-05/color/frame-000804.color.png 0.999855 -0.0162851 -0.00493561 0.0553058 0.0162624 0.999857 -0.00458119 -0.00199222 0.00500953 0.0045003 0.999977 0.0205208 0.0 0.0 0.0 1.0
office/seq-05/color/frame-000804.color.png office/seq-05/color/frame-000807.color.png 0.999996 -0.00258838 -0.00134563 0.049081 0.00258488 0.999993 -0.00260911 -0.0180431 0.00135242 0.00260563 0.999996 0.00520396 0.0 0.0 0.0 1.0
office/seq-05/color/frame-000807.color.png office/seq-05/color/frame-000810.color.png 0.999992 -0.00279694 -0.00275869 0.0440565 0.00279933 0.999996 0.000872624 -0.017277 0.00275627 -0.000880321 0.999996 0.00941777 0.0 0.0 0.0 1.0
office/seq-05/color/frame-000810.color.png office/seq-05/color/frame-000813.color.png 0.999949 -0.00854819 -0.0053422 0.047153 0.00859436 0.999925 0.00868664 -0.0170536 0.00526755 -0.00873213 0.999948 0.0325786 0.0 0.0 0.0 1.0
office/seq-05/color/frame-000813.color.png office/seq-05/color/frame-000816.color.png 0.999985 -0.00514666 0.00210384 0.038171 0.00514231 0.999985 0.00206835 -0.0147882 -0.00211445 -0.00205751 0.999996 0.0170333 0.0 0.0 0.0 1.0
office/seq-05/color/frame-000816.color.png office/seq-05/color/frame-000819.color.png 0.999988 -0.00452243 0.00172712 0.0346003 0.00452809 0.999985 -0.00320901 -0.012889 -0.00171255 0.00321686 0.999993 0.0267299 0.0 0.0 0.0 1.0
office/seq-05/color/frame-000819.color.png office/seq-05/color/frame-000822.color.png 0.999986 -0.00296923 0.00442694 0.0511605 0.00296906 0.999996 -3.50391e-06 -0.0125467 -0.00442692 1.6575e-05 0.99999 0.0331907 0.0 0.0 0.0 1.0
office/seq-05/color/frame-000822.color.png office/seq-05/color/frame-000825.color.png 0.999996 0.00282664 0.000962462 0.029229 -0.0028204 0.999976 -0.00627179 -0.0153844 -0.000980184 0.00626909 0.99998 0.0297344 0.0 0.0 0.0 1.0
office/seq-05/color/frame-000825.color.png office/seq-05/color/frame-000828.color.png 0.999903 -0.00867583 0.0109111 0.038979 0.00862823 0.999953 0.0044018 -0.0115307 -0.0109488 -0.00430723 0.999931 0.0445108 0.0 0.0 0.0 1.0
office/seq-05/color/frame-000828.color.png office/seq-05/color/frame-000831.color.png 0.999943 -0.00414124 0.00988067 0.0328371 0.00419628 0.999976 -0.00556172 0.00123169 -0.00985747 0.0056028 0.999936 0.0277606 0.0 0.0 0.0 1.0
office/seq-05/color/frame-000831.color.png office/seq-05/color/frame-000834.color.png 0.999796 0.00135557 0.0201599 0.0102536 -0.00135374 0.999999 -9.98973e-05 -0.0103883 -0.02016 7.26893e-05 0.999797 0.0408607 0.0 0.0 0.0 1.0
office/seq-05/color/frame-000834.color.png office/seq-05/color/frame-000837.color.png 0.99995 -0.00228646 0.00969746 0.00984555 0.00223796 0.999985 0.00500606 -0.0179878 -0.00970881 -0.00498415 0.999941 0.0234333 0.0 0.0 0.0 1.0
office/seq-05/color/frame-000837.color.png office/seq-05/color/frame-000840.color.png 0.999826 -0.00359236 0.0183094 -0.00133079 0.00355331 0.999991 0.00216318 -0.0453838 -0.018317 -0.00209772 0.99983 0.0093255 0.0 0.0 0.0 1.0
office/seq-05/color/frame-000840.color.png office/seq-05/color/frame-000843.color.png 0.999564 -0.0294615 0.00185544 0.0375241 0.0294506 0.99955 0.00563979 -0.0196785 -0.00202083 -0.00558282 0.999982 0.0321722 0.0 0.0 0.0 1.0
office/seq-05/color/frame-000843.color.png office/seq-05/color/frame-000846.color.png 0.999408 -0.0343335 0.00241073 0.0257578 0.0343205 0.999397 0.0052687 -0.0350522 -0.00259012 -0.00518278 0.999983 0.0188582 0.0 0.0 0.0 1.0
office/seq-05/color/frame-000846.color.png office/seq-05/color/frame-000849.color.png 0.999856 -0.0162042 0.00506855 0.000451684 0.0161765 0.999854 0.00546858 -0.0464079 -0.00515647 -0.00538584 0.999972 0.0366722 0.0 0.0 0.0 1.0
office/seq-05/color/frame-000849.color.png office/seq-05/color/frame-000852.color.png 0.998386 -0.0549962 0.0141783 0.0140515 0.0550123 0.998485 -0.000755427 -0.0437329 -0.0141153 0.00153418 0.999899 -0.00491846 0.0 0.0 0.0 1.0
office/seq-05/color/frame-000852.color.png office/seq-05/color/frame-000855.color.png 0.999672 -0.0243408 0.00797225 -0.00200582 0.0243818 0.99969 -0.0050869 -0.0243174 -0.00784594 0.00527969 0.999955 0.00583768 0.0 0.0 0.0 1.0
office/seq-05/color/frame-000855.color.png office/seq-05/color/frame-000858.color.png 0.999793 -0.0177692 0.00994921 0.0152897 0.0177672 0.999842 0.000294472 -0.0290835 -0.00995288 -0.000117725 0.999951 0.00464106 0.0 0.0 0.0 1.0
office/seq-05/color/frame-000858.color.png office/seq-05/color/frame-000861.color.png 0.999898 -0.0108587 0.0092704 -0.00580579 0.0108934 0.999934 -0.00369214 -0.0154063 -0.00922971 0.00379277 0.99995 0.0114267 0.0 0.0 0.0 1.0
office/seq-05/color/frame-000861.color.png office/seq-05/color/frame-000864.color.png 0.999937 -0.00601571 0.009445 0.0271882 0.00607202 0.999964 -0.00594217 0.00150234 -0.00940891 0.00599922 0.999938 0.000601053 0.0 0.0 0.0 1.0
office/seq-05/color/frame-000864.color.png office/seq-05/color/frame-000867.color.png 0.999653 0.0131623 0.022818 0.00319713 -0.0131143 0.999911 -0.00225436 0.0137672 -0.0228457 0.00195424 0.999737 0.0120023 0.0 0.0 0.0 1.0
office/seq-05/color/frame-000867.color.png office/seq-05/color/frame-000870.color.png 0.999556 0.0255366 0.0153505 0.00602013 -0.0254934 0.999671 -0.00299981 0.00975776 -0.015422 0.00260719 0.999878 0.0199711 0.0 0.0 0.0 1.0
office/seq-05/color/frame-000870.color.png office/seq-05/color/frame-000873.color.png 0.999181 0.0200678 0.0351421 -0.0178216 -0.0204842 0.999724 0.0115308 -0.0156092 -0.034901 -0.0122412 0.999316 0.0183641 0.0 0.0 0.0 1.0
office/seq-05/color/frame-000873.color.png office/seq-05/color/frame-000876.color.png 0.999721 0.00341255 0.023376 0.00094986 -0.00350022 0.999987 0.00370981 0.00689921 -0.0233631 -0.00379057 0.99972 0.037003 0.0 0.0 0.0 1.0
office/seq-05/color/frame-000876.color.png office/seq-05/color/frame-000879.color.png 0.999242 0.0094671 0.0377649 -0.0235594 -0.00943255 0.999955 -0.00109027 -0.0141497 -0.0377735 0.000733108 0.999286 0.032275 0.0 0.0 0.0 1.0
office/seq-05/color/frame-000879.color.png office/seq-05/color/frame-000882.color.png 0.999669 -0.00186237 0.0256688 -0.0151834 0.00149538 0.999897 0.0143074 -0.0271382 -0.0256928 -0.0142642 0.999568 0.0184488 0.0 0.0 0.0 1.0
office/seq-05/color/frame-000882.color.png office/seq-05/color/frame-000885.color.png 0.999699 -0.00663595 0.0236042 -0.0143861 0.0062898 0.999872 0.0147028 -0.0129191 -0.0236987 -0.01455 0.999613 0.0466381 0.0 0.0 0.0 1.0
office/seq-05/color/frame-000885.color.png office/seq-05/color/frame-000888.color.png 0.998555 -0.00666031 0.053326 -0.059808 0.00722733 0.999919 -0.0104467 -0.00638327 -0.0532521 0.010817 0.998523 0.0373864 0.0 0.0 0.0 1.0
office/seq-05/color/frame-000888.color.png office/seq-05/color/frame-000891.color.png 0.99906 -0.0108675 0.0419695 -0.0448139 0.0107997 0.99994 0.00184158 -0.021585 -0.041987 -0.00138658 0.999117 0.0436281 0.0 0.0 0.0 1.0
office/seq-05/color/frame-000891.color.png office/seq-05/color/frame-000894.color.png 0.999166 -0.018083 0.036617 -0.0392365 0.018145 0.999835 -0.0013603 0.00145483 -0.0365863 0.00202361 0.999328 0.042688 0.0 0.0 0.0 1.0
office/seq-05/color/frame-000894.color.png office/seq-05/color/frame-000897.color.png 0.99892 -0.00646526 0.0460156 -0.0553185 0.0061839 0.999961 0.00625242 -0.0307842 -0.0460543 -0.00596111 0.998921 0.0361863 0.0 0.0 0.0 1.0
office/seq-05/color/frame-000897.color.png office/seq-05/color/frame-000900.color.png 0.999268 -0.0134881 0.0358002 -0.0397552 0.0135486 0.999907 -0.00144375 0.0118802 -0.0357773 0.00192778 0.999358 0.0454654 0.0 0.0 0.0 1.0
office/seq-05/color/frame-000900.color.png office/seq-05/color/frame-000903.color.png 0.998922 -0.00223043 0.0463638 -0.0583572 0.00152328 0.999882 0.0152787 -0.0434715 -0.0463924 -0.0151917 0.998808 0.0492539 0.0 0.0 0.0 1.0
office/seq-05/color/frame-000903.color.png office/seq-05/color/frame-000906.color.png 0.999013 -0.00543648 0.0440898 -0.049665 0.00510715 0.999958 0.00758084 -0.0335345 -0.0441292 -0.00734819 0.998999 0.0535448 0.0 0.0 0.0 1.0
office/seq-05/color/frame-000906.color.png office/seq-05/color/frame-000909.color.png 0.999049 -0.00791143 0.0428875 -0.0577333 0.00753388 0.999931 0.00895811 -0.0238553 -0.0429555 -0.00862645 0.99904 0.0444475 0.0 0.0 0.0 1.0
office/seq-05/color/frame-000909.color.png office/seq-05/color/frame-000912.color.png 0.999241 -0.00559412 0.0385608 -0.0492337 0.00529222 0.999955 0.00792385 -0.0194787 -0.0386034 -0.00771378 0.999225 0.0410289 0.0 0.0 0.0 1.0
office/seq-05/color/frame-000912.color.png office/seq-05/color/frame-000915.color.png 0.999393 -0.00720565 0.0340957 -0.0432162 0.00703599 0.999962 0.00509358 -0.0124947 -0.0341312 -0.00485054 0.999406 0.038434 0.0 0.0 0.0 1.0
office/seq-05/color/frame-000915.color.png office/seq-05/color/frame-000918.color.png 0.9992 -0.00646456 0.039459 -0.0465059 0.00621275 0.99996 0.00650313 -0.0196473 -0.0394994 -0.00625283 0.9992 0.0443356 0.0 0.0 0.0 1.0
office/seq-05/color/frame-000918.color.png office/seq-05/color/frame-000921.color.png 0.999328 -0.00847276 0.0356681 -0.0256286 0.00840626 0.999962 0.0020095 -0.0169593 -0.0356838 -0.00170823 0.999362 0.0510107 0.0 0.0 0.0 1.0
office/seq-05/color/frame-000921.color.png office/seq-05/color/frame-000924.color.png 0.999084 -0.0065015 0.042297 -0.052319 0.00636675 0.999974 0.00332277 -0.0197858 -0.0423176 -0.00305042 0.9991 0.044798 0.0 0.0 0.0 1.0
office/seq-05/color/frame-000924.color.png office/seq-05/color/frame-000927.color.png 0.999146 -0.00878928 0.0403874 -0.0498009 0.00863873 0.999955 0.00389957 -0.0131001 -0.0404198 -0.00354735 0.999176 0.0356908 0.0 0.0 0.0 1.0
office/seq-05/color/frame-000927.color.png office/seq-05/color/frame-000930.color.png 0.99973 -0.00633677 0.0223284 -0.03056 0.00615276 0.999947 0.00829565 -0.0199535 -0.0223798 -0.00815602 0.999716 0.0301449 0.0 0.0 0.0 1.0
office/seq-05/color/frame-000930.color.png office/seq-05/color/frame-000933.color.png 0.999031 -0.0141643 0.0416759 -0.052211 0.0137877 0.999862 0.00931327 -0.0343752 -0.0418019 -0.00872965 0.999088 0.0385852 0.0 0.0 0.0 1.0
office/seq-05/color/frame-000933.color.png office/seq-05/color/frame-000936.color.png 0.999741 -0.0104446 0.0202357 -0.0246956 0.0104921 0.999943 -0.00223174 -0.00725666 -0.0202112 0.00244346 0.999793 0.0180937 0.0 0.0 0.0 1.0
office/seq-05/color/frame-000936.color.png office/seq-05/color/frame-000939.color.png 0.999387 -0.00997987 0.0335485 -0.0393453 0.00996984 0.99995 0.000463803 -0.00957862 -0.0335514 -0.000129079 0.999437 0.0410421 0.0 0.0 0.0 1.0
office/seq-05/color/frame-000939.color.png office/seq-05/color/frame-000942.color.png 0.999571 -0.0121201 0.0266574 -0.013887 0.011986 0.999915 0.00518548 -0.0172967 -0.026718 -0.0048637 0.999631 0.0461791 0.0 0.0 0.0 1.0
office/seq-05/color/frame-000942.color.png office/seq-05/color/frame-000945.color.png 0.999077 -0.010912 0.0415516 -0.0534196 0.0106995 0.999928 0.00532955 -0.0244153 -0.0416069 -0.00487998 0.999122 0.0472714 0.0 0.0 0.0 1.0
office/seq-05/color/frame-000945.color.png office/seq-05/color/frame-000948.color.png 0.999276 -0.0187824 0.0330891 -0.0456333 0.0183685 0.99975 0.0127692 -0.0440358 -0.0333207 -0.0121522 0.999371 0.037551 0.0 0.0 0.0 1.0
office/seq-05/color/frame-000948.color.png office/seq-05/color/frame-000951.color.png 0.99962 -0.00803713 0.0263785 -0.0352306 0.00805453 0.999967 -0.000552474 -0.00790066 -0.0263731 0.000764754 0.999652 0.0359569 0.0 0.0 0.0 1.0
office/seq-05/color/frame-000951.color.png office/seq-05/color/frame-000954.color.png 0.999237 -0.0196316 0.0337755 -0.0477419 0.0194918 0.9998 0.00446252 -0.0324554 -0.0338563 -0.00380079 0.99942 0.042425 0.0 0.0 0.0 1.0
office/seq-05/color/frame-000954.color.png office/seq-05/color/frame-000957.color.png 0.999614 -0.00847808 0.0264682 -0.0283599 0.00845794 0.999964 0.000870317 -0.0122587 -0.0264748 -0.000646056 0.999649 0.0347178 0.0 0.0 0.0 1.0
office/seq-05/color/frame-000957.color.png office/seq-05/color/frame-000960.color.png 0.99933 -0.00399596 0.0363773 -0.0508525 0.00405929 0.99999 -0.00166744 -0.000928938 -0.0363703 0.00181406 0.999337 0.0457243 0.0 0.0 0.0 1.0
office/seq-05/color/frame-000960.color.png office/seq-05/color/frame-000963.color.png 0.999592 0.001008 0.0285362 -0.0393713 -0.000936369 0.999996 -0.00252306 -0.00238481 -0.0285387 0.00249525 0.99959 0.0562292 0.0 0.0 0.0 1.0
office/seq-05/color/frame-000963.color.png office/seq-05/color/frame-000966.color.png 0.999371 -0.011021 0.0336975 -0.0524242 0.0108473 0.999927 0.00533326 -0.0239182 -0.0337538 -0.00496437 0.999418 0.0391753 0.0 0.0 0.0 1.0
office/seq-05/color/frame-000966.color.png office/seq-05/color/frame-000969.color.png 0.999502 -0.00648504 0.0308846 -0.0428632 0.00654321 0.999977 -0.00178447 -0.0066494 -0.0308722 0.00198563 0.999521 0.0426787 0.0 0.0 0.0 1.0
office/seq-05/color/frame-000969.color.png office/seq-05/color/frame-000972.color.png 0.999744 -0.00797072 0.0211957 -0.0298125 0.00785791 0.999955 0.00540069 -0.021645 -0.0212378 -0.00523272 0.999761 0.0272382 0.0 0.0 0.0 1.0
office/seq-05/color/frame-000972.color.png office/seq-05/color/frame-000975.color.png 0.999417 -0.000785499 0.0341311 -0.052634 0.00088002 0.999996 -0.00275384 0.00423932 -0.0341288 0.00278223 0.999413 0.0459735 0.0 0.0 0.0 1.0
office/seq-05/color/frame-000975.color.png office/seq-05/color/frame-000978.color.png 0.999859 -0.0070024 0.0152635 -0.0141947 0.00697104 0.999973 0.00210687 -0.0136499 -0.0152778 -0.00200016 0.999881 0.0257443 0.0 0.0 0.0 1.0
office/seq-05/color/frame-000978.color.png office/seq-05/color/frame-000981.color.png 0.999484 -0.00804105 0.0310971 -0.0535666 0.00790504 0.999959 0.00449422 -0.0183326 -0.031132 -0.00424609 0.999506 0.0411636 0.0 0.0 0.0 1.0
office/seq-05/color/frame-000981.color.png office/seq-05/color/frame-000984.color.png 0.999817 -0.00537199 0.0183458 -0.0236683 0.00538273 0.999985 -0.000536 -0.0147178 -0.0183426 0.000634632 0.999832 0.0288256 0.0 0.0 0.0 1.0
office/seq-05/color/frame-000984.color.png office/seq-05/color/frame-000987.color.png 0.999634 0.00337879 0.0268567 -0.0543383 -0.00321652 0.999976 -0.00608345 0.00398853 -0.0268766 0.00599489 0.999621 0.0281594 0.0 0.0 0.0 1.0
office/seq-05/color/frame-000987.color.png office/seq-05/color/frame-000990.color.png 0.999987 -0.00037649 0.00511017 -0.00770211 0.000396606 0.999992 -0.00393534 0.00792676 -0.00510863 0.00393739 0.999979 0.0192251 0.0 0.0 0.0 1.0
office/seq-05/color/frame-000990.color.png office/seq-05/color/frame-000993.color.png 0.999913 0.0105279 0.00792271 -0.0207455 -0.0104438 0.999889 -0.0105846 0.0229183 -0.00803327 0.0105008 0.999913 0.0185857 0.0 0.0 0.0 1.0
office/seq-05/color/frame-000993.color.png office/seq-05/color/frame-000996.color.png 0.999955 0.00577452 -0.00746886 0.00665271 -0.00579445 0.99998 -0.00264798 -0.00467777 0.00745336 0.00269116 0.999969 0.00569654 0.0 0.0 0.0 1.0
office/seq-05/color/frame-000996.color.png office/seq-05/color/frame-000999.color.png 0.99992 0.00667443 -0.010725 0.00209582 -0.00682448 0.999879 -0.0140151 0.027706 0.0106301 0.0140872 0.999844 -0.00104392 0.0 0.0 0.0 1.0
