office/seq-05/color/frame-000001.color.png office/seq-05/color/frame-000004.color.png 0.999942 -0.00553112 0.00925752 0.00373662 0.00542615 0.999921 0.0113266 0.00366672 -0.00931944 -0.0112757 0.999893 0.00881192 0.0 0.0 0.0 1.0
office/seq-05/color/frame-000004.color.png office/seq-05/color/frame-000007.color.png 0.999797 0.00116542 0.0201361 -0.00264471 -0.00144191 0.999905 0.013722 0.00604975 -0.0201182 -0.0137482 0.999703 0.0195335 0.0 0.0 0.0 1.0
office/seq-05/color/frame-000007.color.png office/seq-05/color/frame-000010.color.png 0.999674 -1.14271e-05 0.0255372 0.00440387 -0.000495422 0.999803 0.019841 -0.0056172 -0.0255324 -0.0198472 0.999477 0.0323208 0.0 0.0 0.0 1.0
office/seq-05/color/frame-000010.color.png office/seq-05/color/frame-000013.color.png 0.999248 -0.0110153 0.0371846 -0.00551196 0.0104528 0.999828 0.0152878 -0.000290035 -0.0373466 -0.0148876 0.999191 0.0366048 0.0 0.0 0.0 1.0
office/seq-05/color/frame-000013.color.png office/seq-05/color/frame-000016.color.png 0.998683 -0.0174684 0.0482482 -0.0263515 0.016617 0.9997 0.0179917 -0.0166417 -0.048548 -0.0171663 0.998673 0.0551683 0.0 0.0 0.0 1.0
office/seq-05/color/frame-000016.color.png office/seq-05/color/frame-000019.color.png 0.999608 -0.0104958 0.0259739 -0.0144145 0.0103822 0.999936 0.00450455 -0.0121261 -0.0260195 -0.0042331 0.999653 0.0440444 0.0 0.0 0.0 1.0
office/seq-05/color/frame-000019.color.png office/seq-05/color/frame-000022.color.png 0.99995 0.00323747 0.00944354 0.00763701 -0.00350683 0.999583 0.0286469 -0.0266324 -0.00934687 -0.0286787 0.999545 0.0527363 0.0 0.0 0.0 1.0
office/seq-05/color/frame-000022.color.png office/seq-05/color/frame-000025.color.png 0.999693 0.00891405 0.0231166 0.00918185 -0.00923304 0.999863 0.0137294 -0.0389296 -0.0229911 -0.0139386 0.999638 0.0525963 0.0 0.0 0.0 1.0
office/seq-05/color/frame-000025.color.png office/seq-05/color/frame-000028.color.png 0.999869 0.0155022 0.00469082 0.0151317 -0.0155167 0.999875 0.00308701 -0.000486538 -0.0046424 -0.00315938 0.999984 0.0497199 0.0 0.0 0.0 1.0
office/seq-05/color/frame-000028.color.png office/seq-05/color/frame-000031.color.png 0.999872 -0.00430026 0.0154389 0.0214175 0.00430785 0.999991 -0.000458532 -0.0056957 -0.0154367 0.000524957 0.999881 0.0493535 0.0 0.0 0.0 1.0
office/seq-05/color/frame-000031.color.png office/seq-05/color/frame-000034.color.png 0.999608 -0.0186028 0.0209397 0.0101928 0.0189921 0.999648 -0.0185448 -0.00531956 -0.0205874 0.0189352 0.999609 0.054075 0.0 0.0 0.0 1.0
office/seq-05/color/frame-000034.color.png office/seq-05/color/frame-000037.color.png 0.999867 -0.0153713 0.00551575 0.0299529 0.0153434 0.999869 0.00506856 -0.00452542 -0.00559297 -0.00498328 0.999972 0.0508471 0.0 0.0 0.0 1.0
office/seq-05/color/frame-000037.color.png office/seq-05/color/frame-000040.color.png 0.99998 -0.00602048 0.00165867 0.0278759 0.0060158 0.999978 0.00281424 -0.0123005 -0.00167555 -0.00280419 0.999995 0.058933 0.0 0.0 0.0 1.0
office/seq-05/color/frame-000040.color.png office/seq-05/color/frame-000043.color.png 0.999938 -0.0100597 0.00486152 0.0320428 0.0100641 0.999949 -0.000897742 -0.0103824 -0.00485221 0.00094661 0.999988 0.057139 0.0 0.0 0.0 1.0
office/seq-05/color/frame-000043.color.png office/seq-05/color/frame-000046.color.png 0.999857 0.0169102 0.000757948 0.0172169 -0.0169126 0.999851 0.00332343 -0.00349433 -0.000701651 -0.0033358 0.999994 0.0457107 0.0 0.0 0.0 1.0
office/seq-05/color/frame-000046.color.png office/seq-05/color/frame-000049.color.png 0.999563 -0.0106007 0.0275961 0.0109632 0.0107086 0.999936 -0.00376754 0.000211872 -0.0275543 0.00406141 0.999612 0.0654579 0.0 0.0 0.0 1.0
office/seq-05/color/frame-000049.color.png office/seq-05/color/frame-000052.color.png 0.999603 0.00901005 0.0266843 -0.00540969 -0.00907789 0.999956 0.00242219 -0.00240761 -0.0266614 -0.00266346 0.999641 0.0549019 0.0 0.0 0.0 1.0
office/seq-05/color/frame-000052.color.png office/seq-05/color/frame-000055.color.png 0.999266 -0.0177515 0.0339526 -0.00455737 0.01751 0.999819 0.00739791 -0.0242014 -0.0340778 -0.00679794 0.999396 0.0780979 0.0 0.0 0.0 1.0
office/seq-05/color/frame-000055.color.png office/seq-05/color/frame-000058.color.png 0.999648 -0.00205198 0.0264685 -0.00606593 0.00160561 0.999856 0.0168742 -0.0225714 -0.0264993 -0.0168258 0.999507 0.0595853 0.0 0.0 0.0 1.0
office/seq-05/color/frame-000058.color.png office/seq-05/color/frame-000061.color.png 0.999823 -0.000586498 0.0188183 -0.00706285 0.000480244 0.999984 0.00565107 -0.0119529 -0.0188214 -0.00564104 0.999807 0.0657118 0.0 0.0 0.0 1.0
office/seq-05/color/frame-000061.color.png office/seq-05/color/frame-000064.color.png 0.99989 -0.000943511 0.0147997 -0.000856936 0.000787612 0.999944 0.0105369 -0.0315626 -0.0148088 -0.010524 0.999835 0.0578088 0.0 0.0 0.0 1.0
office/seq-05/color/frame-000064.color.png office/seq-05/color/frame-000067.color.png 0.999942 -0.00158921 0.0106913 -0.00443715 0.00128873 0.999606 0.0280528 -0.0359109 -0.0107317 -0.0280374 0.999549 0.0513577 0.0 0.0 0.0 1.0
office/seq-05/color/frame-000067.color.png office/seq-05/color/frame-000070.color.png 0.999946 0.00818503 0.00647732 0.0030061 -0.00830649 0.999786 0.0189511 -0.0351371 -0.00632084 -0.0190039 0.999799 0.0413855 0.0 0.0 0.0 1.0
office/seq-05/color/frame-000070.color.png office/seq-05/color/frame-000073.color.png 0.999971 0.00725847 0.00230363 0.00570816 -0.00730461 0.999759 0.020702 -0.0398794 -0.00215269 -0.0207182 0.999783 0.0433719 0.0 0.0 0.0 1.0
office/seq-05/color/frame-000073.color.png office/seq-05/color/frame-000076.color.png 0.999978 0.00464518 -0.00476033 0.0180672 -0.00454381 0.999767 0.0210962 -0.0345732 0.00485711 -0.0210742 0.999766 0.0361041 0.0 0.0 0.0 1.0
office/seq-05/color/frame-000076.color.png office/seq-05/color/frame-000079.color.png 0.999826 -0.0126245 -0.0137327 0.0373023 0.0128396 0.999794 0.0156899 -0.0324132 0.0135318 -0.0158635 0.999783 0.0353938 0.0 0.0 0.0 1.0
office/seq-05/color/frame-000079.color.png office/seq-05/color/frame-000082.color.png 0.999918 -0.0117879 -0.0050261 0.0180147 0.011863 0.999815 0.0151671 -0.0333905 0.00484631 -0.0152255 0.999872 0.0399598 0.0 0.0 0.0 1.0
office/seq-05/color/frame-000082.color.png office/seq-05/color/frame-000085.color.png 0.999947 -0.00994609 -0.00267315 0.017234 0.00996809 0.999916 0.00833386 -0.0284357 0.00259009 -0.00836009 0.999962 0.0372782 0.0 0.0 0.0 1.0
office/seq-05/color/frame-000085.color.png office/seq-05/color/frame-000088.color.png 0.999988 -0.00472292 0.0012038 0.00963748 0.00471299 0.999956 0.00810725 -0.03054 -0.00124204 -0.00810144 0.999967 0.0333987 0.0 0.0 0.0 1.0
office/seq-05/color/frame-000088.color.png office/seq-05/color/frame-000091.color.png 0.999979 0.00616276 0.00194644 0.00156242 -0.00617813 0.999949 0.00799503 -0.02286 -0.00189706 -0.00800693 0.999966 0.0309162 0.0 0.0 0.0 1.0
office/seq-05/color/frame-000091.color.png office/seq-05/color/frame-000094.color.png 0.999993 0.00253436 -0.00287426 0.00261497 -0.00249967 0.999925 0.012012 -0.0394779 0.00290449 -0.0120049 0.999924 0.0286556 0.0 0.0 0.0 1.0
office/seq-05/color/frame-000094.color.png office/seq-05/color/frame-000097.color.png 0.999916 0.0123981 0.00383621 -0.0132903 -0.0123759 0.999907 -0.00576119 0.00502494 -0.0039073 0.00571327 0.999976 0.0342723 0.0 0.0 0.0 1.0
office/seq-05/color/frame-000097.color.png office/seq-05/color/frame-000100.color.png 0.999878 0.0131698 0.00835857 -0.0284952 -0.0131118 0.99989 -0.006949 0.00826094 -0.00844906 0.00683862 0.999941 0.0322876 0.0 0.0 0.0 1.0
office/seq-05/color/frame-000100.color.png office/seq-05/color/frame-000103.color.png 0.999969 0.00356537 0.00705309 -0.0248985 -0.00353901 0.999987 -0.00374643 -0.00331959 -0.00706629 0.00372136 0.999968 0.0277156 0.0 0.0 0.0 1.0
office/seq-05/color/frame-000103.color.png office/seq-05/color/frame-000106.color.png 0.99979 0.00572799 0.0196668 -0.0608613 -0.00537803 0.999827 -0.0177992 0.0343417 -0.0197654 0.0176897 0.999648 0.035623 0.0 0.0 0.0 1.0
office/seq-05/color/frame-000106.color.png office/seq-05/color/frame-000109.color.png 0.999888 0.00404387 0.0143876 -0.0510689 -0.00379406 0.999842 -0.0173501 0.0338423 -0.0144555 0.0172934 0.999746 0.04045 0.0 0.0 0.0 1.0
office/seq-05/color/frame-000109.color.png office/seq-05/color/frame-000112.color.png 0.999891 -0.00825429 0.0122125 -0.0400009 0.00822448 0.999963 0.00248809 -0.0076158 -0.0122326 -0.00238733 0.999922 0.0177501 0.0 0.0 0.0 1.0
office/seq-05/color/frame-000112.color.png office/seq-05/color/frame-000115.color.png 0.999942 -0.00799993 0.00717032 -0.0374428 0.00803559 0.999955 -0.00495634 0.0140179 -0.00713042 0.00501368 0.999962 0.0182641 0.0 0.0 0.0 1.0
office/seq-05/color/frame-000115.color.png office/seq-05/color/frame-000118.color.png 0.999826 -0.013166 0.0132059 -0.0633311 0.013026 0.999859 0.0106272 -0.0210706 -0.0133439 -0.0104533 0.999856 0.0227033 0.0 0.0 0.0 1.0
office/seq-05/color/frame-000118.color.png office/seq-05/color/frame-000121.color.png 0.999971 -0.00556008 -0.0051768 -0.013483 0.0055971 0.999959 0.00717237 -0.0164223 0.00513672 -0.00720112 0.999961 0.00417912 0.0 0.0 0.0 1.0
office/seq-05/color/frame-000121.color.png office/seq-05/color/frame-000124.color.png 0.999999 -0.00138828 -0.000419591 -0.0334901 0.00139393 0.999904 0.0137709 -0.0317375 0.000400379 -0.0137715 0.999905 0.0113726 0.0 0.0 0.0 1.0
office/seq-05/color/frame-000124.color.png office/seq-05/color/frame-000127.color.png 0.999944 0.00637803 -0.00849417 -0.0246326 -0.00630932 0.999947 0.00808884 -0.0161926 0.00854542 -0.00803472 0.999931 0.0111026 0.0 0.0 0.0 1.0
office/seq-05/color/frame-000127.color.png office/seq-05/color/frame-000130.color.png 0.999901 0.00236323 -0.0138985 0.00231837 -0.00226712 0.999973 0.00692843 -0.0134942 0.0139144 -0.00689628 0.999879 0.00282776 0.0 0.0 0.0 1.0
office/seq-05/color/frame-000130.color.png office/seq-05/color/frame-000133.color.png 0.999294 0.0157784 -0.0340847 0.0397649 -0.015532 0.999851 0.00748059 -0.0163983 0.0341977 -0.00694593 0.999391 -0.00312865 0.0 0.0 0.0 1.0
office/seq-05/color/frame-000133.color.png office/seq-05/color/frame-000136.color.png 0.999664 0.0117242 -0.0230982 0.0173112 -0.01176 0.99993 -0.00141561 0.00926447 0.02308 0.00168673 0.999732 -0.00341725 0.0 0.0 0.0 1.0
office/seq-05/color/frame-000136.color.png office/seq-05/color/frame-000139.color.png 0.99957 0.00405488 -0.0290494 0.0342403 -0.00380979 0.999957 0.00848732 -0.0213769 0.0290824 -0.00837294 0.999542 -0.0127537 0.0 0.0 0.0 1.0
office/seq-05/color/frame-000139.color.png office/seq-05/color/frame-000142.color.png 0.999321 0.0105281 -0.0353189 0.0441187 -0.0109888 0.999857 -0.0128744 0.0254814 0.0351783 0.0132538 0.999293 -0.010011 0.0 0.0 0.0 1.0
office/seq-05/color/frame-000142.color.png office/seq-05/color/frame-000145.color.png 0.999704 0.0130729 -0.0205174 0.0200498 -0.0131562 0.999906 -0.00393288 0.016706 0.020464 0.00420159 0.999782 0.00357568 0.0 0.0 0.0 1.0
office/seq-05/color/frame-000145.color.png office/seq-05/color/frame-000148.color.png 0.999457 0.00261409 -0.0328565 0.0309716 -0.00235147 0.999965 0.0080297 -0.0130923 0.0328763 -0.00794814 0.999428 -0.00747824 0.0 0.0 0.0 1.0
office/seq-05/color/frame-000148.color.png office/seq-05/color/frame-000151.color.png 0.999167 0.00214708 -0.040757 0.0503786 -0.00226074 0.999994 -0.00274269 0.0137828 0.0407508 0.00283258 0.999165 -0.00359476 0.0 0.0 0.0 1.0
office/seq-05/color/frame-000151.color.png office/seq-05/color/frame-000154.color.png 0.999242 0.00636235 -0.0383977 0.0447377 -0.00577988 0.999867 0.0152605 -0.0225383 0.0384897 -0.0150269 0.999146 0.00323129 0.0 0.0 0.0 1.0
office/seq-05/color/frame-000154.color.png office/seq-05/color/frame-000157.color.png 0.999293 0.00215237 -0.0375312 0.0539156 -0.00206118 0.999995 0.00246837 0.00173262 0.0375362 -0.00238937 0.999292 0.0124602 0.0 0.0 0.0 1.0
office/seq-05/color/frame-000157.color.png office/seq-05/color/frame-000160.color.png 0.999277 0.00749563 -0.0372827 0.063961 -0.00775768 0.999946 -0.00688841 0.00714329 0.0372291 0.0071727 0.999281 0.017415 0.0 0.0 0.0 1.0
office/seq-05/color/frame-000160.color.png office/seq-05/color/frame-000163.color.png 0.999774 0.00628594 -0.0203034 0.0286342 -0.00626913 0.99998 0.000890572 -0.00830203 0.0203086 -0.000763076 0.999793 0.0144652 0.0 0.0 0.0 1.0
office/seq-05/color/frame-000163.color.png office/seq-05/color/frame-000166.color.png 0.999741 0.00971723 -0.0205654 0.0313302 -0.00978939 0.999946 -0.00341183 0.00563934 0.0205312 0.00361219 0.999783 0.0153464 0.0 0.0 0.0 1.0
office/seq-05/color/frame-000166.color.png office/seq-05/color/frame-000169.color.png 0.999691 0.010494 -0.0225352 0.0362529 -0.0105583 0.999941 -0.00273358 0.00637084 0.0225051 0.00297071 0.999742 0.0262734 0.0 0.0 0.0 1.0
office/seq-05/color/frame-000169.color.png office/seq-05/color/frame-000172.color.png 0.9997 0.00774658 -0.0232386 0.0376462 -0.00769273 0.999968 0.00240557 -0.00856167 0.0232565 -0.00222618 0.999727 0.0298405 0.0 0.0 0.0 1.0
office/seq-05/color/frame-000172.color.png office/seq-05/color/frame-000175.color.png 0.999749 0.00360069 -0.0220901 0.0357416 -0.00380439 0.999951 -0.00918575 0.0192451 0.022056 0.00926754 0.999714 0.0370506 0.0 0.0 0.0 1.0
office/seq-05/color/frame-000175.color.png office/seq-05/color/frame-000178.color.png 0.999865 0.00518928 -0.0155861 0.0272036 -0.00527424 0.999971 -0.00541442 0.006661 0.0155576 0.00549585 0.999864 0.0401452 0.0 0.0 0.0 1.0
office/seq-05/color/frame-000178.color.png office/seq-05/color/frame-000181.color.png 0.999687 -0.00701988 -0.024012 0.0501757 0.00710912 0.999968 0.0036321 -0.023377 0.0239857 -0.00380172 0.999705 0.0402308 0.0 0.0 0.0 1.0
office/seq-05/color/frame-000181.color.png office/seq-05/color/frame-000184.color.png 0.999667 0.0114766 -0.0231242 0.0392298 -0.0116013 0.999919 -0.00526299 -0.000460327 0.0230619 0.00552959 0.999719 0.0472921 0.0 0.0 0.0 1.0
office/seq-05/color/frame-000184.color.png office/seq-05/color/frame-000187.color.png 0.999733 0.00298381 -0.0228911 0.0286041 -0.00304166 0.999992 -0.00249256 -0.00668362 0.0228834 0.00256153 0.999735 0.0416142 0.0 0.0 0.0 1.0
office/seq-05/color/frame-000187.color.png office/seq-05/color/frame-000190.color.png 0.99955 -0.00478202 -0.0296209 0.0441495 0.00490898 0.999979 0.004215 -0.0142163 0.0296002 -0.00435853 0.999552 0.046995 0.0 0.0 0.0 1.0
office/seq-05/color/frame-000190.color.png office/seq-05/color/frame-000193.color.png 0.999508 -0.00525395 -0.0309144 0.0504875 0.005228 0.999986 -0.000921296 9.40859e-05 0.0309188 0.000759219 0.999522 0.0470107 0.0 0.0 0.0 1.0
office/seq-05/color/frame-000193.color.png office/seq-05/color/frame-000196.color.png 0.999454 0.000227218 -0.0330304 0.0504291 -3.61755e-05 0.999983 0.00578507 -0.0203414 0.0330311 -0.00578072 0.999438 0.0424433 0.0 0.0 0.0 1.0
office/seq-05/color/frame-000196.color.png office/seq-05/color/frame-000199.color.png 0.999554 -0.00632996 -0.0291681 0.0505126 0.00591026 0.999878 -0.0144531 0.0289419 0.029256 0.0142742 0.99947 0.0432091 0.0 0.0 0.0 1.0
office/seq-05/color/frame-000199.color.png office/seq-05/color/frame-000202.color.png 0.999621 -0.0024513 -0.0274152 0.0484886 0.00218003 0.999948 -0.00992036 0.0120974 0.0274381 0.00985689 0.999575 0.0309634 0.0 0.0 0.0 1.0
office/seq-05/color/frame-000202.color.png office/seq-05/color/frame-000205.color.png 0.999512 -0.000513708 -0.0312235 0.0742684 -0.00013539 0.999784 -0.020783 0.0382005 0.0312275 0.0207771 0.999296 0.0428987 0.0 0.0 0.0 1.0
office/seq-05/color/frame-000205.color.png office/seq-05/color/frame-000208.color.png 0.999552 0.000673263 -0.0299126 0.0654991 -0.00169557 0.999415 -0.0341637 0.0615047 0.0298721 0.0341991 0.998968 0.0372679 0.0 0.0 0.0 1.0
office/seq-05/color/frame-000208.color.png office/seq-05/color/frame-000211.color.png 0.999491 -0.0070421 -0.0311033 0.0656896 0.00589737 0.999307 -0.0367428 0.0579369 0.0313405 0.0365407 0.998841 0.037354 0.0 0.0 0.0 1.0
office/seq-05/color/frame-000211.color.png office/seq-05/color/frame-000214.color.png 0.999707 -0.00274663 -0.0240346 0.053773 0.00181439 0.999248 -0.0387244 0.0690184 0.0241229 0.0386695 0.998961 0.0318143 0.0 0.0 0.0 1.0
office/seq-05/color/frame-000214.color.png office/seq-05/color/frame-000217.color.png 0.999787 -0.00797363 -0.0190493 0.0400873 0.0073721 0.999478 -0.0314424 0.0509931 0.01929 0.0312953 0.999324 0.0269213 0.0 0.0 0.0 1.0
office/seq-05/color/frame-000217.color.png office/seq-05/color/frame-000220.color.png 0.999794 6.23526e-06 -0.0202799 0.0477572 -0.000425815 0.999786 -0.020683 0.0127931 0.0202755 0.0206874 0.99958 0.0354378 0.0 0.0 0.0 1.0
office/seq-05/color/frame-000220.color.png office/seq-05/color/frame-000223.color.png 0.9997 -0.00632786 -0.0236573 0.0516267 0.00556591 0.999468 -0.0321366 0.052583 0.023848 0.0319953 0.999203 0.0290694 0.0 0.0 0.0 1.0
office/seq-05/color/frame-000223.color.png office/seq-05/color/frame-000226.color.png 0.99955 -0.0171997 -0.0245676 0.0527488 0.016174 0.999014 -0.0413554 0.0854123 0.0252547 0.0409395 0.998842 0.0278804 0.0 0.0 0.0 1.0
office/seq-05/color/frame-000226.color.png office/seq-05/color/frame-000229.color.png 0.999858 -0.00330785 -0.0165461 0.0381556 0.00279801 0.999524 -0.030743 0.0464231 0.0166399 0.0306924 0.99939 0.0116007 0.0 0.0 0.0 1.0
office/seq-05/color/frame-000229.color.png office/seq-05/color/frame-000232.color.png 0.999375 -0.0118438 -0.0333067 0.0748249 0.0113419 0.99982 -0.0152177 0.00773716 0.0334809 0.0148304 0.999329 0.0173421 0.0 0.0 0.0 1.0
office/seq-05/color/frame-000232.color.png office/seq-05/color/frame-000235.color.png 0.999866 -0.00475302 -0.0156625 0.0210494 0.00433262 0.999632 -0.0267673 0.0462312 0.015784 0.0266958 0.999519 0.00553942 0.0 0.0 0.0 1.0
office/seq-05/color/frame-000235.color.png office/seq-05/color/frame-000238.color.png 0.999557 -0.00504969 -0.0293166 0.0633844 0.00486505 0.999968 -0.00636596 0.00344628 0.0293478 0.00622051 0.99955 0.00410008 0.0 0.0 0.0 1.0
office/seq-05/color/frame-000238.color.png office/seq-05/color/frame-000241.color.png 0.999536 0.00933659 -0.0290051 0.0632339 -0.00926415 0.999954 0.00263252 -0.017657 0.0290284 -0.00236261 0.999576 0.0133216 0.0 0.0 0.0 1.0
office/seq-05/color/frame-000241.color.png office/seq-05/color/frame-000244.color.png 0.999516 0.0133796 -0.0280727 0.0662333 -0.0132329 0.999898 0.0054036 -0.0200756 0.0281422 -0.00502951 0.999591 0.014776 0.0 0.0 0.0 1.0
office/seq-05/color/frame-000244.color.png office/seq-05/color/frame-000247.color.png 0.999808 0.0184036 -0.00674028 0.0235077 -0.0183863 0.999828 0.00261073 -0.00290811 0.00678708 -0.00248629 0.999974 0.000870705 0.0 0.0 0.0 1.0
office/seq-05/color/frame-000247.color.png office/seq-05/color/frame-000250.color.png 0.99982 0.0162339 -0.00981386 0.0439042 -0.0158252 0.999059 0.0403848 -0.135323 0.0104602 -0.0402222 0.999136 -0.000319481 0.0 0.0 0.0 1.0
office/seq-05/color/frame-000250.color.png office/seq-05/color/frame-000253.color.png 0.999698 0.0239824 0.00545153 0.00196983 -0.0241124 0.999393 0.0251645 -0.0590789 -0.00484481 -0.0252883 0.999668 -0.00972319 0.0 0.0 0.0 1.0
office/seq-05/color/frame-000253.color.png office/seq-05/color/frame-000256.color.png 0.999751 0.0215542 -0.00573966 0.0241256 -0.0215176 0.999748 0.00635418 -0.00468248 0.00587525 -0.0062291 0.999963 -0.00547218 0.0 0.0 0.0 1.0
office/seq-05/color/frame-000256.color.png office/seq-05/color/frame-000259.color.png 0.999939 0.00847023 0.00711522 -0.0226563 -0.00865697 0.999608 0.0266405 -0.0507292 -0.00688685 -0.0267004 0.99962 -0.0378325 0.0 0.0 0.0 1.0
office/seq-05/color/frame-000259.color.png office/seq-05/color/frame-000262.color.png 0.999919 0.0114527 -0.00561654 0.0170633 -0.0113463 0.999762 0.0186179 -0.0304919 0.00582842 -0.0185527 0.999811 -0.0184944 0.0 0.0 0.0 1.0
office/seq-05/color/frame-000262.color.png office/seq-05/color/frame-000265.color.png 0.999767 0.0178101 -0.0122328 0.0290935 -0.0174584 0.999448 0.0282821 -0.0547019 0.0127298 -0.0280619 0.999525 -0.0115805 0.0 0.0 0.0 1.0
office/seq-05/color/frame-000265.color.png office/seq-05/color/frame-000268.color.png 0.999395 0.021406 -0.0274257 0.0667633 -0.0203969 0.999123 0.0365579 -0.0726054 0.0281842 -0.0359764 0.998955 -0.0116749 0.0 0.0 0.0 1.0
office/seq-05/color/frame-000268.color.png office/seq-05/color/frame-000271.color.png 0.999767 0.0128601 -0.0173147 0.0403135 -0.012529 0.999739 0.0191024 -0.0314738 0.0175558 -0.018881 0.999668 -0.0116181 0.0 0.0 0.0 1.0
office/seq-05/color/frame-000271.color.png office/seq-05/color/frame-000274.color.png 0.998713 0.0116078 -0.0493748 0.10998 -0.0106393 0.999747 0.0198331 -0.0188151 0.0495926 -0.0192823 0.998583 0.00608087 0.0 0.0 0.0 1.0
office/seq-05/color/frame-000274.color.png office/seq-05/color/frame-000277.color.png 0.999537 0.0207631 -0.022251 0.047607 -0.0205169 0.999726 0.0112323 -0.00558519 0.0224782 -0.0107706 0.999689 0.00278616 0.0 0.0 0.0 1.0
office/seq-05/color/frame-000277.color.png office/seq-05/color/frame-000280.color.png 0.998278 0.0245539 -0.0532662 0.135663 -0.0232967 0.999438 0.0240961 -0.0396699 0.0538278 -0.0228137 0.99829 0.0214591 0.0 0.0 0.0 1.0
office/seq-05/color/frame-000280.color.png office/seq-05/color/frame-000283.color.png 0.998924 0.027653 -0.0372177 0.0935696 -0.0272619 0.999568 0.0109751 -0.0306933 0.0375052 -0.00994869 0.999247 0.022419 0.0 0.0 0.0 1.0
office/seq-05/color/frame-000283.color.png office/seq-05/color/frame-000286.color.png 0.999713 0.01429 -0.019223 0.0425581 -0.0141755 0.999881 0.00608771 -0.0144479 0.0193076 -0.00581349 0.999797 -0.000709057 0.0 0.0 0.0 1.0
office/seq-05/color/frame-000286.color.png office/seq-05/color/frame-000289.color.png 0.999111 0.0270553 -0.0323215 0.0935866 -0.0270394 0.999634 0.000925122 -0.00930554 0.0323347 -5.03245e-05 0.999477 0.0273254 0.0 0.0 0.0 1.0
office/seq-05/color/frame-000289.color.png office/seq-05/color/frame-000292.color.png 0.999237 0.0144013 -0.0362925 0.105405 -0.0140121 0.999842 0.0109567 -0.0362782 0.0364445 -0.0104398 0.999281 0.0206597 0.0 0.0 0.0 1.0
office/seq-05/color/frame-000292.color.png office/seq-05/color/frame-000295.color.png 0.998665 0.0264059 -0.0443935 0.121211 -0.0257402 0.999549 0.0155006 -0.0381003 0.0447828 -0.0143372 0.998894 0.0122924 0.0 0.0 0.0 1.0
office/seq-05/color/frame-000295.color.png office/seq-05/color/frame-000298.color.png 0.998976 0.00449829 -0.0450158 0.127498 -0.00370967 0.999838 0.0175898 -0.0264011 0.0450877 -0.0174047 0.998831 0.0167742 0.0 0.0 0.0 1.0
office/seq-05/color/frame-000298.color.png office/seq-05/color/frame-000301.color.png 0.9992 0.00944599 -0.0388484 0.107811 -0.00870209 0.999776 0.019272 -0.0305442 0.0390218 -0.0189186 0.999059 0.00505114 0.0 0.0 0.0 1.0
office/seq-05/color/frame-000301.color.png office/seq-05/color/frame-000304.color.png 0.999712 0.00612622 -0.0232014 0.0550655 -0.00604493 0.999975 0.00356882 0.0178903 0.0232227 -0.00342759 0.999724 -0.0107505 0.0 0.0 0.0 1.0
office/seq-05/color/frame-000304.color.png office/seq-05/color/frame-000307.color.png 0.999081 0.0248205 -0.0349328 0.0979952 -0.0242699 0.999576 0.0160962 -0.0512576 0.0353175 -0.0152336 0.99926 0.0157087 0.0 0.0 0.0 1.0
office/seq-05/color/frame-000307.color.png office/seq-05/color/frame-000310.color.png 0.999882 -0.0147612 -0.00433299 0.019796 0.0147686 0.999889 0.00169464 0.0377362 0.00430752 -0.00175843 0.999989 -0.0144334 0.0 0.0 0.0 1.0
office/seq-05/color/frame-000310.color.png office/seq-05/color/frame-000313.color.png 0.99953 0.0173653 -0.0252462 0.0579266 -0.0172244 0.999835 0.00578707 -0.00685623 0.0253425 -0.00534951 0.999665 -0.000248909 0.0 0.0 0.0 1.0
office/seq-05/color/frame-000313.color.png office/seq-05/color/frame-000316.color.png 0.999548 0.00528546 -0.0295769 0.0665166 -0.00496282 0.999927 0.0109724 -0.0186159 0.0296326 -0.0108206 0.999502 -0.00285363 0.0 0.0 0.0 1.0
office/seq-05/color/frame-000316.color.png office/seq-05/color/frame-000319.color.png 0.998969 0.0105972 -0.0441404 0.11851 -0.0104033 0.999935 0.00462003 -0.00957128 0.0441866 -0.00415607 0.999015 0.0122926 0.0 0.0 0.0 1.0
office/seq-05/color/frame-000319.color.png office/seq-05/color/frame-000322.color.png 0.999451 0.0183376 -0.0275869 0.0655733 -0.0180762 0.99979 0.00969826 -0.015863 0.0277589 -0.00919423 0.999572 -0.000988483 0.0 0.0 0.0 1.0
office/seq-05/color/frame-000322.color.png office/seq-05/color/frame-000325.color.png 0.999289 0.0200486 -0.031933 0.0797763 -0.0198368 0.999779 0.006937 -0.014459 0.032065 -0.00629864 0.999466 0.000956059 0.0 0.0 0.0 1.0
office/seq-05/color/frame-000325.color.png office/seq-05/color/frame-000328.color.png 0.998903 0.0254371 -0.0393212 0.0864654 -0.0257274 0.999645 -0.00689594 0.0274444 0.0391318 0.0079 0.999203 0.00246358 0.0 0.0 0.0 1.0
office/seq-05/color/frame-000328.color.png office/seq-05/color/frame-000331.color.png 0.999146 0.00634166 -0.0408368 0.0888395 -0.00618473 0.999973 0.00396865 -0.0070309 0.0408609 -0.0037127 0.999158 0.00399017 0.0 0.0 0.0 1.0
office/seq-05/color/frame-000331.color.png office/seq-05/color/frame-000334.color.png 0.999104 0.00700846 -0.0417426 0.0870751 -0.00665807 0.999942 0.00852713 -0.0118001 0.0417999 -0.00824159 0.999092 0.00304294 0.0 0.0 0.0 1.0
office/seq-05/color/frame-000334.color.png office/seq-05/color/frame-000337.color.png 0.999599 0.0134885 -0.0248919 0.0630165 -0.0135067 0.999909 -0.000564985 -0.00123012 0.024882 0.000900947 0.99969 0.000135899 0.0 0.0 0.0 1.0
office/seq-05/color/frame-000337.color.png office/seq-05/color/frame-000340.color.png 0.999867 0.00866612 -0.013849 0.025319 -0.00858487 0.999946 0.00592015 -0.00349286 0.0138995 -0.00580046 0.999887 -0.00347018 0.0 0.0 0.0 1.0
office/seq-05/color/frame-000340.color.png office/seq-05/color/frame-000343.color.png 0.999865 0.00568703 -0.0153792 0.0224478 -0.00566272 0.999983 0.00162007 0.00648719 0.0153882 -0.00153279 0.999881 -0.00581622 0.0 0.0 0.0 1.0
office/seq-05/color/frame-000343.color.png office/seq-05/color/frame-000346.color.png 0.999767 0.0118925 -0.0180394 0.04768 -0.0119093 0.999929 -0.000829495 -0.00332013 0.0180283 0.00104417 0.999837 0.00114465 0.0 0.0 0.0 1.0
office/seq-05/color/frame-000346.color.png office/seq-05/color/frame-000349.color.png 0.999355 0.0133448 -0.0333315 0.0640683 -0.0136474 0.999868 -0.00886679 0.0269165 0.0332088 0.00931595 0.999405 0.00511837 0.0 0.0 0.0 1.0
office/seq-05/color/frame-000349.color.png office/seq-05/color/frame-000352.color.png 0.999822 0.00857984 -0.0168145 0.0393346 -0.00854603 0.999961 0.00208375 -0.00153002 0.0168318 -0.00193971 0.999857 -0.00746632 0.0 0.0 0.0 1.0
office/seq-05/color/frame-000352.color.png office/seq-05/color/frame-000355.color.png 0.999443 0.0265231 -0.0202591 0.0441605 -0.0265328 0.999648 -0.000205528 0.00157413 0.0202465 0.000742942 0.999795 0.00965047 0.0 0.0 0.0 1.0
office/seq-05/color/frame-000355.color.png office/seq-05/color/frame-000358.color.png 0.999753 0.0111563 -0.0192152 0.03308 -0.0112523 0.999925 -0.00489073 0.0150711 0.0191592 0.0051058 0.999803 -0.00739074 0.0 0.0 0.0 1.0
office/seq-05/color/frame-000358.color.png office/seq-05/color/frame-000361.color.png 0.999057 0.0243643 -0.0359404 0.0664689 -0.0246343 0.999671 -0.00708945 0.0111576 0.0357559 0.0079681 0.999329 -0.00542521 0.0 0.0 0.0 1.0
office/seq-05/color/frame-000361.color.png office/seq-05/color/frame-000364.color.png 0.999819 -0.000725692 -0.0190263 0.034371 0.000752191 0.999999 0.00138703 0.00363263 0.0190252 -0.00140104 0.999818 -0.00481033 0.0 0.0 0.0 1.0
office/seq-05/color/frame-000364.color.png office/seq-05/color/frame-000367.color.png 0.999728 0.0167291 -0.0162752 0.00841537 -0.0167198 0.99986 0.000708246 0.0227461 0.0162849 -0.000435929 0.999867 -0.0306253 0.0 0.0 0.0 1.0
office/seq-05/color/frame-000367.color.png office/seq-05/color/frame-000370.color.png 0.999768 0.00901465 -0.0195702 0.0372754 -0.00896992 0.999957 0.00236911 0.00114563 0.0195907 -0.00219302 0.999806 -0.0062449 0.0 0.0 0.0 1.0
office/seq-05/color/frame-000370.color.png office/seq-05/color/frame-000373.color.png 0.999496 0.0124313 -0.029215 0.0507807 -0.012331 0.999917 0.0036116 -0.000455141 0.0292575 -0.00324953 0.999567 -0.0118396 0.0 0.0 0.0 1.0
office/seq-05/color/frame-000373.color.png office/seq-05/color/frame-000376.color.png 0.999781 0.000390598 -0.0209006 0.0375095 -0.000414316 0.999999 -0.00113297 0.0125657 0.0209001 0.00114142 0.999781 -0.00345755 0.0 0.0 0.0 1.0
office/seq-05/color/frame-000376.color.png office/seq-05/color/frame-000379.color.png 0.999374 0.0164912 -0.0313095 0.0510272 -0.016588 0.999858 -0.00282576 0.00700265 0.0312585 0.00334334 0.999506 -0.00421357 0.0 0.0 0.0 1.0
office/seq-05/color/frame-000379.color.png office/seq-05/color/frame-000382.color.png 0.999402 0.0125057 -0.0322396 0.0477588 -0.0130086 0.999796 -0.0154404 0.0388438 0.0320399 0.0158505 0.999361 -0.0126538 0.0 0.0 0.0 1.0
office/seq-05/color/frame-000382.color.png office/seq-05/color/frame-000385.color.png 0.999933 -0.00260313 -0.0112442 0.0159614 0.00257847 0.999994 -0.00221006 0.00331818 0.0112499 0.00218089 0.999934 -0.0238276 0.0 0.0 0.0 1.0
office/seq-05/color/frame-000385.color.png office/seq-05/color/frame-000388.color.png 0.999323 0.00318432 -0.0366425 0.0504315 -0.00329405 0.99999 -0.00293244 0.0127747 0.0366328 0.00305115 0.999324 -0.00912619 0.0 0.0 0.0 1.0
office/seq-05/color/frame-000388.color.png office/seq-05/color/frame-000391.color.png 0.99944 0.00120969 -0.0334377 0.0388188 -0.00126958 0.999998 -0.00177201 0.0158204 0.0334355 0.00181346 0.999439 -0.00840473 0.0 0.0 0.0 1.0
office/seq-05/color/frame-000391.color.png office/seq-05/color/frame-000394.color.png 0.999314 -0.00188045 -0.0369735 0.0425095 0.00230209 0.999933 0.0113645 -0.012713 0.0369496 -0.0114418 0.999252 -0.00782752 0.0 0.0 0.0 1.0
office/seq-05/color/frame-000394.color.png office/seq-05/color/frame-000397.color.png 0.999488 -0.0120898 -0.0296322 0.0242379 0.0121343 0.999925 0.00131953 0.0259754 0.029614 -0.00167849 0.99956 -0.00405133 0.0 0.0 0.0 1.0
office/seq-05/color/frame-000397.color.png office/seq-05/color/frame-000400.color.png 0.999965 -0.000152306 -0.00841243 -0.0186728 4.13875e-05 0.999913 -0.0131813 0.0167244 0.00841375 0.0131806 0.999878 -0.0237356 0.0 0.0 0.0 1.0
office/seq-05/color/frame-000400.color.png office/seq-05/color/frame-000403.color.png 0.999977 0.00103491 -0.00664136 -0.0173059 -0.000958666 0.999934 0.0114572 -0.0179343 0.00665274 -0.0114506 0.999912 -0.0272195 0.0 0.0 0.0 1.0
office/seq-05/color/frame-000403.color.png office/seq-05/color/frame-000406.color.png 0.99982 -0.0057013 -0.0181062 -0.00303727 0.00568031 0.999983 -0.00121086 0.0240604 0.0181128 0.00110778 0.999835 -0.0131216 0.0 0.0 0.0 1.0
office/seq-05/color/frame-000406.color.png office/seq-05/color/frame-000409.color.png 0.999992 -0.00401618 0.000108982 -0.0335739 0.0040172 0.999908 -0.0129771 0.0357552 -5.68387e-05 0.0129776 0.999916 -0.0301247 0.0 0.0 0.0 1.0
office/seq-05/color/frame-000409.color.png office/seq-05/color/frame-000412.color.png 0.999897 0.0128628 -0.00635266 -0.0127292 -0.0128432 0.999913 0.00312831 -0.0038683 0.0063924 -0.00304647 0.999975 -0.0279057 0.0 0.0 0.0 1.0
office/seq-05/color/frame-000412.color.png office/seq-05/color/frame-000415.color.png 0.999858 0.0129699 -0.0107509 -0.0120116 -0.0129961 0.999913 -0.00237304 0.0137688 0.0107191 0.00251239 0.99994 -0.0210268 0.0 0.0 0.0 1.0
office/seq-05/color/frame-000415.color.png office/seq-05/color/frame-000418.color.png 0.999973 0.00267821 -0.00675777 -0.0104035 -0.00262842 0.999969 0.00735813 -0.00637677 0.00677723 -0.00734013 0.99995 -0.0172565 0.0 0.0 0.0 1.0
office/seq-05/color/frame-000418.color.png office/seq-05/color/frame-000421.color.png 0.999607 0.018633 -0.0209366 0.00974494 -0.0185843 0.999824 0.00252468 0.00382106 0.02098 -0.00213464 0.999778 -0.0243137 0.0 0.0 0.0 1.0
office/seq-05/color/frame-000421.color.png office/seq-05/color/frame-000424.color.png 0.999814 -0.00420447 -0.0188304 -0.00412077 0.0042795 0.999983 0.00394221 0.0155886 0.0188135 -0.00402207 0.999815 -0.0252247 0.0 0.0 0.0 1.0
office/seq-05/color/frame-000424.color.png office/seq-05/color/frame-000427.color.png 0.999995 -0.000746603 -0.00314639 -0.00729728 0.000752041 0.999998 0.00177654 0.00891221 0.00314502 -0.00177881 0.999994 -0.0404719 0.0 0.0 0.0 1.0
office/seq-05/color/frame-000427.color.png office/seq-05/color/frame-000430.color.png 0.999982 -0.00594123 0.000341043 -0.0125023 0.00594046 0.999979 0.00256757 0.0162178 -0.000356219 -0.00256553 0.999997 -0.0368007 0.0 0.0 0.0 1.0
office/seq-05/color/frame-000430.color.png office/seq-05/color/frame-000433.color.png 0.999853 -0.00242785 0.0169733 -0.0547643 0.00224438 0.999939 0.0108177 -0.00192681 -0.0169985 -0.010778 0.999797 -0.0500894 0.0 0.0 0.0 1.0
office/seq-05/color/frame-000433.color.png office/seq-05/color/frame-000436.color.png 0.999829 0.00580851 0.0175291 -0.050597 -0.00592818 0.999959 0.00677748 0.000693414 -0.0174889 -0.00688022 0.999823 -0.0540049 0.0 0.0 0.0 1.0
office/seq-05/color/frame-000436.color.png office/seq-05/color/frame-000439.color.png 0.999888 -0.0122943 0.00849782 -0.0320169 0.0122987 0.999924 -0.000461881 0.0203477 -0.00849161 0.000566401 0.999964 -0.0480782 0.0 0.0 0.0 1.0
office/seq-05/color/frame-000439.color.png office/seq-05/color/frame-000442.color.png 0.999867 -0.0105945 0.0123774 -0.0410368 0.0105506 0.999938 0.0036086 0.0134486 -0.0124147 -0.00347751 0.999917 -0.0532633 0.0 0.0 0.0 1.0
office/seq-05/color/frame-000442.color.png office/seq-05/color/frame-000445.color.png 0.99979 -0.0152085 0.0137066 -0.0188691 0.0153731 0.99981 -0.0119888 0.0324068 -0.0135217 0.012197 0.999834 -0.0742276 0.0 0.0 0.0 1.0
office/seq-05/color/frame-000445.color.png office/seq-05/color/frame-000448.color.png 0.999985 -0.00362139 -0.00421953 -0.0238552 0.00359748 0.999977 -0.00568018 0.0267758 0.00424 0.00566492 0.999975 -0.0360804 0.0 0.0 0.0 1.0
office/seq-05/color/frame-000448.color.png office/seq-05/color/frame-000451.color.png 0.999699 -0.0177375 0.0169567 -0.0478079 0.0177178 0.999842 0.00130268 0.0293255 -0.0169772 -0.00100191 0.999855 -0.0541573 0.0 0.0 0.0 1.0
office/seq-05/color/frame-000451.color.png office/seq-05/color/frame-000454.color.png 0.999785 -0.0111664 0.0174829 -0.0549247 0.0106695 0.999544 0.0282549 -0.0164071 -0.0177903 -0.0280623 0.999448 -0.0523181 0.0 0.0 0.0 1.0
office/seq-05/color/frame-000454.color.png office/seq-05/color/frame-000457.color.png 0.999723 -0.0206328 0.0113091 -0.0417678 0.0207377 0.999742 -0.00923172 0.051609 -0.0111156 0.00946374 0.999893 -0.0447 0.0 0.0 0.0 1.0
office/seq-05/color/frame-000457.color.png office/seq-05/color/frame-000460.color.png 0.999997 -0.00193587 0.00172529 -0.0307492 0.00190523 0.999844 0.0175336 -0.00557499 -0.00175895 -0.0175304 0.999845 -0.036513 0.0 0.0 0.0 1.0
office/seq-05/color/frame-000460.color.png office/seq-05/color/frame-000463.color.png 0.999764 -0.0137181 0.0168212 -0.053654 0.0134613 0.999793 0.0152898 0.00662066 -0.0170274 -0.0150597 0.999742 -0.0508444 0.0 0.0 0.0 1.0
office/seq-05/color/frame-000463.color.png office/seq-05/color/frame-000466.color.png 0.999941 0.00475411 0.00977168 -0.0486879 -0.00490032 0.999876 0.014988 -0.00872193 -0.00969919 -0.0150349 0.99984 -0.0372967 0.0 0.0 0.0 1.0
office/seq-05/color/frame-000466.color.png office/seq-05/color/frame-000469.color.png 0.99992 -0.00549915 0.0113734 -0.0442128 0.00536748 0.999919 0.0115727 -0.00028538 -0.0114362 -0.0115107 0.999868 -0.0579741 0.0 0.0 0.0 1.0
office/seq-05/color/frame-000469.color.png office/seq-05/color/frame-000472.color.png 0.999904 -0.0138752 0.00065546 -0.0323458 0.0138725 0.999895 0.00412048 0.021506 -0.0007125 -0.00411096 0.999991 -0.0290219 0.0 0.0 0.0 1.0
office/seq-05/color/frame-000472.color.png office/seq-05/color/frame-000475.color.png 0.999912 -0.0132247 0.0012884 -0.0313641 0.0132181 0.9999 0.00494285 0.0147161 -0.00135364 -0.00492538 0.999987 -0.0286345 0.0 0.0 0.0 1.0
office/seq-05/color/frame-000475.color.png office/seq-05/color/frame-000478.color.png 0.999691 -0.0247291 0.00267191 -0.0197214 0.0246963 0.999627 0.011697 0.0251261 -0.00296018 -0.0116274 0.999928 -0.0311971 0.0 0.0 0.0 1.0
office/seq-05/color/frame-000478.color.png office/seq-05/color/frame-000481.color.png 0.999918 -0.00828042 0.00973462 -0.0314779 0.00827566 0.999965 0.00052946 0.0182902 -0.00973867 -0.000448972 0.999952 -0.0395788 0.0 0.0 0.0 1.0
office/seq-05/color/frame-000481.color.png office/seq-05/color/frame-000484.color.png 0.999992 -0.00401333 -0.000373024 -0.0184203 0.00401603 0.999963 0.00757223 -0.0024711 0.000342609 -0.00757364 0.999971 -0.0175016 0.0 0.0 0.0 1.0
office/seq-05/color/frame-000484.color.png office/seq-05/color/frame-000487.color.png 0.999789 -0.0143809 0.0146343 -0.0286767 0.0143522 0.999895 0.00206244 0.0230211 -0.0146625 -0.00185198 0.999891 -0.0540266 0.0 0.0 0.0 1.0
office/seq-05/color/frame-000487.color.png office/seq-05/color/frame-000490.color.png 0.999709 -0.0188589 0.0150555 -0.0259168 0.0188085 0.999817 0.00348452 0.020968 -0.0151184 -0.00320036 0.999881 -0.0592797 0.0 0.0 0.0 1.0
office/seq-05/color/frame-000490.color.png office/seq-05/color/frame-000493.color.png 0.999486 -0.0189954 0.0258141 -0.0314784 0.0187795 0.999787 0.00858056 0.0185941 -0.0259716 -0.00809131 0.99963 -0.0570263 0.0 0.0 0.0 1.0
office/seq-05/color/frame-000493.color.png office/seq-05/color/frame-000496.color.png 0.999419 -0.00941828 0.0327449 -0.0378479 0.00923116 0.99994 0.00585876 0.00659017 -0.0327981 -0.00555312 0.999447 -0.0791866 0.0 0.0 0.0 1.0
office/seq-05/color/frame-000496.color.png office/seq-05/color/frame-000499.color.png 0.99914 -0.0268158 0.0316257 -0.0349718 0.0263199 0.999526 0.0159902 0.020206 -0.0320395 -0.0151441 0.999372 -0.0724206 0.0 0.0 0.0 1.0
office/seq-05/color/frame-000499.color.png office/seq-05/color/frame-000502.color.png 0.999761 -0.0108446 0.0189901 -0.0149817 0.010625 0.999876 0.0116328 0.00884606 -0.0191139 -0.0114282 0.999752 -0.050478 0.0 0.0 0.0 1.0
office/seq-05/color/frame-000502.color.png office/seq-05/color/frame-000505.color.png 0.999833 -0.0116826 0.0140937 -0.0186707 0.0115457 0.999886 0.0097582 0.00254931 -0.0142062 -0.00959382 0.999853 -0.0394077 0.0 0.0 0.0 1.0
office/seq-05/color/frame-000505.color.png office/seq-05/color/frame-000508.color.png 0.999596 -0.0164778 0.0231661 -0.0220692 0.0165356 0.999861 -0.00230119 0.0207134 -0.023125 0.00268334 0.999729 -0.0658275 0.0 0.0 0.0 1.0
office/seq-05/color/frame-000508.color.png office/seq-05/color/frame-000511.color.png 0.999978 -0.00145723 0.0064018 -0.011812 0.00146793 0.999998 -0.00166928 0.00413063 -0.00639936 0.00167863 0.999978 -0.0215817 0.0 0.0 0.0 1.0
office/seq-05/color/frame-000511.color.png office/seq-05/color/frame-000514.color.png 0.999956 -0.00229972 0.00903395 -0.0259337 0.00226344 0.999989 0.00402895 -0.00118658 -0.00904311 -0.0040083 0.999951 -0.0318826 0.0 0.0 0.0 1.0
office/seq-05/color/frame-000514.color.png office/seq-05/color/frame-000517.color.png 0.999689 -0.0140455 0.0206313 -0.029469 0.014277 0.999836 -0.0111128 0.0315914 -0.0204718 0.0114038 0.999725 -0.0670488 0.0 0.0 0.0 1.0
office/seq-05/color/frame-000517.color.png office/seq-05/color/frame-000520.color.png 0.999819 -0.00595451 0.0180953 -0.0296035 0.00607019 0.999961 -0.00634835 0.0222955 -0.0180568 0.00645706 0.999816 -0.0552009 0.0 0.0 0.0 1.0
office/seq-05/color/frame-000520.color.png office/seq-05/color/frame-000523.color.png 0.999987 -0.00213742 0.0046399 -0.0239034 0.00213479 0.999997 0.000572931 0.00405416 -0.00464108 -0.000563054 0.999989 -0.0203524 0.0 0.0 0.0 1.0
office/seq-05/color/frame-000523.color.png office/seq-05/color/frame-000526.color.png 0.999798 -0.00732536 0.0187049 -0.041276 0.00719761 0.99995 0.00689322 0.00944501 -0.0187544 -0.0067572 0.999801 -0.0523069 0.0 0.0 0.0 1.0
office/seq-05/color/frame-000526.color.png office/seq-05/color/frame-000529.color.png 0.999991 -0.00408032 -0.00102712 -0.0204372 0.00409527 0.999878 0.0150421 0.000636756 0.000965623 -0.0150462 0.999886 -0.00275964 0.0 0.0 0.0 1.0
office/seq-05/color/frame-000529.color.png office/seq-05/color/frame-000532.color.png 0.999925 -0.00722964 0.00987464 -0.0380507 0.0072056 0.999971 0.00246266 0.0245086 -0.00989215 -0.00239136 0.999948 -0.0291624 0.0 0.0 0.0 1.0
office/seq-05/color/frame-000532.color.png office/seq-05/color/frame-000535.color.png 0.999947 0.00365233 0.0095822 -0.0299143 -0.00367164 0.999991 0.00200264 -0.00412855 -0.0095748 -0.00203768 0.999952 -0.0322945 0.0 0.0 0.0 1.0
office/seq-05/color/frame-000535.color.png office/seq-05/color/frame-000538.color.png 0.999918 0.00363772 0.0122548 -0.0426959 -0.00364709 0.999993 0.00074074 0.00440301 -0.0122521 -0.000785397 0.999925 -0.0303228 0.0 0.0 0.0 1.0
office/seq-05/color/frame-000538.color.png office/seq-05/color/frame-000541.color.png 0.999972 0.00672865 0.00341661 -0.0316586 -0.00673038 0.999977 0.000511941 -0.000737965 -0.00341308 -0.000534906 0.999994 -0.0172492 0.0 0.0 0.0 1.0
office/seq-05/color/frame-000541.color.png office/seq-05/color/frame-000544.color.png 0.999983 0.00106682 0.00578847 -0.0231467 -0.00106353 0.999999 -0.000563155 -0.00129485 -0.00578907 0.000557002 0.999983 -0.0170165 0.0 0.0 0.0 1.0
office/seq-05/color/frame-000544.color.png office/seq-05/color/frame-000547.color.png 0.999981 0.00382629 0.00473476 -0.0404705 -0.00382719 0.999993 0.000184483 -0.00564741 -0.00473401 -0.000202578 0.999989 -0.019352 0.0 0.0 0.0 1.0
office/seq-05/color/frame-000547.color.png office/seq-05/color/frame-000550.color.png 0.999894 -0.00804205 0.0121351 -0.0212846 0.00804265 0.999968 -4.25574e-06 0.0191635 -0.0121347 0.000101843 0.999926 -0.0295649 0.0 0.0 0.0 1.0
office/seq-05/color/frame-000550.color.png office/seq-05/color/frame-000553.color.png 0.999959 0.001341 0.00896263 -0.0202978 -0.00133378 0.999999 -0.000812788 -0.00586431 -0.0089637 0.000800787 0.99996 -0.0295577 0.0 0.0 0.0 1.0
office/seq-05/color/frame-000553.color.png office/seq-05/color/frame-000556.color.png 0.999889 -0.00271706 0.0146598 -0.0335889 0.00271445 0.999996 0.000199315 0.00439233 -0.0146603 -0.000159507 0.999893 -0.0307859 0.0 0.0 0.0 1.0
office/seq-05/color/frame-000556.color.png office/seq-05/color/frame-000559.color.png 0.999933 -0.00833717 0.00799478 -0.0142051 0.00829331 0.99995 0.00549806 0.0102903 -0.00804021 -0.00543137 0.999953 -0.00941229 0.0 0.0 0.0 1.0
office/seq-05/color/frame-000559.color.png office/seq-05/color/frame-000562.color.png 0.999728 -0.00788414 0.0219313 -0.0329205 0.00775593 0.999952 0.00592179 0.00570391 -0.021977 -0.0057501 0.999742 -0.0365847 0.0 0.0 0.0 1.0
office/seq-05/color/frame-000562.color.png office/seq-05/color/frame-000565.color.png 0.999934 -0.00833521 0.00796804 -0.00801909 0.00823386 0.999886 0.0126706 0.00374529 -0.00807277 -0.0126042 0.999888 0.00311041 0.0 0.0 0.0 1.0
office/seq-05/color/frame-000565.color.png office/seq-05/color/frame-000568.color.png 0.999726 -0.0123461 0.0198705 -0.0165037 0.01227 0.999917 0.00394869 0.0176235 -0.0199176 -0.00370379 0.999795 -0.0360694 0.0 0.0 0.0 1.0
office/seq-05/color/frame-000568.color.png office/seq-05/color/frame-000571.color.png 0.999655 -0.0191471 0.0179788 -0.0160581 0.019202 0.999811 -0.00288257 0.0367133 -0.0179202 0.00322678 0.999834 -0.0272089 0.0 0.0 0.0 1.0
office/seq-05/color/frame-000571.color.png office/seq-05/color/frame-000574.color.png 0.999965 -0.00794529 0.00271519 -0.016091 0.00795546 0.999961 -0.00375677 0.0137733 -0.00268524 0.00377823 0.999989 -0.00491533 0.0 0.0 0.0 1.0
office/seq-05/color/frame-000574.color.png office/seq-05/color/frame-000577.color.png 0.999842 -0.0136278 0.0114094 -0.00897169 0.0136664 0.999901 -0.00331709 0.0236103 -0.0113631 0.00347251 0.999929 -0.0227108 0.0 0.0 0.0 1.0
office/seq-05/color/frame-000577.color.png office/seq-05/color/frame-000580.color.png 0.999876 -0.00977684 0.0123302 -0.0175352 0.00964188 0.999893 0.0109599 -0.00352767 -0.012436 -0.0108397 0.999864 -0.0217207 0.0 0.0 0.0 1.0
office/seq-05/color/frame-000580.color.png office/seq-05/color/frame-000583.color.png 0.999794 -0.0183806 0.00864689 -0.00150871 0.0183819 0.999831 -6.34843e-05 0.0335713 -0.00864426 0.000222406 0.999963 -0.0180558 0.0 0.0 0.0 1.0
office/seq-05/color/frame-000583.color.png office/seq-05/color/frame-000586.color.png 0.999857 -0.0143895 0.00886051 -0.000274658 0.0143821 0.999896 0.00089527 0.0223948 -0.00887244 -0.000767689 0.99996 -0.0140989 0.0 0.0 0.0 1.0
office/seq-05/color/frame-000586.color.png office/seq-05/color/frame-000589.color.png 0.99993 -0.00946401 0.00705284 -0.00559711 0.00943862 0.999949 0.00362286 0.00752111 -0.00708672 -0.00355606 0.999969 -0.0133601 0.0 0.0 0.0 1.0
office/seq-05/color/frame-000589.color.png office/seq-05/color/frame-000592.color.png 0.999861 -0.011412 0.0121617 -0.00217938 0.0114313 0.999934 -0.00151058 0.0151652 -0.0121437 0.00164939 0.999925 -0.0220755 0.0 0.0 0.0 1.0
office/seq-05/color/frame-000592.color.png office/seq-05/color/frame-000595.color.png 0.999935 -0.00768084 0.00842389 0.00122881 0.00775521 0.999931 -0.00883211 0.0212791 -0.00835543 0.00889685 0.999926 -0.0198117 0.0 0.0 0.0 1.0
office/seq-05/color/frame-000595.color.png office/seq-05/color/frame-000598.color.png 0.999949 0.00994051 0.00201456 -0.00290263 -0.00994947 0.99994 0.00452953 -0.031298 -0.00196945 -0.00454931 0.999988 0.00336522 0.0 0.0 0.0 1.0
office/seq-05/color/frame-000598.color.png office/seq-05/color/frame-000601.color.png 0.999975 0.00442644 0.00549578 0.00104988 -0.00436426 0.999927 -0.011282 0.000898495 -0.00554532 0.0112578 0.999921 -0.0126408 0.0 0.0 0.0 1.0
office/seq-05/color/frame-000601.color.png office/seq-05/color/frame-000604.color.png 0.999971 0.00745344 -0.00175792 0.00719249 -0.00745203 0.999972 0.000808353 -0.0117856 0.0017639 -0.000795237 0.999998 0.00691873 0.0 0.0 0.0 1.0
office/seq-05/color/frame-000604.color.png office/seq-05/color/frame-000607.color.png 0.999823 0.018805 0.000293615 0.00666451 -0.0187994 0.999734 -0.0133518 -0.0253892 -0.000544635 0.0133439 0.999911 -0.00116169 0.0 0.0 0.0 1.0
office/seq-05/color/frame-000607.color.png office/seq-05/color/frame-000610.color.png 0.999919 0.00811382 -0.00980193 0.0179782 -0.00818144 0.999943 -0.00687652 -0.00358418 0.00974555 0.00695616 0.999928 0.016519 0.0 0.0 0.0 1.0
office/seq-05/color/frame-000610.color.png office/seq-05/color/frame-000613.color.png 0.999808 0.0189598 -0.00501575 0.0113877 -0.0190024 0.999783 -0.0086003 -0.0304834 0.00485161 0.00869398 0.99995 0.00457439 0.0 0.0 0.0 1.0
office/seq-05/color/frame-000613.color.png office/seq-05/color/frame-000616.color.png 0.999601 0.020428 -0.019522 0.0318646 -0.0206171 0.999742 -0.0095368 -0.0234649 0.0193222 0.00993548 0.999764 0.0413058 0.0 0.0 0.0 1.0
office/seq-05/color/frame-000616.color.png office/seq-05/color/frame-000619.color.png 0.999658 0.0200669 -0.0167675 0.0157871 -0.0201167 0.999794 -0.00279981 -0.0296124 0.0167079 0.00313617 0.999855 0.0355527 0.0 0.0 0.0 1.0
office/seq-05/color/frame-000619.color.png office/seq-05/color/frame-000622.color.png 0.999707 0.0207615 -0.0124189 0.0192205 -0.0209776 0.999626 -0.0175337 -0.0231478 0.0120503 0.017789 0.999769 0.0189697 0.0 0.0 0.0 1.0
office/seq-05/color/frame-000622.color.png office/seq-05/color/frame-000625.color.png 0.999456 0.0278237 -0.0177274 0.0181321 -0.0280944 0.99949 -0.0152153 -0.0422516 0.017295 0.0157051 0.999727 0.0328158 0.0 0.0 0.0 1.0
office/seq-05/color/frame-000625.color.png office/seq-05/color/frame-000628.color.png 0.999546 0.0138681 -0.0267321 0.0351752 -0.0140765 0.999872 -0.00762146 -0.0141217 0.026623 0.00799428 0.999614 0.0547661 0.0 0.0 0.0 1.0
office/seq-05/color/frame-000628.color.png office/seq-05/color/frame-000631.color.png 0.999658 0.0195733 -0.0173119 0.024954 -0.0197808 0.999734 -0.0118946 -0.0236547 0.0170745 0.012233 0.999779 0.0296034 0.0 0.0 0.0 1.0
office/seq-05/color/frame-000631.color.png office/seq-05/color/frame-000634.color.png 0.998935 0.0318864 -0.0333477 0.0406334 -0.0322028 0.999441 -0.00899612 -0.0483546 0.0330422 0.0100604 0.999403 0.0617759 0.0 0.0 0.0 1.0
office/seq-05/color/frame-000634.color.png office/seq-05/color/frame-000637.color.png 0.999529 0.0120733 -0.0282111 0.0301857 -0.0122029 0.999916 -0.00442329 -0.0166914 0.0281553 0.00476541 0.999592 0.0568033 0.0 0.0 0.0 1.0
office/seq-05/color/frame-000637.color.png office/seq-05/color/frame-000640.color.png 0.999346 0.00801682 -0.0352534 0.0535753 -0.00868355 0.999786 -0.0188012 -0.00601579 0.0350951 0.019095 0.999202 0.056829 0.0 0.0 0.0 1.0
office/seq-05/color/frame-000640.color.png office/seq-05/color/frame-000643.color.png 0.999212 0.0124638 -0.0376936 0.0388104 -0.0126432 0.99991 -0.00452594 -0.019545 0.0376338 0.004999 0.999279 0.0671359 0.0 0.0 0.0 1.0
office/seq-05/color/frame-000643.color.png office/seq-05/color/frame-000646.color.png 0.999806 0.00600231 -0.0187372 0.0317382 -0.0062218 0.999913 -0.0116852 -0.00198522 0.0186655 0.0117995 0.999756 0.027929 0.0 0.0 0.0 1.0
office/seq-05/color/frame-000646.color.png office/seq-05/color/frame-000649.color.png 0.998511 0.0112021 -0.0533948 0.0606449 -0.0102858 0.999795 0.0174079 -0.0326516 0.0535789 -0.0168328 0.998422 0.0951939 0.0 0.0 0.0 1.0
office/seq-05/color/frame-000649.color.png office/seq-05/color/frame-000652.color.png 0.999674 0.00792698 -0.0242746 0.0313703 -0.00798923 0.999965 -0.00247166 -0.0109515 0.0242542 0.00266478 0.999702 0.0371196 0.0 0.0 0.0 1.0
office/seq-05/color/frame-000652.color.png office/seq-05/color/frame-000655.color.png 0.997979 0.0229828 -0.0592478 0.0569894 -0.0232826 0.999719 -0.00437498 -0.0381173 0.0591306 0.0057456 0.998234 0.0973757 0.0 0.0 0.0 1.0
office/seq-05/color/frame-000655.color.png office/seq-05/color/frame-000658.color.png 0.999267 0.00899891 -0.0372148 0.0453415 -0.00925895 0.999934 -0.00682274 -0.00786126 0.037151 0.00716225 0.999284 0.0536975 0.0 0.0 0.0 1.0
office/seq-05/color/frame-000658.color.png office/seq-05/color/frame-000661.color.png 0.998781 0.0170735 -0.0463222 0.0499302 -0.0168196 0.999841 0.00586735 -0.0299991 0.0464151 -0.00508105 0.998909 0.0819462 0.0 0.0 0.0 1.0
office/seq-05/color/frame-000661.color.png office/seq-05/color/frame-000664.color.png 0.99961 0.0128089 -0.0248314 0.0237757 -0.0130031 0.999886 -0.00767284 -0.017082 0.0247303 0.00799271 0.999662 0.0426226 0.0 0.0 0.0 1.0
office/seq-05/color/frame-000664.color.png office/seq-05/color/frame-000667.color.png 0.999466 0.0176206 -0.0275362 0.0345533 -0.0179564 0.999767 -0.0119958 -0.0115912 0.0273184 0.0124838 0.999549 0.0587932 0.0 0.0 0.0 1.0
office/seq-05/color/frame-000667.color.png office/seq-05/color/frame-000670.color.png 0.999206 0.0164435 -0.0362871 0.0341039 -0.0167366 0.99983 -0.00778672 -0.0172906 0.0361529 0.00838791 0.999311 0.0729756 0.0 0.0 0.0 1.0
office/seq-05/color/frame-000670.color.png office/seq-05/color/frame-000673.color.png 0.998971 0.0177807 -0.0417255 0.0371774 -0.0178557 0.999839 -0.00142725 -0.0134361 0.0416934 0.00217081 0.999128 0.0781983 0.0 0.0 0.0 1.0
office/seq-05/color/frame-000673.color.png office/seq-05/color/frame-000676.color.png 0.998935 0.0205591 -0.0412942 0.0298829 -0.0208615 0.999759 -0.00690552 -0.026333 0.0411422 0.00775966 0.999123 0.0698573 0.0 0.0 0.0 1.0
office/seq-05/color/frame-000676.color.png office/seq-05/color/frame-000679.color.png 0.998473 0.0102309 -0.0542886 0.0440229 -0.011358 0.999725 -0.0204963 0.0173316 0.0540642 0.0210816 0.998315 0.0801269 0.0 0.0 0.0 1.0
office/seq-05/color/frame-000679.color.png office/seq-05/color/frame-000682.color.png 0.996877 0.0291933 -0.0733798 0.0517322 -0.0313299 0.999113 -0.028136 -0.0200845 0.0724933 0.0303472 0.996907 0.0901009 0.0 0.0 0.0 1.0
office/seq-05/color/frame-000682.color.png office/seq-05/color/frame-000685.color.png 0.997228 0.0179809 -0.0722032 0.05474 -0.020138 0.999369 -0.0292595 -0.00608829 0.0716314 0.0306322 0.996961 0.0898698 0.0 0.0 0.0 1.0
office/seq-05/color/frame-000685.color.png office/seq-05/color/frame-000688.color.png 0.996509 0.0306173 -0.0776667 0.0498265 -0.0312862 0.999483 -0.00740868 -0.0406448 0.0773997 0.00981273 0.996952 0.113141 0.0 0.0 0.0 1.0
office/seq-05/color/frame-000688.color.png office/seq-05/color/frame-000691.color.png 0.999637 0.00337071 -0.0267461 0.0279491 -0.00346625 0.999988 -0.00353244 0.0123757 0.0267337 0.00362396 0.999636 0.0233833 0.0 0.0 0.0 1.0
office/seq-05/color/frame-000691.color.png office/seq-05/color/frame-000694.color.png 0.998448 0.0206001 -0.0517526 0.0438904 -0.020584 0.999788 0.000844779 -0.0222312 0.051759 0.000221734 0.998659 0.060489 0.0 0.0 0.0 1.0
office/seq-05/color/frame-000694.color.png office/seq-05/color/frame-000697.color.png 0.998903 0.0136526 -0.0448008 0.0357199 -0.0137804 0.999902 -0.00254626 -0.00403588 0.0447615 0.00316093 0.998993 0.0517721 0.0 0.0 0.0 1.0
office/seq-05/color/frame-000697.color.png office/seq-05/color/frame-000700.color.png 0.999019 0.0195906 -0.0397158 0.0306963 -0.0195254 0.999807 0.00203161 -0.0176784 0.0397481 -0.00125426 0.999209 0.0474271 0.0 0.0 0.0 1.0
office/seq-05/color/frame-000700.color.png office/seq-05/color/frame-000703.color.png 0.999761 0.00447736 -0.021381 0.0211681 -0.00442404 0.999987 0.00254159 0.000152469 0.0213921 -0.00244643 0.999768 0.0238316 0.0 0.0 0.0 1.0
office/seq-05/color/frame-000703.color.png office/seq-05/color/frame-000706.color.png 0.999534 0.0121588 -0.0279827 0.0275074 -0.0120036 0.999912 0.00570543 -0.00737873 0.0280495 -0.00536675 0.999592 0.0221903 0.0 0.0 0.0 1.0
office/seq-05/color/frame-000706.color.png office/seq-05/color/frame-000709.color.png 0.999442 0.00884363 -0.0322144 0.0316709 -0.00890393 0.999959 -0.00172863 0.00236294 0.0321978 0.00201441 0.999479 0.0232927 0.0 0.0 0.0 1.0
office/seq-05/color/frame-000709.color.png office/seq-05/color/frame-000712.color.png 0.99968 0.0103116 -0.0230801 0.0223287 -0.0102424 0.999943 0.00311843 -0.00444335 0.023111 -0.00288095 0.999729 0.0210053 0.0 0.0 0.0 1.0
office/seq-05/color/frame-000712.color.png office/seq-05/color/frame-000715.color.png 0.999735 0.00169449 -0.0229702 0.0335242 -0.00184356 0.999977 -0.0064693 0.00990003 0.0229587 0.00650993 0.999715 0.0116558 0.0 0.0 0.0 1.0
office/seq-05/color/frame-000715.color.png office/seq-05/color/frame-000718.color.png 0.999863 -0.00186721 -0.0164408 0.0287259 0.00189491 0.999997 0.00167368 0.0205965 0.0164376 -0.00170469 0.999863 0.0138062 0.0 0.0 0.0 1.0
office/seq-05/color/frame-000718.color.png office/seq-05/color/frame-000721.color.png 0.999986 -0.00509714 -0.00142782 0.0125215 0.00509095 0.999978 -0.00429735 0.020242 0.00144968 0.00429016 0.99999 -0.00555348 0.0 0.0 0.0 1.0
office/seq-05/color/frame-000721.color.png office/seq-05/color/frame-000724.color.png 0.999346 -0.0172239 0.0317811 0.0141188 0.017456 0.999823 -0.00703774 0.0247443 -0.0316541 0.00758786 0.99947 -0.0441905 0.0 0.0 0.0 1.0
office/seq-05/color/frame-000724.color.png office/seq-05/color/frame-000727.color.png 0.998964 0.00174625 0.0454716 -0.00913846 -0.00161612 0.999994 -0.00289961 0.00276077 -0.0454764 0.002823 0.998961 -0.054947 0.0 0.0 0.0 1.0
office/seq-05/color/frame-000727.color.png office/seq-05/color/frame-000730.color.png 0.999422 -0.0126384 0.0315647 0.00447536 0.0125242 0.999914 0.00381165 0.0225002 -0.0316102 -0.00341413 0.999494 -0.0267678 0.0 0.0 0.0 1.0
office/seq-05/color/frame-000730.color.png office/seq-05/color/frame-000733.color.png 0.997842 0.0164701 0.0635576 -0.0146477 -0.0160016 0.999841 -0.00787244 -0.0186084 -0.0636771 0.00683841 0.997947 -0.0853085 0.0 0.0 0.0 1.0
office/seq-05/color/frame-000733.color.png office/seq-05/color/frame-000736.color.png 0.998346 0.0194586 0.0541063 -0.0098666 -0.0198995 0.999773 0.00762363 -0.0255153 -0.0539456 -0.00868752 0.998506 -0.0515574 0.0 0.0 0.0 1.0
office/seq-05/color/frame-000736.color.png office/seq-05/color/frame-000739.color.png 0.997776 -0.00414508 0.0665339 0.010182 0.00386677 0.999983 0.00431026 0.00550637 -0.0665508 -0.00404344 0.997775 -0.0664179 0.0 0.0 0.0 1.0
office/seq-05/color/frame-000739.color.png office/seq-05/color/frame-000742.color.png 0.997813 0.000926047 0.0660902 0.0160683 -0.000505332 0.99998 -0.00638159 -0.00597486 -0.0660948 0.00633413 0.997793 -0.0716878 0.0 0.0 0.0 1.0
office/seq-05/color/frame-000742.color.png office/seq-05/color/frame-000745.color.png 0.999118 -0.0126334 0.040033 0.0156333 0.013103 0.999848 -0.0114903 0.0186895 -0.0398817 0.0120047 0.999132 -0.0406908 0.0 0.0 0.0 1.0
office/seq-05/color/frame-000745.color.png office/seq-05/color/frame-000748.color.png 0.999304 -0.011225 0.0355651 0.0114127 0.0115503 0.999893 -0.00895624 -0.00169268 -0.0354607 0.0093608 0.999327 -0.0192363 0.0 0.0 0.0 1.0
office/seq-05/color/frame-000748.color.png office/seq-05/color/frame-000751.color.png 0.999341 -0.0034756 0.0361274 0.0136639 0.00303454 0.99992 0.0122601 -0.0135007 -0.036167 -0.0121424 0.999272 -0.0205873 0.0 0.0 0.0 1.0
office/seq-05/color/frame-000751.color.png office/seq-05/color/frame-000754.color.png 0.999748 -0.0160015 0.0157447 0.0351579 0.0160588 0.999865 -0.00351297 -0.000812322 -0.0156863 0.00376512 0.99987 -0.00680941 0.0 0.0 0.0 1.0
office/seq-05/color/frame-000754.color.png office/seq-05/color/frame-000757.color.png 0.999118 -0.0165065 0.0386019 0.0469632 0.0161095 0.999814 0.0105681 -0.00544854 -0.0387692 -0.00993699 0.999199 -0.0265136 0.0 0.0 0.0 1.0
office/seq-05/color/frame-000757.color.png office/seq-05/color/frame-000760.color.png 0.999374 2.57479e-05 0.0353898 0.0103963 -0.000343009 0.99996 0.00895907 -0.0225544 -0.0353881 -0.00896555 0.999333 -0.00345999 0.0 0.0 0.0 1.0
office/seq-05/color/frame-000760.color.png office/seq-05/color/frame-000763.color.png 0.999726 -0.0105907 0.0208911 0.0225301 0.0104118 0.999908 0.00865158 -0.0077479 -0.0209808 -0.00843168 0.999744 0.00391227 0.0 0.0 0.0 1.0
office/seq-05/color/frame-000763.color.png office/seq-05/color/frame-000766.color.png 0.99969 -0.00833866 0.0234787 0.0226717 0.00803876 0.999885 0.0128369 -0.0246573 -0.0235831 -0.0126442 0.999642 0.0286376 0.0 0.0 0.0 1.0
office/seq-05/color/frame-000766.color.png office/seq-05/color/frame-000769.color.png 0.999693 -0.00697035 0.0237663 0.0192176 0.00700068 0.999975 -0.00118896 -0.00985058 -0.0237573 0.001355 0.999717 0.0176324 0.0 0.0 0.0 1.0
office/seq-05/color/frame-000769.color.png office/seq-05/color/frame-000772.color.png 0.999657 5.09153e-05 0.0261752 0.0184333 -0.00014807 0.999993 0.00370827 -0.0207902 -0.0261749 -0.00371082 0.999651 0.0127583 0.0 0.0 0.0 1.0
office/seq-05/color/frame-000772.color.png office/seq-05/color/frame-000775.color.png 0.999354 -0.0207808 0.0293084 0.050194 0.0208514 0.99978 -0.00210515 -0.00310324 -0.0292581 0.00271499 0.999568 0.01061 0.0 0.0 0.0 1.0
office/seq-05/color/frame-000775.color.png office/seq-05/color/frame-000778.color.png 0.999664 -0.0158115 0.0205274 0.0175148 0.0156233 0.999835 0.00929556 -0.0193388 -0.020671 -0.00897181 0.999746 0.0154442 0.0 0.0 0.0 1.0
office/seq-05/color/frame-000778.color.png office/seq-05/color/frame-000781.color.png 0.999736 -0.00514538 0.0224034 0.0146177 0.00475395 0.999836 0.0174923 -0.0337921 -0.0224898 -0.0173812 0.999596 0.0145648 0.0 0.0 0.0 1.0
office/seq-05/color/frame-000781.color.png office/seq-05/color/frame-000784.color.png 0.999943 -0.00503219 0.00937233 0.0312806 0.00493771 0.999937 0.0100799 -0.0226993 -0.00942243 -0.0100331 0.999905 0.0281467 0.0 0.0 0.0 1.0
office/seq-05/color/frame-000784.color.png office/seq-05/color/frame-000787.color.png 0.999821 -0.0110765 0.0153169 0.0288057 0.0111111 0.999936 -0.0021768 -0.0176969 -0.0152919 0.00234656 0.99988 0.0200282 0.0 0.0 0.0 1.0
office/seq-05/color/frame-000787.color.png office/seq-05/color/frame-000790.color.png 0.999601 -0.0260483 0.010908 0.0374274 0.0260767 0.999657 -0.00248742 -0.00358263 -0.0108394 0.00277096 0.999937 0.0249844 0.0 0.0 0.0 1.0
office/seq-05/color/frame-000790.color.png office/seq-05/color/frame-000793.color.png 0.999913 -0.00290321 0.0128826 0.0504152 0.00278176 0.999952 0.00942961 -0.017845 -0.0129094 -0.00939305 0.999873 0.0175443 0.0 0.0 0.0 1.0
office/seq-05/color/frame-000793.color.png office/seq-05/color/frame-000796.color.png 0.999846 -0.0169 0.00478184 0.0478262 0.0169642 0.999762 -0.0136988 0.00797161 -0.00454921 0.0137778 0.999895 0.0234762 0.0 0.0 0.0 1.0
office/seq-05/color/frame-000796.color.png office/seq-05/color/frame-000799.color.png 0.999937 -0.00607103 0.00943537 0.041058 0.00605108 0.999979 0.00215367 -0.0114385 -0.00944821 -0.00209635 0.999953 0.0125769 0.0 0.0 0.0 1.0
office/seq-05/color/frame-000799.color.png office/seq-05/color/frame-000802.color.png 0.999963 -0.00861631 0.000544029 0.051832 0.00861888 0.99995 -0.00512896 -0.00647451 -0.000499868 0.00513339 0.999987 0.017361 0.0 0.0 0.0 1.0
office/seq-05/color/frame-000802.color.png office/seq-05/color/frame-000805.color.png 0.99993 -0.0117076 -0.00184328 0.0532721 0.0117097 0.999931 0.00111817 -0.010579 0.00183008 -0.00113964 0.999998 0.0159245 0.0 0.0 0.0 1.0
office/seq-05/color/frame-000805.color.png office/seq-05/color/frame-000808.color.png 0.999982 -0.00322633 -0.00501122 0.0472234 0.0032366 0.999993 0.00204665 -0.0161533 0.00500461 -0.00206285 0.999985 0.0139861 0.0 0.0 0.0 1.0
office/seq-05/color/frame-000808.color.png office/seq-05/color/frame-000811.color.png 0.999969 -0.00572451 -0.00547827 0.0532871 0.00574686 0.999975 0.00408074 -0.017088 0.00545472 -0.00411215 0.999977 0.0154226 0.0 0.0 0.0 1.0
office/seq-05/color/frame-000811.color.png office/seq-05/color/frame-000814.color.png 0.999937 -0.00977817 0.00548437 0.0377119 0.00976321 0.999949 0.00276736 -0.0168873 -0.00551118 -0.00271363 0.999981 0.0218509 0.0 0.0 0.0 1.0
office/seq-05/color/frame-000814.color.png office/seq-05/color/frame-000817.color.png 0.999941 -0.0052512 -0.00948742 0.0502865 0.00526672 0.999985 0.00162561 -0.015221 0.00947875 -0.00167549 0.999954 0.040844 0.0 0.0 0.0 1.0
office/seq-05/color/frame-000817.color.png office/seq-05/color/frame-000820.color.png 0.999941 -0.0086713 0.00659316 0.0524046 0.00869557 0.999955 -0.00367124 -0.0102742 -0.00656101 0.00372834 0.999972 0.0298011 0.0 0.0 0.0 1.0
office/seq-05/color/frame-000820.color.png office/seq-05/color/frame-000823.color.png 0.999972 0.007209 0.00210337 0.0326437 -0.0072069 0.999974 -0.000965228 -0.0249427 -0.00211029 0.000950065 0.999997 0.0315528 0.0 0.0 0.0 1.0
office/seq-05/color/frame-000823.color.png office/seq-05/color/frame-000826.color.png 0.999982 -0.00592901 -0.000486833 0.0302158 0.00593085 0.999975 0.00379328 -0.00551637 0.000464352 -0.00379598 0.999993 0.0350502 0.0 0.0 0.0 1.0
office/seq-05/color/frame-000826.color.png office/seq-05/color/frame-000829.color.png 0.999892 -0.00587806 0.0134784 0.0355887 0.0058732 0.999983 0.000395451 -0.01201 -0.0134806 -0.000316305 0.999909 0.0373716 0.0 0.0 0.0 1.0
office/seq-05/color/frame-000829.color.png office/seq-05/color/frame-000832.color.png 0.999919 0.00371568 0.01219 0.0219407 -0.00365458 0.999981 -0.00502704 -0.0034284 -0.0122083 0.00498207 0.999913 0.0275481 0.0 0.0 0.0 1.0
office/seq-05/color/frame-000832.color.png office/seq-05/color/frame-000835.color.png 0.999729 -0.00348735 0.0230302 0.0140344 0.00353149 0.999992 -0.00188129 -0.00922801 -0.0230235 0.00196207 0.999733 0.0343558 0.0 0.0 0.0 1.0
office/seq-05/color/frame-000835.color.png office/seq-05/color/frame-000838.color.png 0.999953 -0.00681818 0.00694983 0.013759 0.00678162 0.999963 0.0052891 -0.0142923 -0.0069856 -0.00524167 0.999962 0.026474 0.0 0.0 0.0 1.0
office/seq-05/color/frame-000838.color.png office/seq-05/color/frame-000841.color.png 0.999643 -0.0236755 0.0124003 0.0159188 0.0235052 0.99963 0.0136916 -0.044545 -0.0127199 -0.0133952 0.999829 0.0196617 0.0 0.0 0.0 1.0
office/seq-05/color/frame-000841.color.png office/seq-05/color/frame-000844.color.png 0.999887 -0.0146407 -0.00335251 0.0280366 0.0146414 0.999893 0.000160035 -0.0392668 0.00334982 -0.000209107 0.999994 0.0501909 0.0 0.0 0.0 1.0
office/seq-05/color/frame-000844.color.png office/seq-05/color/frame-000847.color.png 0.999508 -0.0307537 0.00619898 0.023928 0.0307694 0.999523 -0.00245795 -0.0281442 -0.00612054 0.00264747 0.999978 0.0102708 0.0 0.0 0.0 1.0
office/seq-05/color/frame-000847.color.png office/seq-05/color/frame-000850.color.png 0.999381 -0.0309016 0.0168336 -0.00621772 0.0307806 0.999499 0.00739811 -0.0517066 -0.0170537 -0.00687537 0.999831 0.0168012 0.0 0.0 0.0 1.0
office/seq-05/color/frame-000850.color.png office/seq-05/color/frame-000853.color.png 0.999143 -0.041141 0.00460265 0.0101078 0.0411499 0.999151 -0.00185455 -0.0462465 -0.00452245 0.00204228 0.999988 0.00663936 0.0 0.0 0.0 1.0
office/seq-05/color/frame-000853.color.png office/seq-05/color/frame-000856.color.png 0.999684 -0.0241169 0.00709107 0.00522846 0.0241295 0.999707 -0.00168504 -0.0237517 -0.00704833 0.00185569 0.999973 0.00852716 0.0 0.0 0.0 1.0
office/seq-05/color/frame-000856.color.png office/seq-05/color/frame-000859.color.png 0.999825 -0.0165439 0.00876458 0.00479347 0.016566 0.99986 -0.00244571 -0.0205611 -0.0087229 0.0025905 0.999959 0.00645339 0.0 0.0 0.0 1.0
office/seq-05/color/frame-000859.color.png office/seq-05/color/frame-000862.color.png 0.999822 -0.0117971 0.0147033 0.0090614 0.0118796 0.999914 -0.00554055 -0.0140537 -0.0146367 0.0057142 0.999877 -0.00360465 0.0 0.0 0.0 1.0
office/seq-05/color/frame-000862.color.png office/seq-05/color/frame-000865.color.png 0.999935 0.00172026 0.0112458 0.00945789 -0.00169378 0.999996 -0.00236047 0.00465184 -0.0112499 0.00234122 0.999934 0.00642288 0.0 0.0 0.0 1.0
office/seq-05/color/frame-000865.color.png office/seq-05/color/frame-000868.color.png 0.999559 0.0224805 0.0194139 0.0206034 -0.022384 0.999736 -0.00516992 0.0145334 -0.019525 0.00473313 0.999798 0.0105602 0.0 0.0 0.0 1.0
office/seq-05/color/frame-000868.color.png office/seq-05/color/frame-000871.color.png 0.999512 0.0299644 0.00887471 -0.0165974 -0.0300057 0.999539 0.00455615 -0.0235474 -0.00873414 -0.00482025 0.99995 0.0531189 0.0 0.0 0.0 1.0
office/seq-05/color/frame-000871.color.png office/seq-05/color/frame-000874.color.png 0.999328 0.0167732 0.0325912 -0.00944203 -0.017288 0.999729 0.0155763 -0.0163008 -0.0323211 -0.0161294 0.999347 0.0253726 0.0 0.0 0.0 1.0
office/seq-05/color/frame-000874.color.png office/seq-05/color/frame-000877.color.png 0.999594 0.00744473 0.0274888 -0.0211327 -0.00742366 0.999972 -0.000865712 0.000442624 -0.0274945 0.000661288 0.999622 0.0336399 0.0 0.0 0.0 1.0
office/seq-05/color/frame-000877.color.png office/seq-05/color/frame-000880.color.png 0.999296 0.00809268 0.0366313 -0.0249351 -0.00825417 0.999957 0.00425829 -0.0214407 -0.0365952 -0.00455755 0.99932 0.0305507 0.0 0.0 0.0 1.0
office/seq-05/color/frame-000880.color.png office/seq-05/color/frame-000883.color.png 0.999681 -0.00144997 0.0251969 -0.0164639 0.00108151 0.999892 0.0146295 -0.0223187 -0.0252154 -0.0145977 0.999576 0.0171914 0.0 0.0 0.0 1.0
office/seq-05/color/frame-000883.color.png office/seq-05/color/frame-000886.color.png 0.999078 -0.00899009 0.0419834 -0.00949568 0.00905166 0.999958 -0.00127779 -0.0195453 -0.0419702 0.00165666 0.999117 0.0330801 0.0 0.0 0.0 1.0
office/seq-05/color/frame-000886.color.png office/seq-05/color/frame-000889.color.png 0.998709 -0.0115522 0.0494697 -0.0642039 0.0117977 0.99992 -0.00467149 -0.00343567 -0.0494118 0.00524908 0.998765 0.0387268 0.0 0.0 0.0 1.0
office/seq-05/color/frame-000889.color.png office/seq-05/color/frame-000892.color.png 0.999021 -0.012375 0.0424722 -0.0542906 0.0123435 0.999923 0.00100271 -0.0194545 -0.0424814 -0.000477408 0.999097 0.0435135 0.0 0.0 0.0 1.0
office/seq-05/color/frame-000892.color.png office/seq-05/color/frame-000895.color.png 0.999369 -0.00619224 0.0349703 -0.034999 0.00622372 0.99998 -0.000793378 -0.0161057 -0.0349648 0.00101053 0.999388 0.0500791 0.0 0.0 0.0 1.0
office/seq-05/color/frame-000895.color.png office/seq-05/color/frame-000898.color.png 0.998932 -0.0139412 0.044048 -0.0499778 0.0137179 0.999892 0.00536919 -0.0185429 -0.044118 -0.00475926 0.999015 0.0249747 0.0 0.0 0.0 1.0
office/seq-05/color/frame-000898.color.png office/seq-05/color/frame-000901.color.png 0.999067 -0.00228895 0.0431378 -0.0628611 0.00211135 0.999989 0.00416024 -0.0116957 -0.0431469 -0.00406528 0.99906 0.0551665 0.0 0.0 0.0 1.0
office/seq-05/color/frame-000901.color.png office/seq-05/color/frame-000904.color.png 0.999343 -0.00984859 0.0348839 -0.0488587 0.00933271 0.999845 0.0149218 -0.0289952 -0.0350254 -0.0145864 0.99928 0.062333 0.0 0.0 0.0 1.0
office/seq-05/color/frame-000904.color.png office/seq-05/color/frame-000907.color.png 0.998562 -0.00718673 0.0531248 -0.0522856 0.00695155 0.999965 0.00461237 -0.0309409 -0.0531561 -0.00423643 0.998577 0.0240892 0.0 0.0 0.0 1.0
office/seq-05/color/frame-000907.color.png office/seq-05/color/frame-000910.color.png 0.999014 -0.00674222 0.0438696 -0.0641068 0.00641041 0.99995 0.00769633 -0.020231 -0.0439193 -0.00740754 0.999008 0.0409884 0.0 0.0 0.0 1.0
office/seq-05/color/frame-000910.color.png office/seq-05/color/frame-000913.color.png 0.999347 -0.00515207 0.0357719 -0.0436988 0.00491043 0.999965 0.00684209 -0.0144689 -0.0358058 -0.00666197 0.999337 0.0445956 0.0 0.0 0.0 1.0
office/seq-05/color/frame-000913.color.png office/seq-05/color/frame-000916.color.png 0.9994 -0.00969929 0.033245 -0.0484184 0.00949045 0.999934 0.00643644 -0.011472 -0.0333052 -0.00611706 0.999427 0.0426505 0.0 0.0 0.0 1.0
office/seq-05/color/frame-000916.color.png office/seq-05/color/frame-000919.color.png 0.998863 -0.00500934 0.0474009 -0.0644732 0.00496966 0.999987 0.000952603 -0.00905463 -0.0474051 -0.000715993 0.998876 0.037372 0.0 0.0 0.0 1.0
office/seq-05/color/frame-000919.color.png office/seq-05/color/frame-000922.color.png 0.999489 -0.00863494 0.0307659 -0.0264829 0.00852084 0.999956 0.0038387 -0.0132089 -0.0307975 -0.00357457 0.999519 0.063679 0.0 0.0 0.0 1.0
office/seq-05/color/frame-000922.color.png office/seq-05/color/frame-000925.color.png 0.999531 -0.0104718 0.0287616 -0.0284946 0.0102893 0.999926 0.00648771 -0.0188897 -0.0288275 -0.00618872 0.999565 0.0632336 0.0 0.0 0.0 1.0
office/seq-05/color/frame-000925.color.png office/seq-05/color/frame-000928.color.png 0.999641 -0.00547146 0.0262338 -0.032714 0.00541029 0.999982 0.00239777 -0.00974235 -0.0262464 -0.00225501 0.999653 0.0236709 0.0 0.0 0.0 1.0
office/seq-05/color/frame-000928.color.png office/seq-05/color/frame-000931.color.png 0.999356 -0.0114075 0.0340343 -0.0446368 0.011043 0.99988 0.0108786 -0.029319 -0.0341543 -0.0104958 0.999361 0.0430185 0.0 0.0 0.0 1.0
office/seq-05/color/frame-000931.color.png office/seq-05/color/frame-000934.color.png 0.998981 -0.0123743 0.043396 -0.0638021 0.0121877 0.999915 0.00456026 -0.0295099 -0.0434487 -0.00402668 0.999047 0.030588 0.0 0.0 0.0 1.0
office/seq-05/color/frame-000934.color.png office/seq-05/color/frame-000937.color.png 0.999803 -0.0110569 0.016505 -0.0177605 0.0110306 0.999938 0.00169002 -0.00621569 -0.0165227 -0.00150765 0.999862 0.0280186 0.0 0.0 0.0 1.0
office/seq-05/color/frame-000937.color.png office/seq-05/color/frame-000940.color.png 0.999392 -0.00848966 0.0337985 -0.0457762 0.00848623 0.999964 0.000246199 -0.0105537 -0.0337993 4.07666e-05 0.999429 0.038156 0.0 0.0 0.0 1.0
office/seq-05/color/frame-000940.color.png office/seq-05/color/frame-000943.color.png 0.999272 -0.0104292 0.0367137 -0.0453911 0.0103364 0.999943 0.00271561 -0.0131112 -0.0367399 -0.00233411 0.999322 0.0432974 0.0 0.0 0.0 1.0
office/seq-05/color/frame-000943.color.png office/seq-05/color/frame-000946.color.png 0.999344 -0.00901888 0.0350842 -0.0405186 0.0085418 0.999869 0.0137264 -0.0494309 -0.0352034 -0.0134178 0.99929 0.0513384 0.0 0.0 0.0 1.0
office/seq-05/color/frame-000946.color.png office/seq-05/color/frame-000949.color.png 0.999327 -0.0169051 0.0325416 -0.0456967 0.0167064 0.99984 0.00636735 -0.0293465 -0.032644 -0.00581941 0.99945 0.0401863 0.0 0.0 0.0 1.0
office/seq-05/color/frame-000949.color.png office/seq-05/color/frame-000952.color.png 0.999491 -0.0138526 0.0287232 -0.0422074 0.0138745 0.999904 -0.000564476 -0.0145661 -0.0287127 0.000962695 0.999587 0.0404724 0.0 0.0 0.0 1.0
office/seq-05/color/frame-000952.color.png office/seq-05/color/frame-000955.color.png 0.999506 -0.0136418 0.0283118 -0.0428221 0.0135068 0.999897 0.0049557 -0.0293251 -0.0283765 -0.00457091 0.999587 0.0273014 0.0 0.0 0.0 1.0
office/seq-05/color/frame-000955.color.png office/seq-05/color/frame-000958.color.png 0.999533 -0.00586379 0.0299932 -0.0379745 0.00604702 0.999964 -0.00602418 0.00729311 -0.0299568 0.0062028 0.999532 0.0463772 0.0 0.0 0.0 1.0
office/seq-05/color/frame-000958.color.png office/seq-05/color/frame-000961.color.png 0.99944 -0.00536095 0.0330283 -0.0488164 0.00514535 0.999965 0.0066083 -0.0234835 -0.0330625 -0.00643464 0.999433 0.0382659 0.0 0.0 0.0 1.0
office/seq-05/color/frame-000961.color.png office/seq-05/color/frame-000964.color.png 0.999323 -0.00633615 0.0362308 -0.0524859 0.00617039 0.99997 0.00468521 -0.0210325 -0.0362594 -0.00445846 0.999333 0.0466791 0.0 0.0 0.0 1.0
office/seq-05/color/frame-000964.color.png office/seq-05/color/frame-000967.color.png 0.99952 -0.00548837 0.0304926 -0.0457616 0.00527007 0.99996 0.00723623 -0.0272008 -0.0305311 -0.00707214 0.999509 0.0327215 0.0 0.0 0.0 1.0
office/seq-05/color/frame-000967.color.png office/seq-05/color/frame-000970.color.png 0.999713 -0.00115259 0.0239107 -0.03738 0.00130099 0.99998 -0.00619232 0.00634527 -0.023903 0.00622168 0.999695 0.0549107 0.0 0.0 0.0 1.0
office/seq-05/color/frame-000970.color.png office/seq-05/color/frame-000973.color.png 0.99968 -0.00297136 0.025116 -0.0281006 0.00271435 0.999944 0.0102619 -0.0408328 -0.0251453 -0.0101904 0.999632 0.0188767 0.0 0.0 0.0 1.0
office/seq-05/color/frame-000973.color.png office/seq-05/color/frame-000976.color.png 0.999464 -0.00454828 0.0324185 -0.0584798 0.0046055 0.999988 -0.00169214 -0.00241709 -0.0324104 0.00184056 0.999473 0.0398014 0.0 0.0 0.0 1.0
office/seq-05/color/frame-000976.color.png office/seq-05/color/frame-000979.color.png 0.999779 -0.00393406 0.0206532 -0.0232974 0.00398157 0.99999 -0.00226015 -0.000342011 -0.0206441 0.00234185 0.999784 0.0324968 0.0 0.0 0.0 1.0
office/seq-05/color/frame-000979.color.png office/seq-05/color/frame-000982.color.png 0.999664 -0.0110139 0.0234705 -0.0429565 0.0108669 0.999921 0.00638147 -0.0270904 -0.023539 -0.00612427 0.999704 0.0335768 0.0 0.0 0.0 1.0
office/seq-05/color/frame-000982.color.png office/seq-05/color/frame-000985.color.png 0.999691 0.000741287 0.0248586 -0.0378387 -0.000678631 0.999997 -0.00252863 -0.00312412 -0.0248604 0.00251098 0.999688 0.0351378 0.0 0.0 0.0 1.0
office/seq-05/color/frame-000985.color.png office/seq-05/color/frame-000988.color.png 0.999909 -0.000298134 0.0134738 -0.0296887 0.00040418 0.999969 -0.00786977 0.0120148 -0.0134711 0.00787455 0.999878 0.0157927 0.0 0.0 0.0 1.0
office/seq-05/color/frame-000988.color.png office/seq-05/color/frame-000991.color.png 0.999943 0.00514925 0.0093862 -0.0163126 -0.00513353 0.999985 -0.00169608 0.00294301 -0.00939479 0.00164778 0.999955 0.0211331 0.0 0.0 0.0 1.0
office/seq-05/color/frame-000991.color.png office/seq-05/color/frame-000994.color.png 0.999918 0.0114769 0.00568257 -0.023717 -0.0113865 0.999812 -0.0156888 0.0360805 -0.00586149 0.0156228 0.999861 0.0161338 0.0 0.0 0.0 1.0
office/seq-05/color/frame-000994.color.png office/seq-05/color/frame-000997.color.png 0.999903 0.00921059 -0.0104099 0.0131844 -0.00934696 0.99987 -0.0131259 0.0185043 0.0102876 0.013222 0.99986 0.0100144 0.0 0.0 0.0 1.0
