redkitchen/seq-05/color/frame-000000.color.png redkitchen/seq-05/color/frame-000003.color.png 0.999999 0.00026464 0.00118784 -0.00102796 -0.000260712 0.999995 -0.00330568 0.00379001 -0.00118871 0.00330537 0.999994 0.000867284 0.0 0.0 0.0 1.0
redkitchen/seq-05/color/frame-000003.color.png redkitchen/seq-05/color/frame-000006.color.png 1.0 -0.000876069 -0.000138781 4.49684e-05 0.000876084 1.0 0.000107023 -0.000757014 0.000138687 -0.000107144 1.0 0.00118726 0.0 0.0 0.0 1.0
redkitchen/seq-05/color/frame-000006.color.png redkitchen/seq-05/color/frame-000009.color.png 0.999993 -0.00200627 0.0030121 -0.00133242 0.00200588 0.999998 0.000134311 -0.00066257 -0.00301236 -0.000128268 0.999995 0.00103773 0.0 0.0 0.0 1.0
redkitchen/seq-05/color/frame-000009.color.png redkitchen/seq-05/color/frame-000012.color.png 0.999998 -0.00148288 0.000990611 -0.000274912 0.00148227 0.999999 0.000610526 -0.00176784 -0.000991515 -0.000609058 0.999999 0.000845675 0.0 0.0 0.0 1.0
redkitchen/seq-05/color/frame-000012.color.png redkitchen/seq-05/color/frame-000015.color.png 0.999974 -0.00575741 -0.00442737 0.00795871 0.00575312 0.999983 -0.000981735 0.00350481 0.00443295 0.000956238 0.99999 -0.00319671 0.0 0.0 0.0 1.0
redkitchen/seq-05/color/frame-000015.color.png redkitchen/seq-05/color/frame-000018.color.png 0.999929 0.00157233 -0.0117967 0.00205935 -0.00156319 0.999998 0.000783585 0.00117187 0.0117979 -0.000765089 0.99993 -0.00239501 0.0 0.0 0.0 1.0
redkitchen/seq-05/color/frame-000018.color.png redkitchen/seq-05/color/frame-000021.color.png 0.999879 0.00678123 -0.0139738 -0.00738195 -0.00678982 0.999977 -0.000567572 -0.00262875 0.0139696 0.000662383 0.999902 -0.00127025 0.0 0.0 0.0 1.0
redkitchen/seq-05/color/frame-000021.color.png redkitchen/seq-05/color/frame-000024.color.png 0.999831 -0.000526474 -0.0183725 0.00235891 0.000502966 0.999999 -0.00128415 0.00201932 0.0183732 0.00127469 0.99983 -0.00467085 0.0 0.0 0.0 1.0
redkitchen/seq-05/color/frame-000024.color.png redkitchen/seq-05/color/frame-000027.color.png 0.999783 0.00380445 -0.0204853 0.000431889 -0.00365997 0.999968 0.00708547 -0.00566795 0.0205116 -0.00700896 0.999765 -0.0061462 0.0 0.0 0.0 1.0
redkitchen/seq-05/color/frame-000027.color.png redkitchen/seq-05/color/frame-000030.color.png 0.999704 0.00859743 -0.0227725 -0.00893794 -0.00851185 0.999956 0.0038523 -0.00361189 0.0228047 -0.00365732 0.999733 -0.00652498 0.0 0.0 0.0 1.0
redkitchen/seq-05/color/frame-000030.color.png redkitchen/seq-05/color/frame-000033.color.png 0.99974 0.0113914 -0.019748 -0.010355 -0.0115432 0.999905 -0.0075915 0.0050009 0.0196597 0.00781748 0.999776 -0.00324281 0.0 0.0 0.0 1.0
redkitchen/seq-05/color/frame-000033.color.png redkitchen/seq-05/color/frame-000036.color.png 0.999708 0.00723817 -0.0230432 0.00564249 -0.00713861 0.999965 0.0043998 -0.00449727 0.0230742 -0.00423402 0.999725 0.000159837 0.0 0.0 0.0 1.0
redkitchen/seq-05/color/frame-000036.color.png redkitchen/seq-05/color/frame-000039.color.png 0.999668 0.00946141 -0.0239542 -0.0080042 -0.0094834 0.999955 -0.000804803 0.00539531 0.0239455 0.0010317 0.999713 -0.0069843 0.0 0.0 0.0 1.0
redkitchen/seq-05/color/frame-000039.color.png redkitchen/seq-05/color/frame-000042.color.png 0.999764 0.0124933 -0.017791 -0.00697326 -0.0125536 0.999916 -0.00328398 0.00365882 0.0177484 0.00350655 0.999836 -0.00181454 0.0 0.0 0.0 1.0
redkitchen/seq-05/color/frame-000042.color.png redkitchen/seq-05/color/frame-000045.color.png 0.99989 0.00567823 -0.0136779 -0.017119 -0.00558419 0.999961 0.00690458 -0.00745108 0.0137166 -0.00682745 0.999883 -0.00770611 0.0 0.0 0.0 1.0
redkitchen/seq-05/color/frame-000045.color.png redkitchen/seq-05/color/frame-000048.color.png 0.999861 0.00144069 -0.0166012 -0.000745628 -0.00133268 0.999978 0.00651445 0.00121703 0.0166102 -0.00649142 0.999841 -0.000792295 0.0 0.0 0.0 1.0
redkitchen/seq-05/color/frame-000048.color.png redkitchen/seq-05/color/frame-000051.color.png 0.999843 0.00689673 -0.0163009 -0.0121346 -0.00695223 0.99997 -0.00335108 0.0116743 0.0162773 0.00346388 0.999861 -0.00566057 0.0 0.0 0.0 1.0
redkitchen/seq-05/color/frame-000051.color.png redkitchen/seq-05/color/frame-000054.color.png 0.999721 0.0107863 -0.021015 -0.00399401 -0.0107015 0.999934 0.00414538 0.000242163 0.0210583 -0.00391933 0.999771 -0.002812 0.0 0.0 0.0 1.0
redkitchen/seq-05/color/frame-000054.color.png redkitchen/seq-05/color/frame-000057.color.png 0.999958 0.00437574 -0.00809108 -0.0146433 -0.00440646 0.999983 -0.00378302 0.0108277 0.00807434 0.00381851 0.99996 -0.00358931 0.0 0.0 0.0 1.0
redkitchen/seq-05/color/frame-000057.color.png redkitchen/seq-05/color/frame-000060.color.png 0.999556 0.0127154 -0.0269336 -0.00397238 -0.0126571 0.999917 0.00233425 0.000435332 0.0269611 -0.00199231 0.999634 0.000486981 0.0 0.0 0.0 1.0
redkitchen/seq-05/color/frame-000060.color.png redkitchen/seq-05/color/frame-000063.color.png 0.999812 0.0099902 -0.0166175 0.00165582 -0.00983304 0.999906 0.0095114 -0.00865132 0.016711 -0.0093462 0.999817 0.00134593 0.0 0.0 0.0 1.0
redkitchen/seq-05/color/frame-000063.color.png redkitchen/seq-05/color/frame-000066.color.png 0.999721 0.00270166 -0.0234677 -0.00800478 -0.00251912 0.999966 0.00780342 0.00395468 0.023488 -0.00774212 0.999694 0.00252409 0.0 0.0 0.0 1.0
redkitchen/seq-05/color/frame-000066.color.png redkitchen/seq-05/color/frame-000069.color.png 0.999821 0.00789701 -0.0171964 -0.0104011 -0.00805287 0.999927 -0.00901252 0.0139976 0.017124 0.00914938 0.999811 -0.00536479 0.0 0.0 0.0 1.0
redkitchen/seq-05/color/frame-000069.color.png redkitchen/seq-05/color/frame-000072.color.png 0.999859 0.00675188 -0.0154066 -0.00496262 -0.00669356 0.99997 0.0038326 -0.00363735 0.0154319 -0.00372894 0.999874 -0.00080049 0.0 0.0 0.0 1.0
redkitchen/seq-05/color/frame-000072.color.png redkitchen/seq-05/color/frame-000075.color.png 0.999686 0.00603335 -0.0243332 -0.0039079 -0.00604493 0.999982 -0.000402522 0.00129551 0.0243303 0.000549487 0.999704 0.00119259 0.0 0.0 0.0 1.0
redkitchen/seq-05/color/frame-000075.color.png redkitchen/seq-05/color/frame-000078.color.png 0.99978 0.0083417 -0.0192491 -0.00993964 -0.00843538 0.999953 -0.00479097 0.00457796 0.0192082 0.0049523 0.999803 -0.00261208 0.0 0.0 0.0 1.0
redkitchen/seq-05/color/frame-000078.color.png redkitchen/seq-05/color/frame-000081.color.png 0.999852 0.00374686 -0.0167722 -0.0117458 -0.00380107 0.999988 -0.00320139 0.00902059 0.01676 0.00326468 0.999854 -0.0034708 0.0 0.0 0.0 1.0
redkitchen/seq-05/color/frame-000081.color.png redkitchen/seq-05/color/frame-000084.color.png 0.999835 0.00551364 -0.017291 -0.00640679 -0.00552352 0.999985 -0.00052565 0.00506683 0.0172879 0.00062107 0.99985 -0.00115748 0.0 0.0 0.0 1.0
redkitchen/seq-05/color/frame-000084.color.png redkitchen/seq-05/color/frame-000087.color.png 0.999918 0.00730389 -0.0104863 -0.0112061 -0.00729143 0.999973 0.00122651 -0.00112802 0.0104949 -0.00114995 0.999944 -0.0102389 0.0 0.0 0.0 1.0
redkitchen/seq-05/color/frame-000087.color.png redkitchen/seq-05/color/frame-000090.color.png 0.999613 0.0103336 -0.025818 -0.0057524 -0.0102076 0.999935 0.00500573 0.000550386 0.0258681 -0.00474026 0.999654 0.00734019 0.0 0.0 0.0 1.0
redkitchen/seq-05/color/frame-000090.color.png redkitchen/seq-05/color/frame-000093.color.png 0.999797 0.009992 -0.0175047 -0.00161942 -0.0100318 0.999947 -0.00218903 -0.00230639 0.0174819 0.00236419 0.999844 0.00240514 0.0 0.0 0.0 1.0
redkitchen/seq-05/color/frame-000093.color.png redkitchen/seq-05/color/frame-000096.color.png 0.999674 0.0102723 -0.0233757 -0.0084064 -0.0103398 0.999943 -0.0027677 0.00311956 0.023346 0.0030085 0.999723 -0.0058521 0.0 0.0 0.0 1.0
redkitchen/seq-05/color/frame-000096.color.png redkitchen/seq-05/color/frame-000099.color.png 0.999682 0.0121248 -0.0221271 -0.0123954 -0.0121212 0.999927 0.000294676 0.00586808 0.0221291 -2.63871e-05 0.999755 -0.0053902 0.0 0.0 0.0 1.0
redkitchen/seq-05/color/frame-000099.color.png redkitchen/seq-05/color/frame-000102.color.png 0.999761 0.00779764 -0.0204149 -0.00400892 -0.00776686 0.999969 0.00158749 0.000674278 0.0204266 -0.00142855 0.99979 -0.00123984 0.0 0.0 0.0 1.0
redkitchen/seq-05/color/frame-000102.color.png redkitchen/seq-05/color/frame-000105.color.png 0.999934 0.00373039 -0.0108953 -0.00985858 -0.00368124 0.999983 0.00453296 0.00298342 0.0109121 -0.00449255 0.99993 -0.00677907 0.0 0.0 0.0 1.0
redkitchen/seq-05/color/frame-000105.color.png redkitchen/seq-05/color/frame-000108.color.png 0.999933 0.00691638 -0.00924275 -0.0202208 -0.00700341 0.999931 -0.00941997 0.0217006 0.00917691 0.00948408 0.999913 -0.0112878 0.0 0.0 0.0 1.0
redkitchen/seq-05/color/frame-000108.color.png redkitchen/seq-05/color/frame-000111.color.png 0.999694 0.0119232 -0.0216771 -0.0198873 -0.0116676 0.999862 0.0118752 -0.00828271 0.0218158 -0.0116186 0.999694 -0.00138523 0.0 0.0 0.0 1.0
redkitchen/seq-05/color/frame-000111.color.png redkitchen/seq-05/color/frame-000114.color.png 0.999573 0.0117604 -0.0267632 -0.00741926 -0.0119455 0.999906 -0.00676635 0.0158744 0.026681 0.00708313 0.999619 0.000917107 0.0 0.0 0.0 1.0
redkitchen/seq-05/color/frame-000114.color.png redkitchen/seq-05/color/frame-000117.color.png 0.999707 0.00671433 -0.0232395 -0.00693542 -0.00679323 0.999971 -0.00331893 0.0026949 0.0232165 0.00347584 0.999724 0.00123093 0.0 0.0 0.0 1.0
redkitchen/seq-05/color/frame-000117.color.png redkitchen/seq-05/color/frame-000120.color.png 0.999777 0.00264947 -0.0209546 -0.00584169 -0.0026259 0.999996 0.00115283 0.00925451 0.0209575 -0.00109755 0.99978 0.00503671 0.0 0.0 0.0 1.0
redkitchen/seq-05/color/frame-000120.color.png redkitchen/seq-05/color/frame-000123.color.png 0.9998 0.00394984 -0.0196197 -0.00554879 -0.00373307 0.999932 0.0110718 -0.0015436 0.0196621 -0.0109963 0.999746 0.000286996 0.0 0.0 0.0 1.0
redkitchen/seq-05/color/frame-000123.color.png redkitchen/seq-05/color/frame-000126.color.png 0.999705 0.00922613 -0.0224815 -0.00901935 -0.00915763 0.999953 0.00314854 0.0039864 0.0225095 -0.00294175 0.999742 0.00174461 0.0 0.0 0.0 1.0
redkitchen/seq-05/color/frame-000126.color.png redkitchen/seq-05/color/frame-000129.color.png 0.999732 0.011698 -0.0199866 -0.0145781 -0.0115741 0.999913 0.00630319 -0.00854171 0.0200587 -0.00607016 0.99978 -0.00281183 0.0 0.0 0.0 1.0
redkitchen/seq-05/color/frame-000129.color.png redkitchen/seq-05/color/frame-000132.color.png 0.999712 0.01126 -0.0211881 -0.00965649 -0.0114092 0.999911 -0.00693249 0.000660799 0.021108 0.00717223 0.999752 -0.00413893 0.0 0.0 0.0 1.0
redkitchen/seq-05/color/frame-000132.color.png redkitchen/seq-05/color/frame-000135.color.png 0.999477 0.0174508 -0.0272353 -0.00982326 -0.0174423 0.999848 0.000551388 0.000955753 0.0272408 -7.60463e-05 0.999629 -0.00430521 0.0 0.0 0.0 1.0
redkitchen/seq-05/color/frame-000135.color.png redkitchen/seq-05/color/frame-000138.color.png 0.999322 0.0184858 -0.0318202 -0.0110157 -0.0186014 0.999821 -0.00334325 0.00136973 0.0317527 0.00393288 0.999488 0.01319 0.0 0.0 0.0 1.0
redkitchen/seq-05/color/frame-000138.color.png redkitchen/seq-05/color/frame-000141.color.png 0.999191 0.0261822 -0.0305275 -0.0132831 -0.026398 0.999629 -0.00668741 -0.00915593 0.0303412 0.00748786 0.999512 -0.00433992 0.0 0.0 0.0 1.0
redkitchen/seq-05/color/frame-000141.color.png redkitchen/seq-05/color/frame-000144.color.png 0.997635 0.046234 -0.0508563 -0.0255437 -0.0464985 0.99891 -0.00402909 -0.013351 0.0506145 0.00638429 0.998698 -0.00172676 0.0 0.0 0.0 1.0
redkitchen/seq-05/color/frame-000144.color.png redkitchen/seq-05/color/frame-000147.color.png 0.998835 0.0284015 -0.0390157 -0.0128823 -0.0287243 0.999557 -0.00773832 -0.00633894 0.0387787 0.00884996 0.999209 -0.0053945 0.0 0.0 0.0 1.0
redkitchen/seq-05/color/frame-000147.color.png redkitchen/seq-05/color/frame-000150.color.png 0.997818 0.0323978 -0.0575382 -0.0215961 -0.0337656 0.999166 -0.022959 -0.00214194 0.0567464 0.0248517 0.998079 0.00437377 0.0 0.0 0.0 1.0
redkitchen/seq-05/color/frame-000150.color.png redkitchen/seq-05/color/frame-000153.color.png 0.997802 0.0463748 -0.0473351 -0.0179627 -0.0465332 0.998914 -0.00225039 -0.0185173 0.0471793 0.00444811 0.998876 -0.00104597 0.0 0.0 0.0 1.0
redkitchen/seq-05/color/frame-000153.color.png redkitchen/seq-05/color/frame-000156.color.png 0.998413 0.0248163 -0.05055 -0.0198692 -0.0270195 0.998693 -0.0433811 -0.00684096 0.0494073 0.0446782 0.997779 0.00853613 0.0 0.0 0.0 1.0
redkitchen/seq-05/color/frame-000156.color.png redkitchen/seq-05/color/frame-000159.color.png 0.9992 0.0317793 -0.0242851 -0.00984587 -0.0328671 0.99841 -0.0457897 -0.0151986 0.0227914 0.0465513 0.998656 -0.00562529 0.0 0.0 0.0 1.0
redkitchen/seq-05/color/frame-000159.color.png redkitchen/seq-05/color/frame-000162.color.png 0.998747 0.0368151 -0.0338842 -0.0195959 -0.0395102 0.995795 -0.0826488 -0.0167188 0.030699 0.0838841 0.996003 -0.0119353 0.0 0.0 0.0 1.0
redkitchen/seq-05/color/frame-000162.color.png redkitchen/seq-05/color/frame-000165.color.png 0.999271 0.029951 -0.0236536 -0.0139428 -0.0310164 0.998458 -0.046044 -0.0134359 0.022238 0.0467441 0.998659 -0.0147446 0.0 0.0 0.0 1.0
redkitchen/seq-05/color/frame-000165.color.png redkitchen/seq-05/color/frame-000168.color.png 0.999475 0.0231797 -0.0226445 -0.0227817 -0.0241408 0.998778 -0.0431301 -0.00389116 0.021617 0.0436542 0.998813 -0.00776839 0.0 0.0 0.0 1.0
redkitchen/seq-05/color/frame-000168.color.png redkitchen/seq-05/color/frame-000171.color.png 0.999768 0.0153621 -0.015113 -0.00710881 -0.01546 0.99986 -0.00638337 -0.0120368 0.0150128 0.00661541 0.999865 0.00283889 0.0 0.0 0.0 1.0
redkitchen/seq-05/color/frame-000171.color.png redkitchen/seq-05/color/frame-000174.color.png 0.999783 0.00934713 -0.0185939 -0.0113614 -0.0097472 0.99972 -0.0215446 -0.0084767 0.0183874 0.0217213 0.999595 -0.00645821 0.0 0.0 0.0 1.0
redkitchen/seq-05/color/frame-000174.color.png redkitchen/seq-05/color/frame-000177.color.png 0.99963 0.0131817 -0.0237797 -0.0138026 -0.0139393 0.999391 -0.0319792 -0.00673281 0.0233437 0.0322988 0.999206 -0.00640312 0.0 0.0 0.0 1.0
redkitchen/seq-05/color/frame-000177.color.png redkitchen/seq-05/color/frame-000180.color.png 0.999615 0.0206714 -0.0185252 -0.0206016 -0.0214922 0.998744 -0.0452662 -0.0125676 0.0175663 0.0456469 0.998803 -0.02105 0.0 0.0 0.0 1.0
redkitchen/seq-05/color/frame-000180.color.png redkitchen/seq-05/color/frame-000183.color.png 0.998588 0.0280471 -0.045122 -0.0152998 -0.0320119 0.995455 -0.0896894 -0.0284401 0.0424014 0.0910072 0.994947 -0.0121431 0.0 0.0 0.0 1.0
redkitchen/seq-05/color/frame-000183.color.png redkitchen/seq-05/color/frame-000186.color.png 0.999675 0.0197891 -0.0160674 -0.0156289 -0.0207842 0.997712 -0.0643316 -0.0131131 0.0147576 0.0646446 0.997799 -0.0204144 0.0 0.0 0.0 1.0
redkitchen/seq-05/color/frame-000186.color.png redkitchen/seq-05/color/frame-000189.color.png 0.999677 0.0193562 -0.0164969 -0.00511065 -0.0198914 0.99926 -0.0329296 -0.0303235 0.0158473 0.0332472 0.999321 -0.0153388 0.0 0.0 0.0 1.0
redkitchen/seq-05/color/frame-000189.color.png redkitchen/seq-05/color/frame-000192.color.png 0.999343 0.0186382 -0.0310819 -0.0194932 -0.0204563 0.998034 -0.0592382 -0.00286391 0.0299167 0.059835 0.99776 -0.00850162 0.0 0.0 0.0 1.0
redkitchen/seq-05/color/frame-000192.color.png redkitchen/seq-05/color/frame-000195.color.png 0.999806 0.00865553 -0.0176845 -0.00914216 -0.00903794 0.999725 -0.0216612 -0.0103911 0.017492 0.0218168 0.999609 -0.00547811 0.0 0.0 0.0 1.0
redkitchen/seq-05/color/frame-000195.color.png redkitchen/seq-05/color/frame-000198.color.png 0.999912 0.00402457 -0.0126701 -0.0066922 -0.004053 0.999989 -0.00222068 -0.00066486 0.012661 0.00227185 0.999917 -0.00768027 0.0 0.0 0.0 1.0
redkitchen/seq-05/color/frame-000198.color.png redkitchen/seq-05/color/frame-000201.color.png 0.999853 0.000918212 -0.0171214 -0.00961018 -0.000712434 0.999928 0.0120223 0.0118653 0.0171313 -0.0120084 0.999781 -0.00529066 0.0 0.0 0.0 1.0
redkitchen/seq-05/color/frame-000201.color.png redkitchen/seq-05/color/frame-000204.color.png 0.999874 -0.00969286 -0.0125485 -0.00294009 0.0100503 0.999536 0.0287435 0.01612 0.0122639 -0.028866 0.999508 0.00523293 0.0 0.0 0.0 1.0
redkitchen/seq-05/color/frame-000204.color.png redkitchen/seq-05/color/frame-000207.color.png 0.999813 0.00307488 -0.0190667 -0.00667083 -0.00312598 0.999992 -0.00264915 0.00365089 0.0190584 0.0027083 0.999815 -0.00227135 0.0 0.0 0.0 1.0
redkitchen/seq-05/color/frame-000207.color.png redkitchen/seq-05/color/frame-000210.color.png 0.999702 0.00333153 -0.0241831 -0.00483671 -0.00335627 0.999994 -0.000984975 0.00225632 0.0241797 0.00106587 0.999707 0.0114058 0.0 0.0 0.0 1.0
redkitchen/seq-05/color/frame-000210.color.png redkitchen/seq-05/color/frame-000213.color.png 0.999888 0.00758 -0.0128811 -0.0097245 -0.00738361 0.999857 0.0152275 0.00368524 0.0129946 -0.0151308 0.999801 0.00172678 0.0 0.0 0.0 1.0
redkitchen/seq-05/color/frame-000213.color.png redkitchen/seq-05/color/frame-000216.color.png 0.999908 0.00923567 -0.00997127 -0.0154695 -0.00936083 0.999877 -0.012583 -0.00321876 0.00985389 0.0126753 0.999871 -0.0220413 0.0 0.0 0.0 1.0
redkitchen/seq-05/color/frame-000216.color.png redkitchen/seq-05/color/frame-000219.color.png 0.999963 -0.00816485 -0.00280371 0.00715065 0.0081466 0.999946 -0.00645595 -0.00473431 0.00285633 0.00643293 0.999975 0.00316587 0.0 0.0 0.0 1.0
redkitchen/seq-05/color/frame-000219.color.png redkitchen/seq-05/color/frame-000222.color.png 0.9999 -0.00498134 0.0132754 0.00479311 0.00483576 0.999928 0.0109734 0.00287229 -0.0133292 -0.010908 0.999852 -0.00393942 0.0 0.0 0.0 1.0
redkitchen/seq-05/color/frame-000222.color.png redkitchen/seq-05/color/frame-000225.color.png 0.999734 -0.0145659 0.0178943 0.00917274 0.014254 0.999746 0.0174346 0.00759168 -0.0181436 -0.017175 0.999688 0.00144166 0.0 0.0 0.0 1.0
redkitchen/seq-05/color/frame-000225.color.png redkitchen/seq-05/color/frame-000228.color.png 0.997889 -0.0381099 0.0525917 0.029191 0.0347196 0.99735 0.0639389 0.0283907 -0.054889 -0.0619779 0.996567 0.000163049 0.0 0.0 0.0 1.0
redkitchen/seq-05/color/frame-000228.color.png redkitchen/seq-05/color/frame-000231.color.png 0.998406 -0.0342024 0.0449031 0.0133958 0.0323989 0.998662 0.0402932 0.0251743 -0.0462211 -0.0387742 0.998178 -0.0175307 0.0 0.0 0.0 1.0
redkitchen/seq-05/color/frame-000231.color.png redkitchen/seq-05/color/frame-000234.color.png 0.99876 -0.0327117 0.0375363 0.0235319 0.030081 0.997189 0.0686268 0.0355146 -0.0396757 -0.0674127 0.996936 0.0123016 0.0 0.0 0.0 1.0
redkitchen/seq-05/color/frame-000234.color.png redkitchen/seq-05/color/frame-000237.color.png 0.999054 -0.0214451 0.0378251 0.0249841 0.017283 0.994096 0.107119 0.0339568 -0.0398989 -0.106364 0.993526 0.0164752 0.0 0.0 0.0 1.0
redkitchen/seq-05/color/frame-000237.color.png redkitchen/seq-05/color/frame-000240.color.png 0.998828 -0.0344963 0.0339549 0.00905252 0.0321123 0.99714 0.0684128 0.0338018 -0.0362178 -0.0672423 0.997079 0.00169381 0.0 0.0 0.0 1.0
redkitchen/seq-05/color/frame-000240.color.png redkitchen/seq-05/color/frame-000243.color.png 0.997804 -0.0500906 0.0433502 0.0287066 0.045144 0.993082 0.108403 0.0540054 -0.0484802 -0.106208 0.993161 0.0164309 0.0 0.0 0.0 1.0
redkitchen/seq-05/color/frame-000243.color.png redkitchen/seq-05/color/frame-000246.color.png 0.998706 -0.0364019 0.0355255 0.00199649 0.0335843 0.996472 0.0769179 0.0369963 -0.0382001 -0.0756253 0.996404 0.00194037 0.0 0.0 0.0 1.0
redkitchen/seq-05/color/frame-000246.color.png redkitchen/seq-05/color/frame-000249.color.png 0.999068 -0.0331644 0.0276454 0.0186404 0.0315878 0.997951 0.0556362 0.0274728 -0.0294339 -0.054711 0.998068 -0.00373277 0.0 0.0 0.0 1.0
redkitchen/seq-05/color/frame-000249.color.png redkitchen/seq-05/color/frame-000252.color.png 0.999232 -0.0322565 0.0222487 0.0183272 0.0307311 0.99736 0.0657967 0.0304417 -0.0243124 -0.0650624 0.997585 0.00766015 0.0 0.0 0.0 1.0
redkitchen/seq-05/color/frame-000252.color.png redkitchen/seq-05/color/frame-000255.color.png 0.998214 -0.043016 0.0414591 0.0140216 0.0406855 0.997629 0.0555039 0.0544502 -0.0437483 -0.0537179 0.997597 -0.0165429 0.0 0.0 0.0 1.0
redkitchen/seq-05/color/frame-000255.color.png redkitchen/seq-05/color/frame-000258.color.png 0.999549 -0.0284564 0.0096093 0.0102072 0.0275933 0.996382 0.0803897 0.020328 -0.0118621 -0.0800883 0.996717 0.0443059 0.0 0.0 0.0 1.0
redkitchen/seq-05/color/frame-000258.color.png redkitchen/seq-05/color/frame-000261.color.png 0.998456 -0.0402258 0.0382987 0.0179568 0.0383193 0.99805 0.0492748 0.0268866 -0.0402061 -0.0477311 0.998051 -0.00472203 0.0 0.0 0.0 1.0
redkitchen/seq-05/color/frame-000261.color.png redkitchen/seq-05/color/frame-000264.color.png 0.999565 -0.0210459 0.0206699 0.0117594 0.0204943 0.999437 0.026547 0.0118886 -0.0212171 -0.0261118 0.999434 -0.0158394 0.0 0.0 0.0 1.0
redkitchen/seq-05/color/frame-000264.color.png redkitchen/seq-05/color/frame-000267.color.png 0.998971 -0.0410734 0.019226 0.0177015 0.0406788 0.998962 0.0204821 0.0178194 -0.0200471 -0.019679 0.999605 0.00532255 0.0 0.0 0.0 1.0
redkitchen/seq-05/color/frame-000267.color.png redkitchen/seq-05/color/frame-000270.color.png 0.998511 -0.0396411 0.0374591 0.0194399 0.0390689 0.99911 0.0158865 0.0119534 -0.0380557 -0.0143994 0.999172 -0.0128451 0.0 0.0 0.0 1.0
redkitchen/seq-05/color/frame-000270.color.png redkitchen/seq-05/color/frame-000273.color.png 0.998908 -0.0337874 0.0322762 0.0253538 0.0330804 0.999206 0.0221908 0.0149475 -0.0330002 -0.0210989 0.999233 -0.00704753 0.0 0.0 0.0 1.0
redkitchen/seq-05/color/frame-000273.color.png redkitchen/seq-05/color/frame-000276.color.png 0.999274 -0.0243734 0.0292868 0.0196906 0.0240544 0.999648 0.0111967 0.00669676 -0.0295495 -0.0104841 0.999508 0.00969112 0.0 0.0 0.0 1.0
redkitchen/seq-05/color/frame-000276.color.png redkitchen/seq-05/color/frame-000279.color.png 0.999588 -0.0176657 0.0226072 0.0288292 0.0176411 0.999844 0.00128346 -0.00367828 -0.0226264 -0.000884111 0.999744 0.0208345 0.0 0.0 0.0 1.0
redkitchen/seq-05/color/frame-000279.color.png redkitchen/seq-05/color/frame-000282.color.png 0.999502 -0.017515 0.0262457 0.0213674 0.0177979 0.999786 -0.0105857 -0.00126612 -0.0260548 0.0110475 0.9996 0.00137332 0.0 0.0 0.0 1.0
redkitchen/seq-05/color/frame-000282.color.png redkitchen/seq-05/color/frame-000285.color.png 0.998494 -0.0312113 0.0451228 0.0316453 0.0311561 0.999513 0.0019263 -0.0024329 -0.0451608 -0.000517551 0.99898 -0.0229136 0.0 0.0 0.0 1.0
redkitchen/seq-05/color/frame-000285.color.png redkitchen/seq-05/color/frame-000288.color.png 0.999067 -0.0333432 0.0274491 0.0334766 0.0332476 0.999439 0.00393157 0.00292349 -0.0275648 -0.0030153 0.999615 0.0225858 0.0 0.0 0.0 1.0
redkitchen/seq-05/color/frame-000288.color.png redkitchen/seq-05/color/frame-000291.color.png 0.998549 -0.0369829 0.0391552 0.0264789 0.0364518 0.999235 0.0141914 0.0127513 -0.0396501 -0.0127436 0.999132 -0.0105815 0.0 0.0 0.0 1.0
redkitchen/seq-05/color/frame-000291.color.png redkitchen/seq-05/color/frame-000294.color.png 0.997664 -0.0427796 0.0532577 0.0324422 0.0422006 0.999038 0.01195 0.0168965 -0.0537177 -0.00967459 0.998509 -0.000979289 0.0 0.0 0.0 1.0
redkitchen/seq-05/color/frame-000294.color.png redkitchen/seq-05/color/frame-000297.color.png 0.999175 -0.0289355 0.0284967 0.0212701 0.0280213 0.999096 0.0319777 -0.0131251 -0.029396 -0.0311528 0.999082 -0.0225478 0.0 0.0 0.0 1.0
redkitchen/seq-05/color/frame-000297.color.png redkitchen/seq-05/color/frame-000300.color.png 0.998717 -0.0372792 0.0342722 0.0208799 0.0370453 0.999286 0.00743513 0.0144199 -0.034525 -0.00615589 0.999385 0.0132677 0.0 0.0 0.0 1.0
redkitchen/seq-05/color/frame-000300.color.png redkitchen/seq-05/color/frame-000303.color.png 0.999607 -0.0243584 0.0139147 0.0200242 0.0242698 0.999684 0.00650556 0.0102529 -0.0140689 -0.00616534 0.999882 0.00470884 0.0 0.0 0.0 1.0
redkitchen/seq-05/color/frame-000303.color.png redkitchen/seq-05/color/frame-000306.color.png 0.999396 -0.0210743 0.0276155 0.00572079 0.0209941 0.999774 0.00319081 0.0132162 -0.0276765 -0.00260909 0.999613 -0.00296912 0.0 0.0 0.0 1.0
redkitchen/seq-05/color/frame-000306.color.png redkitchen/seq-05/color/frame-000309.color.png 0.999283 -0.0231706 0.0299271 0.0256298 0.022637 0.999581 0.0180501 -0.013374 -0.0303328 -0.0173597 0.999389 -0.0170774 0.0 0.0 0.0 1.0
redkitchen/seq-05/color/frame-000309.color.png redkitchen/seq-05/color/frame-000312.color.png 0.999349 -0.0162737 0.0321955 0.0161529 0.0163083 0.999867 -0.000815508 -0.00344227 -0.0321779 0.00134003 0.999481 -0.000784963 0.0 0.0 0.0 1.0
redkitchen/seq-05/color/frame-000312.color.png redkitchen/seq-05/color/frame-000315.color.png 0.999555 -0.0109826 0.027724 0.0104415 0.0113712 0.999839 -0.0138967 0.00338176 -0.027567 0.0142057 0.999519 0.000992477 0.0 0.0 0.0 1.0
redkitchen/seq-05/color/frame-000315.color.png redkitchen/seq-05/color/frame-000318.color.png 0.999692 -0.00825487 0.0234151 0.0103034 0.00871546 0.999769 -0.0196362 0.00806136 -0.0232476 0.0198342 0.999533 0.0142868 0.0 0.0 0.0 1.0
redkitchen/seq-05/color/frame-000318.color.png redkitchen/seq-05/color/frame-000321.color.png 0.999133 0.022534 0.0349963 0.00966756 -0.021358 0.999206 -0.0336206 -0.0259284 -0.0357261 0.032844 0.998822 -0.0207265 0.0 0.0 0.0 1.0
redkitchen/seq-05/color/frame-000321.color.png redkitchen/seq-05/color/frame-000324.color.png 0.999717 0.0148477 0.018586 0.0108254 -0.0144658 0.999685 -0.0205191 -0.0237366 -0.0188848 0.0202445 0.999617 -0.00322044 0.0 0.0 0.0 1.0
redkitchen/seq-05/color/frame-000324.color.png redkitchen/seq-05/color/frame-000327.color.png 0.998669 0.051298 0.00533201 0.00698982 -0.0511605 0.998417 -0.0233514 -0.0567432 -0.00652148 0.0230475 0.999713 0.00672755 0.0 0.0 0.0 1.0
redkitchen/seq-05/color/frame-000327.color.png redkitchen/seq-05/color/frame-000330.color.png 0.996474 0.08369 -0.00594194 -0.0120091 -0.0838938 0.994796 -0.0578094 -0.023071 0.0010729 0.0581041 0.99831 -0.00854461 0.0 0.0 0.0 1.0
redkitchen/seq-05/color/frame-000330.color.png redkitchen/seq-05/color/frame-000333.color.png 0.998148 0.0602588 -0.00830095 -0.0101174 -0.0604749 0.997753 -0.0288526 -0.0399544 0.00654372 0.0293012 0.999549 -0.00588392 0.0 0.0 0.0 1.0
redkitchen/seq-05/color/frame-000333.color.png redkitchen/seq-05/color/frame-000336.color.png 0.997527 0.0675386 -0.0194608 -0.00447568 -0.0682232 0.996985 -0.0369721 -0.012309 0.0169052 0.0382083 0.999127 0.00212356 0.0 0.0 0.0 1.0
redkitchen/seq-05/color/frame-000336.color.png redkitchen/seq-05/color/frame-000339.color.png 0.994276 0.103929 -0.0247648 -0.0134116 -0.104705 0.993974 -0.0324334 -0.0301841 0.0212448 0.0348408 0.999167 0.00578913 0.0 0.0 0.0 1.0
redkitchen/seq-05/color/frame-000339.color.png redkitchen/seq-05/color/frame-000342.color.png 0.994155 0.107558 -0.00938002 -0.0143828 -0.107905 0.992767 -0.052629 -0.0169838 0.00365143 0.0533335 0.99857 0.00701346 0.0 0.0 0.0 1.0
redkitchen/seq-05/color/frame-000342.color.png redkitchen/seq-05/color/frame-000345.color.png 0.996445 0.0842354 0.000851194 -0.0181216 -0.0840928 0.995254 -0.0489773 -0.0135335 -0.0049727 0.0487316 0.9988 -0.0183008 0.0 0.0 0.0 1.0
redkitchen/seq-05/color/frame-000345.color.png redkitchen/seq-05/color/frame-000348.color.png 0.992693 0.120601 -0.00394228 -0.00157329 -0.120615 0.990814 -0.0611581 -0.0261436 -0.00346972 0.0611868 0.99812 0.0135073 0.0 0.0 0.0 1.0
redkitchen/seq-05/color/frame-000348.color.png redkitchen/seq-05/color/frame-000351.color.png 0.988559 0.150611 0.0082245 -0.0137221 -0.149522 0.985672 -0.0780584 -0.0310754 -0.019863 0.0759355 0.996915 -0.00742999 0.0 0.0 0.0 1.0
redkitchen/seq-05/color/frame-000351.color.png redkitchen/seq-05/color/frame-000354.color.png 0.996929 0.0768613 0.0149972 0.00320856 -0.075757 0.995076 -0.0639091 -0.00799116 -0.0198355 0.0625767 0.997843 -0.000297457 0.0 0.0 0.0 1.0
redkitchen/seq-05/color/frame-000354.color.png redkitchen/seq-05/color/frame-000357.color.png 0.997956 0.0561762 0.0304521 0.0119184 -0.0538144 0.995842 -0.0735019 -0.015504 -0.0344546 0.0717129 0.99683 -0.0172879 0.0 0.0 0.0 1.0
redkitchen/seq-05/color/frame-000357.color.png redkitchen/seq-05/color/frame-000360.color.png 0.997529 0.0258463 0.0653306 0.0144502 -0.0225368 0.99845 -0.0508955 -0.00573528 -0.0665448 0.0492973 0.996565 -0.0230316 0.0 0.0 0.0 1.0
redkitchen/seq-05/color/frame-000360.color.png redkitchen/seq-05/color/frame-000363.color.png 0.999175 -0.00320253 0.0404844 0.00379159 0.00411393 0.99974 -0.0224498 0.0186587 -0.0404019 0.0225979 0.998928 -0.0117328 0.0 0.0 0.0 1.0
redkitchen/seq-05/color/frame-000363.color.png redkitchen/seq-05/color/frame-000366.color.png 0.999219 0.0142554 0.0368617 0.0072353 -0.0134455 0.999665 -0.0221282 -0.00956564 -0.0371649 0.0216153 0.999075 -0.00344156 0.0 0.0 0.0 1.0
redkitchen/seq-05/color/frame-000366.color.png redkitchen/seq-05/color/frame-000369.color.png 0.999343 0.0155954 0.0327009 0.0221547 -0.0150918 0.999765 -0.0155923 -0.0142143 -0.0329363 0.0150886 0.999344 0.0120275 0.0 0.0 0.0 1.0
redkitchen/seq-05/color/frame-000369.color.png redkitchen/seq-05/color/frame-000372.color.png 0.999213 0.00313257 0.0395356 -0.00517067 -0.00351546 0.999947 0.00962187 -0.0180927 -0.0395033 -0.00975333 0.999172 -0.0192331 0.0 0.0 0.0 1.0
redkitchen/seq-05/color/frame-000372.color.png redkitchen/seq-05/color/frame-000375.color.png 0.999624 0.00517626 0.0269386 0.00843181 -0.00516859 0.999987 -0.000358517 -0.00652236 -0.0269401 0.000219181 0.999637 -0.0070087 0.0 0.0 0.0 1.0
redkitchen/seq-05/color/frame-000375.color.png redkitchen/seq-05/color/frame-000378.color.png 0.99974 0.00122676 0.0227885 0.0128326 -0.00154235 0.999903 0.0138371 -0.0264523 -0.0227693 -0.0138686 0.999644 0.00649984 0.0 0.0 0.0 1.0
redkitchen/seq-05/color/frame-000378.color.png redkitchen/seq-05/color/frame-000381.color.png 0.999688 -0.0172822 0.0180269 0.0141795 0.0167626 0.999451 0.0285859 -0.00133448 -0.018511 -0.0282749 0.999429 0.0110353 0.0 0.0 0.0 1.0
redkitchen/seq-05/color/frame-000381.color.png redkitchen/seq-05/color/frame-000384.color.png 0.999683 -0.0171757 0.0183839 0.0106845 0.0168378 0.999689 0.0183783 0.00359145 -0.0186938 -0.0180629 0.999662 0.00324872 0.0 0.0 0.0 1.0
redkitchen/seq-05/color/frame-000384.color.png redkitchen/seq-05/color/frame-000387.color.png 0.999647 -0.0190517 0.0185155 0.00290707 0.0183727 0.999177 0.0361736 0.00390763 -0.0191895 -0.0358206 0.999174 0.00346087 0.0 0.0 0.0 1.0
redkitchen/seq-05/color/frame-000387.color.png redkitchen/seq-05/color/frame-000390.color.png 0.999843 -0.0140259 0.0108546 0.0204483 0.0138462 0.999769 0.0164588 -0.000497459 -0.0110829 -0.0163059 0.999806 0.00938784 0.0 0.0 0.0 1.0
redkitchen/seq-05/color/frame-000390.color.png redkitchen/seq-05/color/frame-000393.color.png 0.99952 -0.0217594 0.0220395 0.00226907 0.0214329 0.999659 0.0149333 0.00321026 -0.022357 -0.0144538 0.999646 0.000194415 0.0 0.0 0.0 1.0
redkitchen/seq-05/color/frame-000393.color.png redkitchen/seq-05/color/frame-000396.color.png 0.999535 -0.0251664 0.017203 -0.000490323 0.024647 0.999252 0.0297807 -0.00913108 -0.0179396 -0.0293428 0.999408 0.000525594 0.0 0.0 0.0 1.0
redkitchen/seq-05/color/frame-000396.color.png redkitchen/seq-05/color/frame-000399.color.png 0.999783 -0.0181445 0.0102012 0.0184558 0.0182639 0.999764 -0.0117446 0.0236073 -0.00998566 0.0119284 0.999879 -2.2307e-05 0.0 0.0 0.0 1.0
redkitchen/seq-05/color/frame-000399.color.png redkitchen/seq-05/color/frame-000402.color.png 0.999418 -0.0216097 0.0263933 0.0101236 0.0210804 0.999574 0.0201701 -0.00687119 -0.0268179 -0.019602 0.999448 0.00586477 0.0 0.0 0.0 1.0
redkitchen/seq-05/color/frame-000402.color.png redkitchen/seq-05/color/frame-000405.color.png 0.998007 -0.0414656 0.0475656 0.00183132 0.0418921 0.99909 -0.00800603 0.0196475 -0.0471903 0.0099827 0.998836 -0.00686103 0.0 0.0 0.0 1.0
redkitchen/seq-05/color/frame-000405.color.png redkitchen/seq-05/color/frame-000408.color.png 0.997929 -0.042883 0.0479432 0.0180015 0.0429797 0.999075 -0.000988679 0.00150279 -0.0478564 0.00304721 0.99885 0.00116886 0.0 0.0 0.0 1.0
redkitchen/seq-05/color/frame-000408.color.png redkitchen/seq-05/color/frame-000411.color.png 0.998709 -0.0213133 0.0461015 0.0186496 0.021726 0.999728 -0.00846487 0.00557589 -0.0459086 0.00945554 0.998901 0.00210652 0.0 0.0 0.0 1.0
redkitchen/seq-05/color/frame-000411.color.png redkitchen/seq-05/color/frame-000414.color.png 0.998856 -0.0281781 0.0386416 0.0218829 0.0276901 0.999531 0.0131032 -0.00772915 -0.0389927 -0.0120183 0.999167 -0.00149792 0.0 0.0 0.0 1.0
redkitchen/seq-05/color/frame-000414.color.png redkitchen/seq-05/color/frame-000417.color.png 0.999501 -0.0215524 0.0231041 0.0268232 0.0213571 0.999734 0.0086662 -0.0134781 -0.0232847 -0.00816843 0.999695 0.00711051 0.0 0.0 0.0 1.0
redkitchen/seq-05/color/frame-000417.color.png redkitchen/seq-05/color/frame-000420.color.png 0.998692 -0.0164826 0.0484063 0.00329635 0.0167249 0.99985 -0.00460151 0.0101477 -0.0483232 0.00540506 0.998817 -0.00053291 0.0 0.0 0.0 1.0
redkitchen/seq-05/color/frame-000420.color.png redkitchen/seq-05/color/frame-000423.color.png 0.998855 -0.0252486 0.0406327 0.0126069 0.0253957 0.999673 -0.00310966 0.00426736 -0.0405409 0.00413801 0.999169 -0.000583366 0.0 0.0 0.0 1.0
redkitchen/seq-05/color/frame-000423.color.png redkitchen/seq-05/color/frame-000426.color.png 0.998781 -0.0220275 0.0441817 0.0087854 0.0223617 0.999725 -0.00708579 0.0031212 -0.0440134 0.0080651 0.998998 0.0087226 0.0 0.0 0.0 1.0
redkitchen/seq-05/color/frame-000426.color.png redkitchen/seq-05/color/frame-000429.color.png 0.999687 -0.00455328 0.0245868 0.00474206 0.00454987 0.99999 0.000198061 0.0023099 -0.0245875 -8.61062e-05 0.999698 0.0109283 0.0 0.0 0.0 1.0
redkitchen/seq-05/color/frame-000429.color.png redkitchen/seq-05/color/frame-000432.color.png 0.999824 -0.0049956 0.0180987 0.00457067 0.0050761 0.999977 -0.00440796 0.00457842 -0.0180763 0.00449903 0.999826 5.54919e-05 0.0 0.0 0.0 1.0
redkitchen/seq-05/color/frame-000432.color.png redkitchen/seq-05/color/frame-000435.color.png 0.999756 -0.00835026 0.0204462 0.00316874 0.00825254 0.999954 0.00485856 -0.00816244 -0.0204858 -0.00468861 0.999779 -0.00997638 0.0 0.0 0.0 1.0
redkitchen/seq-05/color/frame-000435.color.png redkitchen/seq-05/color/frame-000438.color.png 0.999405 -0.00516011 0.0340977 0.0070392 0.00511493 0.999986 0.00141336 -0.00284459 -0.0341046 -0.00123811 0.999417 0.00604162 0.0 0.0 0.0 1.0
redkitchen/seq-05/color/frame-000438.color.png redkitchen/seq-05/color/frame-000441.color.png 0.999512 -0.0151959 0.0273114 -0.000511326 0.0150077 0.999862 0.00708102 -0.00463963 -0.0274152 -0.00666772 0.999602 -0.000405587 0.0 0.0 0.0 1.0
redkitchen/seq-05/color/frame-000441.color.png redkitchen/seq-05/color/frame-000444.color.png 0.999774 -0.00867222 0.0194389 0.00743743 0.00876178 0.999951 -0.00452834 0.00495624 -0.0193988 0.00469764 0.999801 0.00605422 0.0 0.0 0.0 1.0
redkitchen/seq-05/color/frame-000444.color.png redkitchen/seq-05/color/frame-000447.color.png 0.998743 -0.0358934 0.0349912 0.00564729 0.0364636 0.99921 -0.0157962 0.0045823 -0.0343964 0.0170522 0.999263 0.00459231 0.0 0.0 0.0 1.0
redkitchen/seq-05/color/frame-000447.color.png redkitchen/seq-05/color/frame-000450.color.png 0.999233 -0.0283342 0.0270252 0.0118489 0.0283133 0.999599 0.00115381 -0.00400869 -0.0270471 -0.000387713 0.999634 0.00368732 0.0 0.0 0.0 1.0
redkitchen/seq-05/color/frame-000450.color.png redkitchen/seq-05/color/frame-000453.color.png 0.998999 -0.0290431 0.0340264 0.00728309 0.029348 0.999533 -0.0084939 0.00455233 -0.0337638 0.00948396 0.999385 0.00380985 0.0 0.0 0.0 1.0
redkitchen/seq-05/color/frame-000453.color.png redkitchen/seq-05/color/frame-000456.color.png 0.998727 -0.046977 0.0183844 0.00795136 0.0471975 0.998816 -0.011749 0.000153329 -0.0178107 0.0126018 0.999762 0.00325563 0.0 0.0 0.0 1.0
redkitchen/seq-05/color/frame-000456.color.png redkitchen/seq-05/color/frame-000459.color.png 0.999666 -0.0250391 0.00643935 0.0076184 0.0250729 0.999672 -0.00522388 -0.000986148 -0.00630636 0.00538358 0.999966 0.00603008 0.0 0.0 0.0 1.0
redkitchen/seq-05/color/frame-000459.color.png redkitchen/seq-05/color/frame-000462.color.png 0.999409 -0.027829 0.0201652 0.0142013 0.0281337 0.999492 -0.0149811 -0.000777539 -0.019738 0.0155396 0.999684 -0.00173362 0.0 0.0 0.0 1.0
redkitchen/seq-05/color/frame-000462.color.png redkitchen/seq-05/color/frame-000465.color.png 0.999639 -0.00495206 0.0264062 0.00692842 0.00493616 0.999988 0.000665654 -0.00384938 -0.0264093 -0.000535067 0.999651 0.00083597 0.0 0.0 0.0 1.0
redkitchen/seq-05/color/frame-000465.color.png redkitchen/seq-05/color/frame-000468.color.png 0.999307 -0.0136278 0.0346309 0.0117225 0.0135668 0.999906 0.00199393 -0.00174199 -0.0346548 -0.00152272 0.999398 0.00628005 0.0 0.0 0.0 1.0
redkitchen/seq-05/color/frame-000468.color.png redkitchen/seq-05/color/frame-000471.color.png 0.999655 -0.00797685 0.0250122 0.00792281 0.00827676 0.999895 -0.0119083 -0.00580771 -0.0249146 0.0121112 0.999616 0.00353128 0.0 0.0 0.0 1.0
redkitchen/seq-05/color/frame-000471.color.png redkitchen/seq-05/color/frame-000474.color.png 0.999453 -0.0170312 0.0283412 0.00899753 0.017596 0.999649 -0.0198015 -0.00396087 -0.027994 0.0202894 0.999402 -0.0028003 0.0 0.0 0.0 1.0
redkitchen/seq-05/color/frame-000474.color.png redkitchen/seq-05/color/frame-000477.color.png 0.99973 -0.023153 -0.00199147 0.00889513 0.023134 0.999691 -0.00912139 -0.00452732 0.00220214 0.00907285 0.999956 0.00978596 0.0 0.0 0.0 1.0
redkitchen/seq-05/color/frame-000477.color.png redkitchen/seq-05/color/frame-000480.color.png 0.999409 -0.0338755 0.00587088 0.00472419 0.0340503 0.998882 -0.0328037 -0.014362 -0.00475316 0.0329842 0.999445 -0.0149337 0.0 0.0 0.0 1.0
redkitchen/seq-05/color/frame-000480.color.png redkitchen/seq-05/color/frame-000483.color.png 0.999541 -0.0302442 -0.00195587 0.00604172 0.0301887 0.999257 -0.0239714 -0.00571984 0.00267939 0.0239013 0.999711 -0.000278316 0.0 0.0 0.0 1.0
redkitchen/seq-05/color/frame-000483.color.png redkitchen/seq-05/color/frame-000486.color.png 0.999031 -0.0436389 -0.00579769 0.0117276 0.0435064 0.998826 -0.021301 -0.0128117 0.00672037 0.0210281 0.999756 -0.0038632 0.0 0.0 0.0 1.0
redkitchen/seq-05/color/frame-000486.color.png redkitchen/seq-05/color/frame-000489.color.png 0.999208 -0.039293 -0.00630557 0.00391582 0.0391777 0.999079 -0.0174797 -0.010182 0.00698666 0.0172188 0.999827 -0.00141623 0.0 0.0 0.0 1.0
redkitchen/seq-05/color/frame-000489.color.png redkitchen/seq-05/color/frame-000492.color.png 0.996732 -0.067296 -0.0446757 0.0143604 0.0655936 0.997102 -0.0385373 -0.0405431 0.0471395 0.0354809 0.998258 -0.0026582 0.0 0.0 0.0 1.0
redkitchen/seq-05/color/frame-000492.color.png redkitchen/seq-05/color/frame-000495.color.png 0.998904 -0.0284998 -0.037117 0.00576306 0.0270742 0.998897 -0.0383599 -0.00760577 0.0381694 0.037313 0.998575 -0.00398505 0.0 0.0 0.0 1.0
redkitchen/seq-05/color/frame-000495.color.png redkitchen/seq-05/color/frame-000498.color.png 0.998814 0.00569718 -0.0483558 0.0392888 -0.00585882 0.999978 -0.00320177 -0.0144748 0.0483365 0.00348127 0.998825 -0.0119416 0.0 0.0 0.0 1.0
redkitchen/seq-05/color/frame-000498.color.png redkitchen/seq-05/color/frame-000501.color.png 0.998659 -0.00235764 -0.0517095 -0.000292316 0.000620037 0.999435 -0.0335936 7.16075e-05 0.0517596 0.0335165 0.998097 -0.0114289 0.0 0.0 0.0 1.0
redkitchen/seq-05/color/frame-000501.color.png redkitchen/seq-05/color/frame-000504.color.png 0.996081 -0.0136301 -0.0873906 -0.0127246 0.0102603 0.999191 -0.0388939 0.00980623 0.08785 0.0378448 0.995414 -0.0169953 0.0 0.0 0.0 1.0
redkitchen/seq-05/color/frame-000504.color.png redkitchen/seq-05/color/frame-000507.color.png 0.996415 0.00313305 -0.0845465 -0.0391116 -0.0104299 0.99624 -0.0860028 0.0175331 0.0839592 0.0865762 0.992701 -0.031137 0.0 0.0 0.0 1.0
redkitchen/seq-05/color/frame-000507.color.png redkitchen/seq-05/color/frame-000510.color.png 0.999852 0.0130838 -0.0111392 -0.0639461 -0.0135143 0.999129 -0.0394885 -0.00938183 0.0106129 0.0396332 0.999158 0.0209776 0.0 0.0 0.0 1.0
redkitchen/seq-05/color/frame-000510.color.png redkitchen/seq-05/color/frame-000513.color.png 0.999751 0.00924882 -0.0203279 0.0096683 -0.0098849 0.999457 -0.031417 0.000243675 0.0200263 0.0316101 0.9993 -0.00799626 0.0 0.0 0.0 1.0
redkitchen/seq-05/color/frame-000513.color.png redkitchen/seq-05/color/frame-000516.color.png 0.999955 0.00384135 -0.00865768 -0.00679379 -0.00409393 0.999561 -0.0293477 -0.00341401 0.00854113 0.0293819 0.999532 -0.00504152 0.0 0.0 0.0 1.0
redkitchen/seq-05/color/frame-000516.color.png redkitchen/seq-05/color/frame-000519.color.png 0.999927 -0.00714649 -0.00972669 0.00137033 0.00685777 0.999544 -0.0293974 -0.00261203 0.00993234 0.0293286 0.999521 -0.00694937 0.0 0.0 0.0 1.0
redkitchen/seq-05/color/frame-000519.color.png redkitchen/seq-05/color/frame-000522.color.png 0.999995 0.00198594 0.00243823 -0.00819511 -0.00193808 0.999808 -0.0194691 -0.00205986 -0.00247642 0.0194642 0.999808 0.0012943 0.0 0.0 0.0 1.0
redkitchen/seq-05/color/frame-000522.color.png redkitchen/seq-05/color/frame-000525.color.png 0.999961 -0.00277781 -0.00841929 0.00224946 0.0024774 0.999367 -0.0354805 0.00427947 0.00851258 0.0354583 0.999335 -0.007461 0.0 0.0 0.0 1.0
redkitchen/seq-05/color/frame-000525.color.png redkitchen/seq-05/color/frame-000528.color.png 0.999398 -0.0035729 -0.0345018 0.0191735 0.00302161 0.999867 -0.0160175 0.00137159 0.0345545 0.0159036 0.999276 -0.0156267 0.0 0.0 0.0 1.0
redkitchen/seq-05/color/frame-000528.color.png redkitchen/seq-05/color/frame-000531.color.png 0.99979 0.0009757 -0.0204932 -0.00590207 -0.00133477 0.999846 -0.0175148 0.0025117 0.0204729 0.0175384 0.999637 -0.00420447 0.0 0.0 0.0 1.0
redkitchen/seq-05/color/frame-000531.color.png redkitchen/seq-05/color/frame-000534.color.png 0.999762 0.00907987 -0.0198259 -0.00470456 -0.00945728 0.999774 -0.0190256 0.00314883 0.0196487 0.0192085 0.999622 -0.00532793 0.0 0.0 0.0 1.0
redkitchen/seq-05/color/frame-000534.color.png redkitchen/seq-05/color/frame-000537.color.png 0.999254 0.00618002 -0.0381257 -0.00092835 -0.00691838 0.999791 -0.0192643 0.0229704 0.0379987 0.0195137 0.999087 -0.0172426 0.0 0.0 0.0 1.0
redkitchen/seq-05/color/frame-000537.color.png redkitchen/seq-05/color/frame-000540.color.png 0.999295 0.0115315 -0.035728 -0.0199377 -0.0114543 0.999932 0.00236482 -0.00846351 0.0357528 -0.00195392 0.999359 -0.00942111 0.0 0.0 0.0 1.0
redkitchen/seq-05/color/frame-000540.color.png redkitchen/seq-05/color/frame-000543.color.png 0.998804 0.0161084 -0.0461662 -0.0190426 -0.0160697 0.99987 0.0012098 0.00766556 0.0461797 -0.000466458 0.998933 -0.00821503 0.0 0.0 0.0 1.0
redkitchen/seq-05/color/frame-000543.color.png redkitchen/seq-05/color/frame-000546.color.png 0.998542 0.0263858 -0.0470886 -0.013756 -0.0256088 0.999527 0.0170287 -0.0118162 0.0475156 -0.0157981 0.998746 -0.0169228 0.0 0.0 0.0 1.0
redkitchen/seq-05/color/frame-000546.color.png redkitchen/seq-05/color/frame-000549.color.png 0.999444 0.0214305 -0.0255257 -0.0271012 -0.0206977 0.999376 0.0286324 -0.0406067 0.0261234 -0.0280882 0.999264 -0.00954337 0.0 0.0 0.0 1.0
redkitchen/seq-05/color/frame-000549.color.png redkitchen/seq-05/color/frame-000552.color.png 0.999285 0.0122622 -0.0357516 -0.0114642 -0.0118929 0.999874 0.010522 0.00752298 0.0358761 -0.0100893 0.999305 0.00736168 0.0 0.0 0.0 1.0
redkitchen/seq-05/color/frame-000552.color.png redkitchen/seq-05/color/frame-000555.color.png 0.999435 0.0137805 -0.0306592 -0.0132007 -0.013566 0.999882 0.00719413 0.0148741 0.0307548 -0.00677408 0.999504 0.00728534 0.0 0.0 0.0 1.0
redkitchen/seq-05/color/frame-000555.color.png redkitchen/seq-05/color/frame-000558.color.png 0.999799 0.00940281 -0.0177015 -0.0254806 -0.00879858 0.999386 0.0339071 -0.0291185 0.0180094 -0.0337446 0.999268 -0.00459562 0.0 0.0 0.0 1.0
redkitchen/seq-05/color/frame-000558.color.png redkitchen/seq-05/color/frame-000561.color.png 0.999713 0.0107372 -0.0214058 -0.0136335 -0.0104617 0.999862 0.0129381 0.00834633 0.0215418 -0.0127104 0.999687 0.0112009 0.0 0.0 0.0 1.0
redkitchen/seq-05/color/frame-000561.color.png redkitchen/seq-05/color/frame-000564.color.png 0.999757 0.00616914 -0.0211575 -0.00666199 -0.00610034 0.999976 0.00331452 0.0137093 0.0211775 -0.00318462 0.999771 0.0111838 0.0 0.0 0.0 1.0
redkitchen/seq-05/color/frame-000564.color.png redkitchen/seq-05/color/frame-000567.color.png 0.999645 0.00825633 -0.0253325 -0.0125827 -0.00758346 0.999619 0.0265446 -0.0207762 0.025542 -0.0263431 0.999327 0.0046071 0.0 0.0 0.0 1.0
redkitchen/seq-05/color/frame-000567.color.png redkitchen/seq-05/color/frame-000570.color.png 0.999881 0.0146638 -0.00477272 -0.0255012 -0.0147315 0.999786 -0.0144938 0.0250196 0.00455916 0.0145625 0.999883 0.00488469 0.0 0.0 0.0 1.0
redkitchen/seq-05/color/frame-000570.color.png redkitchen/seq-05/color/frame-000573.color.png 0.999009 0.0243992 -0.0372223 -0.0171481 -0.0235283 0.999443 0.0236586 -0.0215838 0.0377788 -0.0227594 0.999027 0.0109685 0.0 0.0 0.0 1.0
redkitchen/seq-05/color/frame-000573.color.png redkitchen/seq-05/color/frame-000576.color.png 0.999743 0.0180801 -0.0137013 -0.0124761 -0.0181774 0.99981 -0.00701064 0.0195237 0.013572 0.00725788 0.999882 0.00993411 0.0 0.0 0.0 1.0
redkitchen/seq-05/color/frame-000576.color.png redkitchen/seq-05/color/frame-000579.color.png 0.999656 0.0202623 -0.0166529 -0.0302744 -0.0200898 0.999743 0.0104625 0.00334682 0.0168605 -0.0101243 0.999807 -0.00912625 0.0 0.0 0.0 1.0
redkitchen/seq-05/color/frame-000579.color.png redkitchen/seq-05/color/frame-000582.color.png 0.999801 0.0127696 -0.0153419 -0.021749 -0.0123384 0.999535 0.0278757 -0.0140332 0.0156907 -0.0276808 0.999494 -0.000373513 0.0 0.0 0.0 1.0
redkitchen/seq-05/color/frame-000582.color.png redkitchen/seq-05/color/frame-000585.color.png 0.999558 0.0189355 -0.0229008 -0.0190311 -0.0190459 0.999808 -0.00461118 0.0234307 0.0228091 0.00504532 0.999727 0.0133428 0.0 0.0 0.0 1.0
redkitchen/seq-05/color/frame-000585.color.png redkitchen/seq-05/color/frame-000588.color.png 0.999872 0.00750525 -0.0141046 -0.0232419 -0.00770405 0.999871 -0.0140945 0.0260433 0.0139971 0.0142014 0.999801 0.00377908 0.0 0.0 0.0 1.0
redkitchen/seq-05/color/frame-000588.color.png redkitchen/seq-05/color/frame-000591.color.png 0.999963 0.0040523 -0.00753979 -0.0129664 -0.00389525 0.999777 0.020729 -0.0121993 0.00762199 -0.0206988 0.999757 -0.00602587 0.0 0.0 0.0 1.0
redkitchen/seq-05/color/frame-000591.color.png redkitchen/seq-05/color/frame-000594.color.png 0.999989 0.0028504 0.0037653 -0.0194602 -0.00284586 0.999995 -0.00121211 0.0111042 -0.00376867 0.00120137 0.999992 -0.00279571 0.0 0.0 0.0 1.0
redkitchen/seq-05/color/frame-000594.color.png redkitchen/seq-05/color/frame-000597.color.png 0.999972 0.00535138 0.00518371 -0.0200836 -0.00536265 0.999983 0.00216442 0.0167715 -0.00517208 -0.00219218 0.999984 -0.00342962 0.0 0.0 0.0 1.0
redkitchen/seq-05/color/frame-000597.color.png redkitchen/seq-05/color/frame-000600.color.png 0.999973 0.00738591 -0.000600414 -0.0241254 -0.00737584 0.999855 0.0153266 0.00610188 0.000713522 -0.0153217 0.999882 -0.000128031 0.0 0.0 0.0 1.0
redkitchen/seq-05/color/frame-000600.color.png redkitchen/seq-05/color/frame-000603.color.png 0.999862 0.0146829 0.00771901 -0.0240247 -0.0147497 0.999854 0.00866953 -0.00434698 -0.00759054 -0.0087822 0.999933 -0.0123499 0.0 0.0 0.0 1.0
redkitchen/seq-05/color/frame-000603.color.png redkitchen/seq-05/color/frame-000606.color.png 0.999922 0.0117338 -0.00421244 -0.0195813 -0.0117537 0.99992 -0.00472251 0.0257801 0.00415668 0.00477167 0.99998 -0.00521089 0.0 0.0 0.0 1.0
redkitchen/seq-05/color/frame-000606.color.png redkitchen/seq-05/color/frame-000609.color.png 0.999967 0.00713404 0.00389463 -0.0187802 -0.00717211 0.999926 0.0098509 -0.00553714 -0.00382409 -0.0098785 0.999944 -0.00895295 0.0 0.0 0.0 1.0
redkitchen/seq-05/color/frame-000609.color.png redkitchen/seq-05/color/frame-000612.color.png 0.999907 0.0124356 -0.0055811 -0.0319973 -0.0124303 0.999922 0.000978843 0.0131578 0.00559288 -0.000909374 0.999984 -0.0117382 0.0 0.0 0.0 1.0
redkitchen/seq-05/color/frame-000612.color.png redkitchen/seq-05/color/frame-000615.color.png 0.9999 0.00858722 -0.0112552 -0.0163027 -0.00858385 0.999963 0.000348421 0.00763161 0.0112579 -0.000251748 0.999937 -0.00476462 0.0 0.0 0.0 1.0
redkitchen/seq-05/color/frame-000615.color.png redkitchen/seq-05/color/frame-000618.color.png 0.99972 0.0193985 -0.0135223 -0.0240164 -0.0190342 0.999466 0.0265719 -0.0376364 0.0140304 -0.0263071 0.999555 0.00377429 0.0 0.0 0.0 1.0
redkitchen/seq-05/color/frame-000618.color.png redkitchen/seq-05/color/frame-000621.color.png 0.999935 0.0100732 -0.00527718 -0.0216572 -0.0100163 0.999893 0.0106944 0.0274845 0.00538432 -0.0106408 0.999929 0.000729501 0.0 0.0 0.0 1.0
redkitchen/seq-05/color/frame-000621.color.png redkitchen/seq-05/color/frame-000624.color.png 0.999841 0.0141065 -0.010881 -0.0252801 -0.014222 0.999842 -0.0106182 0.019836 0.0107296 0.0107713 0.999884 0.00521314 0.0 0.0 0.0 1.0
redkitchen/seq-05/color/frame-000624.color.png redkitchen/seq-05/color/frame-000627.color.png 0.999789 0.0202473 0.00356745 -0.0346086 -0.0202734 0.999767 0.00743232 0.0144115 -0.00341619 -0.00750309 0.999966 -0.0120142 0.0 0.0 0.0 1.0
redkitchen/seq-05/color/frame-000627.color.png redkitchen/seq-05/color/frame-000630.color.png 0.999851 0.016085 -0.00623391 -0.0233585 -0.0159988 0.999779 0.0136354 0.000368357 0.00645184 -0.0135336 0.999888 0.0139454 0.0 0.0 0.0 1.0
redkitchen/seq-05/color/frame-000630.color.png redkitchen/seq-05/color/frame-000633.color.png 0.999638 0.0217302 -0.0158913 -0.0322139 -0.0213914 0.999547 0.0211872 -0.0178812 0.0163445 -0.0208395 0.999649 0.0135242 0.0 0.0 0.0 1.0
redkitchen/seq-05/color/frame-000633.color.png redkitchen/seq-05/color/frame-000636.color.png 0.99945 0.0238936 -0.0229861 -0.0325783 -0.0237387 0.999694 0.00699212 -0.0113751 0.023146 -0.0064426 0.999711 0.0323149 0.0 0.0 0.0 1.0
redkitchen/seq-05/color/frame-000636.color.png redkitchen/seq-05/color/frame-000639.color.png 0.999439 0.0232427 -0.0241227 -0.0243881 -0.0237014 0.99954 -0.0189061 0.00388483 0.0236722 0.0194672 0.99953 0.0183374 0.0 0.0 0.0 1.0
redkitchen/seq-05/color/frame-000639.color.png redkitchen/seq-05/color/frame-000642.color.png 0.999655 0.00780914 -0.0250744 -0.0370002 -0.00780891 0.999969 0.000106295 -0.00428161 0.0250745 8.95451e-05 0.999686 0.020891 0.0 0.0 0.0 1.0
redkitchen/seq-05/color/frame-000642.color.png redkitchen/seq-05/color/frame-000645.color.png 0.999687 0.0135722 -0.0210023 -0.0520738 -0.0139701 0.999724 -0.018915 0.00368336 0.0207397 0.0192025 0.999601 0.013183 0.0 0.0 0.0 1.0
redkitchen/seq-05/color/frame-000645.color.png redkitchen/seq-05/color/frame-000648.color.png 0.999632 0.00758953 -0.0260324 -0.0432919 -0.0072491 0.999887 0.013147 -0.00982738 0.0261292 -0.0129534 0.999575 0.0176346 0.0 0.0 0.0 1.0
redkitchen/seq-05/color/frame-000648.color.png redkitchen/seq-05/color/frame-000651.color.png 0.999558 -0.00266392 -0.0296225 -0.0328997 0.00311069 0.999882 0.0150463 0.00342699 0.0295788 -0.0151318 0.999448 0.0514511 0.0 0.0 0.0 1.0
redkitchen/seq-05/color/frame-000651.color.png redkitchen/seq-05/color/frame-000654.color.png 0.999838 0.00301056 -0.0177614 -0.0480762 -0.00312766 0.999974 -0.0065642 0.0143834 0.017741 0.0066187 0.999821 0.00854704 0.0 0.0 0.0 1.0
redkitchen/seq-05/color/frame-000654.color.png redkitchen/seq-05/color/frame-000657.color.png 0.999518 0.0141097 -0.0276413 -0.0444877 -0.0138275 0.999851 0.0103723 0.000524312 0.0277837 -0.00998508 0.999564 0.0143501 0.0 0.0 0.0 1.0
redkitchen/seq-05/color/frame-000657.color.png redkitchen/seq-05/color/frame-000660.color.png 0.999572 0.0219719 -0.0193067 -0.0356594 -0.0222933 0.999614 -0.0165887 0.0131898 0.0189347 0.017012 0.999676 0.00984128 0.0 0.0 0.0 1.0
redkitchen/seq-05/color/frame-000660.color.png redkitchen/seq-05/color/frame-000663.color.png 0.999849 0.0150743 -0.00869064 -0.0298039 -0.0150913 0.999884 -0.00188948 8.41767e-05 0.00866125 0.00202034 0.99996 0.00254078 0.0 0.0 0.0 1.0
redkitchen/seq-05/color/frame-000663.color.png redkitchen/seq-05/color/frame-000666.color.png 0.999707 0.0201284 -0.0134774 -0.0295936 -0.0200533 0.999783 0.00567616 -0.00522494 0.0135886 -0.00540422 0.999893 0.00320961 0.0 0.0 0.0 1.0
redkitchen/seq-05/color/frame-000666.color.png redkitchen/seq-05/color/frame-000669.color.png 0.999865 0.0163276 0.00164123 -0.0292398 -0.016317 0.999848 -0.00623047 -0.00132175 -0.00174274 0.00620288 0.999979 -0.0162518 0.0 0.0 0.0 1.0
redkitchen/seq-05/color/frame-000669.color.png redkitchen/seq-05/color/frame-000672.color.png 0.999966 0.00699598 -0.00431285 -0.0184568 -0.00697352 0.999962 0.00521187 0.0109579 0.00434922 -0.0051817 0.999977 -0.00372189 0.0 0.0 0.0 1.0
redkitchen/seq-05/color/frame-000672.color.png redkitchen/seq-05/color/frame-000675.color.png 0.999886 0.00398488 -0.0145632 -0.0135192 -0.00375867 0.999872 0.0155296 0.00550424 0.014623 -0.015473 0.999773 0.00777742 0.0 0.0 0.0 1.0
redkitchen/seq-05/color/frame-000675.color.png redkitchen/seq-05/color/frame-000678.color.png 0.999444 0.0127701 -0.0308034 0.0022974 -0.0126288 0.999909 0.00477643 -0.00820263 0.0308618 -0.00438479 0.999514 0.044518 0.0 0.0 0.0 1.0
redkitchen/seq-05/color/frame-000678.color.png redkitchen/seq-05/color/frame-000681.color.png 0.99994 0.00960799 0.00525483 -0.0655198 -0.00969242 0.999821 0.0162759 -0.0125137 -0.00509739 -0.0163259 0.999854 -0.0503343 0.0 0.0 0.0 1.0
redkitchen/seq-05/color/frame-000681.color.png redkitchen/seq-05/color/frame-000684.color.png 0.999984 -0.00135486 -0.0054057 -0.0148224 0.00124951 0.99981 -0.0194609 0.0317713 0.00543094 0.0194539 0.999796 -0.0155624 0.0 0.0 0.0 1.0
redkitchen/seq-05/color/frame-000684.color.png redkitchen/seq-05/color/frame-000687.color.png 0.999998 -6.24607e-05 -0.0017472 -0.0115277 6.45964e-05 0.999999 0.00125388 0.000199765 0.00174709 -0.00125401 0.999998 0.00313132 0.0 0.0 0.0 1.0
redkitchen/seq-05/color/frame-000687.color.png redkitchen/seq-05/color/frame-000690.color.png 0.999904 0.00631633 -0.0123595 -0.0271251 -0.00638392 0.999965 -0.00544108 0.00656277 0.0123248 0.00551938 0.999909 0.00586019 0.0 0.0 0.0 1.0
redkitchen/seq-05/color/frame-000690.color.png redkitchen/seq-05/color/frame-000693.color.png 0.999754 0.0167075 -0.0145812 -0.040205 -0.0168396 0.999818 -0.00898255 -0.0107255 0.0144284 0.00922599 0.999853 0.00636044 0.0 0.0 0.0 1.0
redkitchen/seq-05/color/frame-000693.color.png redkitchen/seq-05/color/frame-000696.color.png 0.999421 0.0184075 -0.0286121 -0.0437251 -0.0184391 0.99983 -0.000837658 -0.00617239 0.0285919 0.00136468 0.99959 0.025731 0.0 0.0 0.0 1.0
redkitchen/seq-05/color/frame-000696.color.png redkitchen/seq-05/color/frame-000699.color.png 0.998872 0.0282317 -0.0381926 -0.0380181 -0.0281735 0.999601 0.00205971 -0.0279554 0.0382356 -0.000981269 0.999268 0.0519541 0.0 0.0 0.0 1.0
redkitchen/seq-05/color/frame-000699.color.png redkitchen/seq-05/color/frame-000702.color.png 0.999974 0.00586148 -0.00418509 -0.0713136 -0.00587793 0.999975 -0.00392388 0.0600609 0.004162 0.00394844 0.999984 -0.0352209 0.0 0.0 0.0 1.0
redkitchen/seq-05/color/frame-000702.color.png redkitchen/seq-05/color/frame-000705.color.png 0.998967 0.0419629 -0.0174628 -0.047406 -0.0411005 0.998044 0.0471105 -0.0841457 0.0194055 -0.0463441 0.998737 0.0698136 0.0 0.0 0.0 1.0
redkitchen/seq-05/color/frame-000705.color.png redkitchen/seq-05/color/frame-000708.color.png 0.999853 -0.00192416 -0.0170027 -0.0204368 0.00153926 0.999743 -0.0226185 0.0384533 0.0170421 0.0225889 0.9996 0.0244509 0.0 0.0 0.0 1.0
redkitchen/seq-05/color/frame-000708.color.png redkitchen/seq-05/color/frame-000711.color.png 0.998506 0.0448666 -0.0311985 -0.0642283 -0.0451587 0.998942 -0.00872246 -0.0577599 0.030774 0.0101184 0.999475 0.0479584 0.0 0.0 0.0 1.0
redkitchen/seq-05/color/frame-000711.color.png redkitchen/seq-05/color/frame-000714.color.png 0.9999 -0.000312159 -0.0141263 -0.00865281 -7.31585e-06 0.999744 -0.0226066 -0.00868735 0.0141297 0.0226044 0.999645 0.0183029 0.0 0.0 0.0 1.0
redkitchen/seq-05/color/frame-000714.color.png redkitchen/seq-05/color/frame-000717.color.png 0.999088 0.0334267 -0.0265485 -0.0332886 -0.0327642 0.99915 0.0250062 -0.0322494 0.0273619 -0.0241135 0.999335 0.0534795 0.0 0.0 0.0 1.0
redkitchen/seq-05/color/frame-000717.color.png redkitchen/seq-05/color/frame-000720.color.png 0.999412 0.0200858 -0.0277958 -0.0496415 -0.0206595 0.999576 -0.0205081 -0.00865158 0.0273721 0.0210702 0.999403 0.0245628 0.0 0.0 0.0 1.0
redkitchen/seq-05/color/frame-000720.color.png redkitchen/seq-05/color/frame-000723.color.png 0.997772 0.0318736 -0.0586043 -0.0556499 -0.0315734 0.999483 0.00604015 -0.0371306 0.0587665 -0.00417645 0.998263 0.100993 0.0 0.0 0.0 1.0
redkitchen/seq-05/color/frame-000723.color.png redkitchen/seq-05/color/frame-000726.color.png 0.998252 0.0457824 -0.0373763 -0.0569531 -0.0463075 0.998839 -0.0133035 -0.0675916 0.0367238 0.0150111 0.999213 0.0415032 0.0 0.0 0.0 1.0
redkitchen/seq-05/color/frame-000726.color.png redkitchen/seq-05/color/frame-000729.color.png 0.998537 0.0100623 -0.0531361 -0.0153223 -0.0117927 0.999407 -0.0323518 -0.0173392 0.0527791 0.0329312 0.998063 0.0698936 0.0 0.0 0.0 1.0
redkitchen/seq-05/color/frame-000729.color.png redkitchen/seq-05/color/frame-000732.color.png 0.999027 0.0259188 -0.0356804 -0.0192052 -0.0256365 0.999636 0.0083445 -0.0410492 0.0358837 -0.0074217 0.999328 0.0651704 0.0 0.0 0.0 1.0
redkitchen/seq-05/color/frame-000732.color.png redkitchen/seq-05/color/frame-000735.color.png 0.999891 -0.0147328 0.000148608 0.0111815 0.0147333 0.999883 -0.00423252 0.0171259 -8.62582e-05 0.0042342 0.999991 0.0151541 0.0 0.0 0.0 1.0
redkitchen/seq-05/color/frame-000735.color.png redkitchen/seq-05/color/frame-000738.color.png 0.999543 -0.0136509 0.026977 0.00249648 0.0138536 0.999877 -0.00734105 0.0295416 -0.0268734 0.00771139 0.999609 -0.0467385 0.0 0.0 0.0 1.0
redkitchen/seq-05/color/frame-000738.color.png redkitchen/seq-05/color/frame-000741.color.png 0.99941 0.00753637 -0.0335175 0.0227522 -0.00762336 0.999968 -0.00246951 -0.0393665 0.0334978 0.00272351 0.999435 0.0926891 0.0 0.0 0.0 1.0
redkitchen/seq-05/color/frame-000741.color.png redkitchen/seq-05/color/frame-000744.color.png 0.999891 0.00381736 -0.0142902 0.00674796 -0.00396754 0.999937 -0.0105 -0.00263545 0.0142492 0.0105556 0.999843 0.0254701 0.0 0.0 0.0 1.0
redkitchen/seq-05/color/frame-000744.color.png redkitchen/seq-05/color/frame-000747.color.png 0.999668 0.00335758 -0.0255443 0.00614357 -0.00327544 0.999989 0.00326045 -0.00376353 0.025555 -0.00317571 0.999668 0.0524055 0.0 0.0 0.0 1.0
redkitchen/seq-05/color/frame-000747.color.png redkitchen/seq-05/color/frame-000750.color.png 0.999428 0.028375 -0.0183972 -0.0047307 -0.0285579 0.999544 -0.00975804 -0.052735 0.0181118 0.0102778 0.999783 0.0177375 0.0 0.0 0.0 1.0
redkitchen/seq-05/color/frame-000750.color.png redkitchen/seq-05/color/frame-000753.color.png 0.999839 0.0109901 -0.0141544 -0.000693321 -0.0109699 0.999939 0.00150832 -0.0018113 0.01417 -0.00135285 0.999899 0.0285058 0.0 0.0 0.0 1.0
redkitchen/seq-05/color/frame-000753.color.png redkitchen/seq-05/color/frame-000756.color.png 0.99962 0.013118 -0.0242624 0.00683355 -0.0128079 0.999835 0.0128909 -0.0181887 0.0244275 -0.0125751 0.999623 0.0460898 0.0 0.0 0.0 1.0
redkitchen/seq-05/color/frame-000756.color.png redkitchen/seq-05/color/frame-000759.color.png 0.999467 0.0285463 -0.0158247 -0.00380421 -0.0287926 0.999464 -0.015558 -0.0512077 0.015372 0.0160052 0.999754 0.0204203 0.0 0.0 0.0 1.0
redkitchen/seq-05/color/frame-000759.color.png redkitchen/seq-05/color/frame-000762.color.png 0.999705 0.018207 -0.0160415 -0.00761449 -0.0182749 0.999825 -0.00409691 -0.0208542 0.0159641 0.00438882 0.999863 0.0135836 0.0 0.0 0.0 1.0
redkitchen/seq-05/color/frame-000762.color.png redkitchen/seq-05/color/frame-000765.color.png 0.999779 0.00470102 -0.0204687 0.00994289 -0.00461202 0.99998 0.00439753 -0.000382423 0.020489 -0.00430222 0.999781 0.0402053 0.0 0.0 0.0 1.0
redkitchen/seq-05/color/frame-000765.color.png redkitchen/seq-05/color/frame-000768.color.png 0.999973 0.00603768 -0.00411894 0.00725949 -0.0060263 0.999978 0.00274835 -0.0242717 0.0041355 -0.00272339 0.999988 0.00800888 0.0 0.0 0.0 1.0
redkitchen/seq-05/color/frame-000768.color.png redkitchen/seq-05/color/frame-000771.color.png 0.999942 -0.00664279 -0.00848246 0.0193814 0.00679024 0.999824 0.0174738 -0.00838822 0.00836489 -0.0175305 0.999811 0.0372772 0.0 0.0 0.0 1.0
redkitchen/seq-05/color/frame-000771.color.png redkitchen/seq-05/color/frame-000774.color.png 0.999983 -0.00153433 -0.0056775 0.0184031 0.00161759 0.999891 0.0146824 -0.00299627 0.00565435 -0.0146912 0.999876 0.0355937 0.0 0.0 0.0 1.0
redkitchen/seq-05/color/frame-000774.color.png redkitchen/seq-05/color/frame-000777.color.png 0.999961 -4.67142e-05 0.00887062 0.0153319 7.50296e-05 0.999995 -0.00319432 0.00596446 -0.00887039 0.00319481 0.999956 -0.00913437 0.0 0.0 0.0 1.0
redkitchen/seq-05/color/frame-000777.color.png redkitchen/seq-05/color/frame-000780.color.png 0.999979 0.00596141 -0.00235107 0.0149869 -0.00599878 0.99985 -0.0162534 -0.011539 0.00225383 0.0162672 0.999865 0.00101228 0.0 0.0 0.0 1.0
redkitchen/seq-05/color/frame-000780.color.png redkitchen/seq-05/color/frame-000783.color.png 0.999966 0.00489445 -0.0066124 0.0128491 -0.00483279 0.999945 0.00931275 -0.0137409 0.0066576 -0.00928073 0.999935 0.00606183 0.0 0.0 0.0 1.0
redkitchen/seq-05/color/frame-000783.color.png redkitchen/seq-05/color/frame-000786.color.png 0.999852 -0.00706381 0.0157056 0.028074 0.00712709 0.999967 -0.00397409 0.00554413 -0.015677 0.0040856 0.999869 -0.0263176 0.0 0.0 0.0 1.0
redkitchen/seq-05/color/frame-000786.color.png redkitchen/seq-05/color/frame-000789.color.png 0.999801 -0.0127772 0.0152872 0.0359865 0.0124882 0.999744 0.018861 -0.00365296 -0.0155243 -0.0186663 0.999705 -0.0105669 0.0 0.0 0.0 1.0
redkitchen/seq-05/color/frame-000789.color.png redkitchen/seq-05/color/frame-000792.color.png 0.999731 -0.0171866 0.0155719 0.0311775 0.0172653 0.999839 -0.00494078 0.00872275 -0.0154845 0.00520825 0.999867 -0.0171058 0.0 0.0 0.0 1.0
redkitchen/seq-05/color/frame-000792.color.png redkitchen/seq-05/color/frame-000795.color.png 0.999981 -0.00617476 0.000461599 0.0252928 0.00617876 0.999938 -0.00929001 -0.00638273 -0.000404177 0.0092927 0.999957 0.0052279 0.0 0.0 0.0 1.0
redkitchen/seq-05/color/frame-000795.color.png redkitchen/seq-05/color/frame-000798.color.png 0.999847 -0.0164342 0.00601566 0.0404855 0.0163648 0.999801 0.0114131 0.00977807 -0.00620205 -0.011313 0.999917 -0.000961846 0.0 0.0 0.0 1.0
redkitchen/seq-05/color/frame-000798.color.png redkitchen/seq-05/color/frame-000801.color.png 0.999898 0.00488097 0.0133863 0.0216 -0.00485108 0.999986 -0.00226376 -0.0188407 -0.0133971 0.0021987 0.999908 -0.0179514 0.0 0.0 0.0 1.0
redkitchen/seq-05/color/frame-000801.color.png redkitchen/seq-05/color/frame-000804.color.png 0.999978 -0.00575 0.00322755 0.0395003 0.0057382 0.999977 0.00362164 -0.00999857 -0.00324828 -0.00360315 0.999988 0.00587984 0.0 0.0 0.0 1.0
redkitchen/seq-05/color/frame-000804.color.png redkitchen/seq-05/color/frame-000807.color.png 0.999948 0.00171946 0.0100104 0.0130957 -0.00174628 0.999995 0.00268157 -0.00334398 -0.0100058 -0.00269886 0.999946 -0.0179293 0.0 0.0 0.0 1.0
redkitchen/seq-05/color/frame-000807.color.png redkitchen/seq-05/color/frame-000810.color.png 0.99996 -0.00872662 -0.00184123 0.0256425 0.00871346 0.999937 -0.0070683 0.00959563 0.00190284 0.00705202 0.999973 0.00366188 0.0 0.0 0.0 1.0
redkitchen/seq-05/color/frame-000810.color.png redkitchen/seq-05/color/frame-000813.color.png 0.999923 0.00232974 -0.0121942 0.0184607 -0.0022941 0.999993 0.00294071 -0.0109638 0.012201 -0.00291252 0.999921 0.0271112 0.0 0.0 0.0 1.0
redkitchen/seq-05/color/frame-000813.color.png redkitchen/seq-05/color/frame-000816.color.png 0.999982 -0.00454563 -0.00379882 0.0117103 0.00454577 0.99999 3.55953e-05 -0.0146648 0.00379864 -5.28489e-05 0.999993 0.0032312 0.0 0.0 0.0 1.0
redkitchen/seq-05/color/frame-000816.color.png redkitchen/seq-05/color/frame-000819.color.png 0.999773 -0.00104125 -0.0212837 0.0299654 0.000873019 0.999968 -0.00791227 -0.0231474 0.0212913 0.00789185 0.999742 0.0425124 0.0 0.0 0.0 1.0
redkitchen/seq-05/color/frame-000819.color.png redkitchen/seq-05/color/frame-000822.color.png 0.999897 0.0137706 -0.00412381 -0.00328934 -0.0138266 0.999809 -0.013843 -0.0394827 0.00393242 0.0138987 0.999896 0.0118948 0.0 0.0 0.0 1.0
redkitchen/seq-05/color/frame-000822.color.png redkitchen/seq-05/color/frame-000825.color.png 0.999962 -0.00786824 -0.00363051 0.0216954 0.00783717 0.999933 -0.00853073 0.00531475 0.00369752 0.00850185 0.999957 0.0251249 0.0 0.0 0.0 1.0
redkitchen/seq-05/color/frame-000825.color.png redkitchen/seq-05/color/frame-000828.color.png 0.999871 -0.0152887 -0.00502111 0.0234726 0.0153462 0.999814 0.0116341 -0.0086524 0.00484222 -0.0117096 0.99992 0.0157364 0.0 0.0 0.0 1.0
redkitchen/seq-05/color/frame-000828.color.png redkitchen/seq-05/color/frame-000831.color.png 0.999982 6.08905e-05 -0.005919 0.017532 -6.53915e-05 1.0 -0.000768689 -0.00374101 0.00591896 0.000769127 0.999982 0.00274601 0.0 0.0 0.0 1.0
redkitchen/seq-05/color/frame-000831.color.png redkitchen/seq-05/color/frame-000834.color.png 0.999999 0.00158388 0.000498458 0.0282916 -0.00158443 0.999998 0.00107859 -0.00226539 -0.000496784 -0.00107944 0.999999 0.011937 0.0 0.0 0.0 1.0
redkitchen/seq-05/color/frame-000834.color.png redkitchen/seq-05/color/frame-000837.color.png 0.999944 0.00459318 0.0095103 0.0252658 -0.00457849 0.999988 -0.00156006 -0.0141889 -0.0095174 0.00151637 0.999954 -0.0129504 0.0 0.0 0.0 1.0
redkitchen/seq-05/color/frame-000837.color.png redkitchen/seq-05/color/frame-000840.color.png 0.999837 -0.0131878 0.0122949 0.021951 0.0129733 0.999765 0.0173677 0.00662721 -0.012521 -0.0172052 0.999773 -0.0111248 0.0 0.0 0.0 1.0
redkitchen/seq-05/color/frame-000840.color.png redkitchen/seq-05/color/frame-000843.color.png 0.999833 -0.00276213 0.0180819 0.0396529 0.00261614 0.999964 0.00809313 -0.00595407 -0.0181035 -0.00804447 0.999804 -0.0135385 0.0 0.0 0.0 1.0
redkitchen/seq-05/color/frame-000843.color.png redkitchen/seq-05/color/frame-000846.color.png 0.999923 -0.0120561 0.00282907 0.0455901 0.0120133 0.99982 0.014692 0.00909599 -0.00300576 -0.0146568 0.999888 0.0210186 0.0 0.0 0.0 1.0
redkitchen/seq-05/color/frame-000846.color.png redkitchen/seq-05/color/frame-000849.color.png 0.999827 -0.0119905 0.0141883 0.0452758 0.0116669 0.999675 0.0226664 -0.0125326 -0.0144555 -0.0224971 0.999642 -0.0216133 0.0 0.0 0.0 1.0
redkitchen/seq-05/color/frame-000849.color.png redkitchen/seq-05/color/frame-000852.color.png 0.999756 -0.0216593 0.00425482 0.0731983 0.0215812 0.999612 0.0176192 0.00333614 -0.00463476 -0.0175232 0.999836 0.0132627 0.0 0.0 0.0 1.0
redkitchen/seq-05/color/frame-000852.color.png redkitchen/seq-05/color/frame-000855.color.png 0.999743 -0.00241785 0.0225483 0.0277419 0.00264812 0.999945 -0.0101841 -0.00158313 -0.0225224 0.0102412 0.999694 -0.0373948 0.0 0.0 0.0 1.0
redkitchen/seq-05/color/frame-000855.color.png redkitchen/seq-05/color/frame-000858.color.png 0.999754 0.0116108 0.0189144 0.0348758 -0.011213 0.999716 -0.0210081 -0.0110884 -0.019153 0.0207909 0.9996 -0.0167457 0.0 0.0 0.0 1.0
redkitchen/seq-05/color/frame-000858.color.png redkitchen/seq-05/color/frame-000861.color.png 0.999992 0.00221389 0.00337065 0.0314632 -0.00224207 0.999963 0.00836653 -0.0160481 -0.00335193 -0.0083741 0.999959 0.00720616 0.0 0.0 0.0 1.0
redkitchen/seq-05/color/frame-000861.color.png redkitchen/seq-05/color/frame-000864.color.png 0.999956 -0.00398591 0.00847214 0.0187152 0.00414654 0.999811 -0.0190171 0.000504419 -0.00839473 0.0190515 0.999783 -0.0106171 0.0 0.0 0.0 1.0
redkitchen/seq-05/color/frame-000864.color.png redkitchen/seq-05/color/frame-000867.color.png 0.99999 -0.00070776 0.00443738 0.0176844 0.000774927 0.999885 -0.0151656 -0.00483895 -0.00442606 0.0151688 0.999875 -0.0142451 0.0 0.0 0.0 1.0
redkitchen/seq-05/color/frame-000867.color.png redkitchen/seq-05/color/frame-000870.color.png 0.999985 -0.00322672 -0.00437258 0.0222686 0.0032413 0.999989 0.00334051 -0.00935666 0.00436171 -0.0033546 0.999985 0.0110885 0.0 0.0 0.0 1.0
redkitchen/seq-05/color/frame-000870.color.png redkitchen/seq-05/color/frame-000873.color.png 0.999973 0.00483498 -0.00550201 0.0181928 -0.00483321 0.999988 0.000324151 -0.0157343 0.00550346 -0.0002975 0.999985 0.0243766 0.0 0.0 0.0 1.0
redkitchen/seq-05/color/frame-000873.color.png redkitchen/seq-05/color/frame-000876.color.png 0.999879 -0.0153434 -0.0026362 0.028595 0.0153338 0.999876 -0.00362091 -0.00775488 0.00269146 0.00358005 0.99999 0.00418018 0.0 0.0 0.0 1.0
redkitchen/seq-05/color/frame-000876.color.png redkitchen/seq-05/color/frame-000879.color.png 0.999829 -0.0164133 0.00849319 0.0286213 0.0164117 0.999865 0.000248456 -8.16206e-05 -0.00849618 -0.000109069 0.999964 -0.00541961 0.0 0.0 0.0 1.0
redkitchen/seq-05/color/frame-000879.color.png redkitchen/seq-05/color/frame-000882.color.png 0.999987 -0.000973823 0.00495136 0.0255192 0.000966038 0.999998 0.00157397 0.00447972 -0.00495288 -0.00156923 0.999987 -0.00118508 0.0 0.0 0.0 1.0
redkitchen/seq-05/color/frame-000882.color.png redkitchen/seq-05/color/frame-000885.color.png 0.999983 0.00436101 0.00394601 0.0126808 -0.00433204 0.999964 -0.00733014 -0.0151276 -0.00397784 0.00731296 0.999965 -0.00381331 0.0 0.0 0.0 1.0
redkitchen/seq-05/color/frame-000885.color.png redkitchen/seq-05/color/frame-000888.color.png 0.999916 -0.00723788 0.0108026 0.0242275 0.00721578 0.999972 0.00208562 -0.00560086 -0.0108174 -0.00200749 0.99994 -0.0103779 0.0 0.0 0.0 1.0
redkitchen/seq-05/color/frame-000888.color.png redkitchen/seq-05/color/frame-000891.color.png 0.999946 -0.00923612 0.00474907 0.0394382 0.00924845 0.999954 -0.00258828 -0.00827871 -0.00472498 0.00263202 0.999985 0.000438005 0.0 0.0 0.0 1.0
redkitchen/seq-05/color/frame-000891.color.png redkitchen/seq-05/color/frame-000894.color.png 0.999758 -0.01633 0.0147276 0.0341087 0.016494 0.999803 -0.0110808 0.00374622 -0.0145436 0.0113211 0.99983 -0.0125371 0.0 0.0 0.0 1.0
redkitchen/seq-05/color/frame-000894.color.png redkitchen/seq-05/color/frame-000897.color.png 0.999705 -0.0194931 0.014515 0.0254526 0.019522 0.999808 -0.00185493 -0.0208192 -0.014476 0.0021377 0.999893 -0.00842144 0.0 0.0 0.0 1.0
redkitchen/seq-05/color/frame-000897.color.png redkitchen/seq-05/color/frame-000900.color.png 0.999804 -0.0192649 0.0045417 0.0482575 0.0192802 0.999809 -0.00333915 -0.00181621 -0.00447658 0.00342609 0.999984 0.00495102 0.0 0.0 0.0 1.0
redkitchen/seq-05/color/frame-000900.color.png redkitchen/seq-05/color/frame-000903.color.png 0.999921 -0.0043868 0.0118135 0.0338266 0.00447824 0.99996 -0.00772233 -0.00358142 -0.0117792 0.0077746 0.9999 -0.0250351 0.0 0.0 0.0 1.0
redkitchen/seq-05/color/frame-000903.color.png redkitchen/seq-05/color/frame-000906.color.png 0.999991 0.004251 0.000854278 0.0299901 -0.00424633 0.999977 -0.00532198 -0.00276768 -0.000876812 0.0053184 0.999985 0.00398716 0.0 0.0 0.0 1.0
redkitchen/seq-05/color/frame-000906.color.png redkitchen/seq-05/color/frame-000909.color.png 0.999718 0.0105953 0.021242 0.0235166 -0.0103037 0.999852 -0.0138004 -0.00766668 -0.0213851 0.0135774 0.999679 -0.0101318 0.0 0.0 0.0 1.0
redkitchen/seq-05/color/frame-000909.color.png redkitchen/seq-05/color/frame-000912.color.png 0.999959 -0.00216609 0.00876973 0.0230672 0.002202 0.999989 -0.00408174 -0.00262498 -0.00876074 0.00410093 0.999953 -0.00613007 0.0 0.0 0.0 1.0
redkitchen/seq-05/color/frame-000912.color.png redkitchen/seq-05/color/frame-000915.color.png 0.999799 -0.0199922 -0.00168406 0.0281015 0.0200006 0.999787 0.00502958 -0.000796624 0.00158307 -0.00506221 0.999986 0.00422789 0.0 0.0 0.0 1.0
redkitchen/seq-05/color/frame-000915.color.png redkitchen/seq-05/color/frame-000918.color.png 0.99991 -0.0134378 0.000429687 0.0203227 0.0134355 0.999898 0.00477216 -0.0116658 -0.000493784 -0.00476596 0.999988 0.0160822 0.0 0.0 0.0 1.0
redkitchen/seq-05/color/frame-000918.color.png redkitchen/seq-05/color/frame-000921.color.png 0.99999 -0.00315612 0.00327132 0.030453 0.00315195 0.999994 0.00126598 -0.00608735 -0.00327522 -0.00125568 0.999994 0.0169808 0.0 0.0 0.0 1.0
redkitchen/seq-05/color/frame-000921.color.png redkitchen/seq-05/color/frame-000924.color.png 0.999917 0.0058633 0.011443 0.0247491 -0.00580272 0.999969 -0.00532144 -0.0141198 -0.0114738 0.0052546 0.99992 0.00982203 0.0 0.0 0.0 1.0
redkitchen/seq-05/color/frame-000924.color.png redkitchen/seq-05/color/frame-000927.color.png 0.999958 -0.0016162 0.00902087 0.0326922 0.00161054 0.999998 0.000634369 -0.0191704 -0.00902183 -0.000619936 0.999959 0.0141129 0.0 0.0 0.0 1.0
redkitchen/seq-05/color/frame-000927.color.png redkitchen/seq-05/color/frame-000930.color.png 0.99997 0.00376952 0.00676497 0.033371 -0.00372513 0.999972 -0.00655873 -0.00946407 -0.00678939 0.00653338 0.999956 0.0114356 0.0 0.0 0.0 1.0
redkitchen/seq-05/color/frame-000930.color.png redkitchen/seq-05/color/frame-000933.color.png 0.999971 -0.00418919 0.0063395 0.0244936 0.0042154 0.999983 -0.004123 -0.00196545 -0.00632218 0.00414972 0.999971 0.00428334 0.0 0.0 0.0 1.0
redkitchen/seq-05/color/frame-000933.color.png redkitchen/seq-05/color/frame-000936.color.png 0.999992 0.0028153 -0.00271593 0.022948 -0.00279423 0.999966 0.00774223 -0.0145154 0.00273769 -0.0077346 0.999966 0.00330088 0.0 0.0 0.0 1.0
redkitchen/seq-05/color/frame-000936.color.png redkitchen/seq-05/color/frame-000939.color.png 0.999974 -0.00719102 0.000817139 0.027837 0.00718001 0.999893 0.0127315 0.00350319 -0.000908589 -0.0127253 0.999918 -0.00452487 0.0 0.0 0.0 1.0
redkitchen/seq-05/color/frame-000939.color.png redkitchen/seq-05/color/frame-000942.color.png 0.999982 0.00485405 0.00359892 0.0303625 -0.00486375 0.999985 0.00269547 0.00384974 -0.00358575 -0.00271286 0.99999 -0.00255296 0.0 0.0 0.0 1.0
redkitchen/seq-05/color/frame-000942.color.png redkitchen/seq-05/color/frame-000945.color.png 0.999908 -0.00449238 0.0127738 0.0247521 0.00454348 0.999982 -0.00397272 -0.00878717 -0.0127557 0.00403028 0.999911 -0.00426264 0.0 0.0 0.0 1.0
redkitchen/seq-05/color/frame-000945.color.png redkitchen/seq-05/color/frame-000948.color.png 0.999676 -0.00707104 0.0244366 0.0234033 0.00690917 0.999954 0.00670171 -0.00927286 -0.0244828 -0.0065306 0.999679 -0.0106127 0.0 0.0 0.0 1.0
redkitchen/seq-05/color/frame-000948.color.png redkitchen/seq-05/color/frame-000951.color.png 0.999985 0.0027795 0.00476466 0.030881 -0.00274824 0.999975 -0.00654894 0.000852257 -0.00478283 0.00653569 0.999967 -0.0181021 0.0 0.0 0.0 1.0
redkitchen/seq-05/color/frame-000951.color.png redkitchen/seq-05/color/frame-000954.color.png 0.999987 -0.00106747 -0.00494355 0.018884 0.00104558 0.99999 -0.0044252 -0.0159444 0.00494828 0.00441996 0.999978 -0.0112741 0.0 0.0 0.0 1.0
redkitchen/seq-05/color/frame-000954.color.png redkitchen/seq-05/color/frame-000957.color.png 0.999786 -0.00607254 -0.0197717 0.0205238 0.00587098 0.99993 -0.0102349 -0.00536714 0.0198325 0.0101165 0.999752 -0.000349641 0.0 0.0 0.0 1.0
redkitchen/seq-05/color/frame-000957.color.png redkitchen/seq-05/color/frame-000960.color.png 0.999957 -0.0062522 -0.00690811 0.0115499 0.00627708 0.999974 0.00357452 -0.0168398 0.00688559 -0.00361756 0.99997 0.0162605 0.0 0.0 0.0 1.0
redkitchen/seq-05/color/frame-000960.color.png redkitchen/seq-05/color/frame-000963.color.png 0.999988 0.0049845 -0.000258085 0.0228844 -0.00498499 0.999987 -0.00138846 0.00494492 0.000251209 0.00138975 0.999999 0.0328808 0.0 0.0 0.0 1.0
redkitchen/seq-05/color/frame-000963.color.png redkitchen/seq-05/color/frame-000966.color.png 0.999905 0.0111141 0.00813981 0.00953463 -0.0110389 0.999897 -0.00921056 -0.0242233 -0.00824129 0.00911985 0.999924 0.0190796 0.0 0.0 0.0 1.0
redkitchen/seq-05/color/frame-000966.color.png redkitchen/seq-05/color/frame-000969.color.png 0.999869 -0.00973342 0.0129433 0.0164337 0.00984747 0.999913 -0.00877666 -0.0260834 -0.0128567 0.00890284 0.999878 0.0320613 0.0 0.0 0.0 1.0
redkitchen/seq-05/color/frame-000969.color.png redkitchen/seq-05/color/frame-000972.color.png 0.999865 -0.00652159 0.0150969 0.0219334 0.00651468 0.999979 0.000509212 -0.014281 -0.0151 -0.000410747 0.999886 0.0311318 0.0 0.0 0.0 1.0
redkitchen/seq-05/color/frame-000972.color.png redkitchen/seq-05/color/frame-000975.color.png 0.998862 -0.0198928 0.0433404 0.0102019 0.0193732 0.999736 0.0123756 -0.0269717 -0.0435751 -0.0115218 0.998984 0.0427968 0.0 0.0 0.0 1.0
redkitchen/seq-05/color/frame-000975.color.png redkitchen/seq-05/color/frame-000978.color.png 0.999107 -0.0152379 0.0394032 0.00830853 0.0146624 0.999782 0.0148531 -0.0302967 -0.039621 -0.0142621 0.999113 0.0375662 0.0 0.0 0.0 1.0
redkitchen/seq-05/color/frame-000978.color.png redkitchen/seq-05/color/frame-000981.color.png 0.999093 -0.0189215 0.038159 -0.000540078 0.0186266 0.999794 0.00807054 -0.0142919 -0.0383039 -0.0073524 0.999239 0.033747 0.0 0.0 0.0 1.0
redkitchen/seq-05/color/frame-000981.color.png redkitchen/seq-05/color/frame-000984.color.png 0.998769 -0.0187785 0.0459152 -0.00803769 0.0178409 0.999626 0.0207465 -0.0457542 -0.0462877 -0.0199018 0.99873 0.0201293 0.0 0.0 0.0 1.0
redkitchen/seq-05/color/frame-000984.color.png redkitchen/seq-05/color/frame-000987.color.png 0.999269 -0.0245542 0.0292942 -0.00220865 0.0248903 0.999628 -0.0111655 0.00554994 -0.029009 0.0118864 0.999509 0.0450788 0.0 0.0 0.0 1.0
redkitchen/seq-05/color/frame-000987.color.png redkitchen/seq-05/color/frame-000990.color.png 0.997829 -0.0480649 0.0450126 -0.023367 0.0471215 0.998651 0.021792 -0.0328814 -0.0459995 -0.0196236 0.998749 0.0250294 0.0 0.0 0.0 1.0
redkitchen/seq-05/color/frame-000990.color.png redkitchen/seq-05/color/frame-000993.color.png 0.999335 -0.0195458 0.0307765 -0.0106676 0.0190428 0.999682 0.0165549 -0.0287631 -0.0310901 -0.0159579 0.999389 0.00421277 0.0 0.0 0.0 1.0
redkitchen/seq-05/color/frame-000993.color.png redkitchen/seq-05/color/frame-000996.color.png 0.999441 -0.0238785 0.0233949 -0.00352776 0.024278 0.999562 -0.016947 0.0102374 -0.02298 0.0175055 0.999583 0.017663 0.0 0.0 0.0 1.0
redkitchen/seq-05/color/frame-000996.color.png redkitchen/seq-05/color/frame-000999.color.png 0.998119 -0.0331109 0.0515892 -0.0421485 0.0312044 0.998816 0.0373339 -0.0445189 -0.0527643 -0.0356539 0.99797 0.0239595 0.0 0.0 0.0 1.0
